1
23.056499481201172,215.62449645996094,325.4731140136719,144.37550354003906
266.2867126464844,243.99710083007812,179.2716064453125,114.49810028076172
262.085205078125,238.97169494628906,185.11529541015625,118.81600189208984
271.0137023925781,237.84219360351562,179.11599731445312,121.30390167236328
270.95001220703125,231.7633056640625,179.48660278320312,126.98930358886719
277.2477111816406,229.25869750976562,173.62269592285156,127.60070037841797
276.87078857421875,226.26339721679688,172.8748016357422,130.62649536132812
279.5220031738281,221.9365997314453,164.4427947998047,134.72410583496094
279.9953918457031,219.55389404296875,155.94020080566406,137.4449005126953
278.5965881347656,218.0612030029297,145.75559997558594,138.1938018798828
243.3881072998047,208.6385040283203,169.3616943359375,144.40570068359375
309.86309814453125,214.68899536132812,97.82540130615234,140.87969970703125
316.9584045410156,214.9613037109375,91.8156967163086,142.70950317382812
317.8110046386719,213.90890502929688,91.06950378417969,145.4324951171875
318.8727111816406,216.25230407714844,89.45570373535156,141.40390014648438
325.03570556640625,213.52490234375,86.33290100097656,144.79110717773438
331.61260986328125,212.2978973388672,84.74749755859375,145.30380249023438
338.9349060058594,210.9315948486328,82.90670013427734,145.17579650878906
343.42010498046875,207.6873016357422,83.61869812011719,148.74330139160156
349.27630615234375,203.4197998046875,81.71589660644531,151.27940368652344
352.6597900390625,197.1204071044922,83.03479766845703,155.99819946289062
358.3044128417969,196.2624969482422,81.07160186767578,150.3883056640625
358.8363037109375,185.94900512695312,83.36669921875,154.23609924316406
365.4831848144531,186.318603515625,78.279296875,145.61900329589844
365.9971008300781,183.05299377441406,80.01950073242188,143.01890563964844
368.5448913574219,181.55419921875,78.31310272216797,139.64230346679688
368.0090026855469,178.77960205078125,78.87809753417969,138.84249877929688
368.4566955566406,180.4243927001953,77.3749008178711,135.17930603027344
366.7713928222656,177.51060485839844,78.9469985961914,138.81910705566406
365.2237854003906,178.54930114746094,80.25520324707031,137.67930603027344
362.81689453125,175.65040588378906,82.08190155029297,140.19700622558594
358.718505859375,177.30960083007812,85.24919891357422,137.86920166015625
356.77069091796875,179.5469970703125,86.66349792480469,136.3618927001953
355.122802734375,180.897705078125,86.7708969116211,135.44410705566406
353.3393859863281,183.56939697265625,87.90850067138672,132.37939453125
352.9433898925781,180.71820068359375,88.53990173339844,136.11109924316406
352.33380126953125,178.731201171875,87.5448989868164,137.408203125
351.0158996582031,181.7615966796875,88.17500305175781,135.32290649414062
352.9245910644531,183.80230712890625,86.66539764404297,133.19090270996094
352.8149108886719,181.33689880371094,87.58090209960938,136.99290466308594
353.5220947265625,183.97779846191406,85.82749938964844,133.8354034423828
354.043701171875,182.6490936279297,85.23410034179688,135.58729553222656
352.4067077636719,179.39849853515625,88.03500366210938,138.7606964111328
352.4879150390625,180.2801971435547,87.331298828125,138.01589965820312
352.8055114746094,185.43829345703125,86.50279998779297,132.79440307617188
352.8387145996094,181.39810180664062,85.75039672851562,137.2624969482422
354.1859130859375,182.88299560546875,84.38189697265625,134.63999938964844
351.98590087890625,182.72799682617188,87.28009796142578,134.38999938964844
351.4585876464844,182.9055938720703,86.78410339355469,134.86590576171875
351.59228515625,183.45120239257812,87.3405990600586,133.94810485839844
349.5606994628906,182.4373016357422,87.80249786376953,135.06460571289062
352.3265075683594,186.3717041015625,85.16490173339844,131.09230041503906
349.9695129394531,182.6884002685547,87.5458984375,135.04649353027344
350.1263122558594,181.923095703125,86.88990020751953,135.5240936279297
350.1153869628906,184.3802032470703,86.55229949951172,132.32530212402344
347.4320068359375,180.5926971435547,88.80699920654297,136.22999572753906
349.30279541015625,182.1123046875,86.70040130615234,133.5196075439453
352.3996887207031,185.7180938720703,84.5615005493164,130.5299072265625
351.82330322265625,184.1416015625,85.01080322265625,132.07249450683594
351.0754089355469,181.04640197753906,86.24400329589844,134.35189819335938
