1
370.0343933105469,106.73580169677734,38.695701599121094,44.357601165771484
365.0199890136719,101.79029846191406,43.30569839477539,46.401798248291016
362.7283935546875,100.47840118408203,43.616798400878906,45.195098876953125
361.20819091796875,98.51789855957031,38.850101470947266,44.186500549316406
354.7522888183594,96.17630004882812,44.90420150756836,47.03609848022461
355.62701416015625,96.7426986694336,39.88719940185547,45.49589920043945
355.7434997558594,95.46109771728516,38.65679931640625,44.6161003112793
354.7868957519531,94.19200134277344,39.827598571777344,44.79359817504883
355.3489074707031,92.839599609375,40.97050094604492,45.38880157470703
355.5838928222656,94.10469818115234,42.23030090332031,45.759700775146484
355.885498046875,95.9834976196289,43.54819869995117,45.80289840698242
358.03228759765625,98.38670349121094,42.374900817871094,44.890499114990234
360.04510498046875,100.83699798583984,37.464298248291016,42.0443000793457
365.6564025878906,103.37059783935547,34.54970169067383,38.61159896850586
366.7784118652344,102.22699737548828,37.350399017333984,38.56850051879883
366.095703125,99.56069946289062,39.7666015625,37.908599853515625
366.9823913574219,97.06809997558594,37.937599182128906,34.90520095825195
369.1213073730469,94.17379760742188,33.342201232910156,33.15340042114258
372.223388671875,91.36150360107422,29.679500579833984,31.401199340820312
371.1430969238281,87.46399688720703,33.07529830932617,31.669300079345703
369.6434020996094,86.6624984741211,34.65650177001953,29.64459991455078
370.05340576171875,84.84960174560547,36.09870147705078,28.814199447631836
371.1799011230469,83.5562973022461,33.9098014831543,28.23390007019043
372.9590148925781,82.70760345458984,30.210500717163086,27.438100814819336
375.1068115234375,83.95210266113281,27.318099975585938,26.704500198364258
373.1488952636719,83.32740020751953,31.012699127197266,27.643600463867188
371.4320983886719,85.24600219726562,33.24129867553711,28.050600051879883
371.2391052246094,86.74250030517578,33.83209991455078,28.61680030822754
371.7394104003906,89.2146987915039,32.41510009765625,28.692899703979492
374.264404296875,91.58290100097656,29.153099060058594,27.808300018310547
372.8747863769531,94.30110168457031,32.234100341796875,26.236900329589844
372.20941162109375,95.40869903564453,35.211700439453125,26.769699096679688
372.7820129394531,96.60179901123047,35.132999420166016,26.71940040588379
374.09869384765625,97.16179656982422,31.990400314331055,26.489999771118164
376.9610900878906,95.7853012084961,28.94379997253418,26.73270034790039
378.76251220703125,94.93000030517578,31.515600204467773,29.310699462890625
377.47259521484375,93.37629699707031,34.94070053100586,31.878000259399414
378.3153991699219,94.26619720458984,36.69820022583008,32.261199951171875
380.1734924316406,94.83049774169922,35.58639907836914,32.71699905395508
384.539794921875,95.72160339355469,33.272499084472656,32.01580047607422
387.894287109375,98.31809997558594,34.68659973144531,32.214599609375
388.47259521484375,97.58070373535156,40.1411018371582,35.944698333740234
389.3926086425781,97.3218994140625,43.69860076904297,37.60129928588867
393.8201904296875,99.25849914550781,42.58140182495117,37.107200622558594
400.5380859375,101.9990005493164,37.9192008972168,35.345001220703125
406.62640380859375,104.32150268554688,40.25680160522461,36.87289810180664
407.3923034667969,104.93699645996094,44.99409866333008,40.158599853515625
410.3533020019531,106.31089782714844,49.77690124511719,41.73680114746094
413.7455139160156,107.98390197753906,49.3568000793457,45.77149963378906
420.4200134277344,112.82340240478516,43.79880142211914,46.956199645996094
425.10418701171875,118.81649780273438,45.64950180053711,46.75590133666992
422.3962097167969,121.28900146484375,53.109100341796875,50.14440155029297
422.75469970703125,124.0000991821289,54.94020080566406,52.664100646972656
422.9486083984375,127.32959747314453,54.17919921875,52.99150085449219
423.7117004394531,131.20950317382812,49.77130126953125,52.71329879760742
424.4783020019531,135.7740020751953,46.620399475097656,51.555198669433594
417.3778076171875,141.0625,53.977699279785156,49.29140090942383
411.81219482421875,144.28810119628906,53.93130111694336,48.60419845581055
407.92041015625,146.98060607910156,53.34080123901367,48.988800048828125
404.1839904785156,150.85040283203125,46.75120162963867,45.96879959106445
402.6813049316406,151.5095977783203,47.499698638916016,46.01179885864258
401.25518798828125,154.44479370117188,44.30820083618164,43.44020080566406
401.37969970703125,155.33970642089844,44.039398193359375,42.829200744628906
397.25421142578125,157.27059936523438,44.65869903564453,40.943599700927734
391.4576110839844,159.11109924316406,47.79069900512695,38.96969985961914
384.7842102050781,160.33120727539062,47.91230010986328,36.9474983215332
378.6390075683594,160.26210021972656,47.30950164794922,34.91469955444336
374.1571044921875,160.11940002441406,41.71289825439453,33.703399658203125
371.5398864746094,158.88870239257812,34.7140998840332,32.79399871826172
365.3992004394531,155.8896942138672,37.19350051879883,34.34280014038086
359.1701965332031,152.9481964111328,41.20819854736328,36.87649917602539
351.7677917480469,152.8614959716797,43.57210159301758,37.4015007019043
347.8055114746094,151.46189880371094,42.0359001159668,37.86439895629883
346.2337951660156,152.50680541992188,36.90140151977539,35.824100494384766
346.22479248046875,152.0561981201172,32.009300231933594,35.14080047607422
342.5439147949219,151.09109497070312,36.222999572753906,34.704200744628906
341.7950134277344,150.83180236816406,36.0973014831543,33.29909896850586
342.5425109863281,146.88519287109375,36.268001556396484,32.31019973754883
342.1116943359375,140.16920471191406,37.42789840698242,34.282501220703125
341.6404113769531,137.15420532226562,37.61600112915039,34.275699615478516
347.5472106933594,131.40809631347656,33.14039993286133,36.525901794433594
351.6736145019531,128.1011962890625,33.33300018310547,35.787498474121094
354.75299072265625,127.0781021118164,35.917198181152344,34.16579818725586
358.74951171875,124.75050354003906,39.04079818725586,32.934898376464844
363.3835144042969,123.88939666748047,39.18439865112305,32.640201568603516
365.90570068359375,121.63899993896484,42.33869934082031,33.43339920043945
371.912109375,118.0302963256836,41.805599212646484,35.97800064086914
378.5216064453125,114.46029663085938,41.8651008605957,38.49380111694336
385.2091979980469,111.52349853515625,43.32270050048828,38.53099822998047
393.5452880859375,107.1698989868164,43.14059829711914,38.6598014831543
403.89239501953125,103.80130004882812,44.20140075683594,39.335201263427734
410.4128112792969,97.8125,49.5536994934082,41.50680160522461
415.8747863769531,90.52310180664062,55.67020034790039,45.49079895019531
421.440185546875,84.0614013671875,58.80509948730469,48.442100524902344
427.9737854003906,76.54540252685547,60.90439987182617,51.22760009765625
436.215087890625,71.13680267333984,60.367000579833984,51.06990051269531
441.6846923828125,65.30829620361328,59.179100036621094,51.60710144042969
450.2522888183594,61.76240158081055,53.52980041503906,50.68230056762695
457.42999267578125,54.9630012512207,54.722599029541016,53.70130157470703
462.83648681640625,53.661399841308594,58.50559997558594,58.429500579833984
463.00689697265625,53.20000076293945,62.04859924316406,59.320899963378906
460.0456848144531,54.77799987792969,65.5425033569336,59.234798431396484
456.3453063964844,57.14390182495117,68.86180114746094,58.78379821777344
452.034912109375,59.37269973754883,66.76219940185547,60.51850128173828
445.2309875488281,65.92350006103516,66.34970092773438,59.36949920654297
438.61761474609375,70.5906982421875,63.77159881591797,61.64870071411133
429.42401123046875,77.41999816894531,59.877601623535156,61.804500579833984
420.3328857421875,86.8770980834961,54.00600051879883,63.027400970458984
408.8067932128906,97.8147964477539,52.34880065917969,59.45880126953125
392.8031005859375,109.57720184326172,54.048500061035156,53.877601623535156
371.92340087890625,119.50559997558594,57.40879821777344,51.057498931884766
357.98199462890625,126.70829772949219,57.279598236083984,51.17890167236328
340.7869873046875,131.943603515625,61.075801849365234,52.83399963378906
328.7900085449219,138.6649932861328,57.93960189819336,48.16350173950195
316.2455139160156,142.50669860839844,54.07619857788086,43.94620132446289
306.86859130859375,144.3083038330078,49.99679946899414,41.64659881591797
301.54278564453125,142.27420043945312,42.65330123901367,39.45909881591797
300.63079833984375,138.7967071533203,45.361900329589844,40.592098236083984
302.08660888671875,134.1605987548828,42.35070037841797,41.41590118408203
304.6850891113281,128.1916046142578,40.94260025024414,41.11309814453125
308.69500732421875,123.20890045166016,39.0463981628418,40.07600021362305
312.4215087890625,111.70020294189453,41.35530090332031,42.6880989074707
308.50360107421875,85.08059692382812,63.7056999206543,56.57440185546875
351.1665954589844,73.7511978149414,52.0723991394043,50.78839874267578
365.8711853027344,60.62670135498047,49.98619842529297,43.46390151977539
380.05450439453125,49.65700149536133,53.66590118408203,43.96969985961914
396.0201110839844,42.52389907836914,55.497398376464844,44.472900390625
412.2925109863281,36.670101165771484,54.61119842529297,44.50170135498047
426.1802978515625,35.2234992980957,55.32609939575195,44.159000396728516
440.2904052734375,35.16680145263672,57.27009963989258,45.01789855957031
455.0617980957031,36.6708984375,56.72829818725586,42.78409957885742
470.56719970703125,39.54249954223633,54.01689910888672,39.26340103149414
484.948486328125,41.42190170288086,53.56660079956055,35.61880111694336
498.5697021484375,43.39350128173828,52.305999755859375,37.70199966430664
508.4367980957031,45.95029830932617,55.22869873046875,40.339298248291016
518.5477905273438,45.559600830078125,58.08399963378906,46.247398376464844
528.6926879882812,48.004600524902344,57.555999755859375,48.577598571777344
537.6505126953125,52.15959930419922,59.392398834228516,49.622501373291016
544.4271850585938,56.61859893798828,57.44340133666992,49.96699905395508
548.6574096679688,65.00289916992188,56.938201904296875,46.31340026855469
551.9984741210938,69.94550323486328,57.83729934692383,46.457801818847656
552.28857421875,74.85369873046875,57.320499420166016,46.98630142211914
547.9780883789062,79.18730163574219,60.68170166015625,48.558998107910156
542.560302734375,83.97660064697266,62.14649963378906,49.579898834228516
532.6613159179688,86.9520034790039,62.894798278808594,49.89149856567383
519.0687255859375,89.4989013671875,63.29679870605469,49.95800018310547
504.7915954589844,90.48870086669922,66.31690216064453,49.18299865722656
488.78228759765625,90.00859832763672,64.74579620361328,46.442100524902344
469.9466857910156,87.41899871826172,63.850799560546875,48.372501373291016
450.0357971191406,83.84829711914062,63.84600067138672,51.051300048828125
430.1130065917969,80.6261978149414,63.844200134277344,51.442298889160156
409.01568603515625,77.19170379638672,65.28810119628906,50.93009948730469
390.8916931152344,71.97579956054688,60.47140121459961,53.045501708984375
370.7560119628906,67.3313980102539,60.48550033569336,52.387298583984375
355.9413146972656,63.224300384521484,59.64680099487305,51.286800384521484
338.99310302734375,61.107200622558594,61.45709991455078,49.93259811401367
329.11669921875,59.76409912109375,55.16239929199219,48.60969924926758
317.6422119140625,57.88410186767578,52.46929931640625,49.88169860839844
309.55841064453125,56.954498291015625,51.102500915527344,52.69029998779297
304.0198059082031,57.327301025390625,48.68840026855469,52.570098876953125
300.8479919433594,59.1775016784668,47.27289962768555,51.830299377441406
301.6590881347656,61.74079895019531,46.202999114990234,49.86949920654297
303.823486328125,64.26219940185547,44.201900482177734,44.81930160522461
308.02099609375,65.73079681396484,43.84320068359375,41.707401275634766
313.7525939941406,64.91210174560547,44.72309875488281,42.74729919433594
321.82080078125,65.8114013671875,44.41529846191406,42.52920150756836
331.51611328125,68.28070068359375,45.83449935913086,41.760101318359375
343.1007995605469,70.72730255126953,44.03960037231445,42.66559982299805
355.7939147949219,76.97260284423828,43.09479904174805,40.500701904296875
369.4971008300781,84.27660369873047,42.362701416015625,38.09510040283203
382.5470886230469,91.66089630126953,42.45289993286133,35.4922981262207
395.970703125,98.51419830322266,44.449501037597656,36.31570053100586
410.06768798828125,104.46820068359375,47.556800842285156,36.198299407958984
424.5437927246094,108.65509796142578,48.34189987182617,37.425899505615234
439.685302734375,114.4259033203125,48.45209884643555,37.21110153198242
452.8821105957031,117.25070190429688,49.552101135253906,37.877201080322266
467.5354919433594,120.8864974975586,49.02989959716797,36.0099983215332
481.44720458984375,123.39759826660156,48.24190139770508,34.878299713134766
494.69781494140625,124.15350341796875,48.60879898071289,36.166500091552734
505.2101135253906,122.90370178222656,51.8572998046875,40.013301849365234
514.5245971679688,122.23739624023438,54.91550064086914,41.585201263427734
523.7984008789062,121.55339813232422,55.24760055541992,41.79759979248047
523.9854125976562,121.52770233154297,56.70539855957031,41.90700149536133
530.6771240234375,121.7781982421875,53.36640167236328,41.84510040283203
531.7830810546875,120.74459838867188,54.00920104980469,42.2859001159668
535.8834838867188,120.17970275878906,55.01539993286133,42.71860122680664
540.3151245117188,120.60369873046875,51.39670181274414,41.37929916381836
539.3577270507812,120.76899719238281,53.2958984375,41.715599060058594
537.4755249023438,121.56580352783203,53.264801025390625,42.01530075073242
532.2271118164062,120.95030212402344,55.201900482177734,42.76940155029297
525.8411865234375,121.59040069580078,54.61399841308594,42.435001373291016
515.1790771484375,122.13390350341797,55.114498138427734,43.07619857788086
504.63031005859375,122.99970245361328,55.30339813232422,42.878501892089844
492.0340881347656,123.67489624023438,50.877498626708984,40.94049835205078
478.565185546875,124.4010009765625,51.99909973144531,39.24810028076172
462.4276123046875,123.90760040283203,53.272499084472656,39.63090133666992
445.5703125,124.45130157470703,51.80979919433594,39.986000061035156
427.97918701171875,124.66470336914062,54.211299896240234,39.61479949951172
411.4216003417969,125.10900115966797,50.22129821777344,38.907501220703125
395.05718994140625,125.11489868164062,49.02730178833008,37.18069839477539
378.5755920410156,126.8677978515625,46.56399917602539,35.823001861572266
362.2506103515625,127.30699920654297,46.57749938964844,34.43619918823242
348.231201171875,127.84809875488281,43.18870162963867,34.25199890136719
331.2337951660156,128.59060668945312,42.00680160522461,32.641300201416016
317.64459228515625,129.19869995117188,42.160499572753906,32.34550094604492
306.4490051269531,128.9221954345703,38.72880172729492,32.43410110473633
294.9518127441406,128.94309997558594,39.4463996887207,33.141700744628906
285.9814147949219,129.67489624023438,38.41460037231445,33.29990005493164
277.6695861816406,131.08999633789062,37.2047004699707,31.91119956970215
271.15948486328125,130.82460021972656,39.402801513671875,33.72639846801758
266.6094055175781,131.56849670410156,39.40829849243164,33.71590042114258
265.39300537109375,132.55349731445312,38.53120040893555,33.22949981689453
264.9823913574219,130.3096923828125,37.97629928588867,33.27040100097656
266.418701171875,130.00559997558594,38.35530090332031,32.179500579833984
267.3114929199219,129.77870178222656,39.05379867553711,31.523700714111328
270.18701171875,131.20550537109375,39.110198974609375,31.510700225830078
274.1512145996094,132.56959533691406,40.33489990234375,33.08000183105469
279.3230895996094,133.5092010498047,41.29119873046875,32.575599670410156
287.555908203125,136.30880737304688,39.830501556396484,31.997699737548828
295.80389404296875,138.62210083007812,40.939300537109375,30.567100524902344
307.2261962890625,141.3090057373047,40.51169967651367,29.081100463867188
320.37359619140625,142.13470458984375,36.09709930419922,30.065799713134766
332.0115051269531,143.63780212402344,40.25019836425781,30.632699966430664
346.8660888671875,145.8428955078125,39.7130012512207,30.872800827026367
363.20928955078125,146.23370361328125,41.0078010559082,31.906700134277344
378.6783142089844,147.1929931640625,43.188201904296875,34.0526008605957
394.1234130859375,149.49400329589844,47.17150115966797,36.088600158691406
409.10809326171875,148.54539489746094,48.722801208496094,38.56700134277344
426.3038024902344,148.00999450683594,51.171600341796875,41.716800689697266
442.19781494140625,147.22760009765625,57.372100830078125,44.48759841918945
459.8393859863281,146.65660095214844,56.174598693847656,47.29090118408203
477.22698974609375,146.44009399414062,54.71969985961914,47.759498596191406
488.00311279296875,147.20559692382812,58.79180145263672,48.734798431396484
500.1935119628906,148.17770385742188,61.572601318359375,50.88990020751953
511.098388671875,149.49429321289062,61.089698791503906,53.49039840698242
518.9747924804688,152.64759826660156,63.86479949951172,54.36130142211914
525.2058715820312,157.09500122070312,64.59380340576172,54.226200103759766
529.3790283203125,162.9174041748047,63.194698333740234,54.75210189819336
528.9594116210938,171.93760681152344,61.855098724365234,53.9286994934082
529.5731811523438,181.58090209960938,60.2859001159668,50.67729949951172
523.8923950195312,190.82440185546875,61.376800537109375,52.42110061645508
516.4246826171875,199.8802032470703,62.52130126953125,49.9197998046875
506.5953063964844,209.92579650878906,61.624698638916016,48.67190170288086
495.605712890625,217.32290649414062,61.964500427246094,46.352500915527344
479.3735046386719,221.4987030029297,64.19960021972656,45.40489959716797
468.33428955078125,223.73350524902344,60.26449966430664,44.08250045776367
452.5462951660156,226.67190551757812,59.20009994506836,41.5635986328125
438.2322082519531,230.97279357910156,55.89910125732422,41.51470184326172
424.81829833984375,238.0894012451172,54.38399887084961,41.72079849243164
412.01910400390625,249.47259521484375,50.810001373291016,40.89870071411133
399.6180114746094,260.20379638671875,47.445701599121094,41.7859001159668
385.3049011230469,261.2351989746094,49.125701904296875,40.85100173950195
378.5044860839844,258.4400939941406,44.58879852294922,42.03730010986328
373.243896484375,259.7340087890625,45.97480010986328,41.619300842285156
308.57989501953125,260.7832946777344,31.825199127197266,42.16339874267578
290.5159912109375,260.34619140625,47.65420150756836,44.74140167236328
290.42529296875,259.8669128417969,48.397701263427734,44.25279998779297
290.20111083984375,259.1369934082031,48.47119903564453,44.97489929199219
290.24139404296875,259.4919128417969,48.998199462890625,44.97909927368164
290.8927917480469,259.389892578125,48.08300018310547,45.12969970703125
290.8828125,259.86761474609375,48.11989974975586,44.72529983520508
290.9010009765625,259.9435119628906,48.199100494384766,44.72480010986328
290.9424133300781,259.69061279296875,48.42639923095703,45.17879867553711
290.90478515625,259.8489990234375,48.221500396728516,44.9453010559082
290.2406005859375,259.5281982421875,48.724998474121094,45.14849853515625
290.42620849609375,259.42510986328125,48.446800231933594,45.65729904174805
290.29229736328125,259.43701171875,48.90629959106445,45.26839828491211
290.9739990234375,258.802001953125,48.21540069580078,44.64139938354492
291.1253967285156,259.6077880859375,47.87630081176758,45.186100006103516
290.176513671875,259.31109619140625,48.52949905395508,45.37379837036133
291.2102966308594,259.81329345703125,48.32099914550781,44.2400016784668
290.92279052734375,259.8949890136719,47.81129837036133,44.6974983215332
291.3728942871094,259.3233947753906,47.93389892578125,44.735801696777344
291.5887145996094,259.0892028808594,48.25510025024414,45.15140151977539
291.27801513671875,259.9021911621094,48.34709930419922,44.876399993896484
290.74951171875,259.5716857910156,48.90639877319336,45.130001068115234
290.5166015625,259.8197021484375,49.415000915527344,45.66019821166992
291.55499267578125,259.8808898925781,48.446998596191406,44.844200134277344
291.222412109375,259.4501953125,49.33530044555664,45.94390106201172
291.1542053222656,259.6416015625,49.75339889526367,45.2681999206543
291.018798828125,259.46258544921875,49.35490036010742,46.143798828125
291.1307067871094,259.4866943359375,48.80580139160156,45.130401611328125
290.569091796875,259.3547058105469,49.081298828125,45.76940155029297
290.9375915527344,259.5588073730469,48.984901428222656,45.17639923095703
290.784912109375,259.3059997558594,50.051300048828125,45.37070083618164
291.8660888671875,261.46710205078125,48.75640106201172,44.741798400878906
291.5332946777344,260.6427001953125,47.129398345947266,44.76409912109375
291.01708984375,260.2341003417969,48.176300048828125,45.42300033569336
291.27288818359375,261.02679443359375,47.170799255371094,44.92839813232422
262.7215881347656,240.0814971923828,108.96859741210938,65.07630157470703
294.2157897949219,254.23980712890625,61.7234992980957,45.68470001220703
290.5190124511719,262.885986328125,37.35390090942383,39.487300872802734
291.44061279296875,261.3583984375,40.305301666259766,35.05070114135742
294.3175048828125,261.044189453125,39.95610046386719,34.47850036621094
259.3055114746094,200.21189880371094,100.50389862060547,107.69090270996094
293.4413146972656,229.71389770507812,40.749900817871094,45.97380065917969
295.3529052734375,225.13800048828125,35.87739944458008,45.4656982421875
305.8753967285156,227.59469604492188,36.992698669433594,43.700199127197266
