1
329.2937927246094,231.2987060546875,165.35130310058594,71.2333984375
310.4527893066406,233.0998992919922,183.52679443359375,84.50759887695312
281.1199035644531,230.16319274902344,199.28160095214844,84.56210327148438
258.2510070800781,238.39959716796875,176.72169494628906,68.09030151367188
231.12930297851562,231.59359741210938,171.3289031982422,75.95570373535156
212.00689697265625,217.4696044921875,182.93569946289062,86.19380187988281
197.14190673828125,215.23880004882812,177.19850158691406,78.28089904785156
188.19349670410156,220.90750122070312,172.65150451660156,74.25959777832031
144.80499267578125,217.11709594726562,190.59219360351562,73.12339782714844
116.74330139160156,210.9188995361328,196.30270385742188,74.5011978149414
105.77369689941406,206.43479919433594,185.46609497070312,82.13829803466797
111.52300262451172,203.63409423828125,170.8524932861328,80.65519714355469
120.82489776611328,210.860595703125,149.70680236816406,72.54840087890625
118.02940368652344,206.993896484375,148.78480529785156,73.06330108642578
131.2729034423828,192.1425018310547,76.17669677734375,65.6427993774414
134.8715057373047,200.42489624023438,104.64600372314453,61.17150115966797
125.7979965209961,199.156494140625,109.44139862060547,65.99220275878906
116.32460021972656,180.21380615234375,64.68659973144531,59.8922004699707
128.93479919433594,173.67990112304688,48.079200744628906,44.78559875488281
134.2570037841797,165.57749938964844,40.496498107910156,45.06909942626953
131.5207977294922,158.00650024414062,41.31159973144531,46.0260009765625
131.8881072998047,159.63839721679688,43.78609848022461,42.85409927368164
130.94700622558594,158.83470153808594,48.201499938964844,43.36370086669922
141.94419860839844,148.67630004882812,47.75749969482422,42.97050094604492
153.88710021972656,144.79490661621094,42.737998962402344,41.2150993347168
159.09210205078125,146.5572967529297,43.26020050048828,39.072200775146484
167.50979614257812,147.03199768066406,46.60260009765625,38.028499603271484
175.55889892578125,143.9257049560547,47.007301330566406,39.39350128173828
186.70840454101562,138.060302734375,50.15729904174805,43.933799743652344
200.4490966796875,133.68350219726562,46.55780029296875,43.798099517822266
165.81080627441406,118.37840270996094,90.0250015258789,62.13529968261719
211.80059814453125,65.77400207519531,79.3113021850586,82.54740142822266
213.29859924316406,129.34280395507812,83.77149963378906,56.211700439453125
238.6457977294922,135.93739318847656,77.51899719238281,52.24769973754883
269.38250732421875,147.78900146484375,54.833499908447266,38.91279983520508
284.40301513671875,143.67520141601562,51.717201232910156,42.637001037597656
285.5552062988281,142.606201171875,76.114501953125,62.751399993896484
307.8735046386719,157.56809997558594,52.280601501464844,45.801300048828125
329.1496887207031,167.57080078125,41.09880065917969,35.52669906616211
335.09979248046875,158.9062042236328,46.761600494384766,52.413700103759766
340.4122009277344,166.27549743652344,45.405399322509766,49.53120040893555
331.6581115722656,165.34359741210938,64.39459991455078,55.97639846801758
339.99481201171875,156.093505859375,55.7765007019043,68.9717025756836
328.0476989746094,158.0135955810547,64.2833023071289,68.14610290527344
324.7167053222656,151.5811004638672,64.48719787597656,77.83529663085938
317.2961120605469,146.3979034423828,71.08699798583984,83.33709716796875
317.2510070800781,160.11709594726562,58.29199981689453,54.337501525878906
313.393310546875,154.393798828125,52.697898864746094,47.79280090332031
302.98968505859375,131.65609741210938,52.65679931640625,78.08979797363281
293.2936096191406,151.46029663085938,56.927398681640625,52.98529815673828
265.19171142578125,121.6146011352539,88.55960083007812,78.61920166015625
177.86830139160156,126.53839874267578,107.69229888916016,109.00430297851562
267.7513122558594,148.10409545898438,123.75160217285156,135.6938018798828
265.431396484375,151.55650329589844,117.31220245361328,139.34939575195312
304.28790283203125,140.5644989013672,116.00520324707031,105.39230346679688
258.0650939941406,103.89430236816406,98.86280059814453,115.30940246582031
315.0329895019531,156.85980224609375,169.43719482421875,127.20390319824219
292.83050537109375,84.60639953613281,135.02439880371094,178.0115966796875
303.8409118652344,132.29879760742188,115.03389739990234,116.20439910888672
311.534912109375,142.1132049560547,89.42579650878906,109.42530059814453
245.0738983154297,39.50320053100586,151.57749938964844,112.96299743652344
305.1068115234375,161.32839965820312,95.31400299072266,100.71700286865234
302.4117126464844,151.61309814453125,87.63140106201172,103.33779907226562
271.14849853515625,121.72779846191406,80.54920196533203,73.6095962524414
323.9377136230469,167.20469665527344,64.13289642333984,64.00769805908203
259.71771240234375,107.83180236816406,75.11329650878906,77.86229705810547
274.5874938964844,123.99600219726562,84.40290069580078,73.93229675292969
272.043212890625,126.65889739990234,98.11990356445312,94.56729888916016
272.6170959472656,118.05940246582031,97.93550109863281,105.57510375976562
278.5486145019531,123.16929626464844,94.064697265625,93.01689910888672
220.41700744628906,151.6804962158203,110.5780029296875,121.06849670410156
292.0015869140625,127.10780334472656,72.4468994140625,88.10289764404297
266.3819885253906,113.01139831542969,82.22019958496094,85.67289733886719
279.2200927734375,111.22720336914062,62.10179901123047,69.13680267333984
297.8562927246094,138.23719787597656,65.4968032836914,96.29299926757812
296.9455871582031,143.55029296875,63.399898529052734,94.35430145263672
303.6034851074219,149.50039672851562,62.72549819946289,97.11509704589844
295.2521057128906,160.4656982421875,66.78009796142578,97.07440185546875
294.7586975097656,165.57000732421875,67.04429626464844,98.88749694824219
302.9975891113281,165.91329956054688,59.09469985961914,83.506103515625
304.3815002441406,168.82000732421875,58.175899505615234,82.45700073242188
303.3916931152344,184.79010009765625,59.12779998779297,81.3384017944336
301.2596130371094,194.12660217285156,62.69850158691406,83.97599792480469
301.93170166015625,186.44790649414062,59.11130142211914,100.04550170898438
303.5187072753906,212.23460388183594,54.60070037841797,89.11180114746094
308.1415100097656,216.2646942138672,46.40439987182617,84.95110321044922
310.2864990234375,200.65469360351562,43.72100067138672,91.0822982788086
313.90240478515625,198.3302001953125,34.729000091552734,67.24590301513672
307.18701171875,195.71099853515625,40.70000076293945,73.52400207519531
306.8118896484375,196.7299041748047,34.54719924926758,73.2615966796875
306.6039123535156,184.49899291992188,42.720699310302734,81.21119689941406
307.1261901855469,188.28509521484375,42.515899658203125,80.26000213623047
305.46319580078125,192.05599975585938,37.43159866333008,75.05439758300781
308.302490234375,198.9197998046875,31.103099822998047,55.02510070800781
304.6535949707031,192.34750366210938,57.533599853515625,49.38479995727539
308.73260498046875,160.87510681152344,77.49710083007812,86.8324966430664
302.3219909667969,201.1739044189453,57.16339874267578,46.067501068115234
309.1241149902344,207.02239990234375,47.266700744628906,33.881500244140625
316.7278137207031,199.15220642089844,38.110801696777344,34.614200592041016
316.64208984375,204.49789428710938,39.19850158691406,32.19020080566406
308.1736145019531,185.30349731445312,56.565399169921875,53.5181999206543
301.6372985839844,176.7458038330078,85.34439849853516,51.81209945678711
303.3663024902344,150.9783935546875,86.65760040283203,75.02300262451172
395.7781066894531,54.939300537109375,44.86989974975586,35.10430145263672
387.32220458984375,54.914798736572266,39.40420150756836,34.55459976196289
379.92840576171875,40.73249816894531,48.212799072265625,60.92490005493164
366.8431091308594,17.477800369262695,38.80160140991211,45.42900085449219
350.8157958984375,10.06659984588623,72.87319946289062,61.32379913330078
408.2786865234375,40.05799865722656,77.0448989868164,76.19950103759766
391.5845031738281,29.77720069885254,83.36540222167969,114.33999633789062
262.1288146972656,4.394599914550781,99.8761978149414,110.01200103759766
244.10569763183594,143.8867950439453,173.601806640625,121.46269989013672
208.2111053466797,126.85659790039062,150.18649291992188,217.64549255371094
146.0283966064453,80.44640350341797,165.64950561523438,205.44479370117188
120.06700134277344,77.26519775390625,206.2635040283203,209.8538055419922
67.69029998779297,47.195899963378906,209.51150512695312,254.49620056152344
101.70140075683594,0.0,297.8918151855469,123.2573013305664
24.09280014038086,11.389900207519531,209.32150268554688,182.17140197753906
0.0,0.0,236.64280700683594,123.99980163574219
5.752299785614014,52.6786003112793,58.122398376464844,234.4261016845703
1.0774999856948853,36.25,75.37259674072266,204.97799682617188
0.0,10.964200019836426,74.29309844970703,134.90260314941406
3.3854000568389893,10.664400100708008,59.72919845581055,98.34559631347656
1.3725999593734741,19.733299255371094,52.34280014038086,109.70829772949219
0.8093000054359436,6.405099868774414,63.1526985168457,102.79650115966797
0.0,0.0,111.74539947509766,44.8927001953125
15.8371000289917,0.28540000319480896,74.26319885253906,61.49369812011719
0.7529000043869019,15.344300270080566,58.71860122680664,105.50559997558594
0.0,6.12470006942749,60.10260009765625,120.23909759521484
2.7648000717163086,0.0,105.33619689941406,50.53889846801758
42.385799407958984,0.2689000070095062,74.23419952392578,46.43360137939453
1.4127999544143677,0.0,62.839298248291016,49.890201568603516
0.0,0.8054999709129333,61.731201171875,29.891700744628906
3.6285998821258545,2.345099925994873,44.9286003112793,38.24679946899414
2.186000108718872,3.547800064086914,48.46689987182617,54.6531982421875
1.9919999837875366,4.785200119018555,60.11289978027344,83.93470001220703
0.8870999813079834,14.904000282287598,53.63850021362305,116.55709838867188
0.0,0.5045999884605408,51.69900131225586,63.14229965209961
28.127199172973633,0.5849999785423279,108.04789733886719,30.869600296020508
33.59349822998047,0.0,124.94869995117188,42.36410140991211
43.49250030517578,5.2881999015808105,151.85040283203125,59.59830093383789
2.498199939727783,17.128299713134766,38.45069885253906,80.5343017578125
2.075200080871582,14.930500030517578,49.75630187988281,58.58810043334961
35.18330001831055,2.003700017929077,92.02680206298828,56.8838005065918
5.025400161743164,7.439199924468994,38.750999450683594,65.34100341796875
0.8623999953269958,20.339799880981445,48.58290100097656,98.39939880371094
1.4240000247955322,45.3765983581543,40.565101623535156,75.85859680175781
0.963699996471405,74.67220306396484,48.29819869995117,90.1083984375
12.588700294494629,74.94830322265625,39.101200103759766,72.32330322265625
22.088699340820312,49.316200256347656,27.67060089111328,58.175899505615234
21.626699447631836,49.96379852294922,27.218399047851562,55.648399353027344
22.008800506591797,48.923500061035156,27.697799682617188,51.85020065307617
24.83679962158203,75.26010131835938,21.57430076599121,26.925399780273438
23.943300247192383,75.43460083007812,24.48590087890625,37.096099853515625
30.828899383544922,76.65609741210938,29.774499893188477,27.484600067138672
33.06779861450195,71.80449676513672,27.184799194335938,36.62160110473633
33.1796989440918,65.83529663085938,28.772600173950195,32.340599060058594
33.682098388671875,81.15579986572266,30.81450080871582,24.037700653076172
33.42110061645508,75.67030334472656,29.36039924621582,29.70560073852539
27.480499267578125,66.91429901123047,27.652799606323242,35.544700622558594
3.168100118637085,28.666099548339844,38.12699890136719,39.11330032348633
0.0,16.64699935913086,27.67970085144043,48.025299072265625
0.4887000024318695,18.156999588012695,20.94099998474121,26.511999130249023
0.28610000014305115,19.902000427246094,21.076900482177734,27.7726993560791
0.9289000034332275,19.099700927734375,18.22920036315918,24.91990089416504
0.0,14.9128999710083,18.873300552368164,27.353099822998047
0.35109999775886536,15.655599594116211,21.82670021057129,22.85580062866211
0.2533999979496002,18.108200073242188,21.896099090576172,36.202701568603516
1.8518999814987183,24.15519905090332,22.405099868774414,34.61140060424805
0.9581000208854675,23.004199981689453,43.25490188598633,54.19300079345703
0.4555000066757202,38.475799560546875,49.527000427246094,80.17060089111328
1.3514000177383423,41.70640182495117,48.410499572753906,111.91010284423828
19.319400787353516,61.81480026245117,35.6077995300293,86.45610046386719
32.906700134277344,63.92610168457031,31.40570068359375,87.8302993774414
27.38629913330078,121.75849914550781,24.662200927734375,36.0635986328125
23.027599334716797,130.589599609375,26.643800735473633,16.288999557495117
15.639399528503418,124.75270080566406,33.56840133666992,24.131399154663086
12.31149959564209,119.19920349121094,39.03860092163086,33.35820007324219
7.93310022354126,96.08499908447266,40.28900146484375,60.55059814453125
3.750999927520752,132.08290100097656,47.059600830078125,33.339900970458984
0.02250000089406967,89.06729888916016,49.292598724365234,87.71150207519531
1.9809999465942383,84.14939880371094,45.83549880981445,94.3042984008789
7.395400047302246,75.93659973144531,43.72800064086914,90.10690307617188
18.97920036315918,137.2998046875,34.01190185546875,41.95819854736328
22.29960060119629,153.00599670410156,28.868900299072266,24.78689956665039
5.30210018157959,140.0821075439453,46.44089889526367,43.148101806640625
26.5531005859375,137.40989685058594,26.52120018005371,48.08700180053711
32.59980010986328,155.8323974609375,32.02119827270508,33.53160095214844
37.638999938964844,148.17300415039062,31.702999114990234,24.90559959411621
43.40340042114258,156.7967071533203,26.007699966430664,18.024599075317383
49.04290008544922,154.30999755859375,37.7327995300293,19.906999588012695
54.6088981628418,147.50880432128906,27.806100845336914,25.708799362182617
27.601900100708008,151.44430541992188,76.98370361328125,33.121498107910156
0.0,125.82350158691406,56.22809982299805,96.43840026855469
2.9656999111175537,109.84480285644531,47.50210189819336,81.63269805908203
0.0,134.04769897460938,53.66019821166992,70.64399719238281
10.632399559020996,134.63929748535156,42.70719909667969,59.1598014831543
1.5556999444961548,117.45919799804688,48.09000015258789,67.50070190429688
0.0,98.27239990234375,46.276100158691406,53.89619827270508
2.335700035095215,85.75980377197266,45.236900329589844,80.78739929199219
31.810699462890625,116.86319732666016,33.90409851074219,52.57279968261719
0.4726000130176544,147.6793975830078,40.814300537109375,21.234699249267578
18.999799728393555,151.0355987548828,43.927799224853516,18.685400009155273
2.9844000339508057,138.68699645996094,26.596099853515625,16.5669002532959
9.208200454711914,143.49769592285156,29.850900650024414,19.286300659179688
21.666900634765625,146.91819763183594,29.872400283813477,16.72920036315918
33.15650177001953,147.406494140625,31.35260009765625,16.308900833129883
49.77920150756836,141.76300048828125,33.4390983581543,14.672300338745117
67.96289825439453,139.79530334472656,23.11910057067871,15.85200023651123
70.1895980834961,140.643798828125,18.619800567626953,11.695199966430664
69.02760314941406,143.80450439453125,18.132400512695312,12.263999938964844
67.72540283203125,147.6916961669922,19.29170036315918,16.714000701904297
60.15439987182617,151.93910217285156,20.962400436401367,11.104700088500977
55.68899917602539,152.89300537109375,17.268699645996094,10.600799560546875
39.57109832763672,148.6865997314453,27.874900817871094,15.91919994354248
26.40089988708496,145.94309997558594,23.22369956970215,18.702800750732422
14.108599662780762,150.10580444335938,28.216400146484375,24.937999725341797
2.4791998863220215,152.7563934326172,33.70640182495117,48.008399963378906
0.028999999165534973,158.1761932373047,33.43519973754883,32.606300354003906
0.6862999796867371,154.96060180664062,16.34749984741211,33.67919921875
0.0,128.8876953125,44.620399475097656,36.73540115356445
18.101900100708008,180.38059997558594,28.643199920654297,25.97209930419922
15.062000274658203,181.27220153808594,31.998199462890625,31.274499893188477
14.602899551391602,177.056396484375,30.916500091552734,25.225000381469727
22.06559944152832,166.1488037109375,32.092899322509766,36.06700134277344
34.71649932861328,157.69180297851562,37.461700439453125,30.199499130249023
40.974998474121094,150.4864044189453,52.53070068359375,28.95549964904785
16.883699417114258,127.74569702148438,30.407400131225586,41.7401008605957
33.854698181152344,126.92919921875,36.839599609375,28.838300704956055
48.064300537109375,121.53089904785156,39.37089920043945,26.22130012512207
29.790599822998047,100.97339630126953,23.242700576782227,49.16889953613281
2.0529000759124756,92.93379974365234,41.92919921875,49.93880081176758
21.507200241088867,83.0656967163086,25.852100372314453,77.02510070800781
31.099199295043945,91.72789764404297,25.74209976196289,61.198001861572266
12.860799789428711,67.42780303955078,33.546600341796875,73.55169677734375
0.0,140.71279907226562,38.443199157714844,41.19779968261719
2.1749000549316406,165.0948028564453,34.307701110839844,36.95140075683594
1.819100022315979,171.90989685058594,41.089900970458984,31.308500289916992
0.0,169.91830444335938,38.997100830078125,43.58100128173828
0.0,171.50999450683594,40.39670181274414,50.91379928588867
0.6061999797821045,168.77960205078125,40.43730163574219,46.642398834228516
0.7152000069618225,184.03489685058594,37.08140182495117,43.579498291015625
1.535599946975708,175.95120239257812,28.35770034790039,53.734798431396484
3.2969000339508057,198.63290405273438,24.957599639892578,31.1560001373291
0.6636999845504761,215.095703125,48.68109893798828,15.760000228881836
5.799699783325195,213.5688018798828,67.65899658203125,20.410499572753906
3.0608999729156494,189.58859252929688,62.01860046386719,54.78110122680664
17.023799896240234,148.3126983642578,33.856300354003906,63.05070114135742
0.0,92.29109954833984,32.590599060058594,73.05069732666016
0.7175999879837036,63.282901763916016,33.325599670410156,94.06400299072266
