1
360.7427062988281,151.86639404296875,98.51020050048828,99.28810119628906
357.24090576171875,150.13040161132812,102.53160095214844,105.55940246582031
360.3121032714844,164.29530334472656,74.33439636230469,101.16059875488281
350.2268981933594,155.58639526367188,98.0780029296875,100.96990203857422
358.6907043457031,156.46499633789062,88.82839965820312,99.65630340576172
357.9967956542969,155.10650634765625,90.72949981689453,101.63990020751953
359.7333984375,159.43150329589844,78.92659759521484,94.84559631347656
351.03271484375,152.38369750976562,100.66069793701172,98.747802734375
353.50030517578125,158.04730224609375,94.26399993896484,92.42620086669922
345.15008544921875,154.8780975341797,102.44670104980469,91.35420227050781
330.99859619140625,157.25210571289062,114.6458969116211,88.17220306396484
337.702392578125,157.9490966796875,112.05180358886719,85.08390045166016
336.25518798828125,161.42019653320312,108.32710266113281,85.21690368652344
336.581787109375,156.6468963623047,106.57879638671875,83.21479797363281
335.14569091796875,165.47000122070312,105.50800323486328,79.88639831542969
340.37811279296875,168.0157928466797,97.69400024414062,76.8280029296875
335.57598876953125,166.15330505371094,99.74310302734375,76.98490142822266
325.33709716796875,170.58099365234375,113.74520111083984,74.25579833984375
316.6388854980469,166.41949462890625,114.34030151367188,74.54070281982422
312.9796142578125,165.6356964111328,110.07510375976562,73.02980041503906
311.0513916015625,163.43460083007812,109.51249694824219,76.37429809570312
313.1383056640625,165.44630432128906,98.4646987915039,75.52549743652344
310.9346008300781,164.8195037841797,93.38510131835938,72.7791976928711
318.61590576171875,166.98789978027344,79.71040344238281,74.40779876708984
323.1044006347656,153.8623046875,67.17980194091797,82.43329620361328
321.1155090332031,159.9969024658203,67.35070037841797,80.45069885253906
317.7135009765625,157.7227020263672,65.43910217285156,82.97209930419922
327.3158874511719,148.81289672851562,61.25640106201172,94.64430236816406
317.49810791015625,186.45559692382812,110.21820068359375,61.33300018310547
313.4529113769531,151.5614013671875,64.68049621582031,90.87079620361328
316.2463073730469,134.7165069580078,52.776798248291016,105.2926025390625
316.0434875488281,102.92250061035156,54.14820098876953,124.75630187988281
316.3389892578125,112.97709655761719,47.706600189208984,126.37079620361328
312.62030029296875,119.8583984375,55.804100036621094,124.3844985961914
311.3063049316406,123.3550033569336,51.73350143432617,119.87580108642578
318.7688903808594,114.69190216064453,49.978599548339844,117.63770294189453
312.3476867675781,118.48059844970703,51.05699920654297,124.68340301513672
306.8503112792969,121.72029876708984,58.71799850463867,119.66570281982422
307.0293884277344,120.42500305175781,51.32429885864258,116.0967025756836
311.2171936035156,117.43599700927734,50.24129867553711,104.57279968261719
306.7716979980469,111.3761978149414,59.220001220703125,106.3563003540039
303.2420959472656,106.98380279541016,59.96110153198242,106.62470245361328
300.3146057128906,103.85320281982422,69.57230377197266,109.1239013671875
297.0766906738281,100.68250274658203,69.33419799804688,111.02970123291016
299.3753967285156,97.25270080566406,63.96910095214844,109.5885009765625
301.35418701171875,96.53990173339844,63.372398376464844,110.51580047607422
301.6365966796875,95.75509643554688,61.98540115356445,114.03679656982422
310.4789123535156,91.46620178222656,54.502201080322266,114.6260986328125
312.95721435546875,97.3634033203125,49.2588996887207,108.97930145263672
305.50048828125,95.78810119628906,58.16910171508789,112.77220153808594
311.19061279296875,95.62419891357422,52.11090087890625,116.61219787597656
311.33331298828125,96.20279693603516,51.492000579833984,118.25469970703125
308.7655944824219,97.61019897460938,56.014801025390625,118.95359802246094
311.8223876953125,101.70770263671875,54.512298583984375,117.70570373535156
305.581298828125,102.92269897460938,54.84600067138672,116.38529968261719
307.676513671875,103.19309997558594,52.07820129394531,121.94670104980469
305.1018981933594,100.38749694824219,56.48759841918945,123.84770202636719
285.05169677734375,101.80860137939453,67.19029998779297,130.38040161132812
291.7485046386719,98.79399871826172,58.094600677490234,136.1999969482422
268.67510986328125,102.88059997558594,65.26270294189453,131.1461944580078
267.37530517578125,106.50029754638672,62.10110092163086,125.37740325927734
266.4205017089844,107.30709838867188,54.67369842529297,128.1118927001953
243.2321014404297,103.36319732666016,71.99019622802734,132.62890625
249.3679962158203,99.7238998413086,66.42849731445312,135.32400512695312
247.523193359375,103.20469665527344,66.1084976196289,135.881103515625
249.1177978515625,109.22419738769531,62.88759994506836,122.89790344238281
245.4093017578125,107.68049621582031,67.48049926757812,129.7042999267578
246.84970092773438,105.82170104980469,64.66510009765625,133.56959533691406
247.00779724121094,103.25759887695312,63.13669967651367,132.818603515625
243.904296875,100.92980194091797,65.22200012207031,134.50970458984375
245.08009338378906,102.06719970703125,60.706600189208984,132.55059814453125
250.13299560546875,100.38040161132812,53.79090118408203,129.0886993408203
249.12030029296875,93.34190368652344,58.08580017089844,134.44479370117188
248.0791015625,98.49690246582031,59.53150177001953,126.91549682617188
254.1696014404297,92.95439910888672,54.95690155029297,125.75659942626953
262.3651123046875,96.65260314941406,49.19089889526367,117.03109741210938
270.4988098144531,90.69200134277344,40.99140167236328,118.12349700927734
272.3214111328125,85.23690032958984,41.51810073852539,129.18739318847656
271.8799133300781,90.43399810791016,40.78030014038086,118.88739776611328
273.3389892578125,97.42030334472656,42.26839828491211,112.69170379638672
273.3973083496094,92.98159790039062,43.1442985534668,114.24909973144531
274.0860900878906,90.75910186767578,43.09579849243164,112.6095962524414
271.2809143066406,90.90229797363281,46.777198791503906,111.93360137939453
267.9565124511719,82.9646987915039,48.151100158691406,117.8053970336914
267.1518859863281,77.87129974365234,48.01250076293945,125.9854965209961
263.222412109375,80.87079620361328,47.35329818725586,113.49949645996094
257.5043029785156,74.82050323486328,49.11370086669922,105.86009979248047
238.41380310058594,67.82730102539062,60.07270050048828,117.35140228271484
246.11129760742188,37.006099700927734,48.86130142211914,137.6324005126953
235.96449279785156,55.379600524902344,56.05139923095703,123.02549743652344
232.8448028564453,24.373699188232422,62.281898498535156,153.6262969970703
214.36390686035156,58.10649871826172,54.673099517822266,134.26669311523438
216.10020446777344,55.54679870605469,51.82820129394531,129.84320068359375
207.15049743652344,47.925498962402344,54.4015998840332,132.3332977294922
204.67250061035156,51.036598205566406,43.2859001159668,127.31230163574219
197.34840393066406,50.706298828125,55.6442985534668,126.90409851074219
193.03680419921875,53.46080017089844,48.12590026855469,120.41619873046875
195.2991943359375,54.35060119628906,40.62649917602539,117.48269653320312
194.75039672851562,56.06800079345703,37.97129821777344,110.318603515625
191.81959533691406,56.970699310302734,40.608699798583984,109.1281967163086
187.7165985107422,55.50429916381836,40.761199951171875,109.42140197753906
184.466796875,54.57569885253906,38.84469985961914,109.76860046386719
178.50759887695312,50.57569885253906,42.08039855957031,113.46189880371094
173.00469970703125,50.68009948730469,44.12459945678711,111.66919708251953
168.8719940185547,47.09519958496094,41.807098388671875,115.66549682617188
169.122802734375,46.356201171875,37.03969955444336,115.66680145263672
161.98959350585938,40.390899658203125,42.678001403808594,122.81800079345703
159.67840576171875,39.437400817871094,38.354400634765625,121.40869903564453
154.85960388183594,34.047000885009766,40.3489990234375,126.9092025756836
151.62930297851562,36.82460021972656,40.625,124.70269775390625
145.3470001220703,33.244300842285156,46.20130157470703,129.40829467773438
135.41909790039062,30.963699340820312,52.881900787353516,134.97630310058594
133.8094024658203,31.05340003967285,53.712501525878906,133.65960693359375
127.5198974609375,26.403900146484375,56.33700180053711,138.16969299316406
111.67230224609375,24.74250030517578,64.71600341796875,134.31170654296875
121.9646987915039,19.302400588989258,46.76679992675781,139.7989044189453
125.410400390625,20.825700759887695,41.07709884643555,137.60609436035156
103.33390045166016,11.921199798583984,53.408199310302734,148.13070678710938
109.68070220947266,11.544699668884277,45.132999420166016,137.4136962890625
108.95069885253906,10.549200057983398,43.18090057373047,133.46839904785156
104.98609924316406,7.674699783325195,46.08980178833008,130.6020050048828
96.11190032958984,6.82889986038208,57.75469970703125,126.29419708251953
91.73970031738281,4.33620023727417,62.52289962768555,122.50779724121094
90.885498046875,6.523900032043457,54.621299743652344,113.39219665527344
89.74099731445312,1.732699990272522,60.61759948730469,117.54010009765625
89.19930267333984,4.110000133514404,63.86970138549805,112.40850067138672
94.40699768066406,4.232800006866455,49.538299560546875,111.27210235595703
100.27189636230469,2.1510000228881836,47.742698669433594,117.41210174560547
108.21610260009766,2.8682000637054443,43.14039993286133,112.9906997680664
115.50460052490234,3.6486001014709473,44.7963981628418,112.93939971923828
123.06340026855469,1.1416000127792358,44.9364013671875,112.00990295410156
145.17230224609375,5.011899948120117,34.79410171508789,109.90380096435547
153.61549377441406,4.111299991607666,38.294898986816406,108.21829986572266
160.56700134277344,4.75570011138916,42.76639938354492,104.64610290527344
166.8594970703125,5.396200180053711,43.3754997253418,102.94200134277344
172.57179260253906,3.9326999187469482,57.46179962158203,103.99710083007812
183.66799926757812,4.152699947357178,47.437801361083984,102.40070343017578
192.0605010986328,0.0,73.71040344238281,86.39199829101562
197.79010009765625,0.16200000047683716,74.37429809570312,100.25170135498047
202.48599243164062,20.297000885009766,55.76359939575195,99.33699798583984
207.06809997558594,10.340700149536133,54.164398193359375,110.47339630126953
206.9561004638672,2.02239990234375,61.67290115356445,129.2303009033203
218.76080322265625,4.265600204467773,79.00499725341797,133.66690063476562
220.09080505371094,3.064500093460083,88.05960083007812,144.24400329589844
228.77349853515625,7.094200134277344,80.57710266113281,160.86309814453125
234.32839965820312,7.255099773406982,85.97630310058594,182.1096954345703
245.76780700683594,12.777000427246094,80.14109802246094,193.44439697265625
247.1865997314453,15.876899719238281,85.12429809570312,202.41200256347656
254.1717987060547,32.84230041503906,77.16259765625,205.631103515625
259.0141906738281,32.57640075683594,100.56639862060547,219.322998046875
254.6638946533203,33.701698303222656,95.37449645996094,223.98269653320312
261.4861145019531,38.49620056152344,81.06189727783203,234.63400268554688
266.08648681640625,49.86669921875,78.58409881591797,226.24209594726562
264.2120056152344,31.61750030517578,96.27339935302734,231.1457061767578
256.0920104980469,78.10569763183594,92.8895034790039,204.3498992919922
289.6474914550781,98.30619812011719,86.58219909667969,191.77609252929688
288.4797058105469,100.6852035522461,68.77169799804688,174.9407958984375
284.96148681640625,96.30030059814453,75.99919891357422,180.1811981201172
287.65899658203125,90.9613037109375,77.88269805908203,191.97869873046875
283.4978942871094,141.80760192871094,72.56520080566406,147.25729370117188
254.07870483398438,90.3666000366211,94.59940338134766,188.35629272460938
271.9827880859375,100.97440338134766,103.80079650878906,188.341796875
276.5639953613281,104.90550231933594,87.38909912109375,179.14869689941406
273.1954040527344,101.09549713134766,80.68879699707031,176.4777069091797
255.86570739746094,70.28849792480469,91.5823974609375,206.46620178222656
249.25540161132812,59.30030059814453,114.96690368652344,200.28070068359375
256.705810546875,79.38939666748047,115.0447998046875,201.2913055419922
242.94200134277344,103.65850067138672,110.85430145263672,190.14419555664062
246.74639892578125,109.70680236816406,108.06999969482422,191.2677001953125
248.1320037841797,110.86979675292969,99.55570220947266,189.78880310058594
253.6562042236328,108.84700012207031,99.0602035522461,197.9846954345703
253.34010314941406,113.65119934082031,104.65689849853516,201.85670471191406
257.0011901855469,116.17669677734375,110.59629821777344,198.07020568847656
258.1903076171875,127.15229797363281,91.2156982421875,182.6645050048828
259.7471923828125,116.2136001586914,102.21849822998047,200.04559326171875
254.03509521484375,128.548095703125,115.53949737548828,183.72860717773438
254.2830047607422,125.43949890136719,120.8384017944336,183.97390747070312
266.1944885253906,127.997802734375,99.76789855957031,177.36480712890625
263.53948974609375,126.98059844970703,106.67769622802734,190.2321014404297
265.1087951660156,126.80290222167969,97.2666015625,185.67689514160156
255.30279541015625,121.0873031616211,119.7113037109375,191.468505859375
256.6881103515625,120.90550231933594,106.31849670410156,195.21969604492188
257.0613098144531,126.24490356445312,112.82420349121094,179.48129272460938
258.6588134765625,130.3834991455078,117.41300201416016,178.2906036376953
262.159912109375,120.58619689941406,102.0916976928711,192.53030395507812
256.73291015625,124.3563003540039,118.11209869384766,188.52589416503906
254.4532928466797,125.98699951171875,115.4573974609375,188.91940307617188
260.9851989746094,115.83599853515625,112.13780212402344,198.52340698242188
256.7461853027344,124.25330352783203,111.72250366210938,189.61940002441406
269.2825927734375,122.11399841308594,104.97709655761719,192.94020080566406
260.2497863769531,117.08370208740234,115.20989990234375,197.01390075683594
260.0884094238281,127.94129943847656,114.05680084228516,183.922607421875
268.02288818359375,125.3582992553711,100.3468017578125,189.70840454101562
272.3028869628906,131.6002960205078,98.135498046875,184.1905059814453
272.6055908203125,128.44569396972656,94.17680358886719,185.19259643554688
274.4027099609375,129.00399780273438,95.82350158691406,183.7104034423828
276.4710998535156,131.61180114746094,89.7396011352539,184.21299743652344
273.9552001953125,131.94729614257812,92.19380187988281,183.33839416503906
272.3085021972656,129.7696990966797,91.50910186767578,187.70480346679688
262.72711181640625,127.4136962890625,105.21309661865234,186.51260375976562
254.3011932373047,128.88729858398438,118.58670043945312,182.75379943847656
265.4715881347656,127.15239715576172,102.7479019165039,179.7086944580078
273.61871337890625,132.2220001220703,96.33619689941406,179.2176055908203
275.60101318359375,123.81320190429688,87.35279846191406,187.26620483398438
275.35089111328125,127.37960052490234,90.21199798583984,185.10009765625
271.590087890625,129.27110290527344,92.11160278320312,186.5269012451172
274.7049865722656,127.48480224609375,89.41909790039062,184.7967987060547
274.06658935546875,128.19219970703125,86.94339752197266,184.45120239257812
277.35791015625,128.48959350585938,80.8678970336914,185.52780151367188
269.6647033691406,125.96150207519531,86.02159881591797,187.70370483398438
271.64630126953125,125.88279724121094,90.06050109863281,181.73919677734375
266.8564147949219,119.93160247802734,106.09839630126953,198.14439392089844
267.9458923339844,121.14099884033203,98.53739929199219,188.96890258789062
266.3492126464844,114.86830139160156,104.19110107421875,203.0802001953125
266.23480224609375,116.07749938964844,107.78299713134766,195.99899291992188
267.1664123535156,113.75,101.5280990600586,194.57269287109375
259.9761962890625,118.60420227050781,112.46330261230469,171.73829650878906
262.71551513671875,118.94259643554688,108.66079711914062,186.82000732421875
262.1957092285156,112.98979949951172,104.53900146484375,177.69869995117188
266.0343017578125,109.73030090332031,99.81420135498047,178.6284942626953
267.9555969238281,107.95020294189453,94.7864990234375,187.3321075439453
272.3962097167969,104.35870361328125,86.75800323486328,191.8112030029297
265.8041076660156,109.7302017211914,89.56590270996094,190.2845001220703
262.1524963378906,108.26020050048828,83.3740005493164,188.62820434570312
253.99879455566406,100.91940307617188,79.00150299072266,204.85049438476562
255.24609375,103.1626968383789,69.83519744873047,191.75210571289062
250.69569396972656,103.93820190429688,68.19059753417969,187.84100341796875
242.59869384765625,99.67109680175781,70.3666000366211,189.11180114746094
233.52310180664062,106.09809875488281,77.63860321044922,183.10499572753906
222.02310180664062,103.41570281982422,88.03829956054688,182.87469482421875
213.57969665527344,103.25650024414062,104.98509979248047,177.00379943847656
220.0012969970703,99.14070129394531,131.2541046142578,176.84320068359375
221.75489807128906,101.59970092773438,107.34400177001953,184.9709930419922
228.5950927734375,99.73040008544922,83.26820373535156,182.18679809570312
235.45770263671875,105.56520080566406,80.64080047607422,177.83920288085938
245.22109985351562,106.6426010131836,70.02459716796875,175.66650390625
249.014404296875,108.98639678955078,69.70240020751953,167.6829071044922
247.46539306640625,109.73650360107422,65.6041030883789,167.85809326171875
251.3957061767578,109.470703125,58.70800018310547,165.33290100097656
246.82620239257812,113.28910064697266,65.94750213623047,161.70779418945312
247.72329711914062,109.31410217285156,69.17019653320312,166.64959716796875
250.39559936523438,112.24030303955078,72.61540222167969,170.87939453125
249.95140075683594,107.60340118408203,76.01789855957031,181.0594024658203
255.1237030029297,112.41439819335938,69.78620147705078,198.7270050048828
246.91610717773438,109.36630249023438,79.47550201416016,173.5388946533203
247.53439331054688,91.52670288085938,84.84210205078125,193.21839904785156
261.21209716796875,113.70030212402344,68.35140228271484,185.87869262695312
256.8164978027344,116.86859893798828,61.317100524902344,185.5814971923828
254.5717010498047,116.74099731445312,67.2156982421875,184.22439575195312
251.13189697265625,116.80690002441406,75.17130279541016,179.81149291992188
248.33859252929688,113.60870361328125,71.46109771728516,187.09109497070312
242.69180297851562,112.40010070800781,76.94319915771484,188.33200073242188
236.077392578125,109.74299621582031,87.31749725341797,196.11109924316406
234.66700744628906,113.1604995727539,89.80370330810547,190.13380432128906
229.59719848632812,110.7343978881836,94.8729019165039,193.89219665527344
229.78469848632812,106.881103515625,97.62200164794922,193.5570068359375
233.67559814453125,109.46549987792969,108.39230346679688,188.45379638671875
240.04649353027344,113.48870086669922,96.57319641113281,191.29580688476562
247.9084930419922,117.48889923095703,112.2385025024414,184.91749572753906
251.2613983154297,113.33429718017578,96.9384994506836,201.78329467773438
261.93939208984375,105.38390350341797,88.39409637451172,216.50210571289062
271.6108093261719,96.00990295410156,71.27149963378906,217.2819061279297
277.41650390625,98.62429809570312,65.5448989868164,209.34640502929688
283.94659423828125,95.3552017211914,73.18250274658203,200.66729736328125
290.9390869140625,81.83460235595703,68.78060150146484,216.48129272460938
293.38299560546875,86.59239959716797,66.04229736328125,198.306396484375
297.5444030761719,80.02320098876953,68.3947982788086,212.4832000732422
296.214599609375,86.89299774169922,68.89739990234375,205.30979919433594
296.3183898925781,82.99150085449219,73.6427993774414,203.089599609375
295.7251892089844,77.76529693603516,72.04850006103516,209.84890747070312
294.15869140625,84.12660217285156,71.20780181884766,207.39639282226562
293.389892578125,88.53369903564453,69.02040100097656,207.06930541992188
295.4831848144531,86.5969009399414,63.63840103149414,206.5800018310547
290.07080078125,91.35479736328125,65.4552993774414,195.57789611816406
278.87451171875,82.95210266113281,78.18949890136719,205.6844024658203
271.9754943847656,83.46749877929688,76.84269714355469,219.15570068359375
268.955810546875,82.14450073242188,85.66419982910156,214.4403076171875
259.6160888671875,67.56919860839844,91.7322006225586,217.07269287109375
250.73109436035156,84.268798828125,96.83399963378906,197.71080017089844
252.04400634765625,85.17890167236328,91.45670318603516,202.2729034423828
245.1804962158203,102.3427963256836,82.34619903564453,180.92449951171875
241.9987030029297,104.57929992675781,77.62950134277344,175.06640625
243.71580505371094,111.39140319824219,63.91400146484375,181.9062042236328
237.98280334472656,101.78070068359375,69.595703125,201.38929748535156
240.03160095214844,112.6261978149414,64.1802978515625,189.8704071044922
240.53970336914062,102.4937973022461,66.47100067138672,209.57260131835938
246.60220336914062,113.55169677734375,58.314701080322266,187.947998046875
248.43609619140625,108.0647964477539,54.100101470947266,196.72129821777344
247.30409240722656,98.87909698486328,57.440399169921875,213.14390563964844
247.8769989013672,108.41670227050781,56.017398834228516,197.3715057373047
245.94140625,103.33769989013672,66.61900329589844,202.0742950439453
245.1295928955078,111.18270111083984,62.97269821166992,206.00680541992188
245.1746063232422,109.12419891357422,67.01809692382812,203.89849853515625
244.66990661621094,107.79139709472656,74.32009887695312,208.36729431152344
246.27549743652344,112.0177993774414,58.56629943847656,205.4250946044922
245.8509979248047,105.3281021118164,58.46580123901367,210.87939453125
242.302001953125,98.81600189208984,58.8921012878418,200.8997039794922
245.1636962890625,106.17970275878906,55.617801666259766,206.10989379882812
242.9674072265625,106.41059875488281,59.925201416015625,203.72279357910156
243.53810119628906,108.41100311279297,62.7400016784668,206.58639526367188
242.17050170898438,112.35469818115234,61.40639877319336,199.46470642089844
240.914306640625,93.46869659423828,60.92340087890625,222.13330078125
246.218505859375,111.47769927978516,64.94889831542969,205.12890625
237.0989990234375,122.10060119628906,72.2968978881836,197.81820678710938
245.9051971435547,120.82460021972656,73.00060272216797,204.2053985595703
242.66400146484375,123.83979797363281,74.34210205078125,203.6405029296875
248.98719787597656,128.8231964111328,78.92259979248047,205.0731964111328
252.12860107421875,128.4051055908203,73.54229736328125,193.36929321289062
246.23109436035156,123.27249908447266,82.7134017944336,195.64830017089844
241.24710083007812,119.46890258789062,82.0531005859375,209.50779724121094
240.38819885253906,127.55120086669922,80.0177993774414,199.59860229492188
234.91209411621094,129.51010131835938,74.97119903564453,187.36109924316406
226.57350158691406,126.14779663085938,76.9312973022461,196.40499877929688
227.7803955078125,128.53489685058594,62.172401428222656,194.84779357910156
224.7429962158203,120.52940368652344,63.95560073852539,192.64480590820312
214.2333984375,107.11139678955078,79.81649780273438,148.85260009765625
210.9969024658203,117.71260070800781,68.39550018310547,164.17539978027344
202.73240661621094,114.02539825439453,68.45870208740234,146.30650329589844
198.22300720214844,111.13600158691406,64.71839904785156,149.56590270996094
189.50729370117188,110.6072998046875,66.37830352783203,147.52540588378906
183.50689697265625,108.54209899902344,69.25019836425781,144.58819580078125
177.481201171875,105.6686019897461,71.22019958496094,153.15440368652344
177.44729614257812,103.38030242919922,71.63790130615234,160.78089904785156
173.8406982421875,99.47709655761719,79.2427978515625,173.7386016845703
182.53880310058594,101.12169647216797,67.94029998779297,181.4853973388672
191.58970642089844,89.18219757080078,58.9276008605957,195.05520629882812
203.0196075439453,89.44309997558594,56.813201904296875,208.90679931640625
215.023193359375,74.69830322265625,45.793800354003906,202.19940185546875
223.8531951904297,57.509300231933594,51.77199935913086,239.6750030517578
228.94580078125,74.49870300292969,59.685001373291016,206.1479949951172
231.7458953857422,68.39820098876953,70.90840148925781,211.23460388183594
231.60890197753906,51.54069900512695,94.98539733886719,214.81219482421875
237.63470458984375,56.398101806640625,95.38369750976562,214.07980346679688
245.19039916992188,48.003299713134766,100.2957992553711,223.64019775390625
250.69549560546875,63.83369827270508,100.03410339355469,209.14349365234375
247.01730346679688,75.00569915771484,109.76429748535156,188.67770385742188
247.6782989501953,53.200401306152344,105.243896484375,212.9084930419922
255.86050415039062,75.39640045166016,89.27169799804688,191.1656036376953
249.406494140625,52.890899658203125,97.37889862060547,206.27040100097656
263.6181945800781,71.96399688720703,85.47879791259766,197.3217010498047
256.8403015136719,70.08049774169922,90.2385025024414,198.7028045654297
254.33270263671875,83.87680053710938,94.24829864501953,174.5341033935547
256.0585021972656,74.55380249023438,93.09120178222656,191.0081024169922
255.18780517578125,96.65740203857422,94.47789764404297,157.97439575195312
254.03660583496094,96.8821029663086,95.2113037109375,162.92080688476562
249.38009643554688,63.98630142211914,98.39990234375,192.5330047607422
245.7303009033203,107.26909637451172,107.2301025390625,153.48660278320312
253.23289489746094,118.41280364990234,89.64939880371094,142.58450317382812
250.25869750976562,129.23629760742188,102.12999725341797,137.53770446777344
254.18040466308594,132.82899475097656,89.52230072021484,143.66200256347656
259.4139099121094,138.04049682617188,87.95829772949219,130.2677001953125
288.51409912109375,98.63050079345703,64.84819793701172,163.1602020263672
290.9739074707031,98.56060028076172,63.5968017578125,168.99859619140625
299.70098876953125,94.50789642333984,59.19369888305664,184.0753936767578
305.66619873046875,93.78780364990234,64.78170013427734,191.6221923828125
310.84991455078125,87.32330322265625,75.77230072021484,196.8719940185547
314.0285949707031,83.7040023803711,73.80139923095703,196.46409606933594
321.3511047363281,77.26200103759766,72.62069702148438,214.0570068359375
323.331298828125,79.86940002441406,68.81410217285156,202.71409606933594
329.44219970703125,81.84510040283203,67.65750122070312,211.2335968017578
330.3034973144531,81.69670104980469,61.09980010986328,207.50169372558594
319.23419189453125,82.98739624023438,71.57759857177734,215.54730224609375
311.8772888183594,82.61139678955078,78.82720184326172,212.80760192871094
306.9335021972656,81.88150024414062,87.39099884033203,209.92959594726562
308.7090148925781,83.09880065917969,75.92019653320312,211.5885009765625
301.28350830078125,81.54519653320312,85.55879974365234,210.73089599609375
287.1982116699219,77.30470275878906,93.65869903564453,211.19349670410156
273.9906921386719,62.94329833984375,95.46430206298828,233.74879455566406
274.5473937988281,92.40979766845703,91.16169738769531,209.46530151367188
270.5320129394531,97.45760345458984,91.76319885253906,214.72909545898438
272.9952087402344,92.96710205078125,93.70899963378906,214.79359436035156
266.9978942871094,98.0813980102539,93.05719757080078,204.86129760742188
259.60308837890625,104.68049621582031,93.93990325927734,199.6331024169922
257.5201110839844,108.69930267333984,90.2593994140625,181.6667022705078
261.77490234375,104.21060180664062,91.18699645996094,192.6894073486328
261.43890380859375,107.97129821777344,89.63849639892578,188.34779357910156
261.75439453125,103.8727035522461,92.39859771728516,191.8083953857422
265.2110900878906,106.55239868164062,85.77519989013672,189.15480041503906
295.8841857910156,105.57039642333984,84.33360290527344,188.19749450683594
288.0201110839844,110.9791030883789,85.3447036743164,183.73880004882812
288.1476135253906,115.30560302734375,79.42259979248047,179.3780059814453
293.440185546875,112.48650360107422,80.55729675292969,181.56900024414062
291.52301025390625,110.82640075683594,97.97799682617188,183.09910583496094
288.3197021484375,113.20549774169922,101.9813003540039,184.2509002685547
295.3075866699219,113.55619812011719,102.57649993896484,189.41050720214844
298.4338073730469,116.28829956054688,101.25160217285156,188.99949645996094
297.8370056152344,108.48970031738281,104.34960174560547,198.63490295410156
300.1795959472656,111.92970275878906,101.05750274658203,194.59710693359375
302.6514892578125,123.9469985961914,90.85469818115234,183.1820068359375
289.6763000488281,117.77780151367188,94.37359619140625,193.34719848632812
285.5466003417969,119.55149841308594,84.16120147705078,181.78419494628906
274.48150634765625,110.73419952392578,83.45700073242188,192.6678924560547
258.8363952636719,107.37660217285156,87.24960327148438,207.84469604492188
245.43850708007812,75.10079956054688,96.16380310058594,233.89939880371094
225.00799560546875,111.9386978149414,110.70240020751953,189.10780334472656
209.46510314941406,115.80549621582031,116.44930267333984,175.92970275878906
203.20660400390625,80.01180267333984,132.5988006591797,191.1284942626953
190.33169555664062,86.20449829101562,151.2095947265625,179.63580322265625
180.18850708007812,71.86270141601562,165.0126953125,188.42559814453125
182.5749053955078,49.584598541259766,160.527099609375,220.8917999267578
192.13760375976562,69.33489990234375,140.2230987548828,188.84539794921875
200.2781982421875,56.270301818847656,136.1374053955078,226.22129821777344
214.67649841308594,75.125,115.60990142822266,204.31829833984375
224.2678985595703,111.0333023071289,88.06230163574219,188.62950134277344
246.2425994873047,113.70800018310547,73.16179656982422,192.58360290527344
248.12330627441406,110.12429809570312,86.33799743652344,148.8249053955078
248.1822967529297,105.25250244140625,95.49430084228516,135.352294921875
251.4799041748047,116.9446029663086,143.62010192871094,145.6309051513672
263.11480712890625,114.31670379638672,182.13169860839844,131.7718048095703
264.1925964355469,117.13050079345703,175.31390380859375,110.57659912109375
282.4150085449219,125.69550323486328,120.02680206298828,78.02960205078125
277.96820068359375,132.13609313964844,189.218994140625,76.22319793701172
287.0552978515625,144.00399780273438,179.5991973876953,74.35440063476562
281.6571044921875,139.1417999267578,168.83509826660156,85.53669738769531
280.92291259765625,133.02310180664062,170.12789916992188,101.64520263671875
277.0697021484375,134.35670471191406,170.2335968017578,110.93489837646484
273.2348937988281,140.00489807128906,166.43499755859375,105.19730377197266
268.52880859375,144.02940368652344,160.30079650878906,106.30500030517578
263.47900390625,147.10150146484375,157.70809936523438,95.92160034179688
280.75518798828125,149.46240234375,129.2187042236328,98.14430236816406
289.7654113769531,148.03880310058594,114.64610290527344,91.03309631347656
263.23388671875,149.93429565429688,115.81199645996094,98.3687973022461
264.9209899902344,151.77850341796875,131.2738037109375,99.40540313720703
272.3583068847656,152.21319580078125,123.09559631347656,91.18779754638672
284.51959228515625,155.83819580078125,110.4386978149414,83.87239837646484
297.6144104003906,159.6248016357422,99.62079620361328,67.87779998779297
302.727294921875,153.55670166015625,93.05439758300781,70.6322021484375
273.2320861816406,163.8668975830078,117.25309753417969,86.720703125
299.0798034667969,151.80880737304688,97.4446029663086,75.0093994140625
271.1390075683594,163.9261932373047,120.45459747314453,85.88390350341797
286.6758117675781,162.00379943847656,105.3313980102539,77.94390106201172
284.45941162109375,166.1555938720703,110.08910369873047,69.67109680175781
259.79620361328125,163.5966033935547,128.93890380859375,77.60310363769531
270.8091125488281,165.58360290527344,122.57350158691406,76.50370025634766
289.88580322265625,165.9031982421875,105.01260375976562,66.67430114746094
298.73388671875,169.8262939453125,93.89540100097656,65.38610076904297
272.38909912109375,164.6053009033203,122.86620330810547,70.9917984008789
293.3197937011719,171.4033966064453,97.85559844970703,63.900901794433594
300.29058837890625,171.03089904785156,89.73560333251953,63.61629867553711
300.6935119628906,171.12449645996094,88.56060028076172,61.5442008972168
301.0508117675781,171.30270385742188,88.92350006103516,62.363399505615234
301.6275939941406,173.5511016845703,85.62359619140625,61.9369010925293
301.5089111328125,171.779296875,77.15789794921875,65.13929748535156
299.9920959472656,171.92849731445312,68.98380279541016,65.122802734375
245.1136932373047,172.4407958984375,115.21099853515625,75.93340301513672
260.0209045410156,170.9178924560547,101.54609680175781,76.26490020751953
262.22869873046875,172.50950622558594,99.13410186767578,76.5166015625
265.6094055175781,174.08639526367188,94.03970336914062,75.92849731445312
261.5718994140625,174.84219360351562,101.21060180664062,76.0614013671875
265.00518798828125,172.58090209960938,93.8125,77.5416030883789
264.6518859863281,172.27540588378906,93.11730194091797,81.64600372314453
264.73748779296875,174.1403045654297,93.99729919433594,78.1780014038086
267.527099609375,176.33949279785156,88.93789672851562,74.61689758300781
259.5668029785156,174.1925048828125,98.65139770507812,82.77529907226562
271.5621032714844,174.602294921875,80.82649993896484,82.14710235595703
273.49139404296875,174.2198028564453,73.54669952392578,86.66670227050781
266.1601867675781,176.9008026123047,87.75090026855469,85.0291976928711
264.7832946777344,179.54110717773438,99.86900329589844,85.10880279541016
255.93539428710938,182.75379943847656,99.46189880371094,79.55619812011719
262.3494873046875,183.10000610351562,75.81529998779297,74.38240051269531
263.2522888183594,187.02850341796875,115.61830139160156,72.82260131835938
258.7449035644531,189.24569702148438,121.43309783935547,72.45050048828125
248.63780212402344,185.80630493164062,135.77130126953125,70.71440124511719
254.88490295410156,185.67210388183594,125.52790069580078,70.372802734375
247.39230346679688,185.45620727539062,134.49229431152344,68.72650146484375
244.79310607910156,184.0883026123047,122.70189666748047,72.3488998413086
253.2716064453125,183.3511962890625,122.73909759521484,72.35769653320312
257.20361328125,184.19859313964844,116.69029998779297,71.26789855957031
227.08079528808594,182.92120361328125,148.793701171875,73.45269775390625
254.68890380859375,183.33070373535156,119.2239990234375,71.14869689941406
247.82200622558594,185.17539978027344,129.42080688476562,74.23310089111328
256.75421142578125,187.18789672851562,117.28179931640625,69.5552978515625
256.88861083984375,185.264404296875,120.10820007324219,75.50749969482422
260.380615234375,185.9595947265625,117.09829711914062,73.62969970703125
257.95941162109375,180.9907989501953,118.19770050048828,77.60299682617188
257.7467956542969,180.42970275878906,110.79959869384766,78.17900085449219
256.059814453125,177.0137939453125,107.54830169677734,79.90519714355469
254.0048065185547,175.66419982910156,101.07610321044922,81.8593978881836
252.2362060546875,171.5771026611328,97.5374984741211,84.04499816894531
251.0290985107422,176.3878936767578,100.18810272216797,81.93579864501953
249.57550048828125,169.13699340820312,96.00669860839844,90.69329833984375
242.72259521484375,175.02420043945312,111.7843017578125,84.8832015991211
237.02200317382812,177.80409240722656,112.14350128173828,86.23989868164062
240.03529357910156,181.56320190429688,103.55789947509766,83.84220123291016
235.8123016357422,185.3824005126953,109.89800262451172,80.52780151367188
239.8220977783203,187.85910034179688,104.32630157470703,79.52950286865234
236.147705078125,185.658203125,112.30909729003906,80.47850036621094
243.59800720214844,187.50990295410156,98.47160339355469,80.9926986694336
238.96670532226562,187.052001953125,103.00559997558594,77.49310302734375
232.45809936523438,184.94830322265625,113.14949798583984,83.73600006103516
247.13299560546875,183.7209014892578,97.59739685058594,84.0156021118164
239.30369567871094,186.8383026123047,101.61849975585938,81.78829956054688
243.9821014404297,185.72760009765625,99.26950073242188,83.8218994140625
249.60470581054688,185.9517059326172,91.44000244140625,81.1488037109375
246.31500244140625,185.1562957763672,96.33820343017578,83.54190063476562
249.3029022216797,186.8314971923828,93.73739624023438,84.49949645996094
252.24749755859375,188.8502960205078,92.6343002319336,85.82659912109375
251.43190002441406,192.80670166015625,92.5947036743164,81.86299896240234
250.78109741210938,192.25830078125,90.74639892578125,83.8488998413086
250.13490295410156,193.38429260253906,93.3302001953125,86.86419677734375
251.7281951904297,194.1916961669922,97.96379852294922,88.74639892578125
255.02810668945312,197.2554931640625,94.08989715576172,81.24359893798828
261.78289794921875,195.5919952392578,97.81770324707031,91.33399963378906
266.69000244140625,196.52920532226562,98.14720153808594,85.44149780273438
263.6658020019531,194.72569274902344,105.34519958496094,87.1781997680664
274.3299865722656,194.61720275878906,97.82659912109375,87.28079986572266
291.5863037109375,193.2696075439453,88.88400268554688,89.34030151367188
289.9643859863281,193.0511932373047,89.88569641113281,91.8738021850586
287.9341125488281,190.91610717773438,103.306396484375,90.97869873046875
300.6462097167969,186.63949584960938,96.8573989868164,97.39240264892578
323.43798828125,189.3612060546875,69.91639709472656,98.26719665527344
327.118408203125,189.92959594726562,66.85430145263672,96.54519653320312
334.8872985839844,189.3188934326172,60.47330093383789,98.05400085449219
330.70001220703125,191.41079711914062,62.25849914550781,96.64710235595703
332.4635925292969,191.55340576171875,66.41419982910156,92.54650115966797
318.8276062011719,188.61520385742188,81.97429656982422,88.331298828125
326.01031494140625,188.34869384765625,74.58670043945312,84.58920288085938
321.0187072753906,186.95089721679688,81.57820129394531,84.25749969482422
314.5895080566406,189.07449340820312,88.04499816894531,79.81719970703125
313.2897033691406,188.9281005859375,87.39009857177734,77.95590209960938
309.1300048828125,193.35350036621094,92.78630065917969,70.73829650878906
304.6517028808594,193.38839721679688,93.06269836425781,68.4916000366211
301.69879150390625,193.78590393066406,93.4186019897461,66.9572982788086
297.9325866699219,194.38119506835938,94.16670227050781,65.82039642333984
296.5686950683594,198.7635040283203,94.80020141601562,63.029998779296875
297.5577087402344,207.31260681152344,93.36920166015625,58.30459976196289
299.5751953125,209.55599975585938,95.77230072021484,59.99980163574219
300.1084899902344,210.5363006591797,94.568603515625,58.782100677490234
294.3124084472656,215.11509704589844,94.46240234375,53.39979934692383
287.4306945800781,213.66749572753906,94.9968032836914,57.629798889160156
283.9023132324219,212.752197265625,92.3573989868164,58.0010986328125
280.7842102050781,206.49000549316406,90.19429779052734,56.08879852294922
281.45098876953125,205.87649536132812,86.65029907226562,53.97010040283203
281.3992004394531,200.86669921875,81.14469909667969,53.11669921875
282.4366149902344,195.78909301757812,83.9937973022461,56.35219955444336
283.20550537109375,192.21420288085938,80.24870300292969,51.578800201416016
282.2903137207031,181.92100524902344,81.45590209960938,56.54629898071289
282.39410400390625,179.2819061279297,78.52690124511719,47.29059982299805
268.0411071777344,169.3563995361328,95.70040130615234,51.33940124511719
279.3605041503906,163.09649658203125,80.71109771728516,49.47380065917969
281.0942077636719,155.8280029296875,75.05290222167969,48.699798583984375
281.1502990722656,150.49600219726562,75.9729995727539,48.33330154418945
282.6238098144531,146.38619995117188,74.61969757080078,46.67210006713867
284.0495910644531,139.5019989013672,75.0979995727539,48.224300384521484
287.1877136230469,136.83709716796875,73.72250366210938,45.39699935913086
287.91259765625,131.67820739746094,70.94080352783203,46.5276985168457
288.0212097167969,129.1298065185547,73.13600158691406,45.42940139770508
287.8641052246094,126.45719909667969,66.6843032836914,45.21189880371094
284.91558837890625,124.0022964477539,72.5376968383789,45.150001525878906
284.3893127441406,122.09140014648438,65.30760192871094,45.8745002746582
280.1131896972656,119.55159759521484,69.83409881591797,47.064998626708984
279.3597106933594,119.94170379638672,67.63259887695312,45.657100677490234
278.2315979003906,117.27549743652344,66.66519927978516,47.93220138549805
276.2203063964844,116.08709716796875,69.4542007446289,48.21910095214844
275.989501953125,115.56400299072266,68.96749877929688,49.01219940185547
273.252685546875,113.94029998779297,75.74510192871094,50.74760055541992
273.68170166015625,115.21600341796875,70.41940307617188,52.40729904174805
271.9267883300781,117.75350189208984,72.8488998413086,54.67449951171875
271.83758544921875,120.86430358886719,69.67669677734375,57.76599884033203
269.9414978027344,126.28209686279297,71.3156967163086,58.586299896240234
270.79559326171875,131.67300415039062,70.59439849853516,61.83000183105469
267.408203125,137.9644012451172,77.13610076904297,62.777400970458984
268.156494140625,141.2407989501953,82.1229019165039,64.38069915771484
267.8893127441406,144.07569885253906,84.68579864501953,68.0698013305664
269.531494140625,149.3123016357422,86.3052978515625,69.62680053710938
269.5519104003906,155.12730407714844,80.29239654541016,69.67489624023438
267.0621032714844,158.8291015625,83.81770324707031,71.4917984008789
267.0567932128906,161.4040069580078,84.3406982421875,71.03730010986328
267.03448486328125,163.07080078125,86.47129821777344,73.0198974609375
265.4773864746094,163.22689819335938,90.50509643554688,77.40299987792969
265.1776123046875,162.89639282226562,95.00409698486328,80.56449890136719
263.14788818359375,168.59280395507812,99.27510070800781,77.00039672851562
269.03448486328125,168.1508026123047,93.60030364990234,82.54840087890625
268.6632995605469,165.75399780273438,95.34239959716797,87.53209686279297
274.5813903808594,169.1439971923828,94.27010345458984,83.44879913330078
280.4690856933594,169.2165069580078,88.7083969116211,85.92369842529297
281.662109375,169.1428985595703,88.31390380859375,89.2782974243164
283.3280029296875,174.27769470214844,88.35399627685547,82.13459777832031
285.91180419921875,173.49609375,88.51460266113281,82.73169708251953
286.885986328125,174.73789978027344,85.23979949951172,78.5156021118164
287.63531494140625,173.42640686035156,86.86039733886719,77.89360046386719
288.4761962890625,171.06419372558594,87.99099731445312,75.10859680175781
289.93218994140625,167.44760131835938,86.89710235595703,72.52519989013672
292.70458984375,160.20889282226562,81.3864974975586,75.55549621582031
290.54559326171875,158.4355926513672,83.24469757080078,70.73169708251953
290.247314453125,158.24769592285156,84.35209655761719,69.46029663085938
288.35528564453125,153.78860473632812,83.71980285644531,69.11509704589844
284.7591857910156,147.8153076171875,87.46060180664062,73.17019653320312
284.380615234375,148.91929626464844,80.8572998046875,68.9375
282.0350036621094,143.20860290527344,82.69619750976562,72.4646987915039
278.5024108886719,137.35169982910156,79.75499725341797,65.79109954833984
273.4732971191406,130.0157928466797,79.13369750976562,61.2760009765625
262.6980895996094,115.1323013305664,79.8989028930664,62.369598388671875
265.3544921875,105.93489837646484,67.53829956054688,55.08290100097656
251.9477996826172,95.89119720458984,75.76529693603516,53.98789978027344
256.1571960449219,84.80390167236328,66.41560363769531,53.344600677490234
248.81820678710938,73.27459716796875,67.0114974975586,55.69179916381836
246.34930419921875,67.87100219726562,64.54290008544922,50.303001403808594
242.5070037841797,63.89979934692383,63.367698669433594,49.110599517822266
238.0780029296875,57.95009994506836,60.56639862060547,51.875
