1
37.64950180053711,141.50660705566406,172.04159545898438,40.84410095214844
37.57740020751953,142.26519775390625,173.35659790039062,43.80379867553711
37.252899169921875,144.37730407714844,169.54159545898438,38.41510009765625
37.3307991027832,145.17959594726562,169.10069274902344,42.8739013671875
37.60960006713867,147.17269897460938,172.0178985595703,40.977298736572266
36.81589889526367,148.1237030029297,173.16329956054688,41.56060028076172
37.442901611328125,148.8468017578125,174.30419921875,43.83570098876953
36.5807991027832,149.8730010986328,175.9268035888672,44.41379928588867
36.35279846191406,150.47250366210938,176.73779296875,47.8302001953125
36.45719909667969,151.54620361328125,175.08990478515625,47.86579895019531
36.89310073852539,150.17709350585938,174.76519775390625,49.487098693847656
38.83060073852539,149.21730041503906,173.5709991455078,50.82699966430664
38.709598541259766,148.7178955078125,174.69149780273438,50.38290023803711
39.94960021972656,148.86410522460938,173.6215057373047,53.6234016418457
39.67539978027344,148.52569580078125,169.87429809570312,45.43830108642578
38.930301666259766,149.0823974609375,169.9857940673828,45.735599517822266
40.29759979248047,148.87319946289062,169.13650512695312,47.02190017700195
40.01340103149414,148.07159423828125,160.54640197753906,42.045501708984375
38.42190170288086,146.12010192871094,168.90530395507812,45.67340087890625
38.10710144042969,146.9281005859375,168.5540008544922,42.43320083618164
37.042999267578125,146.02699279785156,165.25819396972656,40.67850112915039
34.94129943847656,146.0408935546875,168.2299041748047,41.11360168457031
33.633399963378906,145.55630493164062,167.6645050048828,39.69350051879883
32.442501068115234,143.7032012939453,165.8842010498047,39.94919967651367
31.306800842285156,143.6051025390625,165.59779357910156,39.00400161743164
29.713300704956055,143.47470092773438,160.82839965820312,38.16600036621094
27.274599075317383,142.57589721679688,163.34280395507812,37.32099914550781
25.476200103759766,142.6038055419922,164.22129821777344,37.08290100097656
24.18560028076172,143.26829528808594,161.0926971435547,36.5526008605957
21.84119987487793,144.414794921875,159.10740661621094,34.37030029296875
19.380399703979492,143.53109741210938,165.0897979736328,34.59090042114258
18.195199966430664,143.6925048828125,159.1800994873047,34.47719955444336
15.924599647521973,142.781494140625,158.20159912109375,34.462398529052734
14.0024995803833,141.8332061767578,160.42630004882812,33.86819839477539
13.30270004272461,141.35609436035156,159.63380432128906,33.714298248291016
11.939000129699707,140.18519592285156,155.79859924316406,33.403900146484375
9.660699844360352,139.21839904785156,156.92990112304688,32.88290023803711
9.678099632263184,136.2008056640625,153.8961944580078,34.484798431396484
7.287099838256836,136.4604949951172,154.18719482421875,33.806400299072266
5.293600082397461,134.0886993408203,155.34060668945312,34.52289962768555
5.283699989318848,134.9149932861328,153.1584930419922,32.90679931640625
2.475800037384033,133.597900390625,157.4355010986328,35.45130157470703
0.32839998602867126,130.4593048095703,154.90199279785156,35.98189926147461
0.0,131.30859375,157.58200073242188,35.818199157714844
0.0,128.76690673828125,152.99940490722656,35.76750183105469
0.0,129.9239044189453,148.78829956054688,35.206199645996094
0.0,127.03359985351562,149.22109985351562,36.97890090942383
0.0,129.8159942626953,140.2989959716797,38.36709976196289
0.0,128.74940490722656,137.32420349121094,35.512901306152344
0.0,131.0583038330078,132.03419494628906,36.22949981689453
0.0,129.49349975585938,122.22589874267578,34.09339904785156
0.0,131.73609924316406,123.90339660644531,39.777801513671875
0.0,133.71409606933594,115.1968994140625,34.05870056152344
0.0,135.89779663085938,102.9010009765625,32.50210189819336
0.0,138.3831024169922,106.95120239257812,35.88600158691406
0.0,141.69760131835938,100.42369842529297,31.26799964904785
0.0,141.16090393066406,96.30699920654297,36.76169967651367
0.0,144.9799041748047,92.58390045166016,31.704500198364258
0.0,146.2301025390625,88.40059661865234,32.687400817871094
0.0,144.23219299316406,85.92990112304688,37.674598693847656
0.0,148.9904022216797,81.59809875488281,35.40950012207031
0.0,147.7008056640625,80.67890167236328,36.98970031738281
0.0,149.60989379882812,79.60910034179688,36.761600494384766
0.0,150.71600341796875,81.35530090332031,37.4297981262207
0.0,150.54449462890625,82.63269805908203,38.87770080566406
0.0,152.7637939453125,82.70760345458984,36.98400115966797
0.0,153.63600158691406,84.04740142822266,37.03030014038086
0.0,154.19149780273438,84.33360290527344,37.34389877319336
0.0,155.49569702148438,83.63619995117188,37.42620086669922
0.0,154.1269989013672,87.74669647216797,37.4474983215332
0.0,154.84320068359375,88.20980072021484,38.15629959106445
0.0,155.08709716796875,91.3301010131836,34.744300842285156
0.0,155.75889587402344,92.54229736328125,34.78559875488281
0.0,154.56979370117188,92.49749755859375,33.35309982299805
0.0,154.44610595703125,93.1852035522461,36.467098236083984
0.0,153.49240112304688,93.9386978149414,40.819698333740234
0.0,152.61700439453125,94.39510345458984,41.170501708984375
0.0,153.0155029296875,94.82980346679688,38.367000579833984
0.0,152.53109741210938,96.2177963256836,42.19820022583008
0.0,151.1378936767578,95.05619812011719,43.89670181274414
0.0,149.90390014648438,96.09230041503906,42.547698974609375
0.0,149.75869750976562,96.2029037475586,46.40340042114258
0.0,147.46389770507812,96.1572036743164,49.14139938354492
0.0,145.39370727539062,98.25250244140625,52.229000091552734
0.0,143.45199584960938,99.2238998413086,55.96120071411133
0.0,142.91160583496094,100.06990051269531,59.20790100097656
0.0,140.4429931640625,101.88700103759766,60.785099029541016
0.266400009393692,136.8560028076172,102.67579650878906,65.90779876708984
0.0,134.6112060546875,98.07649993896484,69.08190155029297
0.0,134.15679931640625,99.67520141601562,67.86160278320312
0.0,133.13560485839844,103.14920043945312,69.52359771728516
0.06379999965429306,128.23280334472656,99.8595962524414,72.91919708251953
0.0,129.79530334472656,104.13140106201172,73.53060150146484
0.0,121.50340270996094,100.66419982910156,81.02999877929688
0.0,121.0479965209961,100.92060089111328,78.46959686279297
0.4327000081539154,115.74960327148438,103.59819793701172,91.78170013427734
0.0,114.42320251464844,104.69270324707031,88.48880004882812
0.0,108.86609649658203,104.52559661865234,95.31089782714844
0.0,108.48629760742188,104.09369659423828,94.31839752197266
0.0,107.95010375976562,104.14689636230469,91.36180114746094
0.0,108.47419738769531,105.30799865722656,91.83509826660156
0.0,109.4977035522461,112.21489715576172,96.43229675292969
0.0,108.2040023803711,108.10350036621094,84.9457015991211
0.0,110.4666976928711,120.49009704589844,89.39430236816406
0.0,110.01260375976562,115.31269836425781,88.94850158691406
0.0,112.45970153808594,123.15840148925781,87.14739990234375
0.0,111.18710327148438,122.53610229492188,85.45079803466797
0.0,112.01239776611328,127.57610321044922,83.18049621582031
0.7139000296592712,112.79399871826172,126.31549835205078,85.85569763183594
1.5033999681472778,113.70269775390625,132.99769592285156,81.4884033203125
2.1782000064849854,113.29429626464844,135.27679443359375,81.8927001953125
7.30649995803833,114.76920318603516,132.9407958984375,85.66539764404297
10.659299850463867,114.90579986572266,133.32260131835938,82.71980285644531
12.998000144958496,114.2072982788086,134.068603515625,83.54810333251953
17.914199829101562,113.92790222167969,134.54690551757812,82.03700256347656
22.26219940185547,113.16390228271484,134.81719970703125,82.8646011352539
27.82990074157715,113.56999969482422,134.8074951171875,84.5447006225586
32.484100341796875,113.2511978149414,132.63380432128906,83.11630249023438
36.67599868774414,113.47660064697266,133.0355987548828,80.95269775390625
41.928001403808594,112.79750061035156,131.9591064453125,81.885498046875
45.63600158691406,111.76899719238281,132.00840759277344,82.19280242919922
50.18470001220703,112.34329986572266,132.63470458984375,82.2238998413086
54.03879928588867,110.84459686279297,127.93229675292969,83.67269897460938
57.93069839477539,110.70480346679688,131.14450073242188,83.09020233154297
61.79439926147461,110.48190307617188,130.70489501953125,82.67350006103516
66.22679901123047,111.03060150146484,131.45779418945312,81.92729949951172
70.01100158691406,109.74400329589844,132.87330627441406,87.02970123291016
73.27940368652344,109.56719970703125,129.3135986328125,85.02760314941406
76.2136001586914,110.05719757080078,131.3206024169922,80.43569946289062
78.95210266113281,110.7238998413086,133.75230407714844,81.277099609375
82.32859802246094,111.09919738769531,130.75050354003906,80.89559936523438
85.87930297851562,109.9041976928711,131.47300720214844,82.66110229492188
88.6261978149414,110.55879974365234,128.798095703125,80.98390197753906
90.77850341796875,109.3427963256836,129.77789306640625,82.60220336914062
94.44650268554688,110.17030334472656,130.02639770507812,83.86759948730469
97.79540252685547,109.19300079345703,125.04049682617188,84.45249938964844
100.27539825439453,109.60820007324219,129.61050415039062,84.6240005493164
101.48370361328125,109.25779724121094,125.16940307617188,84.7311019897461
103.92369842529297,109.61430358886719,128.42779541015625,83.0333023071289
106.77410125732422,109.61599731445312,128.031494140625,85.52359771728516
109.77690124511719,109.70690155029297,128.61749267578125,86.22640228271484
111.30609893798828,107.58290100097656,128.7082061767578,88.21080017089844
113.49639892578125,106.71099853515625,124.15509796142578,93.84390258789062
114.54540252685547,104.87670135498047,122.81089782714844,94.49120330810547
119.18569946289062,101.056396484375,121.31379699707031,98.31600189208984
121.21839904785156,101.09239959716797,112.37909698486328,99.18589782714844
124.02989959716797,99.9760971069336,113.19170379638672,103.77439880371094
126.19550323486328,98.83760070800781,104.19439697265625,102.94760131835938
128.19869995117188,97.29149627685547,103.06749725341797,108.14659881591797
129.73629760742188,94.47799682617188,108.74749755859375,111.83000183105469
130.9322052001953,97.03199768066406,104.02660369873047,112.2218017578125
131.2165985107422,94.9990005493164,106.6626968383789,112.60870361328125
131.2183074951172,92.79519653320312,104.07669830322266,115.65390014648438
132.654296875,92.98909759521484,103.1676025390625,119.53710174560547
133.82550048828125,92.73429870605469,106.28780364990234,121.57779693603516
133.51080322265625,91.59320068359375,105.37049865722656,118.92839813232422
134.53179931640625,89.5469970703125,102.63529968261719,121.34120178222656
137.41839599609375,87.65619659423828,96.66400146484375,119.8218994140625
139.18739318847656,85.77960205078125,92.02490234375,125.06680297851562
141.12890625,88.21990203857422,92.1249008178711,123.07369995117188
142.82589721679688,84.86930084228516,91.68229675292969,122.75740051269531
143.34979248046875,82.76439666748047,90.23519897460938,124.03389739990234
141.87330627441406,81.74909973144531,95.18890380859375,125.19730377197266
139.15879821777344,81.4968032836914,96.76930236816406,127.58260345458984
138.1157989501953,81.970703125,96.85870361328125,123.46810150146484
133.2489013671875,81.6312026977539,102.49259948730469,127.52200317382812
132.50180053710938,82.04969787597656,100.1051025390625,124.89430236816406
130.8092041015625,82.31220245361328,100.11419677734375,122.94219970703125
137.07479858398438,81.89440155029297,92.60179901123047,125.80970001220703
153.77239990234375,81.2770004272461,75.92019653320312,126.9136962890625
156.6605987548828,80.95059967041016,72.7876968383789,124.53359985351562
160.2042999267578,78.70099639892578,67.6229019165039,120.74510192871094
163.4447021484375,78.3595962524414,62.48080062866211,121.74729919433594
166.69790649414062,77.90029907226562,58.79790115356445,122.77739715576172
169.18760681152344,77.560302734375,56.285701751708984,123.29329681396484
167.02090454101562,77.77989959716797,59.665401458740234,125.81320190429688
172.3032989501953,76.55709838867188,51.075401306152344,124.98290252685547
171.806396484375,75.89230346679688,54.10309982299805,130.03759765625
177.34739685058594,75.05059814453125,44.31959915161133,123.67340087890625
179.97349548339844,75.89530181884766,49.65719985961914,128.74740600585938
182.3800048828125,75.50759887695312,43.60110092163086,126.53040313720703
186.7017059326172,74.94490051269531,41.83580017089844,128.32969665527344
185.78759765625,74.80500030517578,40.20989990234375,130.69070434570312
189.1988983154297,74.57839965820312,39.76649856567383,130.87030029296875
189.35479736328125,74.09259796142578,37.59149932861328,129.62449645996094
195.17379760742188,74.16190338134766,32.322898864746094,126.29419708251953
195.58200073242188,74.3853988647461,31.91830062866211,126.8561019897461
197.3972930908203,74.25299835205078,31.173900604248047,127.22669982910156
198.85569763183594,73.84809875488281,30.2189998626709,127.54049682617188
199.55810546875,74.13490295410156,31.596399307250977,129.47450256347656
201.00140380859375,73.95269775390625,32.607601165771484,128.3430938720703
197.57359313964844,74.48650360107422,39.91809844970703,129.6652069091797
201.77569580078125,74.00499725341797,35.958900451660156,128.81849670410156
198.04010009765625,74.29859924316406,43.70050048828125,130.2281951904297
201.9481964111328,75.40859985351562,42.097999572753906,130.25790405273438
200.38999938964844,75.46540069580078,47.34410095214844,130.36270141601562
200.14869689941406,75.3031005859375,47.48109817504883,128.39610290527344
200.55999755859375,75.41909790039062,48.34590148925781,129.72779846191406
200.04519653320312,74.91590118408203,50.19060134887695,128.92869567871094
200.2342987060547,75.37359619140625,50.4651985168457,128.677001953125
200.7209014892578,75.31500244140625,51.01860046386719,129.06480407714844
202.59120178222656,75.4447021484375,49.41379928588867,128.9239044189453
204.02850341796875,74.96019744873047,49.81740188598633,129.86770629882812
206.50250244140625,76.26519775390625,48.27629852294922,128.22300720214844
205.7353057861328,76.2667007446289,51.8202018737793,129.73809814453125
208.2823028564453,77.30180358886719,50.331600189208984,127.47959899902344
207.5435028076172,77.4906997680664,54.32210159301758,129.04559326171875
208.00770568847656,77.22850036621094,56.93149948120117,125.5905990600586
208.71299743652344,79.2739028930664,59.413299560546875,126.96849822998047
204.44369506835938,79.6572036743164,65.25260162353516,126.4718017578125
207.59609985351562,80.127197265625,66.93379974365234,125.77780151367188
201.4084930419922,80.07669830322266,72.78089904785156,126.24019622802734
204.4980926513672,81.21330261230469,72.96730041503906,125.37460327148438
207.5386962890625,81.5885009765625,72.08830261230469,124.5103988647461
206.22230529785156,82.19709777832031,75.27320098876953,124.08460235595703
204.9759979248047,81.54219818115234,80.6968002319336,122.86489868164062
208.54600524902344,82.26110076904297,78.92369842529297,122.37480163574219
209.15780639648438,81.62439727783203,80.93280029296875,121.93460083007812
208.91220092773438,80.4094009399414,82.16670227050781,120.8573989868164
209.9691925048828,80.27420043945312,84.58219909667969,121.63680267333984
206.96800231933594,80.57099914550781,88.51300048828125,120.84850311279297
207.9528045654297,80.94229888916016,90.76110076904297,119.96849822998047
205.6750946044922,81.10690307617188,93.47679901123047,120.00140380859375
204.86940002441406,81.65170288085938,97.3926010131836,120.13079833984375
205.60690307617188,83.00640106201172,96.10009765625,117.41480255126953
205.5142059326172,84.84049987792969,97.83390045166016,117.36669921875
205.5133056640625,86.0020980834961,99.23819732666016,115.09850311279297
200.7303009033203,86.41410064697266,106.31719970703125,114.0696029663086
201.39830017089844,87.39199829101562,107.68840026855469,113.4751968383789
200.9875030517578,88.41390228271484,109.247802734375,112.83110046386719
199.25079345703125,90.75140380859375,113.85430145263672,111.93620300292969
194.7924041748047,93.06749725341797,120.6874008178711,109.79889678955078
198.57809448242188,96.54840087890625,118.84590148925781,105.99929809570312
201.24710083007812,99.02149963378906,116.67960357666016,101.5177001953125
200.4824981689453,101.2197036743164,119.5186996459961,97.91519927978516
202.15980529785156,104.82250213623047,118.77189636230469,95.37200164794922
199.0334014892578,106.77790069580078,124.41780090332031,94.46589660644531
200.25379943847656,110.0614013671875,123.93470001220703,92.64219665527344
202.91650390625,112.47779846191406,121.3905029296875,90.85299682617188
199.2863006591797,116.49569702148438,125.10179901123047,87.60579681396484
203.29910278320312,117.80079650878906,123.4188003540039,86.58159637451172
199.67430114746094,120.13159942626953,126.2208023071289,85.19059753417969
204.7332000732422,122.81109619140625,121.02790069580078,82.44080352783203
200.7646942138672,125.21009826660156,126.44850158691406,82.80359649658203
199.468505859375,126.63420104980469,128.33680725097656,81.11399841308594
199.989501953125,128.49119567871094,128.06500244140625,77.5531997680664
202.7595977783203,130.93899536132812,124.03710174560547,73.9823989868164
205.6968994140625,133.77850341796875,122.54869842529297,71.23190307617188
201.2053985595703,136.71359252929688,129.85989379882812,68.36489868164062
198.90570068359375,139.6072998046875,131.9748992919922,67.31330108642578
199.29409790039062,143.69500732421875,132.4373016357422,64.6167984008789
202.29949951171875,145.5666046142578,130.3592987060547,61.202701568603516
201.57269287109375,148.65769958496094,132.49420166015625,60.66600036621094
202.75070190429688,151.027099609375,132.43780517578125,59.1609001159668
201.42750549316406,154.08729553222656,133.01089477539062,56.93040084838867
205.17539978027344,155.87669372558594,129.8748016357422,54.8390007019043
208.9364013671875,158.70640563964844,125.84480285644531,51.525901794433594
210.24459838867188,160.45880126953125,125.27239990234375,49.399200439453125
208.28790283203125,161.4503936767578,126.935302734375,48.30590057373047
206.5054931640625,162.8896942138672,128.1920928955078,47.076499938964844
208.50689697265625,164.08070373535156,126.37529754638672,46.30390167236328
205.52969360351562,166.77139282226562,128.23199462890625,44.25830078125
207.2698974609375,166.40550231933594,126.35359954833984,44.72869873046875
208.41659545898438,168.68350219726562,125.67130279541016,42.831298828125
208.32229614257812,170.5937957763672,126.40670013427734,41.890201568603516
208.14950561523438,171.78799438476562,125.9906997680664,39.780799865722656
208.11090087890625,173.852294921875,125.74720001220703,38.663299560546875
210.01109313964844,175.9508056640625,123.95169830322266,36.680999755859375
207.3881072998047,177.34860229492188,125.94950103759766,36.62919998168945
206.4965057373047,178.2617950439453,126.845703125,35.45289993286133
208.70150756835938,179.6781005859375,124.7665023803711,35.16389846801758
206.55349731445312,179.80799865722656,125.56009674072266,34.73649978637695
205.693603515625,179.92520141601562,126.71769714355469,34.78419876098633
208.07479858398438,181.0883026123047,124.68099975585938,34.31880187988281
208.9398956298828,180.86610412597656,123.73139953613281,34.57429885864258
205.60450744628906,181.16200256347656,127.27660369873047,33.356300354003906
204.5605010986328,181.5272979736328,128.7093963623047,34.17279815673828
203.20970153808594,182.0753936767578,129.44650268554688,31.668100357055664
200.20730590820312,181.9062042236328,134.5697021484375,31.882999420166016
201.13330078125,182.19219970703125,133.26739501953125,31.382400512695312
199.18780517578125,183.2996063232422,135.5821075439453,30.413700103759766
199.30760192871094,183.47120666503906,136.36380004882812,29.404699325561523
203.16990661621094,183.75779724121094,132.41299438476562,29.143800735473633
201.6208038330078,183.93629455566406,134.0876007080078,29.419099807739258
199.4987030029297,183.50709533691406,135.7825927734375,29.53809928894043
203.0384979248047,183.7751007080078,133.58670043945312,28.417999267578125
201.9152069091797,183.05679321289062,133.94659423828125,29.729799270629883
200.92640686035156,183.139404296875,136.4591064453125,28.1968994140625
199.73680114746094,182.81019592285156,136.19459533691406,29.14459991455078
196.21800231933594,182.3802947998047,140.34039306640625,28.79199981689453
194.33189392089844,182.0009002685547,141.95799255371094,30.308799743652344
194.61619567871094,181.46470642089844,141.114501953125,31.203100204467773
194.5670928955078,180.65179443359375,140.5034942626953,32.463199615478516
195.27999877929688,180.2176971435547,139.37530517578125,32.78900146484375
194.7946014404297,179.5688018798828,140.8052978515625,33.480499267578125
193.47360229492188,178.79989624023438,140.7947998046875,33.34619903564453
193.31500244140625,178.58770751953125,142.15919494628906,35.150901794433594
192.685302734375,178.04550170898438,141.9364013671875,34.59560012817383
193.5030975341797,178.89129638671875,142.2823944091797,34.819801330566406
190.92820739746094,178.73460388183594,143.57150268554688,34.62030029296875
194.07760620117188,178.0625,140.84640502929688,35.80220031738281
192.1280975341797,178.23609924316406,141.6313934326172,34.96480178833008
193.72149658203125,178.20050048828125,140.98550415039062,33.70050048828125
194.41650390625,176.52049255371094,139.92149353027344,34.19139862060547
191.5063018798828,176.00709533691406,142.1562042236328,33.94990158081055
195.20599365234375,175.21389770507812,138.8173065185547,33.51300048828125
196.8856964111328,173.7003936767578,136.24459838867188,35.017398834228516
194.53219604492188,174.0688018798828,136.59010314941406,33.05830001831055
194.49049377441406,174.63330078125,138.1602020263672,32.54290008544922
189.6605987548828,173.68820190429688,141.81979370117188,33.36389923095703
188.08770751953125,172.51089477539062,142.2613983154297,34.042701721191406
187.37399291992188,172.55650329589844,143.0220947265625,33.55649948120117
186.99229431152344,172.63900756835938,143.1811065673828,33.27840042114258
186.67039489746094,172.66729736328125,142.57510375976562,32.74380111694336
185.92449951171875,172.1905059814453,141.70150756835938,33.82820129394531
185.59060668945312,172.4344024658203,141.97239685058594,32.38199996948242
183.4051055908203,171.75759887695312,141.8780059814453,32.59769821166992
183.55670166015625,170.53990173339844,141.64450073242188,32.85070037841797
184.2042999267578,170.4593963623047,139.5167999267578,31.87849998474121
184.11830139160156,168.4783935546875,138.55340576171875,32.2333984375
184.12240600585938,168.0977020263672,137.69509887695312,31.607900619506836
183.80059814453125,166.41749572753906,137.5511016845703,33.08190155029297
183.73019409179688,166.081298828125,137.23260498046875,33.5275993347168
181.46539306640625,164.67779541015625,140.05560302734375,34.18470001220703
181.7384033203125,163.33670043945312,139.5933074951172,36.4822998046875
182.326904296875,161.46249389648438,137.28500366210938,38.03049850463867
183.47230529785156,161.16070556640625,135.53829956054688,40.24769973754883
181.71560668945312,158.85299682617188,136.22019958496094,42.754398345947266
179.09120178222656,157.2740936279297,138.02099609375,47.4723014831543
179.42669677734375,156.9375,138.65420532226562,43.711700439453125
177.9365997314453,157.43190002441406,139.49099731445312,45.76729965209961
179.006103515625,158.77650451660156,137.62069702148438,42.84109878540039
179.9582061767578,158.05540466308594,136.82200622558594,44.3119010925293
179.53030395507812,157.09280395507812,138.18150329589844,45.801300048828125
179.40130615234375,156.0435028076172,137.7028045654297,47.70199966430664
178.37770080566406,155.1197052001953,138.36289978027344,47.6421012878418
177.7375030517578,155.7357940673828,138.22210693359375,48.763099670410156
180.0294952392578,155.3343048095703,137.40020751953125,44.09880065917969
178.14639282226562,156.42250061035156,136.99929809570312,45.89720153808594
176.90550231933594,155.0677032470703,137.82029724121094,48.7843017578125
176.1667022705078,154.17799377441406,139.7790069580078,47.36539840698242
176.860107421875,153.73550415039062,138.38330078125,46.2338981628418
177.97059631347656,153.5251007080078,136.0904998779297,45.72679901123047
175.9980010986328,153.4781951904297,137.7523956298828,48.95719909667969
178.11219787597656,152.87359619140625,136.33590698242188,46.62710189819336
177.2906036376953,150.77040100097656,135.63079833984375,48.67380142211914
177.77099609375,148.8968048095703,134.5532989501953,49.030601501464844
175.11349487304688,148.0301971435547,136.70419311523438,50.05970001220703
177.86270141601562,146.85879516601562,134.39480590820312,50.383201599121094
175.5323944091797,146.6427001953125,138.2913055419922,49.31129837036133
176.77420043945312,145.9237060546875,135.1959991455078,50.05690002441406
177.69520568847656,145.72569274902344,134.43099975585938,50.45119857788086
175.4080047607422,145.95860290527344,137.4178009033203,51.41579818725586
175.59080505371094,146.37730407714844,136.69000244140625,51.033199310302734
177.6367950439453,147.53729248046875,134.3572998046875,49.91849899291992
174.6175994873047,148.32530212402344,136.3917999267578,51.53129959106445
173.21490478515625,149.32310485839844,138.68490600585938,50.49089813232422
174.1385955810547,150.32769775390625,137.19110107421875,50.28369903564453
174.13510131835938,152.21270751953125,137.1157989501953,48.762699127197266
171.98150634765625,153.37930297851562,138.20249938964844,47.85279846191406
173.20150756835938,156.00250244140625,136.35910034179688,45.15010070800781
174.15379333496094,156.256103515625,135.25669860839844,44.79499816894531
173.36329650878906,157.29989624023438,135.24099731445312,42.41130065917969
174.0312042236328,158.53720092773438,135.15589904785156,41.86920166015625
173.2375946044922,159.4777069091797,135.04339599609375,40.25960159301758
170.17860412597656,160.00160217285156,139.1309051513672,39.66460037231445
169.9403076171875,160.8155059814453,136.82110595703125,38.121299743652344
168.9709014892578,161.2593994140625,137.220703125,38.08610153198242
168.50709533691406,161.0457000732422,137.04229736328125,38.60660171508789
167.63259887695312,161.50509643554688,137.42849731445312,37.52519989013672
167.12890625,161.02259826660156,138.29530334472656,39.17580032348633
166.5050048828125,161.74710083007812,138.5261993408203,38.445899963378906
164.89830017089844,162.3542938232422,139.23390197753906,38.44459915161133
164.99159240722656,163.1134033203125,138.58270263671875,36.818199157714844
164.5924072265625,162.53579711914062,139.00880432128906,37.877201080322266
163.65829467773438,163.16859436035156,139.3386993408203,36.81660079956055
163.07359313964844,163.51890563964844,140.3302001953125,36.58829879760742
162.9051971435547,163.21600341796875,139.20150756835938,38.04240036010742
163.6470947265625,162.8824005126953,137.21139526367188,37.52280044555664
163.92799377441406,162.28219604492188,137.64480590820312,37.4640998840332
162.79110717773438,162.5688934326172,139.0518035888672,37.17599868774414
162.38499450683594,163.1405029296875,138.53269958496094,37.44260025024414
161.35040283203125,163.1215057373047,138.93069458007812,37.5265998840332
159.76220703125,162.7751007080078,141.46749877929688,39.77579879760742
160.42970275878906,162.56849670410156,140.2288055419922,39.5004997253418
156.9552001953125,162.76429748535156,143.289794921875,39.78200149536133
157.61959838867188,162.97259521484375,141.91839599609375,39.51070022583008
155.70030212402344,162.83299255371094,142.81320190429688,38.91460037231445
158.03919982910156,162.41510009765625,140.1284942626953,40.460201263427734
156.9362030029297,163.0395050048828,140.8291015625,38.90299987792969
156.74310302734375,163.0023956298828,141.08279418945312,42.98809814453125
156.77049255371094,164.00070190429688,140.1595001220703,39.403900146484375
155.85609436035156,163.88929748535156,140.22329711914062,41.40760040283203
156.19619750976562,164.7667999267578,139.18060302734375,40.20439910888672
156.44520568847656,164.54299926757812,137.83450317382812,40.505401611328125
154.46189880371094,165.08070373535156,139.06080627441406,40.096500396728516
154.4506072998047,164.57769775390625,139.39300537109375,41.16600036621094
151.59120178222656,165.32179260253906,141.1544952392578,40.266700744628906
150.22669982910156,165.66810607910156,141.69619750976562,40.79759979248047
150.968505859375,165.31320190429688,140.1614990234375,39.4640998840332
150.17539978027344,165.89450073242188,140.45289611816406,40.118900299072266
150.95120239257812,166.91189575195312,139.22369384765625,39.19160079956055
150.32679748535156,166.08509826660156,140.8144989013672,37.708499908447266
149.8188934326172,166.61630249023438,140.48410034179688,38.07279968261719
147.8083038330078,166.9553985595703,142.57069396972656,38.23889923095703
145.62359619140625,166.51820373535156,145.68519592285156,38.12070083618164
147.8571014404297,167.8520965576172,142.72109985351562,36.52830123901367
145.7205047607422,166.61129760742188,145.1374969482422,36.6172981262207
143.12939453125,166.0966033935547,148.722900390625,37.85929870605469
148.8925018310547,166.2821044921875,142.1342010498047,36.9536018371582
147.35870361328125,166.548095703125,144.14950561523438,36.1088981628418
146.35670471191406,166.99310302734375,144.9501953125,36.31919860839844
147.69309997558594,166.9761962890625,143.78179931640625,35.17250061035156
148.97830200195312,167.19679260253906,140.8011016845703,35.15959930419922
149.49989318847656,167.72979736328125,140.5926055908203,34.757198333740234
149.51699829101562,167.98629760742188,140.7053985595703,35.207298278808594
149.55299377441406,168.0753936767578,143.10780334472656,34.08829879760742
151.8220977783203,168.70849609375,138.69900512695312,34.0177001953125
151.14059448242188,169.9344024658203,139.4459991455078,33.552398681640625
152.3153076171875,169.6580047607422,138.1555938720703,32.1879997253418
152.0959930419922,169.7447967529297,137.57870483398438,34.36750030517578
153.77749633789062,169.6934051513672,136.71730041503906,33.208900451660156
156.3585968017578,171.36619567871094,133.56320190429688,31.910999298095703
153.85699462890625,170.96620178222656,135.0742950439453,32.535099029541016
154.7017059326172,171.05670166015625,138.82650756835938,32.195499420166016
154.19400024414062,168.9127960205078,135.2454071044922,32.745601654052734
155.89779663085938,168.7823944091797,134.6833953857422,31.903799057006836
156.0126953125,169.27310180664062,133.3065948486328,32.27830123901367
155.14019775390625,169.7700958251953,134.03160095214844,31.612699508666992
156.73550415039062,169.97970581054688,133.18820190429688,31.775699615478516
156.2071990966797,169.46060180664062,135.58309936523438,32.47710037231445
157.26319885253906,171.7554931640625,133.9665985107422,30.930099487304688
159.66529846191406,172.031494140625,131.94949340820312,31.49209976196289
163.87789916992188,172.31719970703125,131.44970703125,30.115699768066406
132.42860412597656,151.68479919433594,42.574100494384766,48.8577995300293
138.0424041748047,164.7274932861328,92.3550033569336,50.40739822387695
165.60569763183594,171.9219970703125,135.5825958251953,31.573999404907227
188.12359619140625,171.44119262695312,111.76360321044922,29.51059913635254
167.54519653320312,169.1367950439453,130.83689880371094,34.93280029296875
167.61720275878906,168.61570739746094,135.908203125,34.76959991455078
169.0207061767578,168.3791046142578,131.99960327148438,33.80390167236328
170.02130126953125,168.0471954345703,134.03070068359375,34.955299377441406
170.21060180664062,167.298095703125,135.3253936767578,34.93040084838867
172.62289428710938,167.49090576171875,134.5612030029297,34.69660186767578
174.18409729003906,166.39239501953125,135.7845001220703,35.53160095214844
176.7689971923828,167.02609252929688,136.57859802246094,35.33549880981445
176.5543975830078,165.9508056640625,138.5778045654297,36.81420135498047
181.88999938964844,165.3791046142578,135.7447967529297,38.01179885864258
181.51019287109375,164.66709899902344,137.4188995361328,39.328399658203125
185.18479919433594,163.27810668945312,139.62899780273438,40.382301330566406
186.6925048828125,161.42669677734375,138.53900146484375,42.134700775146484
190.98199462890625,160.1529998779297,136.6309051513672,42.038299560546875
194.57919311523438,158.7541046142578,135.70660400390625,42.889801025390625
197.98480224609375,158.83349609375,136.90390014648438,41.94670104980469
200.86109924316406,158.33399963378906,138.2342987060547,41.9093017578125
202.05389404296875,158.37770080566406,139.3531036376953,41.49879837036133
200.1605987548828,157.54449462890625,147.59730529785156,42.6510009765625
211.59950256347656,157.44110107421875,135.2487030029297,43.1244010925293
205.95339965820312,156.5028076171875,143.17750549316406,44.88090133666992
218.8157958984375,157.19659423828125,132.24560546875,44.82429885864258
220.00180053710938,154.55810546875,135.76370239257812,45.395599365234375
224.65390014648438,154.77859497070312,134.48809814453125,43.915199279785156
227.49710083007812,153.84449768066406,133.4770050048828,44.56169891357422
230.1855010986328,153.92059326171875,132.71090698242188,43.550201416015625
234.48370361328125,153.94540405273438,131.06320190429688,44.924198150634766
236.7382049560547,153.36380004882812,131.6407928466797,44.227699279785156
242.64430236816406,154.12379455566406,129.88619995117188,44.22589874267578
244.94740295410156,153.5166015625,130.77630615234375,44.73609924316406
249.14039611816406,153.32080078125,130.1013946533203,43.622501373291016
254.15480041503906,154.07080078125,128.6511993408203,43.77790069580078
256.16339111328125,153.6737060546875,130.8903045654297,43.88370132446289
259.660400390625,152.3966064453125,130.5146942138672,44.795799255371094
263.18438720703125,152.60130310058594,132.13409423828125,43.855499267578125
265.9142150878906,153.49569702148438,130.8769989013672,42.90999984741211
270.4009094238281,153.92120361328125,129.81300354003906,41.618900299072266
270.4767150878906,154.74749755859375,129.9709930419922,41.96390151977539
273.7056884765625,154.86459350585938,128.54690551757812,41.099098205566406
276.4455871582031,156.1667022705078,128.14810180664062,41.55870056152344
277.5628967285156,157.58189392089844,128.7996063232422,38.443199157714844
280.5458984375,158.2003936767578,127.27670288085938,38.262001037597656
282.8742980957031,159.62319946289062,128.5751953125,38.792198181152344
286.18798828125,160.71409606933594,127.88480377197266,35.23109817504883
289.3211975097656,161.07119750976562,126.46620178222656,36.067100524902344
292.9901123046875,161.47430419921875,125.89409637451172,37.07720184326172
294.6451110839844,161.77890014648438,127.189697265625,35.793399810791016
296.3734130859375,161.6038055419922,128.3018035888672,38.06209945678711
298.193115234375,161.1739959716797,126.32879638671875,37.262001037597656
299.965087890625,161.99659729003906,128.63870239257812,34.01150131225586
301.6575927734375,160.43179321289062,131.45159912109375,34.710601806640625
303.90771484375,160.3686981201172,129.20179748535156,35.049198150634766
304.89111328125,160.08580017089844,130.38470458984375,35.94219970703125
306.8565979003906,159.89100646972656,132.16879272460938,34.90060043334961
307.9064025878906,159.735107421875,133.81089782714844,39.73210144042969
310.7983093261719,159.8795928955078,130.2397003173828,37.65370178222656
312.7344970703125,160.54119873046875,132.21470642089844,34.466400146484375
316.1694030761719,160.12579345703125,133.6367950439453,35.92919921875
318.46160888671875,159.69859313964844,132.40139770507812,35.69309997558594
321.1424865722656,159.74859619140625,133.02099609375,38.352699279785156
323.2663879394531,160.03550720214844,132.6387939453125,35.582298278808594
326.0929870605469,159.9178009033203,136.01809692382812,36.10609817504883
325.8584899902344,160.16229248046875,135.41949462890625,35.800201416015625
329.98028564453125,159.8361053466797,135.79849243164062,35.11690139770508
332.47039794921875,160.32020568847656,138.24119567871094,34.222599029541016
336.35040283203125,160.95030212402344,135.05209350585938,34.14889907836914
339.4114990234375,161.4759063720703,136.5258026123047,32.75960159301758
342.21429443359375,161.78140258789062,135.89390563964844,31.82390022277832
345.0069885253906,162.0009002685547,135.85479736328125,31.538999557495117
350.2640075683594,161.9694061279297,132.96580505371094,31.61709976196289
353.3138122558594,162.0334930419922,133.24420166015625,30.919200897216797
356.6297912597656,161.89540100097656,134.970703125,30.558000564575195
359.3713073730469,161.82879638671875,134.88670349121094,30.349599838256836
362.6885070800781,161.42379760742188,136.38160705566406,30.607200622558594
366.45928955078125,161.11639404296875,137.25540161132812,30.651399612426758
369.4805908203125,160.08270263671875,137.59860229492188,32.234901428222656
371.2843017578125,159.69119262695312,140.94070434570312,31.108200073242188
374.8164978027344,158.8881072998047,141.281494140625,30.451400756835938
377.9859924316406,157.4696044921875,135.4134063720703,30.3262996673584
378.9435119628906,156.76519775390625,140.2545928955078,31.814699172973633
380.2578125,156.3386993408203,154.3511962890625,30.963199615478516
382.3140869140625,156.61880493164062,141.29029846191406,31.973899841308594
384.431396484375,156.58509826660156,152.55360412597656,31.660600662231445
385.3114013671875,156.22970581054688,141.00050354003906,31.85540008544922
387.40521240234375,156.68800354003906,143.8249969482422,30.874799728393555
388.31298828125,156.01060485839844,141.58050537109375,31.015100479125977
391.35809326171875,156.5084991455078,140.0802001953125,30.793800354003906
393.3587951660156,157.45970153808594,139.85780334472656,30.522600173950195
394.43328857421875,157.32809448242188,142.9219970703125,30.199199676513672
396.2146911621094,157.32870483398438,142.38470458984375,30.538700103759766
397.2605895996094,157.70150756835938,143.1446075439453,29.703899383544922
399.2464904785156,158.0030975341797,141.78030395507812,29.867900848388672
398.93951416015625,158.45460510253906,143.24270629882812,30.03529930114746
400.9494934082031,157.6239013671875,144.07789611816406,30.840499877929688
401.03460693359375,157.97059631347656,145.36219787597656,30.36440086364746
401.8157958984375,159.80599975585938,145.33189392089844,30.506200790405273
403.7334899902344,159.3227996826172,143.8363037109375,31.18709945678711
402.7019958496094,160.54209899902344,146.19920349121094,30.1028995513916
404.41619873046875,160.39720153808594,144.15530395507812,30.537200927734375
405.0434875488281,160.2572021484375,145.16090393066406,31.0757999420166
404.1162109375,161.0550994873047,147.01400756835938,31.656700134277344
404.1416015625,161.62869262695312,144.773193359375,31.36039924621582
401.8241882324219,161.8760986328125,147.3011016845703,31.687299728393555
400.3634948730469,161.51280212402344,149.63079833984375,31.851900100708008
401.02099609375,161.6533966064453,145.9532012939453,31.640899658203125
399.2853088378906,161.99560546875,148.1049041748047,31.65019989013672
398.0129089355469,161.83140563964844,147.82159423828125,31.43779945373535
399.38470458984375,161.44140625,146.860107421875,32.74470138549805
397.6913146972656,160.643798828125,147.77529907226562,34.88639831542969
397.48870849609375,160.67779541015625,145.36639404296875,36.0177001953125
399.0093078613281,159.75079345703125,145.397705078125,37.35499954223633
399.1951904296875,160.03640747070312,145.50250244140625,37.70880126953125
399.6108093261719,160.00979614257812,144.218994140625,39.124698638916016
398.6202087402344,157.2971954345703,145.35549926757812,40.988399505615234
399.15728759765625,158.7664031982422,143.20590209960938,40.38930130004883
398.9504089355469,157.0959930419922,145.24879455566406,42.399200439453125
397.8822021484375,156.89669799804688,145.8289031982422,42.79669952392578
398.3832092285156,156.6053009033203,145.48240661621094,44.044700622558594
398.2196044921875,155.46859741210938,145.8896942138672,44.21189880371094
399.25421142578125,154.11000061035156,145.54649353027344,45.417701721191406
398.7325134277344,153.87669372558594,146.0644073486328,46.554298400878906
397.3854064941406,152.7498016357422,145.60389709472656,47.3047981262207
398.4097900390625,151.3383026123047,145.57090759277344,49.41320037841797
398.718505859375,149.95230102539062,145.4044952392578,49.63240051269531
398.0166015625,148.6636962890625,145.7187957763672,48.233001708984375
395.6867980957031,147.2248992919922,147.4062957763672,50.20479965209961
395.8221130371094,146.05140686035156,146.67930603027344,50.10449981689453
394.843994140625,145.158203125,146.22210693359375,49.22249984741211
394.5425109863281,143.593505859375,145.84860229492188,51.13079833984375
395.0527038574219,142.93809509277344,145.30850219726562,51.009700775146484
393.4966125488281,142.19500732421875,145.42320251464844,51.78089904785156
393.315185546875,140.75390625,143.59959411621094,52.09550094604492
392.42498779296875,140.17469787597656,144.79820251464844,52.39759826660156
392.285400390625,139.35040283203125,143.8885955810547,53.51250076293945
391.9403076171875,137.49600219726562,141.7205047607422,55.33259963989258
391.4067077636719,138.08619689941406,142.55760192871094,55.55390167236328
391.7803039550781,137.51370239257812,138.9604034423828,56.62049865722656
390.2832946777344,136.4029998779297,140.7230987548828,57.87160110473633
390.2432861328125,137.72250366210938,141.0948944091797,55.932899475097656
388.9465026855469,134.68910217285156,140.80690002441406,59.353599548339844
387.9543151855469,137.4669952392578,141.95770263671875,56.46659851074219
386.8772888183594,134.2283935546875,141.86849975585938,61.36600112915039
385.035888671875,135.69020080566406,139.71859741210938,59.049598693847656
382.3323974609375,135.95860290527344,146.23899841308594,60.879398345947266
383.0000915527344,135.8542938232422,141.59739685058594,62.106300354003906
381.1676025390625,131.63400268554688,143.20370483398438,67.4083023071289
380.4093933105469,133.9871063232422,142.52059936523438,66.64440155029297
379.79449462890625,132.85470581054688,141.88409423828125,67.38809967041016
379.1913146972656,130.5404052734375,145.8090057373047,69.29620361328125
379.2535095214844,132.12010192871094,143.41229248046875,68.0895004272461
379.3703918457031,130.90159606933594,145.25390625,69.91780090332031
379.3894958496094,130.42909240722656,143.28909301757812,69.8678970336914
377.8363952636719,130.3470001220703,142.64669799804688,69.64199829101562
378.10791015625,128.7657012939453,141.10679626464844,71.84449768066406
379.439208984375,130.7947998046875,141.2602996826172,70.93589782714844
378.58489990234375,127.30549621582031,138.77879333496094,73.73370361328125
379.30010986328125,129.4644012451172,139.03529357910156,72.94329833984375
378.17169189453125,129.98060607910156,137.5908966064453,72.73979949951172
381.7196044921875,129.15440368652344,135.90150451660156,74.62799835205078
379.8279113769531,128.18580627441406,135.80349731445312,75.78520202636719
386.03350830078125,128.86770629882812,128.7436981201172,75.7145004272461
382.4906005859375,129.4842071533203,135.02430725097656,77.94860076904297
387.0473937988281,127.44490051269531,132.59970092773438,78.71949768066406
388.12249755859375,128.6197967529297,133.0802001953125,79.98410034179688
389.4505920410156,126.49970245361328,132.0684051513672,80.77189636230469
392.05169677734375,125.91380310058594,133.5131072998047,82.04930114746094
391.7803955078125,125.83529663085938,135.1804962158203,83.72460174560547
391.90728759765625,123.97059631347656,135.3251953125,82.6884994506836
394.42669677734375,124.30899810791016,133.79299926757812,84.18270111083984
396.1017150878906,122.97689819335938,132.01600646972656,85.09290313720703
396.26959228515625,121.31739807128906,131.98330688476562,85.59190368652344
396.9682922363281,121.70809936523438,131.57310485839844,86.24539947509766
398.8655090332031,121.3635025024414,130.91119384765625,87.26270294189453
399.6322021484375,120.28849792480469,130.4174041748047,87.31729888916016
400.0448913574219,120.19319915771484,130.42689514160156,87.60330200195312
401.4364929199219,119.1624984741211,129.79409790039062,88.14739990234375
403.22039794921875,118.50070190429688,128.65280151367188,89.0093002319336
403.0263977050781,118.20130157470703,128.83450317382812,87.85489654541016
403.66229248046875,117.11949920654297,128.16119384765625,87.96890258789062
403.3114929199219,115.69930267333984,128.50430297851562,88.68219757080078
402.5675048828125,115.32939910888672,127.16390228271484,88.2865982055664
404.6838073730469,116.0905990600586,124.89520263671875,87.61579895019531
403.1816101074219,115.27179718017578,126.41850280761719,87.65399932861328
405.37298583984375,114.0990982055664,124.027099609375,89.36699676513672
405.7966003417969,113.65160369873047,124.26930236816406,89.36519622802734
406.20159912109375,112.17060089111328,123.16570281982422,91.19180297851562
406.4778137207031,111.62779998779297,122.19629669189453,91.56279754638672
406.02569580078125,111.69010162353516,119.0416030883789,92.51730346679688
405.34820556640625,112.45829772949219,121.72119903564453,91.41459655761719
406.0946960449219,112.26429748535156,121.03720092773438,91.4813003540039
406.622802734375,111.26950073242188,120.38749694824219,92.30269622802734
404.9079895019531,111.7761001586914,119.76260375976562,92.15840148925781
406.1357116699219,112.65950012207031,120.0519027709961,91.23860168457031
405.9393005371094,111.1404037475586,115.6854019165039,92.24579620361328
405.80999755859375,112.13420104980469,117.92859649658203,91.31410217285156
405.6570129394531,109.81410217285156,118.40049743652344,93.85279846191406
404.789306640625,109.76370239257812,113.53890228271484,93.02400207519531
403.76251220703125,110.38269805908203,118.56809997558594,93.54329681396484
405.49481201171875,109.47530364990234,112.02729797363281,95.4186019897461
403.7644958496094,108.10230255126953,111.3926010131836,97.98760223388672
407.2242126464844,106.06109619140625,115.0979995727539,100.65619659423828
406.5046081542969,104.9219970703125,111.81549835205078,102.29570007324219
407.78289794921875,104.2477035522461,107.13739776611328,105.81069946289062
407.95928955078125,103.65799713134766,106.65979766845703,105.88140106201172
408.2705993652344,102.5625,107.6885986328125,106.5166015625
408.7572021484375,103.19580078125,106.09519958496094,106.37110137939453
408.340087890625,101.58869934082031,107.15640258789062,107.90049743652344
408.9859924316406,100.86060333251953,107.9197006225586,108.23570251464844
411.6651916503906,102.01170349121094,105.464599609375,106.4302978515625
410.4469909667969,101.97149658203125,105.93219757080078,106.16929626464844
409.22601318359375,99.85150146484375,107.14859771728516,107.40519714355469
410.6310119628906,99.39530181884766,105.17350006103516,107.30280303955078
412.1075134277344,98.15149688720703,102.7876968383789,108.0447998046875
411.92718505859375,97.55950164794922,100.58930206298828,108.6843032836914
414.62701416015625,97.48090362548828,98.08580017089844,108.85449981689453
415.5447998046875,96.6510009765625,95.8938980102539,108.7052001953125
419.09228515625,95.73639678955078,92.70860290527344,108.86900329589844
419.1484069824219,95.17060089111328,91.55560302734375,108.87300109863281
420.01910400390625,94.47309875488281,89.03060150146484,107.80259704589844
421.2799987792969,93.94380187988281,86.76219940185547,109.99669647216797
424.756103515625,93.5519027709961,83.06379699707031,109.55339813232422
424.6622009277344,92.38929748535156,84.12850189208984,110.99859619140625
425.0963134765625,91.10810089111328,83.28279876708984,112.04560089111328
426.40679931640625,90.55809783935547,81.36669921875,111.62670135498047
427.0364074707031,90.40160369873047,79.25669860839844,111.8905029296875
427.5248107910156,89.09770202636719,77.7927017211914,113.377197265625
428.3586120605469,89.10469818115234,77.1906967163086,112.92179870605469
428.15020751953125,88.1365966796875,76.7645034790039,114.24479675292969
429.1224060058594,89.0376968383789,75.84269714355469,113.19080352783203
428.59051513671875,89.3281021118164,74.89640045166016,113.03160095214844
428.0809020996094,89.21630096435547,74.42440032958984,113.38770294189453
428.7604064941406,88.0625991821289,73.29949951171875,114.55480194091797
429.1799011230469,87.14679718017578,70.89109802246094,115.48030090332031
429.9372863769531,86.33609771728516,67.6635971069336,115.81520080566406
430.4284973144531,84.59290313720703,66.23919677734375,117.81199645996094
430.82391357421875,84.58110046386719,62.35820007324219,119.63629913330078
431.3982849121094,85.51740264892578,60.07469940185547,118.30699920654297
435.0466003417969,84.52369689941406,53.75920104980469,117.8489990234375
432.841796875,85.83820343017578,51.334598541259766,118.07050323486328
432.07501220703125,86.69290161132812,50.01470184326172,118.62870025634766
433.3135070800781,85.57669830322266,45.29710006713867,119.32579803466797
433.3511962890625,86.21050262451172,44.792598724365234,122.293701171875
434.2882080078125,91.24749755859375,39.3046989440918,116.45349884033203
436.89569091796875,87.53800201416016,35.72249984741211,122.88040161132812
434.7983093261719,89.3093032836914,35.268699645996094,119.1709976196289
374.86700439453125,94.2051010131836,110.247802734375,107.98169708251953
428.9927062988281,90.56230163574219,33.91320037841797,117.87640380859375
433.4523010253906,89.40519714355469,30.884300231933594,123.5166015625
430.1026916503906,89.55480194091797,32.18040084838867,125.66059875488281
427.61761474609375,89.9531021118164,34.72019958496094,124.92569732666016
425.18218994140625,91.55809783935547,37.85060119628906,125.15540313720703
422.80999755859375,92.38780212402344,41.454498291015625,124.91639709472656
420.2156066894531,92.54959869384766,43.687801361083984,123.45909881591797
420.1090087890625,93.81649780273438,46.587799072265625,122.62969970703125
418.8854064941406,92.32569885253906,47.58610153198242,124.1771011352539
419.6355895996094,93.40879821777344,48.99190139770508,123.19580078125
418.9330139160156,92.94960021972656,47.96659851074219,122.85929870605469
419.4537048339844,93.69300079345703,49.640201568603516,122.69760131835938
417.5757141113281,92.4988021850586,49.955501556396484,124.33779907226562
334.598388671875,78.34980010986328,178.2823944091797,145.40789794921875
345.82269287109375,124.84439849853516,70.59860229492188,64.46890258789062
415.3240051269531,93.27189636230469,56.62310028076172,124.70600128173828
346.82330322265625,85.02490234375,168.48109436035156,140.4156036376953
294.01519775390625,84.0154037475586,125.86640167236328,130.7519989013672
363.2430114746094,133.98260498046875,53.873199462890625,45.02640151977539
411.9800109863281,92.45999908447266,61.090599060058594,127.41560363769531
412.2737121582031,92.50060272216797,64.56439971923828,126.63880157470703
411.7748107910156,91.41230010986328,63.788299560546875,126.49659729003906
412.364501953125,91.9989013671875,64.20649719238281,126.08329772949219
414.6597900390625,92.07550048828125,62.930301666259766,126.52989959716797
409.2843017578125,92.11759948730469,64.96269989013672,125.42320251464844
414.87640380859375,91.62740325927734,63.55580139160156,125.64859771728516
417.118408203125,95.12689971923828,57.317501068115234,123.5708999633789
413.9820861816406,93.81819915771484,59.69879913330078,123.45379638671875
411.1304016113281,92.92050170898438,62.8031005859375,124.2916030883789
412.4397888183594,92.70570373535156,63.032501220703125,126.03019714355469
417.9440002441406,95.69619750976562,54.678001403808594,124.86080169677734
406.02099609375,93.90969848632812,67.45950317382812,124.50489807128906
418.28131103515625,96.42379760742188,57.53990173339844,122.74469757080078
402.67669677734375,95.714599609375,68.49970245361328,122.74610137939453
412.8030090332031,95.0271987915039,65.12650299072266,123.4740982055664
399.960693359375,94.38020324707031,73.79669952392578,123.80909729003906
412.2361145019531,99.20140075683594,66.43160247802734,116.93219757080078
394.6448059082031,91.91580200195312,81.05030059814453,125.29730224609375
406.78271484375,94.32630157470703,71.53060150146484,120.48169708251953
393.78851318359375,92.47440338134766,83.61830139160156,122.3125
406.1476135253906,94.59960174560547,72.5593032836914,120.30729675292969
395.5801086425781,92.6666030883789,84.6238021850586,122.35040283203125
401.80029296875,94.1104965209961,78.90730285644531,120.68679809570312
393.50421142578125,92.93509674072266,86.96659851074219,120.95130157470703
395.87310791015625,93.55470275878906,85.72229766845703,121.70870208740234
393.5708923339844,93.93910217285156,88.2249984741211,119.99970245361328
390.93280029296875,93.81700134277344,88.99079895019531,121.5250015258789
390.47930908203125,94.1052017211914,91.02960205078125,121.90509796142578
389.4407043457031,94.12079620361328,92.63480377197266,121.28170013427734
390.1748962402344,93.5886001586914,92.37940216064453,122.12010192871094
389.96051025390625,93.46820068359375,91.82170104980469,122.67330169677734
390.1575012207031,93.80670166015625,92.69080352783203,120.81390380859375
390.16290283203125,93.49330139160156,91.99310302734375,119.75869750976562
388.5043029785156,93.52310180664062,94.15190124511719,120.97160339355469
389.4541931152344,92.97679901123047,91.86070251464844,119.41179656982422
386.88360595703125,92.30079650878906,95.08940124511719,122.947998046875
387.9645080566406,92.50569915771484,92.36430358886719,119.07060241699219
387.1167907714844,91.91790008544922,90.73629760742188,118.87539672851562
387.7069091796875,91.25,90.42120361328125,119.49669647216797
386.6722106933594,91.05670166015625,88.35530090332031,114.10679626464844
385.30841064453125,89.56400299072266,88.7688980102539,114.88500213623047
385.46990966796875,88.86199951171875,87.95330047607422,109.41960144042969
408.1647033691406,90.86409759521484,61.28030014038086,95.3949966430664
383.2289123535156,84.6272964477539,88.08439636230469,112.26619720458984
402.2608947753906,97.95120239257812,63.010799407958984,88.13919830322266
387.3866882324219,84.60299682617188,80.95570373535156,106.85489654541016
383.35260009765625,84.82830047607422,86.62429809570312,114.16590118408203
391.1227111816406,95.52050018310547,76.84649658203125,94.05549621582031
383.4833068847656,86.25599670410156,83.05229949951172,111.85800170898438
388.1099853515625,85.87570190429688,81.11250305175781,107.63030242919922
383.59759521484375,84.6084976196289,90.6259994506836,118.05329895019531
385.98541259765625,89.36070251464844,88.45179748535156,106.64520263671875
387.7192077636719,90.76380157470703,84.89199829101562,101.99909973144531
383.7632141113281,86.18620300292969,90.68460083007812,116.15180206298828
384.447998046875,89.07620239257812,93.00879669189453,110.96620178222656
385.91461181640625,88.02860260009766,88.98760223388672,109.8655014038086
386.59991455078125,86.58260345458984,89.84269714355469,114.19190216064453
383.2572937011719,89.30280303955078,94.31829833984375,108.13970184326172
385.8617858886719,85.6178970336914,89.33429718017578,116.4135971069336
383.7831115722656,85.6852035522461,92.65789794921875,115.55709838867188
381.43310546875,84.90249633789062,95.11869812011719,121.19830322265625
386.815185546875,84.21479797363281,87.28990173339844,115.79530334472656
387.37799072265625,83.16239929199219,86.9480972290039,117.44129943847656
390.9006042480469,82.50279998779297,86.91470336914062,116.88169860839844
385.9695129394531,81.5198974609375,90.9561996459961,114.32779693603516
383.9092102050781,81.1511001586914,93.52960205078125,119.61209869384766
385.8226013183594,81.48139953613281,90.81849670410156,119.72640228271484
386.1007080078125,81.3582992553711,95.51290130615234,121.03980255126953
387.9684143066406,81.47360229492188,81.93280029296875,109.63829803466797
386.24749755859375,81.74189758300781,76.64610290527344,107.356201171875
390.04278564453125,81.77899932861328,65.26260375976562,95.86759948730469
392.54901123046875,81.73750305175781,86.14769744873047,104.96309661865234
389.1130065917969,81.36949920654297,82.841796875,106.372802734375
385.4071960449219,81.08889770507812,87.17870330810547,112.3280029296875
385.7576904296875,82.42240142822266,79.09239959716797,109.010498046875
384.42230224609375,81.77760314941406,89.38780212402344,112.89730072021484
387.0794982910156,82.03900146484375,93.6885986328125,115.18509674072266
384.2388000488281,82.09339904785156,103.90740203857422,119.88700103759766
386.48968505859375,82.1093978881836,99.4103012084961,118.5177993774414
385.9331970214844,82.46910095214844,96.55460357666016,118.48739624023438
387.5144958496094,83.22820281982422,94.92259979248047,113.86740112304688
385.66790771484375,83.30449676513672,100.46050262451172,117.45429992675781
385.5618896484375,83.0333023071289,100.90730285644531,118.23500061035156
385.8935852050781,83.35179901123047,98.68319702148438,118.48829650878906
386.04669189453125,83.54429626464844,100.91079711914062,117.57589721679688
385.53790283203125,83.09629821777344,99.92070007324219,118.60289764404297
388.0614929199219,83.4260025024414,98.177001953125,115.7947998046875
384.3725891113281,81.9375991821289,101.81950378417969,120.5425033569336
386.4963073730469,82.0365982055664,98.32980346679688,117.4751968383789
387.61529541015625,81.69409942626953,98.72969818115234,114.99629974365234
387.97821044921875,81.46620178222656,96.07559967041016,117.1249008178711
386.6376953125,82.1323013305664,95.80619812011719,115.65409851074219
386.6724853515625,81.2593002319336,96.2697982788086,118.19000244140625
389.6416015625,81.05380249023438,93.29139709472656,116.22119903564453
386.31451416015625,81.60810089111328,97.59110260009766,117.65570068359375
386.39520263671875,82.13870239257812,96.28140258789062,117.51399993896484
387.2821960449219,83.19229888916016,95.5509033203125,116.1968002319336
384.90728759765625,83.77189636230469,96.67919921875,119.18190002441406
386.44110107421875,82.60379791259766,95.65850067138672,120.13569641113281
386.04229736328125,83.68250274658203,95.13880157470703,118.69560241699219
385.5942077636719,84.25589752197266,95.21890258789062,118.16590118408203
385.6943054199219,84.06400299072266,97.61329650878906,120.0728988647461
387.7589111328125,83.93669891357422,94.74030303955078,118.98930358886719
386.97760009765625,84.38379669189453,95.14289855957031,119.17539978027344
387.81451416015625,83.77960205078125,95.9937973022461,117.51210021972656
389.7417907714844,83.44059753417969,93.13140106201172,117.8958969116211
388.2088928222656,84.81909942626953,94.11430358886719,119.83149719238281
388.4259948730469,85.46820068359375,92.33809661865234,113.85260009765625
388.6455078125,84.55390167236328,92.98429870605469,117.64649963378906
390.05218505859375,84.36309814453125,92.32039642333984,113.99440002441406
389.8671875,84.19139862060547,92.47010040283203,116.32740020751953
390.24261474609375,84.33219909667969,92.36810302734375,115.54229736328125
392.91461181640625,83.78369903564453,91.00270080566406,118.94390106201172
393.0635986328125,84.0916976928711,90.76129913330078,111.60910034179688
387.7892150878906,84.21640014648438,98.16850280761719,118.12049865722656
392.0292053222656,84.19390106201172,95.02980041503906,112.4657974243164
389.55999755859375,84.27429962158203,96.0562973022461,116.5302963256836
394.1748046875,84.27529907226562,91.6436996459961,113.83170318603516
393.5777893066406,85.07599639892578,93.70089721679688,111.62539672851562
391.5397033691406,84.4906997680664,96.41809844970703,114.25579833984375
392.4281005859375,85.2333984375,93.71369934082031,113.11399841308594
390.7200927734375,85.50360107421875,97.1803970336914,115.85859680175781
390.0369873046875,86.3905029296875,95.20030212402344,114.11219787597656
393.57470703125,86.2958984375,93.78520202636719,111.71479797363281
392.95941162109375,86.42050170898438,96.36869812011719,112.033203125
392.5633850097656,86.31610107421875,96.19709777832031,112.86990356445312
389.9518127441406,86.13500213623047,100.03919982910156,113.58350372314453
394.28759765625,86.61509704589844,96.24629974365234,106.12830352783203
391.2821960449219,86.61810302734375,98.15080261230469,110.18669891357422
390.6763916015625,86.25890350341797,101.5779037475586,109.268798828125
390.3641052246094,88.9541015625,100.11990356445312,109.12069702148438
390.61279296875,88.01920318603516,100.4188003540039,107.6404037475586
381.0863037109375,87.98809814453125,109.93489837646484,112.34049987792969
384.473388671875,89.2333984375,107.660400390625,109.80919647216797
384.6658020019531,89.3677978515625,109.2677001953125,107.59020233154297
382.3735046386719,91.38300323486328,111.03710174560547,106.47470092773438
380.99951171875,91.09380340576172,112.8635025024414,106.1240005493164
377.8673095703125,93.18000030517578,114.84329986572266,104.68699645996094
381.90521240234375,91.45259857177734,112.31189727783203,102.21769714355469
378.21868896484375,92.0801010131836,115.64179992675781,104.98560333251953
381.19000244140625,93.1552963256836,112.57340240478516,98.74939727783203
376.34381103515625,93.77880096435547,119.09100341796875,101.1261978149414
375.3279113769531,94.53520202636719,120.37100219726562,96.57980346679688
377.9209899902344,95.29229736328125,115.40160369873047,93.13670349121094
376.65789794921875,94.7970962524414,117.14790344238281,93.71600341796875
375.89300537109375,95.32129669189453,117.8634033203125,92.77619934082031
378.88909912109375,95.91349792480469,115.31719970703125,89.2666015625
370.9158935546875,96.84259796142578,122.94439697265625,89.14710235595703
366.9914855957031,98.34290313720703,127.39910125732422,86.26799774169922
365.40850830078125,99.79820251464844,129.79150390625,83.03820037841797
367.6347961425781,100.88739776611328,127.21179962158203,79.02169799804688
366.5556945800781,103.36270141601562,128.35470581054688,74.20719909667969
366.8080139160156,103.83480072021484,129.76089477539062,72.70960235595703
369.0828857421875,104.27880096435547,127.7261962890625,70.23490142822266
368.73529052734375,106.16999816894531,127.74610137939453,67.36499786376953
366.89630126953125,107.28679656982422,129.2176055908203,65.3053970336914
366.4283142089844,108.60710144042969,129.14329528808594,63.474098205566406
366.8471984863281,109.03019714355469,130.5767059326172,62.894901275634766
361.71929931640625,109.972900390625,136.281005859375,62.45159912109375
364.5342102050781,110.847900390625,133.8278045654297,62.16210174560547
364.2640075683594,111.06880187988281,135.33290100097656,60.708499908447266
364.97900390625,110.15840148925781,134.55540466308594,61.30009841918945
363.7558898925781,111.38590240478516,135.91549682617188,59.75859832763672
367.18670654296875,111.57849884033203,134.37860107421875,59.49300003051758
363.92510986328125,113.25640106201172,134.99569702148438,58.62630081176758
364.8617858886719,112.37560272216797,135.9781951904297,58.21870040893555
363.5867004394531,114.39839935302734,135.34129333496094,57.770599365234375
365.7314147949219,113.99490356445312,135.31700134277344,57.48789978027344
362.8673095703125,115.40760040283203,137.10330200195312,55.82460021972656
364.976806640625,116.5093994140625,136.32949829101562,53.342498779296875
363.3385009765625,117.29830169677734,137.48779296875,53.42679977416992
365.0093994140625,117.99710083007812,136.40589904785156,50.4734001159668
363.3172912597656,119.372802734375,137.21029663085938,50.16019821166992
363.50079345703125,119.67019653320312,137.27609252929688,50.53369903564453
361.6257019042969,119.51260375976562,139.9477996826172,50.82809829711914
363.64300537109375,119.87529754638672,138.19070434570312,50.614498138427734
363.4208068847656,119.78939819335938,138.99440002441406,50.12860107421875
362.869384765625,121.09729766845703,138.56460571289062,48.55720138549805
362.2200012207031,121.84480285644531,138.77639770507812,47.30849838256836
363.5982971191406,122.7177963256836,137.09120178222656,46.978599548339844
362.3642883300781,122.70149993896484,138.04110717773438,44.877498626708984
361.5745849609375,123.30650329589844,139.3686065673828,43.271400451660156
361.63629150390625,124.82469940185547,139.40570068359375,44.20930099487305
360.6034851074219,126.02169799804688,140.54859924316406,43.072200775146484
356.264404296875,127.62419891357422,145.16690063476562,42.14799880981445
362.0459899902344,129.92979431152344,139.75360107421875,40.29710006713867
364.0851135253906,134.3383026123047,137.2852020263672,35.91939926147461
362.64630126953125,138.65750122070312,138.98370361328125,34.548500061035156
361.58489990234375,141.12939453125,138.77769470214844,33.41849899291992
360.1156005859375,144.78509521484375,138.6226043701172,32.03710174560547
358.4869079589844,145.8076934814453,138.82530212402344,33.25740051269531
354.78961181640625,147.80360412597656,141.09579467773438,33.94340133666992
355.650390625,149.82420349121094,139.73829650878906,32.609798431396484
353.7969970703125,149.87339782714844,140.49220275878906,33.86280059814453
351.2856140136719,149.2554931640625,141.72390747070312,35.86830139160156
348.827392578125,149.9049072265625,143.59010314941406,38.893001556396484
344.0263977050781,150.3029022216797,145.15240478515625,39.65639877319336
338.4378967285156,149.86239624023438,147.41709899902344,40.51449966430664
335.2485046386719,149.69839477539062,149.658203125,41.48540115356445
327.2235107421875,150.51119995117188,152.33790588378906,39.33489990234375
324.0823974609375,148.89039611816406,152.31280517578125,41.79119873046875
315.9681091308594,146.1887969970703,155.83470153808594,41.97330093383789
308.1297912597656,145.3704071044922,161.3679962158203,40.89580154418945
304.152587890625,140.85560607910156,162.16070556640625,46.17839813232422
297.2767028808594,137.99400329589844,163.41180419921875,49.168399810791016
291.3652038574219,134.87100219726562,168.20480346679688,50.37089920043945
287.3102111816406,128.7469940185547,168.79879760742188,55.12189865112305
283.1069030761719,127.85859680175781,167.07350158691406,59.88859939575195
278.2901916503906,124.13369750976562,159.3115997314453,66.5989990234375
273.3948059082031,120.57689666748047,157.6309051513672,73.07099914550781
268.46551513671875,116.24729919433594,167.3834991455078,84.82949829101562
266.76470947265625,114.16230010986328,163.74180603027344,102.06780242919922
263.5132141113281,113.45649719238281,165.72329711914062,108.75170135498047
258.3356018066406,109.5186996459961,161.0363006591797,123.07630157470703
255.38409423828125,110.10050201416016,154.35629272460938,128.9709014892578
253.99380493164062,110.17400360107422,154.87440490722656,139.8677978515625
255.16839599609375,102.44709777832031,151.0092010498047,166.89779663085938
256.8013916015625,99.6436996459961,150.52720642089844,174.64950561523438
253.65679931640625,99.06919860839844,144.13499450683594,179.3675994873047
249.18409729003906,102.01309967041016,143.61849975585938,187.29209899902344
255.1448974609375,104.97329711914062,133.55560302734375,202.4375
270.193115234375,106.96170043945312,112.0521011352539,211.78680419921875
276.1907958984375,109.49099731445312,100.47769927978516,212.72149658203125
278.3576965332031,115.84249877929688,97.00260162353516,211.5655975341797
285.03851318359375,120.59490203857422,90.69400024414062,224.32400512695312
283.0586853027344,121.07270050048828,96.0967025756836,232.22549438476562
457.6453857421875,106.58940124511719,100.07279968261719,55.055999755859375
455.2593994140625,112.71790313720703,92.37449645996094,36.9099006652832
460.1954040527344,118.3561019897461,90.74230194091797,43.50490188598633
462.9894104003906,125.09719848632812,85.19650268554688,45.49440002441406
526.6453857421875,138.08810424804688,70.93370056152344,62.21220016479492
480.03399658203125,142.7093048095703,127.24859619140625,63.849998474121094
410.3161926269531,102.32869720458984,229.68380737304688,208.3708038330078
