1
517.0007934570312,203.95309448242188,66.28140258789062,44.88479995727539
486.4997863769531,204.52549743652344,68.89350128173828,43.50910186767578
470.102294921875,198.8802032470703,54.28839874267578,46.90739822387695
439.6846923828125,191.7602996826172,63.51570129394531,49.14149856567383
426.68231201171875,182.67630004882812,56.67390060424805,49.97850036621094
414.23968505859375,171.6748046875,54.01250076293945,52.73419952392578
400.61639404296875,169.11390686035156,52.7598991394043,50.55979919433594
387.35479736328125,165.1654052734375,53.449798583984375,48.50170135498047
378.03729248046875,166.5894012451172,46.48139953613281,43.81269836425781
369.4306945800781,167.5063934326172,47.61199951171875,40.60860061645508
364.5549011230469,165.58360290527344,41.27690124511719,45.86520004272461
354.7315979003906,166.3061065673828,46.40420150756836,43.858299255371094
347.2456970214844,163.21530151367188,53.47200012207031,48.5182991027832
343.0802001953125,162.9595947265625,53.269798278808594,48.06719970703125
341.9549865722656,161.06370544433594,53.61309814453125,48.053001403808594
340.8848876953125,158.12049865722656,52.92879867553711,47.68109893798828
340.32220458984375,155.9833984375,53.33190155029297,50.28860092163086
341.3568115234375,154.6800994873047,54.22359848022461,49.307098388671875
345.60418701171875,153.91220092773438,53.10390090942383,48.518001556396484
352.106689453125,153.7519073486328,51.550899505615234,47.921600341796875
360.4790954589844,154.1584930419922,48.780399322509766,47.74850082397461
368.8351135253906,154.23379516601562,46.60409927368164,46.86479949951172
376.5967102050781,154.7899932861328,48.019901275634766,46.954200744628906
383.5870056152344,155.2082061767578,49.32229995727539,47.01279830932617
391.1455993652344,155.00469970703125,49.193199157714844,46.03459930419922
395.827392578125,151.90859985351562,50.75709915161133,46.80690002441406
401.0285949707031,150.39610290527344,51.21730041503906,47.28219985961914
406.2060852050781,148.2740020751953,49.922401428222656,47.610801696777344
409.1033935546875,146.2996063232422,50.05970001220703,47.76390075683594
411.6376953125,145.19000244140625,49.21900177001953,46.632598876953125
413.5577087402344,143.6708984375,49.24610137939453,47.99800109863281
413.8671875,144.5028076171875,50.0452995300293,48.51539993286133
414.71270751953125,146.41439819335938,49.50320053100586,47.6411018371582
416.9960021972656,150.68539428710938,46.26129913330078,45.46099853515625
418.32598876953125,154.35240173339844,45.159000396728516,45.90850067138672
419.9053955078125,156.5290985107422,45.51689910888672,45.12189865112305
420.2203063964844,160.19349670410156,46.611698150634766,45.39720153808594
421.4541931152344,162.32510375976562,47.20140075683594,46.54399871826172
421.1953125,164.27040100097656,48.462501525878906,47.57979965209961
418.0172119140625,169.94529724121094,50.017799377441406,50.452301025390625
414.0990905761719,178.6309051513672,49.003501892089844,51.13589859008789
406.510498046875,191.81700134277344,50.7947998046875,48.69850158691406
396.8033142089844,202.13209533691406,52.28810119628906,46.70309829711914
393.70111083984375,221.01319885253906,47.06529998779297,41.2953987121582
384.1684875488281,228.50819396972656,50.89939880371094,45.80870056152344
382.1034851074219,237.57850646972656,49.06679916381836,46.418800354003906
320.8163146972656,228.7465057373047,142.20289611816406,131.2534942626953
217.9228973388672,158.70050048828125,67.68699645996094,149.0915069580078
296.9190979003906,259.6094970703125,45.63560104370117,48.824798583984375
292.39910888671875,258.66229248046875,46.988800048828125,45.437801361083984
292.0111083984375,259.23040771484375,46.959800720214844,45.29869842529297
291.33209228515625,259.7439880371094,47.26959991455078,46.36389923095703
291.4552001953125,259.30029296875,46.76259994506836,45.05149841308594
291.1440124511719,259.6498107910156,47.77429962158203,44.76539993286133
291.533203125,259.1351013183594,47.038299560546875,44.01259994506836
291.2521057128906,259.1142883300781,47.35300064086914,45.84040069580078
291.80059814453125,259.0498962402344,47.17850112915039,45.417301177978516
292.0339050292969,259.6872863769531,47.568199157714844,45.09989929199219
291.547607421875,259.7450866699219,47.388999938964844,45.09389877319336
291.5639953613281,259.239990234375,46.97930145263672,44.194000244140625
291.3179016113281,259.0415954589844,46.39149856567383,45.34669876098633
290.91571044921875,259.5038146972656,47.64440155029297,45.17169952392578
291.039794921875,259.3268127441406,47.125,45.323001861572266
291.2497863769531,259.8229064941406,47.11640167236328,44.94670104980469
291.21820068359375,259.11370849609375,48.01860046386719,45.2943000793457
291.097900390625,259.6361083984375,47.44599914550781,45.05540084838867
291.5408020019531,258.9932861328125,47.77280044555664,45.262699127197266
291.2178955078125,259.3387145996094,48.00619888305664,45.97740173339844
291.3258972167969,259.7535095214844,47.77320098876953,45.46049880981445
291.1693115234375,259.29901123046875,47.5,45.5525016784668
291.5777893066406,259.1820068359375,47.565399169921875,45.189300537109375
291.9588928222656,259.77520751953125,46.50659942626953,43.872798919677734
290.4577941894531,259.7275085449219,48.65190124511719,46.4370002746582
291.9032897949219,259.8749084472656,47.17890167236328,44.28879928588867
290.3568115234375,259.03338623046875,48.21900177001953,44.86790084838867
290.8677062988281,259.42559814453125,47.5166015625,44.8828010559082
290.96258544921875,259.5906982421875,48.218101501464844,45.888999938964844
290.5527038574219,259.4335021972656,47.98550033569336,45.640899658203125
291.05279541015625,259.3109130859375,47.1708984375,43.73809814453125
290.64080810546875,258.989013671875,47.76319885253906,46.85449981689453
291.3746032714844,259.8175964355469,46.53329849243164,44.20750045776367
290.1796875,259.3617858886719,48.523101806640625,45.46049880981445
291.33441162109375,259.6860046386719,48.60240173339844,44.5171012878418
290.7922058105469,259.62188720703125,48.25910186767578,45.62649917602539
290.9032897949219,259.98651123046875,47.39759826660156,44.16239929199219
290.25531005859375,259.4961853027344,48.5984001159668,44.98509979248047
290.04730224609375,257.3240051269531,49.34299850463867,46.81209945678711
291.2514953613281,260.03851318359375,47.885398864746094,43.28519821166992
290.2659912109375,259.51348876953125,48.605899810791016,45.153900146484375
290.8276062011719,259.4306945800781,47.31449890136719,44.14899826049805
290.20941162109375,259.2406005859375,49.289398193359375,45.761600494384766
291.11468505859375,259.5581970214844,48.4630012512207,45.40769958496094
291.7633972167969,259.7984924316406,48.07929992675781,44.7234001159668
290.53179931640625,259.7007141113281,48.721500396728516,44.87200164794922
290.9248046875,260.152099609375,47.84049987792969,43.820499420166016
291.23870849609375,259.5163879394531,48.1703987121582,44.19889831542969
290.8410949707031,259.431884765625,49.082298278808594,44.345401763916016
289.57049560546875,259.0343017578125,50.97589874267578,46.44309997558594
289.51971435546875,259.17919921875,52.9098014831543,44.996299743652344
291.5067138671875,258.5409851074219,51.614200592041016,43.48500061035156
296.8038024902344,259.5191955566406,50.25230026245117,42.509498596191406
339.6263122558594,248.773193359375,47.56230163574219,46.318199157714844
346.9104919433594,252.97360229492188,47.802101135253906,49.047298431396484
294.99530029296875,259.2630920410156,50.86940002441406,44.28609848022461
298.2882995605469,259.0669860839844,53.75040054321289,42.08539962768555
293.159912109375,259.89111328125,52.02629852294922,39.54690170288086
296.6061096191406,258.18231201171875,52.71200180053711,43.618499755859375
298.1028137207031,259.025390625,46.69960021972656,41.02629852294922
295.9254150390625,258.5768127441406,50.01750183105469,44.01169967651367
312.5924072265625,260.306884765625,119.71890258789062,66.97250366210938
