1
453.185791015625,244.86410522460938,74.26100158691406,116.25420379638672
452.6702880859375,245.351806640625,76.0947036743164,116.31939697265625
452.4695129394531,244.3148956298828,77.18109893798828,116.9480972290039
452.1737060546875,244.7913055419922,75.65440368652344,116.9489974975586
451.6416931152344,244.33949279785156,77.32579803466797,116.19450378417969
452.1174011230469,244.88400268554688,77.18319702148438,116.57649993896484
450.0653991699219,244.2615966796875,79.79660034179688,116.65119934082031
451.26300048828125,243.1374053955078,78.94580078125,117.31220245361328
451.7508850097656,244.11309814453125,77.62010192871094,116.14600372314453
451.4407958984375,242.87179565429688,76.6404037475586,117.1708984375
450.3236083984375,244.21209716796875,79.42369842529297,116.63819885253906
449.81329345703125,242.08509826660156,79.79989624023438,117.8290023803711
448.9706115722656,244.47450256347656,81.28849792480469,116.05950164794922
448.2893981933594,244.09970092773438,83.25740051269531,115.55169677734375
446.9173889160156,245.2989959716797,85.63390350341797,114.79620361328125
445.4978942871094,245.49859619140625,86.0967025756836,114.03669738769531
445.7850036621094,245.00950622558594,86.93219757080078,114.0363998413086
445.345703125,245.7406005859375,87.7344970703125,111.85549926757812
444.33660888671875,246.68089294433594,90.24079895019531,111.0447006225586
445.0697937011719,247.60629272460938,89.47350311279297,108.091796875
442.13958740234375,245.75889587402344,96.06809997558594,109.43309783935547
442.8902893066406,247.41940307617188,100.27100372314453,106.55249786376953
445.78900146484375,245.11070251464844,95.65709686279297,107.2417984008789
444.43719482421875,242.76510620117188,99.98829650878906,109.05490112304688
445.2513122558594,243.01040649414062,104.10209655761719,107.52140045166016
445.44580078125,242.71839904785156,104.17919921875,105.20369720458984
444.24139404296875,241.22869873046875,107.07510375976562,105.09719848632812
443.8319091796875,235.7194061279297,108.4030990600586,110.2334976196289
443.0,237.48959350585938,106.63999938964844,108.60389709472656
442.5830078125,238.3468017578125,109.5386962890625,107.90229797363281
445.4419860839844,234.66270446777344,105.7531967163086,109.40850067138672
438.0638122558594,235.01409912109375,113.1458969116211,126.13600158691406
446.514892578125,237.35479736328125,105.75779724121094,108.78250122070312
444.4718017578125,236.01280212402344,107.48300170898438,110.22370147705078
439.4851989746094,235.4897003173828,112.73909759521484,125.92340087890625
445.8558044433594,238.9803924560547,106.58740234375,108.90450286865234
443.3194885253906,238.5561065673828,108.42569732666016,116.06449890136719
448.15631103515625,235.82229614257812,106.0186996459961,111.85240173339844
444.62359619140625,239.6425018310547,107.40509796142578,113.01529693603516
445.6560974121094,240.88059997558594,107.42749786376953,110.4041976928711
443.44659423828125,241.70269775390625,110.1010971069336,118.74430084228516
446.9422912597656,241.35330200195312,106.89540100097656,109.55719757080078
445.2098083496094,242.0782012939453,108.02880096435547,113.05470275878906
444.65179443359375,245.4324951171875,106.97779846191406,112.8207015991211
447.6391906738281,245.89329528808594,103.60050201416016,109.38980102539062
448.94390869140625,248.00289916992188,101.25389862060547,107.53230285644531
448.4566955566406,250.0583953857422,97.39830017089844,108.2957992553711
450.4450988769531,248.62899780273438,95.33070373535156,108.7416000366211
450.34619140625,249.52549743652344,94.76820373535156,111.57360076904297
451.6689147949219,251.43910217285156,93.33920288085938,107.7979965209961
451.8103942871094,249.98060607910156,92.58460235595703,109.57959747314453
451.4762878417969,250.51449584960938,91.69920349121094,109.1095962524414
452.3013000488281,249.6468963623047,91.32990264892578,108.6134033203125
453.2261962890625,249.72549438476562,91.25279998779297,109.49819946289062
452.2002868652344,249.1864013671875,94.04940032958984,109.1270980834961
453.0231018066406,249.31680297851562,94.74210357666016,107.61710357666016
453.618896484375,249.48500061035156,92.66909790039062,108.07589721679688
453.4330139160156,249.32249450683594,95.03520202636719,108.06269836425781
452.7558898925781,250.2301025390625,92.83679962158203,107.89920043945312
451.9660949707031,249.93580627441406,97.41400146484375,107.24539947509766
454.1979064941406,249.6820068359375,90.52449798583984,107.90380096435547
453.5458068847656,249.4405059814453,93.5165023803711,108.88310241699219
454.4079895019531,248.13540649414062,89.90399932861328,109.56999969482422
453.60150146484375,249.74400329589844,90.55940246582031,109.37580108642578
453.1715087890625,249.75180053710938,90.10440063476562,109.04049682617188
452.606201171875,248.82620239257812,89.46730041503906,109.97339630126953
452.29058837890625,250.46180725097656,88.55149841308594,108.5271987915039
453.3758850097656,248.96409606933594,86.28959655761719,109.36219787597656
453.65948486328125,248.00489807128906,85.1958999633789,109.72049713134766
453.2908935546875,249.5457000732422,83.7155990600586,107.70719909667969
454.3446044921875,246.8343963623047,84.39360046386719,109.13739776611328
453.50640869140625,247.66720581054688,86.02490234375,107.31420135498047
454.0953063964844,247.5238037109375,87.15750122070312,106.3041000366211
452.402587890625,247.22340393066406,89.17379760742188,106.42060089111328
454.8077087402344,247.26100158691406,86.88700103759766,106.66889953613281
452.66009521484375,247.07620239257812,89.09300231933594,105.95899963378906
453.7712097167969,248.13150024414062,87.37239837646484,104.22219848632812
453.9468078613281,247.42979431152344,87.1406021118164,104.72640228271484
454.9429016113281,246.2198944091797,85.03079986572266,104.81390380859375
454.95770263671875,243.39529418945312,82.09980010986328,105.72750091552734
453.6969909667969,240.5688018798828,80.50980377197266,109.80919647216797
453.82501220703125,239.25399780273438,82.81330108642578,110.80780029296875
454.7380065917969,237.2187957763672,80.82939910888672,111.86329650878906
455.18780517578125,238.0366973876953,78.63680267333984,110.9384994506836
456.1047058105469,237.9134979248047,78.34819793701172,110.5302963256836
457.4997863769531,239.0854949951172,77.2301025390625,109.00650024414062
458.9220886230469,234.75669860839844,77.6626968383789,112.73200225830078
459.9525146484375,235.09339904785156,79.03559875488281,112.38719940185547
460.4281005859375,235.90530395507812,76.52040100097656,112.0708999633789
461.1924133300781,236.54710388183594,78.55809783935547,111.87129974365234
462.29278564453125,235.01780700683594,82.7885971069336,111.5291976928711
462.63140869140625,235.8074951171875,82.62950134277344,111.35559844970703
461.11639404296875,236.0115966796875,82.43419647216797,110.90809631347656
460.18218994140625,235.0657958984375,86.08309936523438,111.02069854736328
458.60430908203125,232.30490112304688,84.53009796142578,113.52130126953125
458.1785888671875,234.43319702148438,85.28679656982422,112.8323974609375
456.7222900390625,232.9217987060547,88.66680145263672,113.53900146484375
457.3494873046875,232.22000122070312,87.989501953125,113.85859680175781
456.8908996582031,233.8249969482422,84.76509857177734,112.04920196533203
454.96490478515625,232.6324005126953,88.10350036621094,114.48500061035156
454.1724853515625,234.8441925048828,87.21320343017578,111.98789978027344
454.5299072265625,233.9803924560547,86.67639923095703,112.21179962158203
454.96728515625,234.35589599609375,87.36530303955078,112.38960266113281
449.4103088378906,235.9927978515625,94.60649871826172,111.61969757080078
453.5820007324219,237.07510375976562,88.42479705810547,109.5802001953125
450.5744934082031,238.42630004882812,94.37069702148438,108.41329956054688
451.2591857910156,239.4259033203125,94.62349700927734,107.39849853515625
452.3935852050781,238.16720581054688,91.58329772949219,108.23310089111328
452.714599609375,235.781494140625,95.30580139160156,111.10929870605469
453.20550537109375,232.41310119628906,96.19950103759766,115.5073013305664
453.26220703125,233.98170471191406,95.27970123291016,114.8208999633789
457.93328857421875,230.43359375,90.41020202636719,115.79550170898438
455.9670104980469,229.83889770507812,93.81690216064453,117.54239654541016
457.5408020019531,230.53399658203125,94.1249008178711,115.52780151367188
456.6105041503906,232.4501953125,95.70610046386719,113.77940368652344
458.3788146972656,235.00270080566406,96.57669830322266,110.63739776611328
457.6542053222656,235.0550994873047,95.68119812011719,108.85330200195312
457.0318908691406,235.15699768066406,97.3656997680664,110.11799621582031
455.9472961425781,233.4490966796875,99.3822021484375,110.41400146484375
454.62030029296875,234.94479370117188,100.45369720458984,109.62120056152344
453.4424133300781,232.84210205078125,102.58540344238281,111.67729949951172
454.6980895996094,239.28070068359375,101.65889739990234,106.3279037475586
452.78851318359375,233.4116973876953,102.67410278320312,111.39659881591797
454.1871032714844,237.2373046875,102.27870178222656,107.60600280761719
453.2452087402344,231.53109741210938,103.8093032836914,111.79550170898438
454.60308837890625,236.7436981201172,101.69819641113281,106.51399993896484
452.92010498046875,233.5601043701172,103.12930297851562,108.42549896240234
453.7189025878906,235.34829711914062,102.49810028076172,107.63520050048828
454.1044006347656,234.9788055419922,102.86090087890625,106.99530029296875
452.3009948730469,232.87899780273438,102.83760070800781,108.98719787597656
451.6416931152344,235.6490936279297,103.7073974609375,106.53230285644531
450.3830871582031,231.21539306640625,104.89830017089844,109.60040283203125
451.36151123046875,230.4915008544922,104.23419952392578,110.00650024414062
450.4252014160156,236.11599731445312,105.29170227050781,106.72930145263672
455.3546142578125,235.34979248046875,100.34559631347656,106.04940032958984
448.0267028808594,232.49989318847656,107.52069854736328,112.62960052490234
449.72100830078125,229.31410217285156,105.71260070800781,113.3469009399414
451.1492919921875,229.74009704589844,103.74639892578125,110.85389709472656
447.9122009277344,230.95230102539062,106.65360260009766,108.09339904785156
454.39959716796875,233.97300720214844,100.0094985961914,106.75140380859375
453.2156982421875,233.89169311523438,101.3501968383789,108.44999694824219
451.1055908203125,233.32260131835938,104.51789855957031,108.4927978515625
453.32611083984375,235.91799926757812,103.67649841308594,106.58390045166016
451.3041076660156,234.90640258789062,104.51580047607422,109.32369995117188
452.92608642578125,236.30209350585938,103.82039642333984,109.10379791259766
453.7430114746094,237.80850219726562,103.41889953613281,107.9634017944336
452.66259765625,237.15960693359375,104.6875,110.4468994140625
451.8810119628906,239.30929565429688,104.13240051269531,108.94490051269531
453.1153869628906,237.42730712890625,104.21199798583984,108.55599975585938
453.57550048828125,238.3101043701172,103.46849822998047,110.79049682617188
454.0700988769531,239.74440002441406,102.38680267333984,106.20590209960938
452.9661865234375,238.6490936279297,103.88079833984375,107.39199829101562
453.6239013671875,238.03720092773438,103.63839721679688,108.143798828125
454.21148681640625,236.810302734375,103.66690063476562,109.38809967041016
453.635986328125,236.37950134277344,103.10649871826172,109.93209838867188
454.34521484375,237.36219787597656,102.85150146484375,108.91239929199219
453.9393005371094,238.4553985595703,102.75279998779297,108.67870330810547
454.07830810546875,241.16819763183594,103.13860321044922,105.57720184326172
453.3403015136719,241.2758026123047,103.85320281982422,104.6792984008789
454.8174133300781,241.80389404296875,103.0687026977539,103.61959838867188
454.1778869628906,242.81089782714844,103.16220092773438,103.59459686279297
453.7843933105469,243.57749938964844,103.5115966796875,101.8147964477539
453.7026062011719,241.5511016845703,103.44219970703125,104.55059814453125
455.2619934082031,241.3592987060547,101.05509948730469,103.87570190429688
454.3210144042969,243.11720275878906,102.7666015625,101.98480224609375
454.28448486328125,243.0157928466797,101.87429809570312,101.14330291748047
454.4483947753906,239.6450958251953,101.46170043945312,102.18710327148438
454.8670959472656,240.7375946044922,101.39990234375,101.18460083007812
454.54229736328125,240.97079467773438,99.82939910888672,100.70240020751953
455.1684875488281,239.63540649414062,101.91600036621094,102.23860168457031
455.21551513671875,241.635498046875,100.2217025756836,99.21839904785156
455.7937927246094,239.59190368652344,98.29429626464844,100.581298828125
455.6337890625,238.4904022216797,98.71119689941406,103.0208969116211
455.4248046875,237.94760131835938,99.30110168457031,104.12210083007812
455.7456970214844,236.66639709472656,99.67919921875,105.02970123291016
454.6246032714844,236.3842010498047,101.71170043945312,106.96829986572266
457.0599060058594,236.25340270996094,99.38749694824219,105.97930145263672
455.8418884277344,234.12840270996094,100.80899810791016,107.99629974365234
455.8642883300781,234.1262969970703,101.08480072021484,109.05500030517578
456.5918884277344,234.1251983642578,100.97100067138672,109.12030029296875
454.239990234375,232.86439514160156,101.48970031738281,111.35369873046875
454.2694091796875,234.62570190429688,101.80110168457031,109.24590301513672
454.1694030761719,232.98699951171875,97.95860290527344,111.56829833984375
452.2456970214844,232.4091033935547,97.91639709472656,112.74040222167969
453.34600830078125,232.889892578125,99.28820037841797,111.05780029296875
454.6951904296875,233.0988006591797,99.6323013305664,109.05390167236328
455.5714111328125,232.289794921875,96.91100311279297,111.4813003540039
455.98480224609375,231.17010498046875,97.11360168457031,111.9572982788086
454.3109130859375,231.2760009765625,94.80699920654297,112.64739990234375
454.79620361328125,226.5742950439453,99.997802734375,116.5374984741211
457.4435119628906,228.92640686035156,94.82559967041016,115.00700378417969
456.9989013671875,230.60609436035156,94.77359771728516,113.51529693603516
456.38409423828125,229.716796875,97.5790023803711,113.26519775390625
454.15740966796875,229.52969360351562,100.03119659423828,112.95359802246094
456.56689453125,230.4990997314453,93.0907974243164,112.21549987792969
453.9710998535156,224.30780029296875,99.47360229492188,118.79340362548828
453.1653137207031,225.62359619140625,103.88580322265625,116.69390106201172
450.3323059082031,224.6405029296875,105.47250366210938,117.17500305175781
446.8374938964844,220.8778076171875,107.08699798583984,120.42970275878906
446.89801025390625,222.59910583496094,106.30509948730469,118.46540069580078
444.2810974121094,222.92730712890625,113.28929901123047,118.79119873046875
442.50408935546875,222.64190673828125,107.97460174560547,117.50810241699219
441.08441162109375,223.2592010498047,111.1875991821289,117.03019714355469
439.8728942871094,222.65040588378906,111.37680053710938,117.05400085449219
435.40838623046875,220.9080047607422,116.76349639892578,118.23819732666016
443.043212890625,219.2259979248047,108.6852035522461,119.30380249023438
446.1451110839844,217.69129943847656,105.18240356445312,120.39659881591797
430.12701416015625,215.32769775390625,120.5521011352539,122.80979919433594
434.73480224609375,209.87879943847656,111.07640075683594,127.23889923095703
427.0303955078125,209.0854949951172,119.5719985961914,127.51809692382812
425.6531982421875,208.60800170898438,120.21420288085938,125.73699951171875
425.7983093261719,209.07049560546875,116.34439849853516,124.68080139160156
424.2174072265625,211.21240234375,117.17330169677734,122.46119689941406
440.1184997558594,212.22579956054688,104.24849700927734,121.45829772949219
451.1875,214.99729919433594,94.69490051269531,117.75689697265625
448.1946105957031,207.4145965576172,95.76820373535156,122.07859802246094
452.1661071777344,208.4636993408203,95.02989959716797,122.6073989868164
450.7901916503906,206.43429565429688,94.7698974609375,117.46109771728516
455.0325927734375,207.0115966796875,93.83329772949219,113.68060302734375
448.5784912109375,205.0124969482422,98.7833023071289,113.9083023071289
449.95208740234375,208.73590087890625,99.78800201416016,111.64610290527344
450.28900146484375,203.98599243164062,99.1947021484375,113.65160369873047
451.0137023925781,207.0718994140625,98.29209899902344,108.8218994140625
449.1435852050781,207.22689819335938,102.03690338134766,105.57820129394531
452.53729248046875,206.22689819335938,97.93190002441406,105.02909851074219
451.7594909667969,207.74240112304688,98.52469635009766,102.94110107421875
453.3539123535156,208.3656005859375,97.19609832763672,102.9292984008789
452.1122131347656,206.9022979736328,99.32050323486328,102.24710083007812
454.38299560546875,208.043701171875,95.13369750976562,101.7123031616211
451.0491943359375,212.6221923828125,101.04740142822266,98.25160217285156
451.5653076171875,205.8076934814453,97.98639678955078,104.4927978515625
449.7018127441406,205.66659545898438,99.80400085449219,103.90350341796875
449.6393127441406,203.77720642089844,100.072998046875,107.80380249023438
449.6966857910156,204.36219787597656,101.09320068359375,106.78350067138672
451.8002014160156,203.41290283203125,99.91239929199219,106.18180084228516
450.2652893066406,201.47189331054688,98.28189849853516,108.84380340576172
447.74951171875,205.9626007080078,103.947998046875,106.0604019165039
445.7267150878906,202.60049438476562,102.43119812011719,108.55500030517578
445.7142028808594,200.94610595703125,102.8989028930664,110.9103012084961
444.56390380859375,200.16180419921875,106.48320007324219,112.02169799804688
446.4455871582031,199.26510620117188,102.2029037475586,111.65029907226562
443.70660400390625,199.29559326171875,103.44270324707031,112.6156005859375
441.5318908691406,201.8927001953125,108.75789642333984,113.34110260009766
445.25531005859375,198.55279541015625,102.6416015625,112.84970092773438
444.0851135253906,197.54159545898438,104.90509796142578,115.04350280761719
445.1532897949219,196.777099609375,102.06089782714844,115.13420104980469
446.6632995605469,195.9691925048828,103.69259643554688,116.0531997680664
446.36871337890625,195.1446075439453,100.31600189208984,116.3666000366211
445.1460876464844,195.49920654296875,105.2156982421875,116.81310272216797
444.9046936035156,195.22900390625,101.81670379638672,116.7322998046875
444.8406066894531,194.43719482421875,104.3916015625,117.89859771728516
445.3900146484375,193.68910217285156,103.94380187988281,119.21440124511719
445.2102966308594,192.26800537109375,103.5687026977539,122.17630004882812
444.2156066894531,192.26800537109375,102.22319793701172,124.20780181884766
447.9595947265625,192.74569702148438,98.68689727783203,119.9468002319336
448.1659851074219,191.8701934814453,100.93199920654297,125.89559936523438
447.9642028808594,192.45419311523438,98.66999816894531,122.33509826660156
449.71551513671875,194.1385040283203,99.91600036621094,117.55609893798828
449.2331848144531,192.44500732421875,97.07050323486328,122.19100189208984
449.8562927246094,190.88380432128906,99.84860229492188,118.47119903564453
448.9320068359375,188.65719604492188,99.71880340576172,121.52210235595703
449.6383972167969,189.96949768066406,102.1353988647461,115.52149963378906
449.6416931152344,188.548095703125,101.53820037841797,116.21160125732422
449.4743957519531,187.6053009033203,103.09190368652344,114.58689880371094
448.3489990234375,186.13839721679688,103.9613037109375,115.53459930419922
449.2278137207031,185.4696044921875,103.35569763183594,112.75659942626953
449.5455017089844,184.36390686035156,103.36160278320312,110.1239013671875
447.7347106933594,183.93280029296875,103.27349853515625,107.40550231933594
441.8393859863281,180.18820190429688,109.10669708251953,118.17630004882812
449.3116149902344,180.94859313964844,100.79019927978516,107.2114028930664
440.7615966796875,181.94659423828125,107.09739685058594,109.239501953125
448.46319580078125,180.5601043701172,100.30590057373047,108.00260162353516
446.44158935546875,180.70449829101562,102.06050109863281,108.78669738769531
443.3916931152344,180.0771026611328,104.79989624023438,109.1677017211914
445.631591796875,178.65969848632812,98.50140380859375,109.09629821777344
447.40380859375,180.218505859375,95.7863998413086,107.34989929199219
443.3703918457031,179.5218963623047,98.36859893798828,111.34030151367188
444.0657043457031,179.93710327148438,93.2334976196289,112.34110260009766
439.6711120605469,181.07179260253906,94.89029693603516,113.41940307617188
441.51239013671875,182.44650268554688,91.06809997558594,113.29209899902344
440.41461181640625,183.28509521484375,89.36029815673828,114.8740005493164
440.22198486328125,184.05389404296875,88.3134994506836,119.05840301513672
438.9621887207031,185.6920928955078,86.79850006103516,120.12049865722656
438.026611328125,186.76339721679688,85.02339935302734,120.69740295410156
437.7319030761719,187.4084930419922,82.90689849853516,121.39440155029297
436.1076965332031,187.96580505371094,83.92369842529297,122.59629821777344
434.37451171875,189.10719299316406,84.7969970703125,123.46810150146484
434.0238952636719,189.02479553222656,84.2865982055664,124.92539978027344
432.8109130859375,191.47000122070312,83.49019622802734,123.19309997558594
431.5946960449219,192.63780212402344,85.24140167236328,122.95140075683594
431.4924011230469,193.45559692382812,86.46520233154297,123.33100128173828
430.4364929199219,195.4091033935547,85.79759979248047,121.7426986694336
430.35888671875,196.83340454101562,87.81680297851562,121.20040130615234
430.9529113769531,199.19650268554688,86.19190216064453,120.34120178222656
432.6835021972656,202.39999389648438,84.75589752197266,118.82740020751953
434.0257873535156,203.3347930908203,82.60399627685547,119.16400146484375
434.3293151855469,205.65269470214844,82.96060180664062,118.2750015258789
436.1256103515625,209.03030395507812,80.56189727783203,115.92169952392578
434.1935119628906,207.83090209960938,83.40630340576172,117.44619750976562
434.568115234375,207.4893035888672,81.74320220947266,117.31060028076172
434.1705017089844,206.81869506835938,83.48400115966797,118.15339660644531
433.1325988769531,204.52760314941406,80.02570343017578,120.0792007446289
430.4700012207031,204.3538055419922,83.87889862060547,119.77749633789062
430.14739990234375,204.3070068359375,82.45939636230469,119.37889862060547
428.593505859375,205.14259338378906,81.83260345458984,119.59919738769531
424.62548828125,200.2924041748047,83.45130157470703,123.8051986694336
428.3312072753906,197.951904296875,77.13639831542969,124.81539916992188
421.4953918457031,203.42050170898438,83.78009796142578,119.4030990600586
423.45831298828125,201.0762939453125,80.03820037841797,121.11190032958984
424.8648986816406,208.50759887695312,77.62969970703125,112.3279037475586
420.6430969238281,213.2606964111328,78.77999877929688,106.1365966796875
423.0776062011719,219.6949005126953,77.88490295410156,98.13990020751953
417.2820129394531,219.83999633789062,80.74199676513672,96.04570007324219
418.71551513671875,221.25619506835938,80.43820190429688,94.29720306396484
414.3817138671875,221.36669921875,82.81549835205078,93.810302734375
418.6485900878906,220.70559692382812,79.10079956054688,95.02420043945312
415.4432067871094,221.96139526367188,79.09870147705078,94.0342025756836
416.35430908203125,203.22000122070312,81.53450012207031,115.77549743652344
411.7012023925781,219.96429443359375,79.59020233154297,99.7123031616211
409.09539794921875,197.3715057373047,89.12699890136719,124.6884994506836
407.3092041015625,212.0802001953125,83.06199645996094,111.17829895019531
406.1734924316406,202.13059997558594,86.25409698486328,123.03790283203125
404.7940979003906,219.3444061279297,81.935302734375,106.61910247802734
403.6265869140625,219.822998046875,81.43489837646484,106.54540252685547
401.7109069824219,220.16610717773438,82.39739990234375,107.27300262451172
401.0158996582031,220.5131072998047,83.76249694824219,107.96730041503906
399.0061950683594,210.11810302734375,87.02050018310547,118.92479705810547
396.0115966796875,210.83779907226562,87.82759857177734,118.49130249023438
393.2340087890625,207.62049865722656,90.80670166015625,121.972900390625
389.8341979980469,204.98519897460938,91.34970092773438,125.3781967163086
388.7239074707031,207.19729614257812,90.0833969116211,123.59490203857422
385.7438049316406,215.33140563964844,90.47200012207031,116.94560241699219
383.29681396484375,219.52650451660156,89.99510192871094,114.12090301513672
380.10101318359375,221.62640380859375,90.68180084228516,113.75360107421875
376.2423095703125,218.9727020263672,92.61969757080078,118.31079864501953
373.0133972167969,221.9873046875,94.16020202636719,116.17549896240234
370.4298095703125,223.3636016845703,94.02529907226562,115.29209899902344
368.3106994628906,225.1136932373047,93.61060333251953,114.22200012207031
366.2493896484375,227.35079956054688,92.58080291748047,113.98570251464844
362.5067138671875,227.76010131835938,95.70690155029297,112.10970306396484
363.2914123535156,229.05880737304688,92.7771987915039,111.6948013305664
360.7029113769531,229.3426971435547,92.39920043945312,110.56939697265625
359.9847106933594,229.5196990966797,89.40609741210938,109.37560272216797
358.8489074707031,228.2971954345703,87.98200225830078,109.4989013671875
358.5740966796875,226.8336944580078,84.63990020751953,109.01679992675781
359.3414001464844,226.81300354003906,81.59049987792969,109.20159912109375
358.55511474609375,222.6748046875,81.15139770507812,111.9977035522461
358.14349365234375,225.27569580078125,79.58899688720703,107.34359741210938
357.0440979003906,222.23199462890625,79.2417984008789,108.5479965209961
357.99749755859375,224.8907012939453,75.66729736328125,104.17179870605469
