1
88.97899627685547,33.59489822387695,61.8031005859375,60.110599517822266
110.24949645996094,43.56919860839844,60.404998779296875,61.95320129394531
133.74729919433594,52.92850112915039,59.754798889160156,52.337100982666016
151.68760681152344,58.0453987121582,52.37300109863281,54.6343994140625
168.74130249023438,61.10279846191406,51.07339859008789,55.05820083618164
181.32090759277344,64.02120208740234,48.140201568603516,51.65650177001953
193.38589477539062,64.1281967163086,43.76300048828125,48.85169982910156
202.88479614257812,64.80829620361328,40.0984001159668,47.066200256347656
209.68359375,65.45870208740234,41.82609939575195,46.95539855957031
211.93179321289062,63.918399810791016,43.51689910888672,48.32899856567383
214.5590057373047,65.38690185546875,43.726200103759766,47.60110092163086
214.3529052734375,66.74659729003906,45.16550064086914,46.16550064086914
213.30960083007812,68.50360107421875,46.327301025390625,45.52560043334961
209.0093994140625,70.05940246582031,48.579200744628906,45.91939926147461
203.8144989013672,71.64099884033203,48.54410171508789,46.8828010559082
198.10409545898438,74.7686996459961,49.7223014831543,47.62099838256836
191.1334991455078,77.38400268554688,50.648399353027344,48.91579818725586
184.02699279785156,79.86840057373047,49.24079895019531,49.56050109863281
174.72520446777344,80.94529724121094,46.811100006103516,50.19430160522461
164.8863067626953,81.20809936523438,47.6338005065918,50.263999938964844
151.9221954345703,81.96029663085938,48.9838981628418,49.21080017089844
135.69110107421875,80.72470092773438,56.13880157470703,48.30830001831055
122.47059631347656,77.92169952392578,53.19139862060547,49.93170166015625
111.10189819335938,75.42919921875,54.514198303222656,49.13029861450195
99.26570129394531,71.38890075683594,57.414398193359375,52.96879959106445
89.83390045166016,69.65509796142578,58.98789978027344,53.57680130004883
82.08809661865234,67.63249969482422,55.108699798583984,51.31399917602539
82.05139923095703,63.9281005859375,50.53519821166992,51.29100036621094
71.21420288085938,59.59579849243164,59.55039978027344,50.83689880371094
67.66200256347656,54.92649841308594,62.930301666259766,51.08940124511719
64.9136962890625,54.39630126953125,65.36630249023438,52.840599060058594
65.09239959716797,52.02280044555664,65.66570281982422,56.16659927368164
71.34700012207031,47.96039962768555,66.75830078125,56.309600830078125
78.98190307617188,48.809600830078125,64.88369750976562,55.18450164794922
84.94400024414062,51.412200927734375,64.1488037109375,56.56800079345703
95.75589752197266,58.534698486328125,60.650001525878906,55.3109016418457
106.90370178222656,69.82659912109375,56.93050003051758,54.202301025390625
111.32109832763672,80.57360076904297,58.140098571777344,56.33660125732422
122.37220001220703,92.48680114746094,54.135398864746094,55.88420104980469
134.31320190429688,102.14720153808594,50.93550109863281,51.9828987121582
140.7281951904297,111.08499908447266,51.96009826660156,50.22010040283203
153.2845001220703,119.65640258789062,47.42879867553711,47.22700119018555
162.8988037109375,125.52770233154297,42.116600036621094,47.20069885253906
170.58590698242188,129.26170349121094,42.60329818725586,46.701499938964844
174.23350524902344,132.55029296875,45.007999420166016,47.75279998779297
179.2913055419922,137.3206024169922,44.39070129394531,47.198299407958984
183.01890563964844,143.1439971923828,45.59130096435547,46.02730178833008
184.43479919433594,150.11549377441406,46.77870178222656,44.43239974975586
186.5308074951172,155.09539794921875,46.76620101928711,44.4286003112793
185.6945037841797,159.0915985107422,49.00699996948242,45.11479949951172
183.5908966064453,162.43060302734375,49.33869934082031,46.038700103759766
182.41290283203125,166.5572052001953,47.425498962402344,46.475101470947266
179.13250732421875,171.4542999267578,47.94729995727539,47.77439880371094
173.15550231933594,176.9821014404297,48.26029968261719,46.343101501464844
166.36480712890625,181.16799926757812,49.00809860229492,47.010799407958984
158.9613037109375,184.57110595703125,49.42879867553711,48.63740158081055
149.03289794921875,188.30580139160156,50.957401275634766,52.07149887084961
138.44020080566406,191.5561981201172,49.9296989440918,53.306400299072266
126.09290313720703,192.44720458984375,50.792301177978516,55.500099182128906
112.6771011352539,193.2480010986328,52.06060028076172,56.344398498535156
99.28230285644531,192.6595001220703,52.77519989013672,57.779598236083984
85.15840148925781,190.6114959716797,52.066200256347656,56.8390007019043
70.931396484375,185.27259826660156,52.83829879760742,57.377601623535156
57.84830093383789,179.347900390625,55.2411994934082,57.43949890136719
50.806400299072266,167.1981964111328,52.75410079956055,60.960601806640625
35.330101013183594,160.8018035888672,57.35530090332031,60.797298431396484
24.234899520874023,155.5926971435547,61.15879821777344,60.003501892089844
13.880900382995605,154.091796875,65.2197036743164,57.00490188598633
1.8221999406814575,148.0334930419922,72.48760223388672,62.882598876953125
0.19480000436306,149.78610229492188,70.4990005493164,61.69179916381836
0.6474999785423279,145.95199584960938,66.51529693603516,66.98539733886719
1.1145999431610107,146.18699645996094,65.07569885253906,71.36270141601562
2.9690001010894775,158.7617950439453,64.01519775390625,63.88759994506836
3.4467999935150146,168.74009704589844,67.91790008544922,57.410099029541016
12.448699951171875,174.0529022216797,63.84590148925781,62.89680099487305
22.45319938659668,177.28550720214844,60.625301361083984,61.95640182495117
36.94129943847656,188.6732940673828,53.82440185546875,56.68149948120117
51.785701751708984,190.29580688476562,50.246299743652344,58.101898193359375
63.11819839477539,193.1887969970703,49.55569839477539,57.8026008605957
77.2958984375,194.91380310058594,47.734901428222656,55.46120071411133
92.03019714355469,196.1013946533203,44.56949996948242,52.60219955444336
105.40899658203125,197.58299255371094,44.12919998168945,49.39569854736328
117.52749633789062,196.47239685058594,44.356201171875,47.990501403808594
126.44090270996094,196.08169555664062,48.394901275634766,46.04460144042969
137.027099609375,195.20640563964844,45.29990005493164,44.1775016784668
147.05360412597656,193.33070373535156,47.418800354003906,44.21950149536133
155.12289428710938,195.4868927001953,47.24259948730469,41.6963996887207
161.6378936767578,195.7480010986328,48.3672981262207,40.4838981628418
160.72549438476562,195.41600036621094,48.3744010925293,40.722599029541016
167.77330017089844,195.08279418945312,46.200599670410156,41.09489822387695
167.6746063232422,196.55299377441406,46.85260009765625,40.36119842529297
172.22239685058594,196.95550537109375,46.935298919677734,40.4031982421875
172.1967010498047,195.22740173339844,46.64799880981445,43.00910186767578
177.7864990234375,198.0323028564453,42.94369888305664,41.5994987487793
181.98159790039062,200.80960083007812,42.18439865112305,41.057701110839844
182.91600036621094,202.78660583496094,40.84450149536133,41.08980178833008
185.4272003173828,204.97129821777344,39.692100524902344,42.327301025390625
184.63800048828125,205.45030212402344,40.42169952392578,46.80540084838867
182.2274932861328,207.63479614257812,41.90769958496094,46.196998596191406
180.0196990966797,208.3007049560547,41.784000396728516,47.552398681640625
177.24119567871094,208.05029296875,41.880699157714844,48.14649963378906
173.36329650878906,209.35470581054688,41.88079833984375,47.999900817871094
169.9250946044922,210.80459594726562,40.50590133666992,47.597900390625
164.53900146484375,211.5001983642578,41.41339874267578,46.44340133666992
156.94659423828125,212.05149841308594,45.40439987182617,45.96139907836914
149.89309692382812,213.10699462890625,46.99480056762695,45.88909912109375
143.0406036376953,212.0550994873047,49.220401763916016,48.8125
135.21189880371094,212.5791015625,49.6515007019043,50.00669860839844
128.04640197753906,212.85400390625,51.15169906616211,51.3932991027832
119.908203125,214.610107421875,54.58340072631836,51.09320068359375
113.3373031616211,215.1800994873047,57.13100051879883,50.874900817871094
107.38159942626953,212.89259338378906,57.96030044555664,50.9380989074707
104.10079956054688,208.36520385742188,57.86320114135742,53.127201080322266
101.17849731445312,203.7178955078125,56.44269943237305,53.109500885009766
98.89289855957031,200.64059448242188,55.82170104980469,51.98139953613281
96.1050033569336,197.95159912109375,54.43339920043945,50.707698822021484
94.49739837646484,196.79220581054688,52.08470153808594,50.284000396728516
93.27619934082031,195.56109619140625,50.91350173950195,50.864898681640625
91.0863037109375,193.22059631347656,50.485599517822266,51.48619842529297
90.28179931640625,192.47439575195312,49.20970153808594,51.33100128173828
89.14209747314453,191.7156982421875,47.390499114990234,51.81629943847656
88.4832992553711,192.96749877929688,46.49190139770508,49.13330078125
88.73169708251953,192.70359802246094,43.77519989013672,48.774600982666016
90.05690002441406,193.1645050048828,41.1338996887207,46.99800109863281
82.02860260009766,193.88330078125,49.862300872802734,48.99079895019531
56.922698974609375,196.1365966796875,76.50450134277344,50.40739822387695
60.87189865112305,195.152099609375,75.14099884033203,50.5718994140625
64.5009994506836,195.19760131835938,73.66100311279297,49.985198974609375
67.28610229492188,195.03619384765625,72.7781982421875,49.60599899291992
70.62650299072266,196.13369750976562,71.97109985351562,49.92559814453125
73.96080017089844,196.93490600585938,70.6510009765625,49.30329895019531
74.0779037475586,198.61940002441406,74.98149871826172,49.512298583984375
74.62049865722656,198.97760009765625,78.87539672851562,50.826499938964844
109.35859680175781,201.31410217285156,49.86399841308594,46.47919845581055
115.31559753417969,200.898193359375,49.916900634765625,46.15909957885742
122.06159973144531,202.35440063476562,47.58110046386719,46.097999572753906
127.6968002319336,202.6905975341797,48.07059860229492,46.600399017333984
132.82080078125,202.62120056152344,46.919898986816406,47.36470031738281
139.1280975341797,202.39540100097656,46.84080123901367,47.53900146484375
145.03919982910156,202.5803985595703,46.92110061645508,47.24679946899414
150.14309692382812,203.66990661621094,44.459800720214844,47.16239929199219
155.89120483398438,205.15809631347656,42.57149887084961,46.1150016784668
159.97860717773438,205.78970336914062,40.95240020751953,46.03990173339844
163.16859436035156,206.4763946533203,42.42729949951172,46.112701416015625
165.93910217285156,207.8988037109375,40.84809875488281,46.1239013671875
168.72219848632812,208.94549560546875,39.52119827270508,45.47100067138672
169.87010192871094,210.0308074951172,38.890201568603516,45.36840057373047
168.1667022705078,212.8527069091797,40.575599670410156,44.21770095825195
167.66090393066406,213.4019012451172,41.80550003051758,45.88330078125
165.20010375976562,215.23899841308594,42.68429946899414,46.087100982666016
162.95730590820312,215.68429565429688,42.402099609375,46.304901123046875
159.11219787597656,217.6031036376953,44.222801208496094,44.844200134277344
154.21690368652344,218.01390075683594,45.71080017089844,44.38759994506836
148.0841064453125,218.56390380859375,48.614601135253906,44.977500915527344
143.9407958984375,219.8739013671875,47.5088996887207,44.813499450683594
138.714599609375,218.82949829101562,45.07630157470703,46.12990188598633
133.42820739746094,220.25990295410156,44.64780044555664,47.00490188598633
126.79149627685547,219.8372039794922,45.669700622558594,46.80979919433594
120.88800048828125,220.42979431152344,46.769798278808594,46.7760009765625
102.45020294189453,221.656494140625,58.07109832763672,47.15999984741211
98.76260375976562,219.59779357910156,56.12649917602539,48.9536018371582
78.47160339355469,218.0301971435547,71.22049713134766,49.351200103759766
75.04850006103516,216.67520141601562,69.44439697265625,50.92580032348633
72.68260192871094,216.38409423828125,67.49079895019531,50.75910186767578
71.16899871826172,215.01730346679688,67.01799774169922,51.467498779296875
64.95719909667969,213.9792938232422,76.01609802246094,53.29280090332031
87.71530151367188,213.5146942138672,54.38990020751953,51.437198638916016
93.18479919433594,212.70689392089844,50.8203010559082,49.49639892578125
98.32140350341797,210.302001953125,50.1510009765625,51.01559829711914
102.23639678955078,208.4008026123047,50.676700592041016,52.1619987487793
108.13700103759766,206.72720336914062,49.661399841308594,52.49580001831055
113.97709655761719,203.8292999267578,51.74399948120117,54.17599868774414
118.80979919433594,201.36729431152344,54.180198669433594,54.4005012512207
125.8115005493164,198.48289489746094,52.256900787353516,54.76319885253906
132.44729614257812,197.27349853515625,52.036598205566406,54.13019943237305
139.23330688476562,196.42250061035156,53.58110046386719,54.179901123046875
147.6385955810547,194.05909729003906,53.059200286865234,53.8203010559082
153.7346954345703,192.73849487304688,53.48780059814453,52.782100677490234
160.94749450683594,191.0655059814453,50.26919937133789,52.319801330566406
165.8925018310547,190.14930725097656,48.8739013671875,52.9379997253418
170.7406005859375,188.82809448242188,48.19770050048828,52.7666015625
173.6638946533203,188.81520080566406,46.292198181152344,52.49290084838867
175.82220458984375,188.68319702148438,44.885799407958984,51.870201110839844
178.0247039794922,187.47279357910156,42.895301818847656,51.52989959716797
177.69219970703125,187.2100067138672,41.89039993286133,50.67020034790039
175.5001983642578,186.06109619140625,42.701900482177734,50.618900299072266
171.5126953125,184.97900390625,43.70909881591797,50.48649978637695
167.3314971923828,184.5760955810547,44.84280014038086,49.17829895019531
160.20179748535156,184.41900634765625,46.30390167236328,47.555198669433594
154.49510192871094,183.0124969482422,47.06869888305664,48.035400390625
145.8509063720703,181.36270141601562,47.97650146484375,48.67679977416992
138.33729553222656,180.83839416503906,48.62099838256836,48.487701416015625
129.59129333496094,182.16070556640625,48.02450180053711,47.07569885253906
121.16259765625,182.62869262695312,50.96189880371094,46.83470153808594
111.2125015258789,182.82679748535156,50.11439895629883,45.55739974975586
102.46219635009766,181.98699951171875,51.36470031738281,45.80820083618164
91.53150177001953,182.12210083007812,53.07590103149414,46.37300109863281
82.19660186767578,181.4488067626953,53.62730026245117,46.01250076293945
72.76100158691406,181.04690551757812,54.589298248291016,46.31159973144531
65.01730346679688,179.26409912109375,54.89590072631836,46.523101806640625
58.07170104980469,177.93280029296875,55.24879837036133,46.535701751708984
50.5989990234375,175.00680541992188,57.82640075683594,46.98040008544922
45.357601165771484,168.89500427246094,58.229000091552734,51.1697998046875
46.4197998046875,168.55709838867188,54.13759994506836,49.75910186767578
45.42150115966797,166.5115966796875,54.13759994506836,49.99399948120117
42.87649917602539,164.5355987548828,57.02410125732422,50.63589859008789
48.05580139160156,165.9470977783203,52.05670166015625,47.55540084838867
54.74879837036133,163.39439392089844,52.52909851074219,50.06909942626953
62.51860046386719,163.0050048828125,51.39830017089844,52.2505989074707
72.65499877929688,164.2332000732422,50.95000076293945,51.97589874267578
84.77749633789062,165.59280395507812,51.075401306152344,51.85179901123047
85.10070037841797,164.9362030029297,51.51409912109375,51.7046012878418
99.01789855957031,170.62109375,50.77899932861328,48.5724983215332
97.86900329589844,169.289794921875,54.32339859008789,49.47169876098633
114.31289672851562,171.5095977783203,55.24409866333008,48.74959945678711
130.28829956054688,172.845703125,49.61009979248047,48.31890106201172
147.02540588378906,171.40390014648438,60.269901275634766,50.10919952392578
168.63099670410156,171.83389282226562,59.80929946899414,48.265098571777344
188.0679931640625,167.23739624023438,60.3109016418457,52.08110046386719
208.1168975830078,164.88670349121094,50.097801208496094,50.902198791503906
226.63319396972656,163.45579528808594,48.2953987121582,49.424400329589844
243.64869689941406,158.0406951904297,44.08290100097656,49.73400115966797
259.72711181640625,153.12159729003906,41.380001068115234,49.68659973144531
272.4737854003906,149.5709991455078,38.9546012878418,47.99530029296875
283.4927062988281,145.6826934814453,35.76070022583008,46.42530059814453
291.0262145996094,141.96200561523438,34.7244987487793,45.869598388671875
297.6925048828125,137.83859252929688,33.45119857788086,44.86669921875
299.9419860839844,133.7541961669922,35.12139892578125,44.5890007019043
300.3179931640625,129.7574005126953,37.164100646972656,45.97650146484375
299.6094970703125,127.83910369873047,38.3838996887207,44.909000396728516
297.83880615234375,126.53279876708984,39.35490036010742,44.077301025390625
294.14569091796875,125.63619995117188,38.958499908447266,44.10219955444336
287.44989013671875,124.05269622802734,40.59049987792969,43.929901123046875
280.99700927734375,122.76020050048828,41.10340118408203,44.770999908447266
271.8005065917969,122.6897964477539,41.28730010986328,45.14469909667969
262.1231994628906,121.64080047607422,43.17150115966797,45.69710159301758
251.20559692382812,121.63130187988281,43.94269943237305,46.178199768066406
239.72039794921875,121.04399871826172,44.78609848022461,46.59049987792969
226.26829528808594,120.69519805908203,45.94660186767578,46.79460144042969
214.0126953125,120.74500274658203,47.08089828491211,48.01430130004883
198.11410522460938,121.05400085449219,49.11399841308594,49.0901985168457
185.7227020263672,122.02359771728516,47.80070114135742,48.980899810791016
174.2906951904297,123.38909912109375,45.74909973144531,48.998199462890625
155.47120666503906,124.972900390625,53.51179885864258,49.16279983520508
139.62489318847656,126.9188003540039,57.63909912109375,49.660400390625
124.93659973144531,127.06060028076172,59.85599899291992,52.805301666259766
114.55950164794922,127.43689727783203,61.73210144042969,52.84349822998047
108.6613998413086,129.05929565429688,61.81520080566406,52.240299224853516
104.03199768066406,129.41319274902344,61.922000885009766,51.93360137939453
102.87000274658203,128.52389526367188,62.72119903564453,53.21080017089844
102.2947998046875,126.95989990234375,63.95610046386719,54.72740173339844
106.77339935302734,126.45950317382812,62.229400634765625,53.64339828491211
114.27149963378906,124.2677001953125,60.606300354003906,55.852298736572266
123.38009643554688,122.0438003540039,62.487300872802734,56.29800033569336
139.514892578125,119.82450103759766,58.30870056152344,54.05569839477539
151.77589416503906,117.43370056152344,57.361000061035156,53.451900482177734
166.80670166015625,116.65260314941406,56.38079833984375,53.00189971923828
182.564697265625,114.41639709472656,55.64390182495117,53.64039993286133
195.40170288085938,113.98159790039062,53.548301696777344,53.2489013671875
210.08839416503906,116.22830200195312,50.912200927734375,51.1525993347168
224.30430603027344,117.42630004882812,48.537601470947266,49.46820068359375
236.514404296875,115.6875991821289,46.581199645996094,48.29209899902344
248.94110107421875,112.84970092773438,44.88850021362305,47.2411003112793
256.9224853515625,109.52320098876953,46.738800048828125,47.09659957885742
265.8888854980469,105.32340240478516,46.47890090942383,47.30059814453125
270.4309997558594,101.22209930419922,48.08039855957031,47.71369934082031
276.17138671875,97.93579864501953,48.838600158691406,47.55659866333008
281.10430908203125,95.48280334472656,46.952999114990234,46.50849914550781
283.8393859863281,94.08159637451172,46.67430114746094,44.753700256347656
285.2619934082031,93.56279754638672,47.10150146484375,43.99599838256836
287.1133117675781,94.26809692382812,46.30440139770508,43.832298278808594
286.8411865234375,93.14900207519531,45.79359817504883,46.07709884643555
285.52288818359375,94.62090301513672,44.667999267578125,46.70429992675781
283.4549865722656,96.3904037475586,44.307098388671875,46.55339813232422
277.59649658203125,96.19650268554688,45.174598693847656,48.158199310302734
273.1990051269531,97.82340240478516,44.35110092163086,48.06639862060547
268.3420104980469,99.0426025390625,41.10309982299805,48.82160186767578
260.6886901855469,99.20220184326172,42.41379928588867,50.83150100708008
251.0677947998047,98.41529846191406,42.90909957885742,51.90330123901367
242.96240234375,96.99849700927734,41.9650993347168,54.75320053100586
233.27430725097656,97.55699920654297,42.38460159301758,55.60820007324219
222.14610290527344,96.00679779052734,44.6151008605957,57.0098991394043
214.38540649414062,95.08899688720703,45.721900939941406,58.45539855957031
201.61219787597656,95.68939971923828,49.01060104370117,59.46549987792969
192.4102020263672,96.83989715576172,52.22589874267578,60.974700927734375
182.70640563964844,97.47530364990234,53.5885009765625,60.577999114990234
172.54429626464844,97.84839630126953,58.625301361083984,60.11840057373047
167.9528045654297,97.25279998779297,57.951900482177734,62.264198303222656
163.0717010498047,99.67759704589844,60.161399841308594,61.51300048828125
159.6717987060547,102.864501953125,59.964698791503906,60.75749969482422
156.66250610351562,107.48989868164062,60.15800094604492,58.2593994140625
157.51690673828125,110.8634033203125,59.669498443603516,57.355098724365234
157.835205078125,113.95120239257812,60.11109924316406,57.192501068115234
161.76449584960938,118.75389862060547,58.097198486328125,55.59590148925781
165.56790161132812,120.81179809570312,58.30569839477539,55.21179962158203
170.35870361328125,123.64089965820312,56.9567985534668,54.54890060424805
177.2812957763672,125.6530990600586,55.0807991027832,54.486000061035156
182.8739013671875,128.8614044189453,53.775699615478516,52.13880157470703
189.0540008544922,129.79010009765625,51.055198669433594,51.765499114990234
193.77259826660156,133.07009887695312,51.12369918823242,48.99729919433594
198.0157928466797,135.18209838867188,51.60139846801758,48.15620040893555
203.48829650878906,136.8647003173828,49.39339828491211,47.56869888305664
207.79159545898438,137.783203125,48.84749984741211,47.25680160522461
210.50210571289062,139.04440307617188,47.808799743652344,47.413700103759766
213.36900329589844,140.45449829101562,48.017601013183594,46.66830062866211
214.931396484375,141.01719665527344,48.551998138427734,45.24570083618164
216.90139770507812,139.67999267578125,47.052398681640625,46.1068000793457
217.2812042236328,139.84759521484375,46.099700927734375,46.881099700927734
217.3551025390625,139.3759002685547,46.41780090332031,47.154701232910156
215.55419921875,139.55819702148438,47.1088981628418,47.30720138549805
214.09629821777344,140.73440551757812,47.85900115966797,46.96590042114258
211.9971923828125,140.5894012451172,47.777801513671875,48.32509994506836
209.6685028076172,141.58689880371094,47.995601654052734,47.88249969482422
205.5688934326172,140.89010620117188,47.946998596191406,49.325599670410156
201.62789916992188,142.7884063720703,49.225799560546875,50.018699645996094
196.6470947265625,146.43460083007812,49.81869888305664,49.67290115356445
191.22059631347656,147.50050354003906,51.41339874267578,52.79520034790039
187.44070434570312,151.7115936279297,51.01919937133789,54.78670120239258
181.39019775390625,156.63229370117188,52.932701110839844,57.32170104980469
173.24850463867188,163.0030059814453,57.010799407958984,59.022499084472656
165.4510040283203,173.99940490722656,60.9911994934082,56.81269836425781
159.25230407714844,186.17709350585938,61.9010009765625,54.45320129394531
152.81260681152344,189.86669921875,64.60579681396484,60.913299560546875
147.39649963378906,191.9427032470703,65.78079986572266,63.95859909057617
144.4322967529297,190.3824005126953,66.90280151367188,65.88020324707031
138.9687957763672,188.75880432128906,70.1688003540039,65.71150207519531
136.95680236816406,184.89309692382812,71.71099853515625,63.09769821166992
135.7834014892578,179.0886993408203,72.52239990234375,62.836299896240234
136.29190063476562,170.79519653320312,71.50350189208984,65.75959777832031
137.3029022216797,164.14500427246094,72.56600189208984,67.91230010986328
143.164306640625,155.92999267578125,71.0155029296875,67.7114028930664
147.9783935546875,146.13169860839844,69.48880004882812,70.11579895019531
153.89149475097656,145.66270446777344,66.92150115966797,65.58390045166016
154.2447967529297,144.84219360351562,67.98789978027344,66.24369812011719
162.34910583496094,145.86790466308594,63.24319839477539,63.847801208496094
162.4875030517578,147.04429626464844,64.74569702148438,62.620601654052734
170.61509704589844,148.17689514160156,66.21759796142578,65.62370300292969
180.75709533691406,150.7700958251953,62.21440124511719,66.97669982910156
186.35560607910156,156.7947998046875,67.00650024414062,70.7302017211914
196.0312042236328,164.85150146484375,63.62229919433594,69.50150299072266
201.79930114746094,172.77960205078125,65.55650329589844,70.16600036621094
209.15899658203125,182.07620239257812,64.1854019165039,64.43589782714844
218.4217987060547,189.92160034179688,66.31330108642578,65.20829772949219
227.61740112304688,195.845703125,63.878299713134766,62.130401611328125
235.39039611816406,202.6649932861328,69.55139923095703,72.0562973022461
244.66839599609375,209.79949951171875,64.3644027709961,68.15190124511719
254.01980590820312,216.923095703125,60.34049987792969,65.54100036621094
261.4169921875,217.51890563964844,60.558799743652344,62.8380012512207
268.939208984375,217.6053009033203,59.088199615478516,62.01279830932617
277.7060852050781,214.80960083007812,58.29779815673828,57.3578987121582
284.0928039550781,211.37730407714844,54.127601623535156,54.27560043334961
290.16351318359375,208.6042022705078,55.39509963989258,53.318199157714844
297.539794921875,205.83929443359375,54.14659881591797,53.50019836425781
305.2419128417969,202.45089721679688,52.66320037841797,51.571800231933594
309.90179443359375,200.16200256347656,53.01639938354492,51.07059860229492
316.38409423828125,199.38699340820312,50.20240020751953,48.64509963989258
322.92608642578125,198.235107421875,48.189998626708984,49.007301330566406
326.1476135253906,199.2926025390625,48.73759841918945,48.04199981689453
329.7901916503906,197.0498046875,49.440399169921875,48.68360137939453
332.68719482421875,194.52499389648438,49.84260177612305,49.44729995727539
335.9952087402344,193.7248992919922,50.08919906616211,49.16630172729492
340.12701416015625,193.74270629882812,46.52180099487305,48.15250015258789
343.18389892578125,192.51519775390625,45.838401794433594,48.14540100097656
343.3664855957031,190.023193359375,47.65520095825195,49.444801330566406
343.30621337890625,189.88870239257812,48.757999420166016,50.276100158691406
343.66229248046875,188.96139526367188,49.7411003112793,50.220699310302734
342.5711975097656,190.347900390625,50.93989944458008,51.79410171508789
342.2591857910156,192.83070373535156,51.0625,52.690399169921875
339.8934020996094,196.7176971435547,52.19390106201172,51.18190002441406
334.3638916015625,200.89700317382812,55.00979995727539,53.29719924926758
330.0122985839844,205.6367950439453,55.636600494384766,52.394500732421875
323.1888122558594,208.1555938720703,55.57640075683594,56.582698822021484
311.58221435546875,213.33560180664062,58.9640007019043,58.58769989013672
305.1429138183594,215.54249572753906,53.81439971923828,61.52199935913086
288.2456970214844,217.26910400390625,59.18550109863281,60.77159881591797
272.8382873535156,218.4445037841797,61.27280044555664,62.93939971923828
255.83090209960938,220.05230712890625,60.585201263427734,64.32050323486328
239.00979614257812,216.0823974609375,64.24030303955078,66.73400115966797
215.6768035888672,212.0070037841797,70.29109954833984,66.8311996459961
204.35369873046875,206.0447998046875,61.038700103759766,69.25379943847656
185.05409240722656,210.0988006591797,62.274600982666016,66.54350280761719
166.45530700683594,213.7678985595703,63.73210144042969,68.02549743652344
142.9008026123047,220.57789611816406,62.98059844970703,66.78140258789062
129.85789489746094,226.2180938720703,60.259300231933594,74.71150207519531
118.87100219726562,224.806396484375,61.519500732421875,71.65029907226562
109.16339874267578,217.86599731445312,62.64459991455078,70.94709777832031
104.60859680175781,211.33859252929688,60.207801818847656,69.52670288085938
100.93460083007812,203.44369506835938,60.936798095703125,68.96240234375
99.88890075683594,196.61219787597656,60.10060119628906,66.88800048828125
100.0354995727539,194.5377960205078,58.96269989013672,63.9536018371582
102.37640380859375,192.88589477539062,56.79610061645508,62.01559829711914
106.50160217285156,194.04510498046875,53.6244010925293,59.96620178222656
112.0687026977539,195.80029296875,49.444400787353516,57.93130111694336
118.20089721679688,199.43899536132812,47.39339828491211,57.10639953613281
124.62830352783203,203.8885040283203,45.1974983215332,54.30730056762695
73.3406982421875,251.86770629882812,30.91309928894043,32.1864013671875
72.84210205078125,253.2863006591797,31.249099731445312,31.16860008239746
66.16600036621094,253.4456024169922,32.00600051879883,32.533199310302734
61.0181999206543,254.1909942626953,33.747100830078125,33.8568000793457
53.86669921875,256.3424987792969,34.59389877319336,34.769901275634766
49.27330017089844,257.35211181640625,34.724700927734375,34.21390151977539
45.53269958496094,257.9866027832031,33.879600524902344,34.96390151977539
44.62369918823242,257.1275939941406,33.104801177978516,35.335201263427734
42.517601013183594,255.48800659179688,32.82780075073242,35.62929916381836
42.07350158691406,253.68260192871094,33.03010177612305,37.20940017700195
40.89550018310547,253.16050720214844,34.09379959106445,36.61069869995117
41.75429916381836,250.61239624023438,33.74140167236328,36.53020095825195
43.101600646972656,246.03579711914062,34.89899826049805,40.507598876953125
45.642799377441406,239.63949584960938,35.875701904296875,32.496299743652344
47.485801696777344,233.10800170898438,36.36130142211914,32.48529815673828
49.93830108642578,225.03329467773438,36.45899963378906,34.575401306152344
54.43629837036133,221.30279541015625,35.34960174560547,33.23649978637695
58.92369842529297,217.5019073486328,34.943599700927734,32.96879959106445
63.2046012878418,216.1938018798828,34.92580032348633,33.745201110839844
66.32779693603516,214.814697265625,34.86370086669922,33.930999755859375
69.45559692382812,213.8448944091797,35.05500030517578,32.64739990234375
71.42430114746094,212.44610595703125,35.43479919433594,31.306400299072266
72.15950012207031,211.16090393066406,35.812198638916016,30.1299991607666
71.90409851074219,209.9949951171875,36.38100051879883,30.222000122070312
71.35790252685547,209.50650024414062,35.800201416015625,30.614200592041016
69.71800231933594,210.40530395507812,36.293800354003906,31.93589973449707
68.34950256347656,211.9342041015625,36.653900146484375,32.68439865112305
64.5873031616211,214.7407989501953,38.015499114990234,33.406700134277344
60.77320098876953,221.34390258789062,39.15769958496094,31.403799057006836
57.14889907836914,227.06460571289062,40.177398681640625,32.64419937133789
53.43730163574219,233.1320037841797,40.726600646972656,33.634498596191406
48.83420181274414,239.23190307617188,42.226600646972656,35.23419952392578
45.933799743652344,247.1479034423828,42.197898864746094,35.90129852294922
45.2755012512207,246.68179321289062,43.4463996887207,36.623199462890625
42.54930114746094,252.0771942138672,42.95800018310547,39.82059860229492
40.70819854736328,253.28370666503906,47.11349868774414,39.793399810791016
37.523799896240234,256.9573059082031,42.86259841918945,38.38140106201172
35.41830062866211,259.8691101074219,42.59920120239258,37.35969924926758
31.638700485229492,261.5303955078125,41.97090148925781,37.23699951171875
30.476900100708008,263.0766906738281,39.81650161743164,37.20029830932617
30.753700256347656,264.5362854003906,36.98939895629883,36.313499450683594
20.93280029296875,264.6867980957031,43.62070083618164,37.38669967651367
19.464599609375,263.46868896484375,40.58689880371094,37.5255012512207
19.22610092163086,259.4612121582031,40.365501403808594,36.13990020751953
16.330400466918945,256.0957946777344,40.226600646972656,35.75450134277344
14.050299644470215,252.66949462890625,40.88399887084961,35.773399353027344
12.037699699401855,250.3834991455078,42.32059860229492,36.69929885864258
12.606599807739258,252.1750946044922,40.92570114135742,34.62839889526367
11.88290023803711,255.04769897460938,39.58190155029297,33.90019989013672
13.479499816894531,259.28448486328125,38.53969955444336,34.035400390625
13.314800262451172,263.1897888183594,38.11220169067383,34.00360107421875
13.159099578857422,269.4267883300781,37.91999816894531,33.729698181152344
14.496700286865234,272.65289306640625,37.20330047607422,34.653900146484375
15.497599601745605,274.2027893066406,36.41170120239258,35.03519821166992
16.81909942626953,275.73431396484375,35.62779998779297,34.99760055541992
17.914600372314453,276.13848876953125,35.30870056152344,34.359901428222656
20.866300582885742,277.5986022949219,34.45289993286133,33.98419952392578
23.222999572753906,278.5780029296875,35.33209991455078,33.3583984375
25.79800033569336,278.3804931640625,36.681400299072266,33.26959991455078
29.22209930419922,276.55621337890625,34.79460144042969,34.01190185546875
31.02440071105957,274.3900146484375,34.47269821166992,32.86050033569336
34.85449981689453,273.00628662109375,34.47159957885742,32.76559829711914
38.02180099487305,269.8606872558594,33.70199966430664,32.782100677490234
41.920501708984375,268.248291015625,33.325199127197266,32.36289978027344
44.70859909057617,266.7419128417969,32.27090072631836,32.79410171508789
48.99599838256836,265.5780029296875,31.266000747680664,32.0640983581543
52.372398376464844,266.6776123046875,31.38170051574707,31.16900062561035
54.53300094604492,268.3236083984375,32.80659866333008,31.695899963378906
59.214599609375,269.6116943359375,30.484600067138672,31.51129913330078
61.98040008544922,271.77960205078125,30.023700714111328,31.687299728393555
63.217201232910156,270.86370849609375,30.186199188232422,32.272300720214844
64.65589904785156,270.5267028808594,30.53030014038086,32.126800537109375
66.49710083007812,269.3312072753906,31.02750015258789,32.15230178833008
67.07039642333984,270.3138122558594,31.157800674438477,32.97370147705078
69.668701171875,272.2549133300781,31.618600845336914,33.13650131225586
70.5541000366211,272.6593933105469,31.777700424194336,33.44860076904297
71.57340240478516,273.5015869140625,30.794099807739258,33.409000396728516
72.6781005859375,273.1339111328125,30.822999954223633,34.05039978027344
73.08719635009766,272.997802734375,31.245100021362305,33.96110153198242
73.51519775390625,272.16571044921875,32.19889831542969,34.85319900512695
73.81549835205078,270.2217102050781,31.830400466918945,34.742000579833984
74.252197265625,268.5921936035156,32.542301177978516,35.410499572753906
75.6343002319336,268.5596923828125,31.640600204467773,35.01150131225586
77.91000366210938,266.8362121582031,31.43269920349121,35.588199615478516
78.20020294189453,265.21990966796875,31.656700134277344,35.827301025390625
79.75039672851562,264.6792907714844,31.56719970703125,35.80030059814453
82.38860321044922,264.5906066894531,30.607200622558594,36.33539962768555
84.08329772949219,264.18939208984375,30.51799964904785,36.701499938964844
87.13639831542969,263.501708984375,29.8617000579834,36.872398376464844
87.8301010131836,264.1719055175781,30.97610092163086,36.94900131225586
90.75830078125,262.31640625,32.10430145263672,38.119598388671875
92.27230072021484,262.12200927734375,32.58720016479492,37.530799865722656
93.79519653320312,260.8599853515625,33.9984016418457,37.39339828491211
97.06950378417969,261.7341003417969,34.60329818725586,37.695499420166016
99.33670043945312,262.0934143066406,35.142601013183594,38.088401794433594
101.38359832763672,263.2943115234375,36.37369918823242,37.67559814453125
102.50090026855469,264.97979736328125,38.02399826049805,37.9541015625
104.51219940185547,266.8163146972656,37.234901428222656,37.161598205566406
106.1083984375,267.5465087890625,37.8911018371582,37.9380989074707
108.56659698486328,268.455810546875,36.729698181152344,37.2307014465332
106.1957015991211,269.9464111328125,40.20029830932617,37.21139907836914
106.19380187988281,271.5763854980469,40.4640998840332,37.66130065917969
102.5197982788086,272.1637878417969,44.00270080566406,37.992801666259766
109.81649780273438,277.8128967285156,36.40169906616211,34.00450134277344
105.42659759521484,277.1767883300781,40.94889831542969,36.230899810791016
104.61389923095703,277.94940185546875,41.87649917602539,36.444698333740234
98.92649841308594,278.5823974609375,46.52149963378906,39.28269958496094
102.86509704589844,285.5978088378906,40.13410186767578,34.493900299072266
101.48210144042969,288.0356140136719,40.187599182128906,34.691200256347656
100.693603515625,291.1607971191406,38.640098571777344,34.54100036621094
99.33039855957031,293.51251220703125,36.850799560546875,33.0369987487793
97.3749008178711,294.59979248046875,36.6265983581543,32.19879913330078
93.98269653320312,293.15838623046875,36.80970001220703,33.8291015625
91.506103515625,294.8629150390625,36.62160110473633,33.42900085449219
87.45059967041016,295.314697265625,35.139400482177734,33.47100067138672
83.8936996459961,297.635498046875,35.78919982910156,33.82780075073242
79.86750030517578,298.135498046875,35.22100067138672,33.93470001220703
76.20570373535156,296.8125,34.99039840698242,33.68439865112305
70.94200134277344,293.3662109375,35.07099914550781,33.22710037231445
66.20700073242188,289.4931945800781,35.50699996948242,33.7932014465332
62.074798583984375,285.46661376953125,35.75230026245117,33.92660140991211
55.73139953613281,282.3992004394531,36.76850128173828,34.54859924316406
49.962799072265625,279.5452880859375,37.8036994934082,34.2130012512207
46.70589828491211,275.19268798828125,36.54130172729492,35.47549819946289
42.73609924316406,273.322509765625,37.40719985961914,34.89229965209961
37.843299865722656,270.470703125,37.92219924926758,34.77259826660156
33.97119903564453,265.0563049316406,38.909000396728516,36.552398681640625
30.324100494384766,264.1759948730469,39.5984992980957,35.84360122680664
27.19700050354004,261.9848937988281,39.48759841918945,35.79999923706055
23.620100021362305,261.89459228515625,41.51020050048828,35.96670150756836
20.44099998474121,261.1709899902344,41.5702018737793,36.081199645996094
18.220399856567383,262.544189453125,41.76810073852539,36.027801513671875
16.900400161743164,265.2054138183594,41.55059814453125,36.47650146484375
15.631799697875977,265.8966979980469,41.05780029296875,37.66419982910156
14.5802001953125,263.135009765625,41.34260177612305,36.793399810791016
13.50629997253418,261.0950927734375,41.73189926147461,36.786399841308594
13.746800422668457,260.8984069824219,41.49909973144531,36.971900939941406
13.507100105285645,261.9364013671875,41.79750061035156,37.12739944458008
14.51609992980957,262.53619384765625,41.5359001159668,37.30939865112305
15.94159984588623,263.0162048339844,41.74359893798828,36.32429885864258
17.119400024414062,262.0315856933594,41.71760177612305,37.54130172729492
20.204200744628906,262.5509033203125,41.492000579833984,37.89899826049805
23.06559944152832,263.198486328125,41.2036018371582,38.56740188598633
25.807100296020508,263.2076110839844,40.97880172729492,38.13460159301758
28.69580078125,260.73291015625,42.07659912109375,39.0088996887207
33.19499969482422,258.5108947753906,43.88840103149414,40.0166015625
36.40140151977539,256.4797058105469,43.6421012878418,39.60960006713867
40.614498138427734,256.55889892578125,43.02069854736328,37.627201080322266
45.05139923095703,259.25030517578125,43.86240005493164,37.699798583984375
50.782798767089844,257.8439025878906,43.469398498535156,39.91859817504883
52.750701904296875,255.69630432128906,45.497398376464844,40.89419937133789
56.21070098876953,249.89309692382812,44.3754997253418,38.40729904174805
58.862998962402344,246.49510192871094,45.01689910888672,35.96289825439453
60.67380142211914,243.15310668945312,45.655799865722656,35.12300109863281
63.61439895629883,240.8074951171875,45.381500244140625,34.812801361083984
65.57479858398438,240.22430419921875,42.71200180053711,34.255699157714844
66.15129852294922,239.3975067138672,44.622100830078125,34.64720153808594
67.57759857177734,239.04330444335938,43.53810119628906,33.8734016418457
68.38860321044922,238.26449584960938,44.639198303222656,34.161800384521484
69.2437973022461,237.7581024169922,44.7681999206543,33.30500030517578
69.8136978149414,237.7335968017578,44.10089874267578,33.910099029541016
70.13069915771484,238.69900512695312,44.07379913330078,34.147701263427734
69.77169799804688,239.10580444335938,43.00170135498047,34.39899826049805
69.93609619140625,241.13079833984375,42.52190017700195,35.097801208496094
68.4541015625,242.97369384765625,41.31549835205078,34.98640060424805
67.21759796142578,244.96189880371094,41.159698486328125,35.56050109863281
65.77970123291016,247.45579528808594,40.16619873046875,36.183101654052734
64.12860107421875,250.097900390625,40.30099868774414,37.57590103149414
62.666500091552734,252.71180725097656,39.14649963378906,37.73740005493164
60.631099700927734,255.21249389648438,37.331298828125,37.26390075683594
57.76409912109375,257.0810852050781,36.81800079345703,37.322601318359375
53.04199981689453,258.5179138183594,38.097198486328125,37.6432991027832
50.30229949951172,258.5856018066406,36.4995002746582,38.71739959716797
46.977298736572266,261.1546936035156,35.90599822998047,36.99250030517578
