1
321.99371337890625,55.452301025390625,169.32400512695312,261.5303039550781
326.3042907714844,52.97819900512695,177.57000732421875,264.0791015625
332.7727966308594,43.92770004272461,173.16819763183594,273.7181091308594
332.8294982910156,43.2755012512207,178.6540985107422,275.114501953125
336.43121337890625,43.44919967651367,181.82650756835938,275.2427062988281
333.8380126953125,41.458099365234375,185.20460510253906,276.1200866699219
328.4059143066406,42.738399505615234,181.1616973876953,275.2768859863281
325.91400146484375,40.8474006652832,163.47410583496094,278.3052062988281
330.4233093261719,37.5973014831543,142.96470642089844,277.70379638671875
273.1897888183594,37.63079833984375,162.7519989013672,277.18109130859375
227.51409912109375,22.94969940185547,201.6239013671875,294.28460693359375
199.8404998779297,10.69540023803711,274.44720458984375,302.99639892578125
188.69679260253906,24.22209930419922,303.1611022949219,291.1932067871094
205.91380310058594,31.33919906616211,289.7127990722656,281.84051513671875
202.99839782714844,26.532699584960938,291.41180419921875,284.0726013183594
207.201904296875,17.655099868774414,288.0011901855469,297.4685974121094
213.27169799804688,19.467599868774414,283.9375915527344,293.2809143066406
218.41490173339844,20.864299774169922,277.25140380859375,287.25750732421875
184.7418975830078,8.026800155639648,316.8857116699219,303.42889404296875
224.97959899902344,13.876500129699707,269.86529541015625,290.3457946777344
219.89840698242188,13.61870002746582,251.53140258789062,294.89520263671875
224.73919677734375,23.759700775146484,233.71200561523438,281.31689453125
224.78070068359375,80.40619659423828,218.36410522460938,222.68710327148438
223.74929809570312,23.665700912475586,218.552001953125,284.0303039550781
226.16610717773438,91.56990051269531,202.01260375976562,207.59800720214844
215.45030212402344,15.283599853515625,216.05039978027344,290.48150634765625
225.13619995117188,7.500699996948242,204.79969787597656,302.6741943359375
233.885498046875,5.416299819946289,192.44259643554688,305.46771240234375
245.8155975341797,12.197699546813965,174.62660217285156,299.0469055175781
242.31210327148438,14.427000045776367,185.8446044921875,295.8564147949219
274.09320068359375,12.042699813842773,157.6529998779297,234.95790100097656
257.173095703125,19.646099090576172,177.785400390625,282.16339111328125
278.12921142578125,28.574199676513672,161.07269287109375,283.5788879394531
296.2402038574219,29.67620086669922,162.13189697265625,275.6430969238281
306.6971130371094,40.05550003051758,188.29330444335938,273.3517150878906
310.31170654296875,37.895301818847656,174.08949279785156,274.877197265625
309.6122131347656,41.825599670410156,211.60409545898438,273.16668701171875
305.6731872558594,47.48540115356445,204.09030151367188,271.8960876464844
303.2786865234375,45.80860137939453,227.03480529785156,271.1012878417969
298.0600891113281,63.11410140991211,136.67669677734375,254.31979370117188
315.61871337890625,97.05220031738281,140.10350036621094,219.5863037109375
312.2367858886719,90.82689666748047,172.201904296875,225.3094024658203
313.58990478515625,83.32890319824219,178.30880737304688,233.8986053466797
319.8236999511719,88.26000213623047,164.15570068359375,228.53579711914062
320.52630615234375,100.85160064697266,161.5518035888672,218.3513946533203
316.38360595703125,104.20929718017578,164.97889709472656,212.5417938232422
318.53118896484375,102.4354019165039,166.56539916992188,216.0010986328125
319.28271484375,96.23259735107422,171.6732940673828,221.9844970703125
324.3828125,90.87239837646484,168.560302734375,226.60589599609375
320.7074890136719,90.27850341796875,175.908203125,229.2086944580078
312.0502014160156,89.62030029296875,153.4866943359375,227.18190002441406
321.20770263671875,88.21869659423828,155.37010192871094,228.5153045654297
312.9130859375,88.29959869384766,197.74290466308594,227.51759338378906
302.410888671875,77.54989624023438,202.95089721679688,238.4824981689453
319.4414978027344,75.50869750976562,205.60690307617188,240.4468994140625
339.95928955078125,76.8947982788086,205.7843017578125,237.08270263671875
342.9910888671875,85.43319702148438,191.4593963623047,229.23069763183594
317.52630615234375,111.56639862060547,207.07339477539062,206.83889770507812
349.0304870605469,122.17279815673828,190.11639404296875,191.4051055908203
343.8595886230469,116.04229736328125,185.58859252929688,198.45480346679688
340.1189880371094,119.87989807128906,191.41329956054688,146.74180603027344
359.3634948730469,110.32949829101562,167.11270141601562,151.19180297851562
347.3039855957031,113.3905029296875,172.5198974609375,129.84320068359375
333.6173095703125,128.802001953125,200.53359985351562,118.19059753417969
342.5987854003906,126.91799926757812,183.21800231933594,187.44960021972656
344.0657043457031,130.23049926757812,183.5968017578125,185.08230590820312
345.248291015625,125.64009857177734,186.1302947998047,191.41690063476562
343.89190673828125,126.38069915771484,184.1553955078125,190.51919555664062
347.285888671875,123.74569702148438,178.85769653320312,191.94070434570312
349.0295104980469,132.87710571289062,170.4468994140625,183.95700073242188
339.79998779296875,135.5803985595703,177.05419921875,182.12229919433594
347.13189697265625,148.064697265625,173.5717010498047,166.5699005126953
342.2398986816406,132.8206024169922,174.2187042236328,181.54739379882812
341.4259033203125,140.7864990234375,171.2960968017578,175.41310119628906
339.7237854003906,141.05239868164062,176.19500732421875,175.33909606933594
337.8981018066406,143.8582000732422,175.8782958984375,172.36019897460938
341.277587890625,144.21400451660156,169.652099609375,168.656005859375
343.6477966308594,135.06309509277344,150.38780212402344,125.41790008544922
350.7379150390625,137.00909423828125,131.85800170898438,88.19280242919922
351.7419128417969,128.7227020263672,151.30799865722656,100.81890106201172
346.03009033203125,137.53750610351562,147.28819274902344,62.91419982910156
341.1614074707031,140.93479919433594,173.37049865722656,170.05039978027344
332.5054016113281,139.59539794921875,167.6027069091797,174.32229614257812
331.1803894042969,105.158203125,208.17930603027344,213.9615020751953
331.3768005371094,122.98500061035156,142.13429260253906,133.72520446777344
324.3540954589844,132.00450134277344,155.69020080566406,165.48919677734375
333.3505859375,111.15850067138672,166.1324005126953,204.08779907226562
319.2643127441406,149.14979553222656,194.36529541015625,165.58729553222656
339.4844055175781,135.4281005859375,156.6717071533203,158.54510498046875
296.7586975097656,135.4073028564453,219.08340454101562,183.03799438476562
315.1296081542969,147.88670349121094,194.4114990234375,167.23680114746094
351.0928039550781,138.82200622558594,159.45689392089844,171.80880737304688
327.0856018066406,127.9489974975586,226.3343048095703,185.89999389648438
375.2427062988281,144.55270385742188,153.658203125,155.414306640625
343.9162902832031,129.90980529785156,202.9947052001953,130.5749053955078
364.3064880371094,127.37239837646484,189.118896484375,127.48090362548828
360.9682922363281,129.75379943847656,169.022705078125,144.07240295410156
356.8584899902344,123.23169708251953,208.34129333496094,132.27960205078125
355.2681884765625,131.95770263671875,217.8708953857422,116.89469909667969
354.0246887207031,132.84950256347656,219.78680419921875,110.20980072021484
355.27911376953125,136.1844024658203,218.55560302734375,112.23979949951172
363.3280029296875,141.6864013671875,212.46389770507812,103.5094985961914
345.57720947265625,138.55670166015625,225.29190063476562,99.84110260009766
359.9292907714844,141.08360290527344,219.2991943359375,102.80799865722656
345.79058837890625,138.102294921875,226.12440490722656,96.8761978149414
348.8572998046875,139.2375030517578,230.33639526367188,99.8219985961914
269.4198913574219,126.5302963256836,279.36859130859375,135.80979919433594
267.0945129394531,117.99960327148438,290.7286071777344,183.9033966064453
267.477294921875,108.8469009399414,296.4364929199219,205.0384063720703
269.0557861328125,137.74620056152344,296.7084045410156,162.87289428710938
336.6642150878906,160.9644012451172,166.02349853515625,137.88040161132812
323.1897888183594,135.42030334472656,203.77569580078125,178.1226043701172
331.71771240234375,130.86390686035156,157.33090209960938,109.82969665527344
339.1206970214844,132.0095977783203,153.08470153808594,136.2281951904297
340.65838623046875,133.25379943847656,134.45120239257812,116.68280029296875
330.0917053222656,131.95339965820312,149.77659606933594,148.82569885253906
342.9930114746094,128.0281982421875,146.92300415039062,154.33090209960938
340.5325927734375,123.34140014648438,161.635498046875,165.8916015625
337.42950439453125,116.95269775390625,152.8332061767578,170.3925018310547
318.7701110839844,156.5782928466797,233.08740234375,160.718505859375
314.3533935546875,121.0969009399414,232.73379516601562,196.00999450683594
323.46240234375,125.8302001953125,223.52340698242188,186.16859436035156
324.8778991699219,129.0836944580078,188.98350524902344,177.41909790039062
321.7601013183594,130.32119750976562,225.02049255371094,185.71270751953125
325.58441162109375,142.27679443359375,228.97059631347656,169.74099731445312
320.07830810546875,142.08380126953125,234.26669311523438,165.58099365234375
317.74090576171875,149.1824951171875,211.70989990234375,151.14129638671875
323.6070861816406,147.5802001953125,202.40420532226562,165.5511016845703
325.33660888671875,145.51930236816406,157.11279296875,120.964599609375
313.7076110839844,150.6595001220703,197.9980926513672,163.99339294433594
313.8741149902344,161.30979919433594,214.7198028564453,153.04310607910156
311.02398681640625,157.62759399414062,219.87930297851562,157.0146942138672
309.6708984375,159.40440368652344,219.076904296875,154.97659301757812
312.1294860839844,166.59719848632812,213.885498046875,147.6741943359375
317.712890625,160.9676055908203,213.54469299316406,152.5052947998047
302.0679016113281,160.56700134277344,223.5189971923828,155.47320556640625
317.1046142578125,167.32879638671875,210.23219299316406,148.04710388183594
320.8265075683594,168.78050231933594,204.8188018798828,145.51589965820312
329.8940124511719,158.21890258789062,182.37240600585938,133.54750061035156
322.5989990234375,165.48410034179688,183.3350067138672,151.47540283203125
326.14068603515625,161.06260681152344,180.16050720214844,152.1300048828125
321.4267883300781,155.27420043945312,182.19500732421875,160.1829071044922
324.2633056640625,158.7353973388672,177.4822998046875,157.64669799804688
336.3500061035156,150.90060424804688,164.80780029296875,161.17950439453125
344.82049560546875,136.61129760742188,136.68499755859375,127.2697982788086
345.6885986328125,120.97640228271484,116.90760040283203,99.96949768066406
354.1476135253906,123.5156021118164,113.73190307617188,121.19149780273438
351.5880126953125,134.78359985351562,114.8761978149414,129.6376953125
352.1466979980469,144.69110107421875,113.6083984375,124.59259796142578
354.7268981933594,162.21839904785156,122.56510162353516,113.9832992553711
352.2377014160156,170.60459899902344,118.79650115966797,49.43870162963867
371.255615234375,190.8936004638672,110.14649963378906,54.16320037841797
376.51568603515625,199.1945037841797,104.3667984008789,65.63300323486328
375.0452880859375,200.3538055419922,108.84100341796875,89.0790023803711
371.57879638671875,233.67129516601562,125.08879852294922,76.04810333251953
365.1817932128906,200.4156951904297,138.6732940673828,112.72200012207031
363.669189453125,200.1427001953125,139.30259704589844,114.71099853515625
369.6153869628906,205.76739501953125,133.48629760742188,106.21160125732422
367.4778137207031,201.51199340820312,140.18930053710938,114.49849700927734
362.4523010253906,204.1540069580078,143.7303924560547,110.81539916992188
348.7651062011719,203.83700561523438,153.03199768066406,111.2073974609375
362.9753112792969,199.56430053710938,137.7386932373047,115.06529998779297
338.5804138183594,200.910400390625,161.39329528808594,115.66230010986328
362.69219970703125,196.18350219726562,137.05479431152344,114.82929992675781
348.6496887207031,191.81979370117188,146.67770385742188,119.75080108642578
346.960693359375,195.42709350585938,152.60899353027344,117.76589965820312
356.8472900390625,199.4219970703125,138.80880737304688,112.73380279541016
345.3846130371094,190.7003936767578,148.173095703125,122.97470092773438
347.68011474609375,192.4080047607422,142.38839721679688,117.1436996459961
338.1601867675781,188.47549438476562,150.85789489746094,119.40059661865234
338.14068603515625,189.03250122070312,150.63169860839844,117.9218978881836
343.5640869140625,190.1529998779297,149.1387939453125,118.47940063476562
340.8511047363281,186.61109924316406,147.9167022705078,118.33260345458984
339.76080322265625,186.70469665527344,153.80960083007812,121.40769958496094
340.6401062011719,184.65179443359375,153.21229553222656,120.27780151367188
331.33221435546875,184.6190948486328,164.5460968017578,125.98719787597656
338.1662902832031,182.7716064453125,153.55230712890625,119.78060150146484
338.0556945800781,179.82859802246094,148.81430053710938,117.05229949951172
341.9176025390625,176.49429321289062,142.57789611816406,113.32469940185547
329.1787109375,172.35020446777344,159.30250549316406,120.01239776611328
337.264892578125,180.44869995117188,149.32049560546875,111.7970962524414
348.41070556640625,186.49620056152344,143.6829071044922,105.14550018310547
349.57659912109375,170.7458953857422,136.07009887695312,117.57569885253906
340.72760009765625,132.5106964111328,150.19549560546875,169.14930725097656
316.9433898925781,156.50650024414062,183.52110290527344,152.74859619140625
316.7341003417969,114.81770324707031,171.23260498046875,189.92379760742188
346.0929870605469,185.6479949951172,153.41720581054688,121.67379760742188
348.0638122558594,212.9949951171875,144.11639404296875,91.96949768066406
346.8786926269531,227.41290283203125,146.25909423828125,80.07479858398438
268.3839111328125,121.11199951171875,92.65589904785156,76.6968994140625
244.07229614257812,128.42039489746094,101.00849914550781,83.25650024414062
214.09930419921875,135.42990112304688,120.87030029296875,80.52259826660156
172.92970275878906,146.22189331054688,141.2821044921875,100.07440185546875
125.24810028076172,157.0186004638672,149.85479736328125,104.39959716796875
101.46029663085938,162.65289306640625,120.25140380859375,82.78679656982422
30.055999755859375,158.58180236816406,145.9044952392578,84.63069915771484
1.2288000583648682,112.85639953613281,121.84639739990234,190.5345001220703
0.0,78.23480224609375,274.47479248046875,210.4781951904297
317.59368896484375,118.0208969116211,213.1313018798828,199.368896484375
333.9453125,132.74710083007812,197.9987030029297,185.54640197753906
342.81060791015625,113.01470184326172,190.41920471191406,206.3303985595703
341.3870849609375,117.97530364990234,185.33999633789062,193.57269287109375
339.84869384765625,116.47339630126953,193.87179565429688,198.00669860839844
343.4833068847656,117.88970184326172,185.4031982421875,194.31390380859375
342.67279052734375,117.71649932861328,185.51119995117188,189.7615966796875
338.44378662109375,114.1498031616211,182.3533935546875,182.29100036621094
344.5592956542969,115.66950225830078,184.83489990234375,197.42359924316406
339.9930114746094,111.6968002319336,189.23629760742188,199.52870178222656
340.7322082519531,117.80439758300781,182.30650329589844,188.68490600585938
344.6178894042969,122.61530303955078,184.32989501953125,185.48989868164062
342.1050109863281,123.75379943847656,188.9528045654297,193.518798828125
350.6289978027344,125.9832992553711,179.97250366210938,186.9954071044922
344.2572937011719,126.91120147705078,187.8831024169922,192.00900268554688
347.7380065917969,215.45849609375,183.6190948486328,104.15190124511719
332.3832092285156,220.2086944580078,165.0072021484375,96.71150207519531
337.0622863769531,229.68519592285156,152.34280395507812,85.31749725341797
336.2821960449219,217.718505859375,150.47450256347656,96.36479949951172
335.30938720703125,227.62730407714844,146.77259826660156,84.64099884033203
337.6090087890625,227.0865020751953,139.1208038330078,83.24449920654297
336.53741455078125,226.9597930908203,135.966796875,80.35800170898438
341.9010925292969,218.40589904785156,132.218994140625,78.23190307617188
364.7784118652344,224.3551025390625,105.22350311279297,86.9551010131836
333.3236083984375,231.17129516601562,138.5321044921875,80.60099792480469
330.2015075683594,216.86709594726562,137.60809326171875,94.32980346679688
304.5835876464844,169.76220703125,167.9752960205078,142.0941925048828
318.0555114746094,152.3488006591797,149.3115997314453,156.8321075439453
266.1341857910156,112.53309631347656,285.114990234375,207.1475067138672
271.643798828125,20.0851993560791,263.27398681640625,296.4028015136719
264.543701171875,14.525300025939941,290.6809997558594,302.91790771484375
267.0802917480469,16.90690040588379,287.9805908203125,300.4482116699219
269.0539855957031,9.085100173950195,284.4645080566406,305.1741943359375
268.84588623046875,17.413000106811523,287.50469970703125,300.3829040527344
271.77911376953125,15.97130012512207,279.7580871582031,302.8039855957031
284.775390625,117.64080047607422,255.5950927734375,204.19850158691406
315.17620849609375,145.54080200195312,208.74850463867188,169.0625
334.36761474609375,137.668701171875,198.88729858398438,175.9644012451172
316.77191162109375,147.20050048828125,221.2200927734375,175.07080078125
354.3888854980469,139.33859252929688,176.54010009765625,175.30599975585938
347.5773010253906,159.2700958251953,185.64920043945312,158.96609497070312
336.31298828125,151.97720336914062,189.9311981201172,161.3780975341797
383.1606140136719,156.7205047607422,141.0482940673828,159.0644989013672
374.3034973144531,158.7677001953125,130.59689331054688,158.47630310058594
340.0885009765625,107.87439727783203,179.85130310058594,209.9281005859375
375.9967041015625,157.58299255371094,130.10719299316406,161.8863067626953
305.5289001464844,141.96200561523438,188.25889587402344,174.74850463867188
270.8996887207031,29.259700775146484,294.87091064453125,291.0924987792969
268.8147888183594,22.03030014038086,297.1676025390625,293.54119873046875
264.0325012207031,20.60099983215332,304.556884765625,298.3017883300781
266.6929931640625,22.482500076293945,300.63031005859375,294.1151123046875
262.1069030761719,18.88559913635254,302.68011474609375,298.84478759765625
268.4563903808594,54.17679977416992,295.364501953125,265.74420166015625
273.1189880371094,133.24899291992188,285.1492004394531,176.97140502929688
327.1111145019531,162.5102996826172,152.27479553222656,123.13169860839844
336.2023010253906,159.8179931640625,154.42129516601562,155.9051971435547
301.4117126464844,111.81649780273438,199.24639892578125,208.25079345703125
319.77789306640625,139.46820068359375,180.4302978515625,148.1717071533203
321.82281494140625,145.9864044189453,173.15029907226562,170.63710021972656
347.4081115722656,153.77659606933594,128.00770568847656,115.12339782714844
332.94329833984375,164.0323944091797,141.98260498046875,123.91690063476562
325.0715026855469,168.9665985107422,151.06939697265625,107.50070190429688
322.5924072265625,164.0980987548828,149.78990173339844,128.42990112304688
337.4861145019531,161.1331024169922,144.71249389648438,145.14300537109375
332.1398010253906,172.056396484375,154.49319458007812,137.64199829101562
327.348388671875,176.30419921875,150.5135040283203,136.72219848632812
329.6961975097656,166.01980590820312,138.40310668945312,139.85000610351562
335.47808837890625,173.16200256347656,137.9925994873047,127.07060241699219
338.4140930175781,176.7239990234375,133.86590576171875,115.36730194091797
316.5907897949219,178.42759704589844,177.12249755859375,133.164306640625
321.9403076171875,178.23880004882812,151.79220581054688,122.77330017089844
359.22650146484375,170.40919494628906,110.98650360107422,110.54750061035156
344.68341064453125,174.6761932373047,147.9394989013672,140.26539611816406
338.6820983886719,165.2017059326172,135.4105987548828,141.181396484375
355.9555969238281,181.44430541992188,125.01069641113281,95.39029693603516
354.3341979980469,167.30979919433594,104.54029846191406,109.89510345458984
344.2142028808594,184.3450927734375,109.72709655761719,73.95780181884766
347.21820068359375,187.85150146484375,102.14029693603516,50.797298431396484
361.8204040527344,164.2075958251953,98.39430236816406,51.605499267578125
345.23431396484375,169.4250946044922,115.03060150146484,76.65260314941406
336.8092041015625,163.23789978027344,145.2021942138672,106.04100036621094
339.8149108886719,153.9716033935547,137.16580200195312,157.26199340820312
341.1236877441406,155.9501953125,133.5803985595703,63.91320037841797
355.85101318359375,157.40020751953125,95.14859771728516,41.25559997558594
376.03228759765625,164.7333984375,79.07160186767578,42.90530014038086
364.4468994140625,157.78509521484375,87.11360168457031,53.481300354003906
363.9884948730469,178.3730010986328,74.5781021118164,43.19049835205078
369.2178955078125,176.74270629882812,63.017601013183594,45.47079849243164
374.1391906738281,174.06520080566406,56.07809829711914,59.082000732421875
377.5963134765625,171.3209991455078,59.185699462890625,42.74729919433594
383.70989990234375,167.82440185546875,56.1161994934082,38.179298400878906
380.9559020996094,164.31069946289062,55.29570007324219,32.6864013671875
377.49371337890625,160.86920166015625,57.39229965209961,28.777299880981445
370.1119079589844,157.17100524902344,65.12629699707031,31.260400772094727
369.52490234375,152.3800048828125,70.71179962158203,39.43730163574219
362.5072937011719,143.5030059814453,80.7531967163086,44.310699462890625
361.5057067871094,135.07350158691406,93.56659698486328,48.98889923095703
363.2650146484375,135.15859985351562,96.33000183105469,54.11520004272461
363.3706970214844,134.48609924316406,100.15979766845703,47.16749954223633
369.7803955078125,141.23910522460938,96.87480163574219,44.28340148925781
370.65948486328125,142.3966064453125,106.54070281982422,52.08700180053711
362.6413879394531,134.7960968017578,122.37899780273438,102.99140167236328
359.36260986328125,140.86000061035156,160.0749969482422,99.82879638671875
351.851806640625,137.2617950439453,133.16140747070312,84.6156005859375
362.1463928222656,143.4582061767578,126.95230102539062,85.07869720458984
360.04791259765625,138.87640380859375,116.19999694824219,56.574100494384766
375.4021911621094,140.86480712890625,97.87020111083984,44.57360076904297
369.3456115722656,131.39349365234375,117.0625991821289,102.84149932861328
364.29339599609375,131.74220275878906,109.20659637451172,91.1613998413086
369.0434875488281,137.6416015625,110.6321029663086,95.73609924316406
360.9902038574219,129.6269073486328,121.93579864501953,92.66940307617188
352.3742980957031,121.26740264892578,134.90159606933594,176.3751983642578
330.7109069824219,133.7042999267578,176.8166961669922,184.6304931640625
329.2461853027344,136.60980224609375,172.05419921875,181.0543975830078
330.0945129394531,126.89679718017578,167.68589782714844,191.4481964111328
321.8778991699219,120.94349670410156,165.05270385742188,196.7830047607422
311.6637878417969,119.5291976928711,178.1593017578125,196.75540161132812
312.8446960449219,109.81939697265625,162.19900512695312,193.97860717773438
319.0513916015625,115.44550323486328,151.88290405273438,165.11830139160156
290.481201171875,116.39800262451172,182.83880615234375,189.44119262695312
288.9189147949219,116.65579986572266,185.214599609375,195.0625
293.6695861816406,129.5583953857422,176.44920349121094,179.9635009765625
294.4331970214844,145.01480102539062,189.4084014892578,168.37399291992188
288.2756042480469,115.07489776611328,202.7689971923828,199.3634033203125
302.022705078125,130.33450317382812,196.2144012451172,186.3551025390625
288.793701171875,114.28099822998047,209.4376983642578,202.210693359375
307.03179931640625,116.10449981689453,189.4051971435547,198.43310546875
317.3291931152344,116.93730163574219,182.28460693359375,196.85609436035156
310.364501953125,124.71949768066406,179.310302734375,190.7624969482422
314.0773010253906,112.74739837646484,182.97479248046875,200.79550170898438
309.1465148925781,123.80740356445312,189.0756072998047,191.69349670410156
301.8287048339844,133.8394012451172,198.7821044921875,178.5
288.5184020996094,135.6042938232422,214.7458953857422,177.35400390625
295.2421875,137.03790283203125,203.08580017089844,175.539794921875
291.1405944824219,132.53250122070312,217.93930053710938,180.59719848632812
280.377197265625,31.072799682617188,276.8922119140625,285.5050964355469
294.105712890625,126.73909759521484,202.97059631347656,189.02760314941406
276.99639892578125,120.04319763183594,220.1967010498047,195.3574981689453
288.58380126953125,113.31999969482422,207.5944061279297,200.98500061035156
283.27081298828125,111.72100067138672,217.68150329589844,203.90240478515625
280.7593078613281,111.28610229492188,216.14199829101562,200.76649475097656
284.9385986328125,116.14620208740234,216.6425018310547,200.78720092773438
298.0299072265625,121.53880310058594,182.14010620117188,188.56790161132812
298.3315124511719,120.73619842529297,187.46009826660156,192.14300537109375
303.0625915527344,122.51490020751953,176.74729919433594,184.69290161132812
307.5049133300781,122.25160217285156,168.78720092773438,178.3079071044922
311.993896484375,115.845703125,163.0926055908203,186.30760192871094
309.6405029296875,117.5385971069336,169.02040100097656,196.5821075439453
271.4599914550781,86.1675033569336,298.79681396484375,230.00830078125
289.0553894042969,75.5873031616211,236.7095947265625,237.09959411621094
307.85308837890625,115.97750091552734,180.02220153808594,202.5030975341797
324.8887939453125,115.59210205078125,165.48370361328125,198.41439819335938
338.302490234375,115.83740234375,150.0312042236328,195.3291015625
335.16900634765625,106.90609741210938,146.33680725097656,206.53970336914062
326.99200439453125,99.43620300292969,167.7740020751953,216.9871063232422
320.1817932128906,85.69120025634766,182.1414031982422,230.43890380859375
315.7767028808594,47.40230178833008,207.92970275878906,268.7085876464844
303.0439147949219,26.991100311279297,265.0627136230469,288.2491149902344
307.3133850097656,38.864898681640625,198.74119567871094,273.869384765625
298.5614929199219,48.58169937133789,213.18280029296875,263.0819091796875
296.4787902832031,50.25960159301758,217.7209930419922,264.5159912109375
301.5036926269531,38.192501068115234,222.2602996826172,274.9158935546875
301.3468017578125,46.36429977416992,234.58749389648438,266.8888854980469
317.9623107910156,54.65119934082031,217.72909545898438,254.397705078125
306.90850830078125,34.256099700927734,235.79469299316406,278.9765930175781
327.7638854980469,42.915199279785156,197.59739685058594,263.1235046386719
332.7869873046875,36.430198669433594,205.56280517578125,264.7565002441406
332.6429138183594,43.090599060058594,201.15159606933594,262.131103515625
335.9378967285156,32.829898834228516,205.73129272460938,274.5347900390625
331.2538146972656,34.45930099487305,209.75509643554688,279.2768859863281
338.62908935546875,35.762001037597656,203.1840057373047,276.5375061035156
345.02508544921875,30.023099899291992,181.8240966796875,280.7055969238281
340.902587890625,28.508699417114258,187.1945037841797,283.4912109375
347.0531921386719,29.977100372314453,169.73629760742188,276.24700927734375
344.4872131347656,25.29840087890625,190.9886016845703,283.5675964355469
353.9504089355469,35.81959915161133,131.22390747070312,275.1380920410156
345.5993957519531,33.13010025024414,122.13400268554688,268.83929443359375
340.2756042480469,42.56719970703125,120.42620086669922,263.4429016113281
330.2242126464844,41.7234992980957,122.33110046386719,268.68231201171875
326.49249267578125,47.255699157714844,111.69960021972656,260.86590576171875
319.3915100097656,43.22380065917969,142.03199768066406,272.3345031738281
315.02410888671875,38.74980163574219,147.08380126953125,277.0150146484375
308.9236145019531,41.39289855957031,144.27420043945312,275.468994140625
306.70880126953125,49.266300201416016,171.218994140625,267.9991149902344
303.04901123046875,48.6609001159668,172.11839294433594,268.8283996582031
305.9159851074219,50.500999450683594,169.4853973388672,266.4132080078125
308.9737854003906,50.75640106201172,163.32220458984375,266.6300048828125
297.9165954589844,52.89720153808594,191.2008056640625,263.21270751953125
301.9598083496094,57.65370178222656,181.2480010986328,259.69061279296875
306.0168151855469,60.46289825439453,178.1262969970703,255.74749755859375
301.53179931640625,54.71900177001953,186.69000244140625,264.2929992675781
299.1683044433594,62.5890007019043,190.0919952392578,254.4803924560547
307.6606140136719,64.6760025024414,187.48199462890625,251.01829528808594
293.9518127441406,64.44280242919922,195.09339904785156,253.61109924316406
305.00311279296875,69.45429992675781,183.23410034179688,246.9857940673828
298.6589050292969,63.677101135253906,187.36329650878906,255.10020446777344
300.6719055175781,66.29920196533203,182.8468017578125,251.951904296875
287.9148864746094,68.58940124511719,200.16290283203125,247.60740661621094
304.10101318359375,75.73600006103516,186.89390563964844,242.18670654296875
300.62908935546875,75.24849700927734,193.69070434570312,241.2404022216797
304.1380920410156,68.0020980834961,187.31509399414062,248.80149841308594
301.7648010253906,74.2428970336914,190.2368927001953,241.7819061279297
309.0303039550781,72.20459747314453,189.61819458007812,242.72239685058594
298.85760498046875,88.56710052490234,193.406494140625,228.2512969970703
298.79791259765625,63.8130989074707,186.72430419921875,254.64810180664062
297.912109375,65.88259887695312,180.74440002441406,251.7270050048828
300.7809143066406,70.06670379638672,181.6678009033203,247.15240478515625
303.9772033691406,70.63330078125,178.1551971435547,244.0782012939453
298.1151123046875,63.34189987182617,181.402099609375,252.24630737304688
293.58349609375,62.02920150756836,185.00779724121094,254.8321075439453
297.34649658203125,62.88959884643555,178.78390502929688,254.08599853515625
301.3210144042969,56.69459915161133,179.39520263671875,260.1476135253906
300.5663146972656,62.842899322509766,173.37330627441406,254.48770141601562
298.2933044433594,58.915401458740234,179.77330017089844,258.4281921386719
298.21600341796875,63.404998779296875,179.88499450683594,252.0399932861328
297.3175048828125,62.894500732421875,167.40220642089844,254.59979248046875
295.0971984863281,63.25400161743164,164.11090087890625,254.9365997314453
293.260009765625,62.086700439453125,158.58599853515625,254.5946044921875
291.46630859375,60.95180130004883,164.28070068359375,254.67050170898438
292.101806640625,61.425899505615234,144.10940551757812,255.3105010986328
295.9916076660156,58.10559844970703,128.94020080566406,257.8573913574219
300.9818115234375,60.94490051269531,114.07129669189453,254.20289611816406
303.8634033203125,58.83300018310547,108.97090148925781,255.67739868164062
295.9928894042969,58.940101623535156,124.76699829101562,255.04339599609375
307.3866882324219,59.337799072265625,116.43199920654297,257.3861083984375
326.1496887207031,58.8302001953125,101.77010345458984,254.1291961669922
326.8017883300781,61.74420166015625,131.29249572753906,253.40440368652344
320.8761901855469,58.39870071411133,150.76950073242188,256.87548828125
318.1310119628906,54.264198303222656,163.67970275878906,263.4820861816406
316.43701171875,55.36439895629883,169.16259765625,261.7887878417969
314.8398132324219,58.883201599121094,173.34100341796875,256.7652893066406
321.1950988769531,52.57320022583008,164.05259704589844,257.4486999511719
318.4383850097656,47.944000244140625,173.9145050048828,265.6340026855469
317.1651916503906,43.027099609375,179.4990997314453,266.79071044921875
319.7681884765625,37.524200439453125,177.50070190429688,270.96539306640625
317.4012145996094,26.114599227905273,206.20919799804688,276.8403015136719
304.3645935058594,19.98200035095215,245.64930725097656,292.7786865234375
307.41259765625,46.66360092163086,203.7637939453125,267.224609375
303.63751220703125,41.11389923095703,204.4333038330078,270.77081298828125
297.669189453125,27.651500701904297,248.970703125,284.2341003417969
329.2030944824219,66.94180297851562,170.50360107421875,249.02029418945312
317.0086975097656,91.30989837646484,186.04519653320312,222.90379333496094
315.143310546875,61.51350021362305,194.63949584960938,253.06109619140625
298.15679931640625,47.53499984741211,227.05799865722656,267.4737854003906
300.1990966796875,53.6161994934082,225.8105926513672,263.730712890625
312.150390625,53.00979995727539,246.46859741210938,253.83599853515625
327.0640869140625,61.74760055541992,182.7559051513672,249.80239868164062
322.42840576171875,66.54540252685547,189.7126007080078,249.0509033203125
316.2521057128906,62.620201110839844,200.1968994140625,252.572998046875
321.435791015625,52.48320007324219,237.32899475097656,256.1759033203125
317.72900390625,50.98820114135742,237.57789611816406,263.1694030761719
324.19171142578125,50.21870040893555,238.90109252929688,245.964599609375
325.77081298828125,49.00559997558594,186.9801025390625,263.78240966796875
314.25,45.23749923706055,244.62460327148438,269.9923095703125
311.28460693359375,52.65330123901367,250.69720458984375,263.1636962890625
303.3551025390625,44.044898986816406,261.3540954589844,272.5018005371094
304.7279968261719,60.18669891357422,239.7729949951172,255.48570251464844
303.1557922363281,39.61040115356445,254.0928955078125,275.9834899902344
311.9049987792969,85.6521987915039,190.5677032470703,228.63710021972656
305.5309143066406,85.29550170898438,215.91839599609375,232.40179443359375
304.4750061035156,185.56829833984375,211.835693359375,131.80520629882812
309.9692077636719,172.45289611816406,196.9470977783203,141.88580322265625
305.0159912109375,175.70339965820312,193.69540405273438,140.43910217285156
304.2868957519531,186.10409545898438,189.7613983154297,128.4062957763672
309.5461120605469,79.38890075683594,163.17820739746094,233.06930541992188
303.5403137207031,179.3386993408203,195.2720947265625,137.3083953857422
306.6315002441406,181.40440368652344,182.38499450683594,132.6237030029297
319.73919677734375,174.8009033203125,174.1573944091797,138.61500549316406
309.7832946777344,129.83590698242188,187.9593048095703,186.29010009765625
303.7276916503906,119.45800018310547,189.8090057373047,198.86740112304688
305.2500915527344,107.27200317382812,193.14239501953125,209.42340087890625
305.22369384765625,129.50140380859375,193.80259704589844,186.7700958251953
306.7937927246094,106.69640350341797,206.9210968017578,208.23779296875
301.8929138183594,98.42630004882812,206.24879455566406,217.52439880371094
299.5990905761719,96.59770202636719,229.4803924560547,219.95689392089844
277.50030517578125,92.70580291748047,242.2602996826172,221.69500732421875
285.31719970703125,87.22750091552734,244.25289916992188,227.83700561523438
281.7278137207031,90.10690307617188,243.7960968017578,222.39779663085938
276.14111328125,94.32579803466797,253.78329467773438,219.35130310058594
282.72210693359375,91.97840118408203,244.10659790039062,223.49110412597656
274.4104919433594,93.84619903564453,256.3742980957031,220.36329650878906
282.1072082519531,95.89620208740234,246.56910705566406,216.00160217285156
281.8503112792969,97.16480255126953,247.91209411621094,217.97799682617188
284.0828857421875,95.12110137939453,234.66600036621094,219.2626953125
287.3710021972656,109.22879791259766,238.50860595703125,205.1269989013672
279.972900390625,100.88619995117188,232.243896484375,211.63609313964844
283.2200927734375,95.86289978027344,234.1540069580078,219.6636962890625
278.4507141113281,92.76249694824219,246.18710327148438,220.47349548339844
277.6376953125,90.96399688720703,242.83900451660156,222.65460205078125
280.6156005859375,90.73860168457031,238.22909545898438,220.26710510253906
282.8935852050781,95.36009979248047,227.96380615234375,217.7303924560547
282.0049133300781,94.29119873046875,224.59100341796875,220.29409790039062
284.6224060058594,93.1720962524414,210.24139404296875,220.81109619140625
284.2431945800781,93.33580017089844,193.68919372558594,220.1811981201172
277.5624084472656,83.091796875,277.3702087402344,228.84800720214844
274.7626037597656,91.18720245361328,199.19830322265625,223.36819458007812
275.6205139160156,100.53040313720703,183.71949768066406,210.0655059814453
270.14910888671875,90.16390228271484,183.7696990966797,222.95919799804688
268.6431884765625,98.64659881591797,182.68190002441406,216.49139404296875
266.9867858886719,87.59609985351562,182.9542999267578,226.05140686035156
265.44488525390625,90.10769653320312,179.75430297851562,224.18569946289062
266.4877014160156,85.19020080566406,178.87669372558594,227.2873992919922
