1
362.56219482421875,261.49700927734375,38.11009979248047,35.37919998168945
362.5581970214844,259.3147888183594,38.41910171508789,37.266700744628906
360.64068603515625,258.6077880859375,39.93560028076172,38.70709991455078
359.9208068847656,258.4505920410156,39.5088996887207,38.65409851074219
361.03900146484375,259.0184020996094,40.867698669433594,39.16270065307617
360.71258544921875,259.1174011230469,40.86840057373047,38.69770050048828
360.7078857421875,259.3035888671875,39.1875,38.68199920654297
362.12200927734375,258.2965087890625,39.69449996948242,38.154300689697266
360.49951171875,259.1177978515625,39.0161018371582,38.277198791503906
360.2627868652344,258.548095703125,40.142601013183594,38.667598724365234
351.715087890625,257.6968078613281,48.3916015625,42.593299865722656
289.1872863769531,258.8830871582031,50.24610137939453,45.86539840698242
292.4657897949219,259.3265075683594,48.39509963989258,45.25080108642578
292.8629150390625,259.0701904296875,48.302101135253906,45.46910095214844
294.4237060546875,259.51470947265625,46.305999755859375,44.90039825439453
294.7923889160156,259.4548034667969,45.944801330566406,44.97719955444336
293.4244079589844,259.014404296875,46.884300231933594,44.79410171508789
294.8662109375,259.54010009765625,46.15760040283203,45.33409881591797
294.5732116699219,258.7341003417969,46.592899322509766,44.592498779296875
293.7522888183594,258.62689208984375,47.17720031738281,44.79819869995117
296.36810302734375,259.073486328125,45.36690139770508,45.14780044555664
293.36700439453125,258.809814453125,46.787899017333984,44.59389877319336
292.7450866699219,258.2658996582031,48.058799743652344,45.74359893798828
292.81060791015625,259.1492004394531,47.57440185546875,45.6609992980957
291.98541259765625,259.0412902832031,48.15570068359375,45.62810134887695
291.95001220703125,258.5516052246094,48.50510025024414,45.525699615478516
292.13189697265625,259.2604064941406,48.762901306152344,45.42900085449219
292.50140380859375,259.27850341796875,48.01240158081055,45.63560104370117
292.864013671875,258.9818115234375,47.264801025390625,45.93370056152344
291.4747009277344,258.9471130371094,47.95050048828125,44.90660095214844
291.5694885253906,259.2179870605469,49.1338005065918,45.20719909667969
292.7296142578125,259.11358642578125,47.588600158691406,45.981300354003906
291.95819091796875,259.02288818359375,47.93790054321289,45.808101654052734
291.1664123535156,258.56170654296875,49.4390983581543,45.75170135498047
293.16070556640625,258.989990234375,48.09939956665039,45.27830123901367
291.34039306640625,258.7528076171875,48.91389846801758,45.549198150634766
292.3268127441406,258.73541259765625,48.15370178222656,45.63029861450195
292.2030944824219,258.1224060058594,48.68830108642578,45.808799743652344
291.71649169921875,258.0653991699219,49.003501892089844,45.73870086669922
291.5028991699219,258.9841003417969,48.65879821777344,44.8223991394043
292.13531494140625,258.810791015625,48.94670104980469,45.759300231933594
291.2388916015625,258.6734924316406,47.98929977416992,44.914398193359375
291.55499267578125,259.097412109375,48.19409942626953,44.69269943237305
290.9169921875,259.5089111328125,49.06610107421875,45.28329849243164
292.0289001464844,258.8306884765625,47.79840087890625,45.17300033569336
291.8208923339844,259.4930114746094,47.762699127197266,45.4364013671875
291.8583984375,258.5448913574219,48.47380065917969,45.53770065307617
292.40411376953125,259.4809875488281,48.337398529052734,45.74810028076172
292.0372009277344,258.7543029785156,48.208499908447266,45.79520034790039
292.2485046386719,258.84820556640625,48.57279968261719,45.14970016479492
291.998291015625,259.4436950683594,47.969200134277344,45.44620132446289
292.7347106933594,258.5580139160156,48.08530044555664,45.77299880981445
293.055908203125,259.7018127441406,47.36000061035156,45.266998291015625
292.6011047363281,259.5177001953125,47.91910171508789,45.530799865722656
291.78741455078125,258.60089111328125,48.4984016418457,45.683101654052734
291.4682922363281,258.89739990234375,48.373199462890625,45.76459884643555
292.1482849121094,259.4385070800781,48.474700927734375,45.68550109863281
292.7984924316406,258.92608642578125,47.47129821777344,45.276100158691406
291.8851013183594,258.6083068847656,47.90140151977539,45.68259811401367
291.5921936035156,259.28448486328125,49.135398864746094,46.41419982910156
292.0075988769531,259.42919921875,48.34980010986328,45.66939926147461
292.45361328125,259.3985900878906,48.317501068115234,45.558101654052734
292.07708740234375,259.08990478515625,48.37590026855469,45.719600677490234
292.1553955078125,259.3764953613281,48.03179931640625,46.25360107421875
291.5809020996094,258.9674987792969,48.66529846191406,46.199100494384766
292.30230712890625,259.30499267578125,48.282798767089844,45.637901306152344
292.7250061035156,259.0043029785156,48.28219985961914,45.82440185546875
292.9132995605469,259.2991027832031,48.09629821777344,46.304298400878906
293.3492126464844,258.96551513671875,47.57780075073242,45.45399856567383
291.6494140625,258.8475036621094,48.11109924316406,45.86199951171875
292.3196105957031,258.8406982421875,47.76470184326172,45.41659927368164
291.80218505859375,258.82379150390625,48.424198150634766,46.21260070800781
292.0397033691406,259.0400085449219,48.4468994140625,46.106998443603516
292.3929138183594,259.05621337890625,48.336299896240234,46.07889938354492
291.9338073730469,258.6759033203125,48.29050064086914,45.14149856567383
291.1914978027344,258.5675048828125,48.61090087890625,46.1172981262207
292.5528869628906,258.6570129394531,48.10300064086914,45.234798431396484
291.8573913574219,258.75579833984375,48.39789962768555,45.86629867553711
291.8446044921875,259.0086975097656,47.85100173950195,45.480201721191406
292.0683898925781,259.38360595703125,48.52040100097656,45.53620147705078
291.898193359375,258.8125915527344,47.8838005065918,45.01459884643555
291.9385986328125,259.2549133300781,47.86709976196289,46.146400451660156
291.5212097167969,259.3262939453125,48.89799880981445,45.90909957885742
291.50738525390625,259.2054138183594,48.92100143432617,46.34870147705078
293.51141357421875,259.00250244140625,47.34260177612305,45.64509963989258
292.4797058105469,258.6720886230469,47.86289978027344,45.790000915527344
292.8594970703125,258.6423034667969,47.75419998168945,45.971900939941406
292.9142150878906,258.7604064941406,47.67380142211914,45.5452995300293
292.0813903808594,258.9931945800781,48.435699462890625,45.768699645996094
292.03009033203125,259.3546142578125,48.09109878540039,45.94770050048828
291.4034118652344,258.914306640625,48.27510070800781,45.83219909667969
292.0008850097656,259.6236877441406,48.10070037841797,45.94240188598633
291.8309020996094,259.2305908203125,47.99530029296875,46.22529983520508
292.0712890625,259.23028564453125,48.086700439453125,44.645999908447266
292.7286071777344,259.3055114746094,47.92020034790039,45.702999114990234
291.77789306640625,259.4276123046875,48.49760055541992,45.77190017700195
292.002197265625,259.04510498046875,47.59859848022461,45.61920166015625
291.6086120605469,259.3912048339844,48.609798431396484,46.01190185546875
292.78338623046875,259.7596130371094,47.29970169067383,46.15810012817383
291.9789123535156,260.0205993652344,48.25389862060547,45.07509994506836
291.5679016113281,259.2235107421875,47.91830062866211,45.211299896240234
291.176513671875,259.21539306640625,48.084999084472656,45.52429962158203
291.53179931640625,258.8653869628906,47.96879959106445,45.406700134277344
291.4247131347656,259.1853942871094,48.01639938354492,46.15739822387695
291.364990234375,259.1145935058594,47.863399505615234,45.320098876953125
290.77978515625,259.21148681640625,48.44879913330078,46.23889923095703
291.5465087890625,259.52410888671875,47.8297004699707,45.41600036621094
290.9815979003906,258.6131896972656,48.29119873046875,46.250701904296875
291.57049560546875,258.8385925292969,47.95790100097656,45.65890121459961
290.99249267578125,258.62060546875,48.276798248291016,45.62620162963867
291.005615234375,258.6252136230469,48.361698150634766,45.90409851074219
290.73529052734375,258.3418884277344,48.83100128173828,47.02479934692383
290.9637145996094,258.8252868652344,49.464298248291016,45.90140151977539
291.0504150390625,259.0508117675781,49.22869873046875,46.368499755859375
291.3128967285156,259.03399658203125,48.815399169921875,46.40999984741211
291.93829345703125,259.23651123046875,48.66170120239258,45.34590148925781
292.43548583984375,259.2723083496094,47.950401306152344,45.574798583984375
291.73980712890625,258.7992858886719,48.032901763916016,45.85490036010742
291.5498962402344,259.2091064453125,48.15769958496094,46.02050018310547
291.7132873535156,258.9639892578125,48.7588996887207,45.5630989074707
291.9858093261719,259.3338928222656,47.86840057373047,46.443199157714844
292.448486328125,259.64208984375,47.95100021362305,45.7953987121582
291.77978515625,258.8002014160156,49.31269836425781,46.394798278808594
291.7745056152344,259.64739990234375,49.0973014831543,46.38890075683594
291.7383117675781,259.74261474609375,48.893001556396484,45.71480178833008
292.6282958984375,259.7296142578125,48.61240005493164,45.25659942626953
292.6482849121094,260.397705078125,47.764801025390625,44.88290023803711
292.11859130859375,260.0870056152344,47.99589920043945,44.63019943237305
292.61090087890625,260.331787109375,48.46009826660156,45.61140060424805
292.00970458984375,259.1953125,48.808998107910156,45.38029861450195
292.2969970703125,260.5613098144531,48.18479919433594,45.37110137939453
292.5910949707031,259.9414978027344,48.78160095214844,45.95100021362305
291.9706115722656,259.55059814453125,48.590599060058594,45.253501892089844
291.78289794921875,259.6575012207031,49.05820083618164,45.655399322509766
292.22918701171875,260.4454040527344,48.87419891357422,45.3838005065918
292.32269287109375,259.0133056640625,48.485599517822266,45.144901275634766
292.5476989746094,259.74261474609375,47.02080154418945,44.37519836425781
291.5805969238281,260.4119873046875,48.01369857788086,45.397499084472656
291.91558837890625,259.46929931640625,48.218299865722656,44.99380111694336
291.3125,260.0956115722656,47.6599006652832,45.304500579833984
292.3930969238281,259.24310302734375,48.12590026855469,45.296600341796875
291.80120849609375,259.55010986328125,47.86669921875,45.22819900512695
292.17529296875,259.0723876953125,48.58940124511719,45.689998626708984
291.6922912597656,259.7239074707031,47.61389923095703,45.64690017700195
291.9901123046875,259.8678894042969,48.833099365234375,45.592098236083984
292.6018981933594,259.5168151855469,47.38560104370117,45.36830139160156
292.385498046875,259.07598876953125,48.342201232910156,46.27280044555664
292.4465026855469,259.9193115234375,47.22779846191406,45.08190155029297
291.5032958984375,259.3577880859375,47.489898681640625,45.12810134887695
292.3279113769531,259.3930969238281,47.107398986816406,44.79130172729492
291.55010986328125,259.2571105957031,47.83340072631836,45.6797981262207
291.0693054199219,258.4451904296875,48.51969909667969,46.08089828491211
291.8944091796875,259.6470947265625,47.686500549316406,45.22330093383789
291.8775939941406,259.6747131347656,47.5901985168457,45.59989929199219
291.10418701171875,259.37109375,48.859500885009766,46.0625
291.1200866699219,260.0639953613281,48.03020095825195,45.583099365234375
291.8428955078125,259.45098876953125,47.58599853515625,44.898799896240234
291.9338073730469,259.8597106933594,47.76890182495117,45.238399505615234
291.93310546875,260.144287109375,47.54410171508789,45.65190124511719
291.67608642578125,260.2264099121094,48.563899993896484,45.60300064086914
292.4070129394531,258.839599609375,47.56129837036133,44.944698333740234
291.18328857421875,258.8323059082031,48.27859878540039,45.358699798583984
292.0802917480469,258.65618896484375,47.4989013671875,45.13330078125
292.0343933105469,259.985595703125,47.06230163574219,45.0536003112793
291.5559997558594,259.31109619140625,47.644798278808594,45.188499450683594
292.097900390625,259.218994140625,47.702701568603516,45.320899963378906
291.9952087402344,259.31500244140625,47.423301696777344,45.50389862060547
291.3605041503906,259.4504089355469,47.83570098876953,45.571998596191406
291.32769775390625,259.1730041503906,48.11470031738281,45.3114013671875
291.4827880859375,259.87969970703125,48.052398681640625,44.65769958496094
291.3935852050781,259.6853942871094,47.6239013671875,45.59040069580078
291.12579345703125,259.5852966308594,48.4369010925293,45.47719955444336
291.91778564453125,259.53839111328125,47.667198181152344,44.95289993286133
291.8143005371094,259.6011962890625,47.62860107421875,45.45249938964844
291.94488525390625,259.4767150878906,47.78300094604492,45.17599868774414
291.6509094238281,259.9255065917969,47.62260055541992,44.95050048828125
292.90240478515625,260.0356140136719,47.11050033569336,44.89979934692383
292.61309814453125,259.6477966308594,47.575199127197266,46.10820007324219
291.79779052734375,259.22601318359375,47.75199890136719,45.29710006713867
291.67181396484375,259.59368896484375,47.751399993896484,45.750099182128906
291.560791015625,259.43170166015625,48.105499267578125,45.53929901123047
291.1153869628906,259.6614990234375,48.26139831542969,45.1072998046875
291.3916931152344,259.3384094238281,48.21590042114258,45.77870178222656
291.4419860839844,259.3782043457031,48.49399948120117,44.82849884033203
290.972412109375,259.3702087402344,48.61690139770508,45.55580139160156
290.8309020996094,258.97540283203125,48.66490173339844,45.465599060058594
290.3345947265625,259.08660888671875,48.53310012817383,45.85100173950195
290.6708068847656,258.6372985839844,49.08789825439453,46.546199798583984
291.468505859375,258.9241943359375,48.39440155029297,45.281898498535156
290.8966979980469,258.9242858886719,48.10139846801758,45.937599182128906
290.8938903808594,259.44830322265625,48.65370178222656,45.205101013183594
292.0216979980469,259.1756896972656,47.88859939575195,45.02330017089844
292.102294921875,258.94158935546875,47.8911018371582,45.44559860229492
290.552490234375,258.9986877441406,48.54169845581055,45.685699462890625
291.1611022949219,259.3804931640625,48.23109817504883,45.5010986328125
291.62298583984375,259.5273132324219,47.75230026245117,44.79859924316406
291.505615234375,259.36248779296875,48.19139862060547,45.38560104370117
290.68701171875,259.6654052734375,48.22480010986328,45.184600830078125
291.481201171875,259.1448059082031,48.60580062866211,45.367698669433594
291.2471008300781,259.184814453125,47.94409942626953,45.31129837036133
290.71148681640625,259.3288879394531,48.70920181274414,45.48899841308594
291.001708984375,259.0310974121094,48.14690017700195,45.31549835205078
290.9346923828125,259.3555908203125,48.32619857788086,45.4474983215332
291.4305114746094,259.3445129394531,47.742698669433594,45.05070114135742
291.8370056152344,259.269287109375,47.85049819946289,45.31660079956055
291.11370849609375,259.6820068359375,48.83869934082031,45.32379913330078
290.797607421875,259.0372009277344,48.835201263427734,46.02750015258789
291.4607849121094,259.1773986816406,48.506900787353516,45.523101806640625
291.4010009765625,259.2228088378906,47.7328987121582,44.988800048828125
291.9429016113281,259.12640380859375,47.63890075683594,45.093299865722656
291.7939147949219,259.29449462890625,47.754600524902344,45.39649963378906
291.46490478515625,259.71630859375,48.45000076293945,45.88880157470703
291.44140625,259.42620849609375,48.22079849243164,45.106998443603516
291.61749267578125,259.6653137207031,47.8578987121582,45.598201751708984
291.2496032714844,259.4495849609375,48.76729965209961,45.705299377441406
292.2289123535156,259.3078918457031,47.9109992980957,45.14830017089844
291.31671142578125,259.56561279296875,47.523399353027344,45.288700103759766
291.49420166015625,259.6477966308594,48.025901794433594,45.04560089111328
291.3622131347656,259.214599609375,48.41579818725586,45.36470031738281
290.7242126464844,259.3674011230469,47.91999816894531,44.93539810180664
291.3575134277344,259.3136901855469,48.16419982910156,45.467201232910156
291.6560974121094,259.41729736328125,47.44089889526367,44.30619812011719
292.17559814453125,259.1322021484375,47.94139862060547,44.820098876953125
291.5633850097656,258.98089599609375,47.864898681640625,45.49679946899414
291.6339111328125,259.5703125,47.90169906616211,45.510501861572266
291.7760009765625,259.625,48.15700149536133,45.117698669433594
292.2521057128906,259.1518859863281,47.63019943237305,45.18619918823242
292.0755920410156,259.3660888671875,47.570899963378906,45.464599609375
291.9224853515625,258.98590087890625,48.502201080322266,46.01860046386719
291.5862121582031,259.802001953125,47.36159896850586,45.324501037597656
292.1482849121094,260.0809020996094,47.582801818847656,44.98040008544922
292.0137023925781,259.20050048828125,47.33409881591797,45.469398498535156
291.52630615234375,259.5611877441406,48.104400634765625,45.322200775146484
291.6575012207031,259.3955993652344,48.09939956665039,44.90420150756836
291.42169189453125,259.7134094238281,47.985198974609375,45.09709930419922
291.24969482421875,259.2254943847656,48.241798400878906,45.606201171875
291.8998107910156,259.4917907714844,47.98749923706055,44.71900177001953
291.68499755859375,259.42840576171875,47.80799865722656,46.06169891357422
291.501708984375,260.1412048339844,47.34389877319336,44.835601806640625
291.0152893066406,259.35760498046875,47.90650177001953,45.230201721191406
291.6662902832031,259.772705078125,48.058101654052734,45.06949996948242
291.9577941894531,258.99798583984375,48.27479934692383,45.44449996948242
292.15301513671875,259.3977966308594,47.168399810791016,44.813499450683594
291.6962890625,259.20941162109375,47.65140151977539,45.29439926147461
291.1683044433594,259.3351135253906,47.73099899291992,45.28879928588867
290.9151916503906,259.6995849609375,48.410099029541016,44.98030090332031
291.63360595703125,259.223388671875,47.724098205566406,45.652198791503906
291.7298889160156,259.0992126464844,47.72140121459961,44.70930099487305
291.2257080078125,259.19989013671875,48.1349983215332,45.73379898071289
291.5581970214844,259.4234924316406,47.86830139160156,44.60540008544922
291.69061279296875,259.5163879394531,47.679901123046875,44.849700927734375
291.4154052734375,259.63970947265625,47.82120132446289,45.792598724365234
291.6614074707031,259.2005920410156,47.927799224853516,44.61830139160156
291.43231201171875,259.0768127441406,48.17070007324219,45.265201568603516
290.97430419921875,259.3431091308594,48.35279846191406,45.7421989440918
291.3695983886719,259.0857849121094,47.44380187988281,44.88959884643555
290.9346008300781,259.3335876464844,48.39059829711914,45.48889923095703
291.135986328125,259.3420104980469,47.80979919433594,44.54840087890625
290.83441162109375,259.1724853515625,48.22740173339844,45.25270080566406
291.5268859863281,259.3810119628906,48.3317985534668,45.150001525878906
291.80389404296875,259.8039855957031,47.77870178222656,45.45500183105469
291.97100830078125,259.477294921875,47.77399826049805,45.09199905395508
291.09490966796875,259.3988952636719,48.331199645996094,45.5088005065918
291.510986328125,259.3175964355469,48.15810012817383,45.0098991394043
291.3186950683594,259.3630065917969,48.38850021362305,45.723201751708984
291.3004150390625,258.9364929199219,48.1593017578125,45.06629943847656
291.0683898925781,259.2192077636719,48.11220169067383,45.41550064086914
290.8642883300781,259.4341125488281,48.19200134277344,45.81119918823242
291.78900146484375,259.6575012207031,47.706199645996094,44.87070083618164
291.2137145996094,259.5455017089844,47.52899932861328,45.38119888305664
291.4482116699219,259.6358947753906,47.61399841308594,44.92729949951172
291.6883850097656,259.4661865234375,47.98740005493164,45.64080047607422
291.5094909667969,259.4744873046875,47.91019821166992,45.580101013183594
291.1169128417969,259.12640380859375,48.08440017700195,45.43199920654297
291.1589050292969,259.3384094238281,48.202598571777344,45.59109878540039
291.525390625,259.3699035644531,47.76860046386719,44.7765007019043
290.60919189453125,259.44171142578125,48.01169967651367,45.28379821777344
291.3876953125,259.1463928222656,47.90769958496094,44.81549835205078
292.1109924316406,259.1492004394531,47.66019821166992,44.389801025390625
291.69219970703125,259.27069091796875,47.73080062866211,45.93709945678711
290.7301940917969,259.6471862792969,48.18130111694336,45.32120132446289
291.6841125488281,259.3868103027344,48.240699768066406,44.97520065307617
291.6440124511719,259.3244934082031,48.53879928588867,45.95589828491211
291.4453125,259.30841064453125,48.15919876098633,44.587799072265625
291.45208740234375,259.1294860839844,48.319801330566406,45.68000030517578
291.36968994140625,259.16009521484375,47.88249969482422,45.08580017089844
291.8789978027344,259.201904296875,47.82080078125,44.98860168457031
291.1640930175781,258.9093933105469,47.92660140991211,45.465599060058594
290.87139892578125,259.0376892089844,48.297298431396484,45.8473014831543
290.35198974609375,259.3066101074219,48.70370101928711,45.962100982666016
290.60400390625,259.40960693359375,48.40620040893555,45.60390090942383
291.0882873535156,259.7327880859375,48.101898193359375,45.08649826049805
290.93560791015625,259.2131042480469,48.43339920043945,44.77669906616211
290.39569091796875,259.1072082519531,48.52389907836914,45.53810119628906
290.81439208984375,259.5118103027344,48.29199981689453,44.89670181274414
291.1265869140625,259.5653076171875,49.071800231933594,45.422298431396484
291.0671081542969,259.0556945800781,48.400001525878906,45.087398529052734
290.3293151855469,259.2214050292969,48.61050033569336,45.47710037231445
