1
463.28009033203125,52.83620071411133,60.73350143432617,58.87910079956055
459.8517150878906,54.396400451660156,65.95970153808594,58.71659851074219
456.9789123535156,56.772701263427734,68.95659637451172,58.982200622558594
452.2944030761719,60.03020095825195,66.93090057373047,59.29520034790039
445.79278564453125,65.70120239257812,65.59300231933594,59.03150177001953
438.3677062988281,70.86399841308594,63.53239822387695,60.70759963989258
428.57501220703125,77.51170349121094,60.89440155029297,61.55459976196289
419.126708984375,87.28949737548828,54.60940170288086,61.01890182495117
407.9971923828125,98.00669860839844,52.144100189208984,57.8911018371582
391.83428955078125,108.5624008178711,55.0005989074707,54.98210144042969
373.319091796875,119.38909912109375,55.989898681640625,52.26169967651367
358.4508972167969,127.15850067138672,56.97959899902344,51.634300231933594
341.7620849609375,132.8072052001953,61.0177001953125,53.29499816894531
328.99139404296875,138.28269958496094,57.448001861572266,47.80929946899414
316.5411071777344,143.33059692382812,54.96659851074219,43.2224006652832
306.35369873046875,144.69580078125,50.23780059814453,41.50339889526367
300.78118896484375,143.42799377441406,44.48040008544922,39.76150131225586
298.3912048339844,138.40269470214844,46.24330139160156,42.00790023803711
301.26348876953125,133.45249938964844,42.49330139160156,41.721500396728516
304.1347961425781,128.47830200195312,40.81990051269531,40.79280090332031
307.9678039550781,122.17620086669922,39.826499938964844,40.73030090332031
313.6202087402344,111.20059967041016,39.81079864501953,44.85020065307617
305.6651916503906,83.80380249023438,66.16519927978516,72.94930267333984
353.5710144042969,74.30079650878906,50.44940185546875,50.89720153808594
368.5224914550781,60.74620056152344,47.885799407958984,42.83639907836914
381.9787902832031,50.36119842529297,52.324100494384766,43.51219940185547
396.151611328125,41.99530029296875,55.00899887084961,44.135101318359375
411.5837097167969,36.41270065307617,54.875999450683594,43.989898681640625
426.5439147949219,35.32830047607422,54.86640167236328,43.29970169067383
441.3522033691406,35.42689895629883,55.304100036621094,43.769500732421875
454.61920166015625,36.37269973754883,57.002498626708984,42.275001525878906
469.6210021972656,39.94419860839844,53.509700775146484,37.394901275634766
484.669189453125,42.37070083618164,52.53020095825195,34.31460189819336
498.30889892578125,43.64459991455078,51.814300537109375,35.93899917602539
508.3201904296875,45.30030059814453,54.757598876953125,40.35150146484375
518.6143798828125,46.3302001953125,57.94200134277344,45.26089859008789
528.8380737304688,48.71739959716797,57.07500076293945,48.14039993286133
537.2094116210938,52.37229919433594,58.39149856567383,48.67070007324219
544.65771484375,57.13180160522461,56.73189926147461,47.85820007324219
549.0618286132812,63.295501708984375,56.03030014038086,46.548099517822266
551.4019165039062,69.71099853515625,57.56159973144531,46.72840118408203
552.343017578125,74.24030303955078,57.099300384521484,46.980499267578125
547.81591796875,78.56749725341797,59.18320083618164,48.699798583984375
541.5167236328125,84.13790130615234,61.807899475097656,48.624900817871094
532.38720703125,87.13279724121094,60.88819885253906,48.65959930419922
519.0991821289062,89.55480194091797,63.7140007019043,48.91350173950195
504.7943115234375,90.99299621582031,64.64409637451172,48.06340026855469
487.7549133300781,89.39019775390625,64.79989624023438,46.56019973754883
469.94390869140625,86.66310119628906,64.16069793701172,47.604698181152344
450.2023010253906,84.26599884033203,63.7765007019043,50.25790023803711
429.62109375,80.17790222167969,64.279296875,51.083900451660156
409.4281921386719,75.9343032836914,65.5197982788086,51.19860076904297
391.5574951171875,70.99259948730469,60.65039825439453,52.4099006652832
371.96990966796875,67.38150024414062,62.05889892578125,52.29859924316406
356.7273864746094,63.05459976196289,59.37379837036133,50.291500091552734
341.606201171875,60.52539825439453,59.08570098876953,49.96760177612305
330.2298889160156,58.179100036621094,54.778900146484375,50.2333984375
318.6169128417969,58.43040084838867,51.88159942626953,49.1411018371582
309.4619140625,57.08420181274414,51.32469940185547,52.16019821166992
303.4916076660156,56.55039978027344,48.93450164794922,52.88349914550781
300.61529541015625,59.31529998779297,48.06230163574219,51.716800689697266
301.13909912109375,61.71419906616211,45.81629943847656,49.554500579833984
302.7694091796875,63.70819854736328,44.27690124511719,44.92470169067383
307.3511962890625,65.09320068359375,44.26169967651367,41.8661003112793
313.60430908203125,65.2135009765625,45.016700744628906,42.1088981628418
321.7049865722656,65.9749984741211,44.412498474121094,42.13869857788086
332.22900390625,68.12680053710938,45.194000244140625,42.31959915161133
343.747314453125,70.91539764404297,43.7947998046875,42.9026985168457
355.589111328125,77.31220245361328,43.19409942626953,40.523799896240234
368.9451904296875,83.3843994140625,42.957698822021484,38.050899505615234
382.7608947753906,92.28910064697266,42.66120147705078,35.189998626708984
395.8952941894531,98.45220184326172,44.110801696777344,35.424400329589844
410.68060302734375,103.8156967163086,47.012699127197266,35.83290100097656
425.48370361328125,109.72119903564453,46.3942985534668,37.28160095214844
439.8525085449219,114.89340209960938,46.93069839477539,35.23809814453125
452.32080078125,117.55609893798828,48.667198181152344,36.3921012878418
468.6319885253906,121.20999908447266,46.996498107910156,34.70349884033203
482.35919189453125,122.60009765625,47.46950149536133,33.93159866333008
494.401611328125,123.63420104980469,48.07400131225586,35.3223991394043
504.8522033691406,122.24720001220703,51.31010055541992,39.12179946899414
514.3663940429688,121.20459747314453,53.91600036621094,41.054100036621094
523.1909790039062,120.92790222167969,55.434600830078125,42.033599853515625
522.8698120117188,121.01309967041016,57.24530029296875,41.67390060424805
531.452880859375,121.0448989868164,53.28239822387695,41.49250030517578
530.8212280273438,121.21089935302734,53.46500015258789,41.563499450683594
536.6688842773438,120.0906982421875,53.98780059814453,42.46630096435547
540.2756958007812,121.27269744873047,51.27199935913086,41.12689971923828
539.8665161132812,120.47740173339844,52.44860076904297,41.74620056152344
537.3768920898438,121.8905029296875,52.6963005065918,41.45389938354492
532.2838134765625,121.66619873046875,54.451900482177734,41.98680114746094
525.39697265625,121.10870361328125,53.45100021362305,42.17499923706055
516.5109252929688,121.68479919433594,53.16809844970703,42.804100036621094
504.2620849609375,122.05110168457031,53.61029815673828,42.804298400878906
492.8301086425781,124.76480102539062,50.06779861450195,39.481300354003906
478.9800109863281,124.20069885253906,51.17210006713867,38.84640121459961
462.5965881347656,125.27960205078125,52.68619918823242,38.575199127197266
446.3738098144531,125.08180236816406,50.3838005065918,39.267799377441406
427.85791015625,124.46050262451172,52.734100341796875,39.5447998046875
410.4833984375,124.84609985351562,50.45909881591797,37.927799224853516
394.8013000488281,125.56670379638672,48.59040069580078,36.91419982910156
377.8490905761719,126.75589752197266,47.00120162963867,35.07509994506836
361.05780029296875,127.58370208740234,46.77349853515625,33.67060089111328
347.5255126953125,128.418701171875,43.457298278808594,32.83610153198242
332.2763977050781,129.0133056640625,42.65299987792969,31.776100158691406
317.6382141113281,128.40170288085938,42.5806999206543,32.016700744628906
306.97491455078125,128.74220275878906,40.19329833984375,32.4203987121582
295.230712890625,128.977294921875,41.21289825439453,32.67570114135742
286.2991027832031,129.3218994140625,40.2599983215332,33.62419891357422
278.1986999511719,130.5424041748047,37.02859878540039,32.47050094604492
271.3669128417969,131.08749389648438,38.583499908447266,33.83359909057617
266.85321044921875,131.13909912109375,39.327598571777344,33.63600158691406
264.67840576171875,131.75289916992188,38.83679962158203,33.88370132446289
265.1376953125,129.41090393066406,38.31869888305664,33.661399841308594
266.0643005371094,129.57879638671875,38.88869857788086,32.635501861572266
266.8440856933594,130.38800048828125,39.52119827270508,31.802000045776367
269.4339904785156,131.03160095214844,38.80339813232422,32.48680114746094
274.4065856933594,131.91409301757812,39.96739959716797,33.355499267578125
279.39739990234375,133.74139404296875,41.359500885009766,33.330299377441406
286.2806091308594,135.63470458984375,40.2588005065918,32.43470001220703
296.3835144042969,138.7949981689453,40.88669967651367,31.53529930114746
307.0360107421875,140.7248992919922,39.28099822998047,29.5216007232666
318.4278869628906,142.6450958251953,38.15439987182617,29.878299713134766
332.6379089355469,143.50830078125,37.85409927368164,30.496599197387695
346.31640625,145.27439880371094,39.25170135498047,30.52120018005371
362.1415100097656,146.577392578125,41.637699127197266,31.74570083618164
377.8999938964844,148.1414031982422,43.60279846191406,33.583099365234375
393.9692077636719,149.56399536132812,46.98270034790039,35.54560089111328
410.705810546875,149.6345977783203,47.27750015258789,38.272701263427734
426.9075927734375,148.13360595703125,49.56019973754883,41.802799224853516
442.0299987792969,145.76589965820312,56.61159896850586,44.262901306152344
459.2688903808594,146.4884033203125,56.44810104370117,46.86830139160156
477.60479736328125,146.02699279785156,54.37590026855469,47.4010009765625
488.15289306640625,146.9300994873047,57.7864990234375,48.33190155029297
500.2786865234375,148.64889526367188,61.21549987792969,50.147701263427734
510.8854064941406,149.12649536132812,60.88100051879883,53.318599700927734
519.6630249023438,152.535400390625,63.635398864746094,55.16210174560547
525.1478271484375,155.89950561523438,63.547698974609375,56.182701110839844
530.0684204101562,162.82240295410156,62.388301849365234,55.32460021972656
529.2642822265625,170.7982940673828,62.9650993347168,54.68709945678711
529.4282836914062,181.28729248046875,59.89680099487305,50.95439910888672
523.5269775390625,190.29150390625,62.198299407958984,52.61040115356445
516.0612182617188,200.35389709472656,62.96189880371094,50.147098541259766
506.2206115722656,209.05270385742188,62.03350067138672,49.51029968261719
495.81170654296875,216.9116973876953,63.160400390625,46.87049865722656
480.74090576171875,220.8968963623047,64.07099914550781,45.654300689697266
467.3122863769531,224.52630615234375,62.808998107910156,42.56560134887695
452.1575927734375,226.97169494628906,61.13759994506836,40.34299850463867
438.0367126464844,230.50160217285156,57.390098571777344,41.26319885253906
423.79229736328125,237.64450073242188,55.5442008972168,41.742000579833984
413.99169921875,248.63389587402344,50.375999450683594,41.403900146484375
398.89910888671875,258.5616149902344,47.00019836425781,42.691001892089844
385.6427917480469,261.2821044921875,50.590999603271484,40.286800384521484
378.39239501953125,258.21820068359375,46.700599670410156,41.120601654052734
313.6012878417969,260.7033996582031,29.65369987487793,43.92359924316406
290.5780944824219,260.14300537109375,48.80870056152344,44.96839904785156
290.3356018066406,258.5065002441406,49.028099060058594,44.7593994140625
290.49798583984375,258.7304992675781,49.78519821166992,45.75490188598633
291.1507873535156,259.25079345703125,48.87919998168945,44.569000244140625
290.4696044921875,258.58929443359375,50.80120086669922,46.364200592041016
291.6994934082031,259.3258056640625,48.77629852294922,44.826900482177734
290.9126892089844,258.37078857421875,49.60049819946289,45.90739822387695
291.064208984375,258.6780090332031,49.911800384521484,45.84120178222656
291.09820556640625,258.6437072753906,49.45180130004883,45.266700744628906
289.9314880371094,259.214599609375,50.270999908447266,45.74420166015625
291.114501953125,259.0111999511719,49.550899505615234,45.72880172729492
291.510498046875,259.185302734375,49.82350158691406,46.25490188598633
290.4429016113281,258.57000732421875,50.075599670410156,45.855098724365234
291.1796875,259.2576904296875,48.93040084838867,44.95840072631836
290.92529296875,258.40789794921875,49.594200134277344,46.737998962402344
292.0465087890625,259.6065979003906,48.37350082397461,44.79520034790039
290.881103515625,258.47540283203125,49.422401428222656,45.66279983520508
291.26971435546875,258.7620849609375,48.89860153198242,45.5797004699707
291.3992919921875,258.98809814453125,49.25740051269531,45.8317985534668
291.2698059082031,259.87078857421875,48.95090103149414,46.0713996887207
291.0997009277344,259.001708984375,48.947200775146484,45.880401611328125
290.7380065917969,259.5589904785156,49.64699935913086,45.540401458740234
291.3038024902344,259.068115234375,49.937599182128906,46.06100082397461
291.9898986816406,259.46429443359375,49.169498443603516,46.141700744628906
291.2737121582031,259.194091796875,49.76089859008789,46.20209884643555
291.45208740234375,259.8380126953125,49.676700592041016,46.07809829711914
291.2040100097656,258.9017028808594,49.900699615478516,46.44559860229492
290.8799133300781,258.9783935546875,49.03710174560547,45.96979904174805
290.76580810546875,259.1799011230469,49.6427001953125,46.25210189819336
290.1203918457031,259.15399169921875,50.187599182128906,46.80550003051758
291.15069580078125,258.614013671875,50.883399963378906,47.072200775146484
294.525390625,261.6473083496094,46.11280059814453,44.45989990234375
292.1265869140625,259.1702880859375,47.2411003112793,45.324798583984375
291.17401123046875,260.7369079589844,48.16230010986328,45.10150146484375
291.17138671875,260.5054931640625,46.88589859008789,45.614200592041016
275.72198486328125,234.7471923828125,108.99610137939453,71.3302993774414
308.9927978515625,255.64120483398438,49.500301361083984,41.83000183105469
291.60211181640625,261.401611328125,38.069801330566406,42.347801208496094
298.6936950683594,257.1592102050781,40.66120147705078,39.34550094604492
287.3768005371094,239.02459716796875,98.73750305175781,70.56120300292969
285.6191101074219,233.33949279785156,63.52130126953125,65.39839935302734
290.6431884765625,225.9156951904297,46.66239929199219,57.079898834228516
295.2182922363281,225.4322967529297,53.63410186767578,56.037601470947266
303.4841003417969,227.84860229492188,33.300201416015625,45.404300689697266
