1
444.24090576171875,191.02879333496094,58.54970169067383,34.04069900512695
444.4541015625,189.5200958251953,58.23630142211914,35.04970169067383
443.8031921386719,188.96229553222656,58.06919860839844,35.49700164794922
443.3561096191406,189.02029418945312,57.85060119628906,35.46099853515625
443.2799072265625,188.86880493164062,57.84239959716797,35.71969985961914
442.4071044921875,188.82760620117188,58.48500061035156,35.28139877319336
441.4690856933594,190.03790283203125,58.43000030517578,35.174198150634766
440.5911865234375,188.4954071044922,58.66210174560547,35.35879898071289
440.8034973144531,188.39430236816406,58.45709991455078,35.49660110473633
439.08160400390625,188.4897003173828,58.54249954223633,35.2422981262207
439.6213073730469,188.7053985595703,57.627498626708984,35.1598014831543
438.0238952636719,188.40089416503906,58.10449981689453,34.791500091552734
437.7663879394531,188.34429931640625,57.25210189819336,34.75189971923828
436.89111328125,188.8365020751953,57.62089920043945,34.64820098876953
436.08380126953125,188.25259399414062,58.22850036621094,34.58620071411133
435.7107849121094,187.98199462890625,57.961700439453125,34.442298889160156
435.127685546875,188.04600524902344,57.916500091552734,34.374698638916016
433.7724914550781,188.17010498046875,58.439300537109375,34.550498962402344
434.0227966308594,188.78030395507812,58.12189865112305,34.502899169921875
433.64599609375,187.84620666503906,57.8297004699707,34.83110046386719
432.7997131347656,188.6737060546875,58.221099853515625,34.38090133666992
433.2880859375,188.7178955078125,57.59870147705078,34.05139923095703
432.2255859375,187.89190673828125,57.737998962402344,34.4817008972168
431.5356140136719,188.29420471191406,57.75389862060547,33.66910171508789
431.6947021484375,188.5258026123047,56.99919891357422,33.645999908447266
432.0570983886719,189.19020080566406,56.575401306152344,33.847599029541016
431.25738525390625,189.01170349121094,57.230098724365234,33.32749938964844
430.9419860839844,189.2534942626953,56.849300384521484,33.315799713134766
430.42608642578125,189.0157928466797,56.745201110839844,33.79899978637695
429.6803894042969,189.02999877929688,57.1973991394043,33.21979904174805
429.8027038574219,189.05850219726562,56.71070098876953,33.71590042114258
429.147705078125,189.15069580078125,57.05070114135742,34.01240158081055
428.9869079589844,188.67709350585938,57.049400329589844,33.182098388671875
429.0174865722656,189.08859252929688,56.677398681640625,33.400299072265625
428.5132141113281,189.3256072998047,56.7067985534668,33.781898498535156
427.7908020019531,189.32589721679688,57.331199645996094,33.50740051269531
428.3645935058594,189.0471954345703,56.715599060058594,33.77109909057617
426.8346862792969,188.96009826660156,57.61690139770508,33.88869857788086
427.70361328125,189.87350463867188,56.59640121459961,33.545799255371094
426.0260009765625,189.09359741210938,57.55120086669922,33.18130111694336
426.8533935546875,188.76319885253906,57.131500244140625,33.66569900512695
426.4920959472656,188.40089416503906,57.33890151977539,33.492801666259766
425.99169921875,188.5756072998047,57.71929931640625,33.952701568603516
425.5049133300781,188.00489807128906,57.65810012817383,33.14820098876953
425.1117858886719,188.71490478515625,57.919898986816406,33.59130096435547
425.1326904296875,188.49969482421875,57.45209884643555,33.57460021972656
425.3442077636719,188.86500549316406,57.81100082397461,33.839500427246094
425.3103942871094,188.52369689941406,57.67179870605469,33.772499084472656
425.3075866699219,188.80259704589844,58.11750030517578,33.622501373291016
425.565185546875,188.90460205078125,57.90810012817383,33.19860076904297
425.418212890625,188.3262939453125,58.15959930419922,33.52040100097656
426.24810791015625,188.60400390625,57.68069839477539,33.337398529052734
426.43798828125,189.60040283203125,58.0010986328125,32.956199645996094
426.6636047363281,189.16659545898438,57.901798248291016,33.115299224853516
426.48590087890625,189.26280212402344,58.26350021362305,33.03929901123047
426.8721008300781,189.84629821777344,58.162899017333984,32.72909927368164
427.9021911621094,190.01559448242188,58.55540084838867,32.96670150756836
428.32470703125,190.818603515625,58.46590042114258,32.96760177612305
428.190185546875,190.63710021972656,58.71900177001953,33.29570007324219
429.0758056640625,190.61790466308594,58.876399993896484,33.98249816894531
429.52508544921875,191.0601043701172,59.05059814453125,33.596500396728516
429.5221862792969,191.80409240722656,59.46910095214844,33.89550018310547
430.6243896484375,191.86680603027344,59.56880187988281,34.0713996887207
430.5840148925781,192.04510498046875,60.10060119628906,34.510398864746094
431.28900146484375,191.7364959716797,60.088600158691406,34.43170166015625
432.0318908691406,192.42489624023438,60.144901275634766,34.27069854736328
432.1412048339844,192.33450317382812,60.51750183105469,34.487998962402344
432.26251220703125,193.79440307617188,60.609901428222656,33.007301330566406
432.9296875,193.41659545898438,60.54240036010742,34.0453987121582
433.7157897949219,194.47569274902344,60.87049865722656,34.41680145263672
434.17840576171875,194.19869995117188,60.585201263427734,33.78739929199219
434.6235046386719,194.56069946289062,60.70790100097656,34.733001708984375
435.0430908203125,195.56210327148438,61.01390075683594,34.219600677490234
435.581298828125,195.94850158691406,60.84230041503906,33.98160171508789
436.2142028808594,195.25079345703125,60.643798828125,34.59960174560547
436.2593078613281,194.88909912109375,60.28219985961914,34.774200439453125
437.6900939941406,197.6226043701172,60.16859817504883,32.920501708984375
437.3591003417969,195.92379760742188,60.5547981262207,33.281700134277344
437.3096008300781,196.21560668945312,60.70819854736328,34.04050064086914
438.3257141113281,197.4720001220703,60.10490036010742,33.23899841308594
438.5945129394531,196.73800659179688,60.337100982666016,32.56869888305664
438.9841003417969,198.05909729003906,60.61819839477539,32.42940139770508
440.63848876953125,197.43299865722656,59.575199127197266,33.458499908447266
440.4541931152344,196.86529541015625,60.23040008544922,33.11640167236328
441.8048095703125,197.54429626464844,59.63359832763672,33.25419998168945
442.36419677734375,196.8585968017578,59.58330154418945,33.4994010925293
442.80670166015625,197.98219299316406,59.49470138549805,32.90919876098633
443.9873962402344,197.08560180664062,59.064998626708984,33.890098571777344
444.1513977050781,197.00250244140625,59.51959991455078,32.7677001953125
445.6466064453125,197.47669982910156,59.394901275634766,33.49679946899414
445.8501892089844,197.17999267578125,58.973899841308594,33.106998443603516
446.7778015136719,197.00379943847656,58.667301177978516,34.11520004272461
446.9679870605469,196.89169311523438,58.95650100708008,33.125999450683594
448.09478759765625,197.92250061035156,58.60430145263672,33.199100494384766
448.5805969238281,196.881103515625,58.759300231933594,33.80580139160156
449.9064025878906,198.19430541992188,58.42499923706055,32.30939865112305
450.3830871582031,197.19920349121094,58.21030044555664,33.34389877319336
451.3631896972656,197.65440368652344,57.40840148925781,32.32720184326172
451.5071105957031,196.26800537109375,57.40800094604492,33.56269836425781
452.92138671875,196.54190063476562,56.82419967651367,32.825599670410156
453.06390380859375,196.45440673828125,56.89860153198242,33.3568000793457
453.5415954589844,194.07130432128906,57.299800872802734,35.03459930419922
454.13531494140625,194.98170471191406,57.19179916381836,34.214500427246094
455.1889953613281,194.75379943847656,56.40439987182617,34.33679962158203
455.32720947265625,196.49119567871094,56.523399353027344,33.78710174560547
455.7369079589844,194.39480590820312,56.344398498535156,35.289100646972656
456.7402038574219,195.5988006591797,55.78670120239258,33.94200134277344
456.7222900390625,195.7545928955078,56.02450180053711,34.34109878540039
456.42401123046875,195.072998046875,55.911800384521484,35.03379821777344
457.6536865234375,195.80270385742188,55.508399963378906,33.96699905395508
458.15728759765625,195.82150268554688,55.270198822021484,34.92649841308594
456.7703857421875,196.35670471191406,56.01100158691406,35.04719924926758
457.28021240234375,194.14010620117188,54.95159912109375,36.13199996948242
457.5000915527344,195.76260375976562,55.3046989440918,34.22529983520508
455.9862060546875,195.35000610351562,55.87030029296875,34.93000030517578
457.07861328125,194.64849853515625,55.42070007324219,35.75120162963867
456.3669128417969,194.32839965820312,55.529300689697266,35.52470016479492
455.8465881347656,195.28419494628906,55.01729965209961,34.80580139160156
455.1647033691406,193.375,55.82350158691406,36.52000045776367
453.37939453125,194.99969482421875,56.74879837036133,34.940101623535156
454.3158874511719,193.27980041503906,56.186500549316406,36.84579849243164
453.519287109375,193.5471954345703,56.8572998046875,36.37480163574219
453.1073913574219,192.1376953125,57.000099182128906,37.424598693847656
451.7702941894531,193.1446075439453,58.30030059814453,36.95029830932617
451.9403991699219,191.41549682617188,57.32099914550781,38.03519821166992
451.7500915527344,191.5363006591797,57.95349884033203,37.11050033569336
451.0960998535156,192.64349365234375,58.05009841918945,35.21009826660156
451.4410095214844,192.4259033203125,57.43000030517578,34.577598571777344
450.3096923828125,193.2404022216797,58.409000396728516,34.22169876098633
451.33319091796875,192.90570068359375,57.5275993347168,33.89899826049805
450.27978515625,192.36610412597656,57.57229995727539,34.674198150634766
450.8952941894531,191.72540283203125,56.319400787353516,34.98820114135742
450.7926940917969,192.29640197753906,56.38710021972656,34.399898529052734
450.4313049316406,191.53680419921875,56.208499908447266,34.892398834228516
448.84619140625,191.64590454101562,56.45479965209961,34.520301818847656
447.90289306640625,192.43580627441406,56.548500061035156,33.968101501464844
448.7294006347656,191.8491973876953,56.29859924316406,34.55910110473633
448.1466064453125,191.5059051513672,56.90330123901367,34.447200775146484
447.5892028808594,191.1571044921875,56.657798767089844,34.7333984375
447.9721984863281,190.12530517578125,56.50870132446289,35.50870132446289
446.8265075683594,190.24949645996094,58.51359939575195,36.07929992675781
447.34979248046875,189.91220092773438,58.45220184326172,36.28799819946289
447.45599365234375,188.49270629882812,58.662899017333984,36.823001861572266
448.2423095703125,188.6457977294922,58.18130111694336,36.51789855957031
448.8633117675781,188.9158935546875,57.80329895019531,36.52429962158203
449.8349914550781,188.2279052734375,57.89030075073242,36.269798278808594
450.8100891113281,188.4929962158203,56.63759994506836,36.331600189208984
451.3724060058594,187.2707061767578,57.12189865112305,36.28799819946289
452.11138916015625,187.58770751953125,56.11429977416992,36.347900390625
451.8677062988281,187.77040100097656,55.77289962768555,37.340999603271484
452.981201171875,187.30020141601562,55.33829879760742,36.992698669433594
454.8114929199219,187.47230529785156,53.9807014465332,36.852500915527344
460.6054992675781,187.03439331054688,46.474998474121094,41.07350158691406
460.6972961425781,186.95350646972656,49.28310012817383,44.83769989013672
460.1846923828125,186.5659942626953,48.62799835205078,44.60049819946289
460.9176940917969,188.57569885253906,47.16669845581055,43.02799987792969
460.6831970214844,187.43649291992188,48.055301666259766,44.714298248291016
461.3245849609375,188.37240600585938,46.36349868774414,42.41590118408203
460.82720947265625,188.22459411621094,46.00469970703125,42.77259826660156
461.4696044921875,190.5467987060547,46.627201080322266,38.52899932861328
462.10260009765625,191.01260375976562,45.47779846191406,39.1088981628418
463.37060546875,191.8137969970703,44.64469909667969,38.00960159301758
464.89019775390625,192.82220458984375,42.67319869995117,37.25149917602539
464.7616882324219,192.17269897460938,42.20349884033203,38.1609992980957
465.9335021972656,191.0699005126953,40.67340087890625,39.433998107910156
464.4377136230469,191.01539611816406,41.655601501464844,39.273799896240234
464.3861999511719,191.26719665527344,41.23189926147461,38.89070129394531
466.55889892578125,193.0198974609375,37.49340057373047,38.731201171875
468.20928955078125,191.69740295410156,36.417999267578125,38.1348991394043
468.1431884765625,190.8011932373047,36.35960006713867,38.944000244140625
468.5234069824219,190.16969299316406,34.71160125732422,39.30699920654297
470.34991455078125,190.32460021972656,32.65019989013672,39.141998291015625
470.48748779296875,190.85049438476562,32.024898529052734,38.76029968261719
471.44720458984375,189.43699645996094,30.388500213623047,39.513999938964844
471.2171936035156,190.18589782714844,29.718700408935547,38.92490005493164
471.70849609375,191.32440185546875,28.16010093688965,37.5343017578125
471.44000244140625,189.16659545898438,28.61370086669922,38.75830078125
471.9753112792969,189.9647979736328,27.0393009185791,37.265499114990234
471.7752990722656,189.398193359375,25.86199951171875,37.65190124511719
470.5174865722656,188.2030029296875,25.955400466918945,37.74300003051758
470.27978515625,188.63560485839844,26.0221004486084,37.83169937133789
469.54620361328125,187.8708038330078,25.96030044555664,37.75130081176758
467.8136901855469,188.69639587402344,26.38920021057129,37.17070007324219
467.1231994628906,189.281005859375,27.309799194335938,37.61470031738281
466.5060119628906,188.327392578125,28.065500259399414,37.7327995300293
465.11810302734375,189.4481964111328,29.727100372314453,37.45199966430664
463.9132995605469,190.4152069091797,31.584699630737305,37.53559875488281
463.3870849609375,191.23570251464844,33.03160095214844,37.512901306152344
463.505615234375,191.1916961669922,34.03770065307617,38.510501861572266
463.1650085449219,191.35989379882812,34.36949920654297,36.897300720214844
462.6014099121094,191.79620361328125,34.89500045776367,38.65330123901367
462.0169982910156,191.26539611816406,35.27119827270508,37.28390121459961
461.0828857421875,191.58900451660156,36.9296989440918,37.467098236083984
461.60418701171875,191.20269775390625,37.19169998168945,37.282501220703125
461.77410888671875,192.28810119628906,36.97370147705078,37.21670150756836
459.7842102050781,191.64329528808594,39.101898193359375,37.670101165771484
462.15179443359375,192.0850067138672,37.50429916381836,37.0343017578125
459.17181396484375,190.38369750976562,39.82379913330078,37.60419845581055
458.07489013671875,190.45880126953125,41.549598693847656,37.66120147705078
460.00189208984375,190.50149536132812,40.39550018310547,37.34989929199219
458.68389892578125,190.3199005126953,42.17430114746094,37.7218017578125
457.3275146484375,190.3533935546875,43.05690002441406,38.60419845581055
458.4988098144531,188.66990661621094,42.7140007019043,37.50709915161133
457.1412048339844,188.46119689941406,44.87770080566406,38.119300842285156
455.93280029296875,187.1927032470703,46.58620071411133,39.438201904296875
458.5701904296875,188.6844940185547,44.309200286865234,38.045101165771484
455.69500732421875,188.08050537109375,47.857398986816406,39.34299850463867
454.6658020019531,186.2021942138672,49.27750015258789,39.87099838256836
457.2356872558594,186.7274932861328,47.851898193359375,39.459800720214844
456.2383117675781,187.52569580078125,48.86819839477539,38.01689910888672
454.1470947265625,187.26510620117188,51.0166015625,37.64070129394531
452.0701904296875,186.92489624023438,52.4010009765625,38.17380142211914
452.5194091796875,186.48489379882812,51.67150115966797,37.627601623535156
451.0285949707031,186.74330139160156,53.16849899291992,37.012699127197266
450.5539855957031,186.36270141601562,53.16339874267578,37.75960159301758
450.6864013671875,185.9512939453125,53.250701904296875,38.314998626708984
448.843505859375,185.4738006591797,54.72159957885742,38.24570083618164
448.8338928222656,185.82940673828125,54.19810104370117,37.71989822387695
448.2466125488281,185.93870544433594,55.657100677490234,38.28799819946289
446.3214111328125,184.07249450683594,56.602901458740234,39.43980026245117
448.1250915527344,185.4322967529297,55.12009811401367,37.02330017089844
447.9502868652344,184.9871063232422,55.48939895629883,37.756099700927734
446.9190979003906,183.9438934326172,56.6609001159668,38.16559982299805
446.8328857421875,183.6697998046875,56.948001861572266,37.68840026855469
447.7043151855469,182.9803009033203,56.57929992675781,38.12220001220703
447.4491882324219,182.6147003173828,56.52320098876953,38.3224983215332
447.1878967285156,182.6094970703125,57.09260177612305,38.350799560546875
446.8200988769531,182.17919921875,56.90549850463867,38.293701171875
446.997314453125,182.74319458007812,56.54990005493164,37.687198638916016
447.4761962890625,182.8217010498047,56.160099029541016,37.8932991027832
448.2001037597656,183.6688995361328,55.635101318359375,38.094398498535156
447.2579040527344,183.7852020263672,55.807701110839844,37.47700119018555
448.02630615234375,183.8302001953125,55.89860153198242,37.712501525878906
448.4202880859375,184.41510009765625,56.07640075683594,36.812400817871094
448.77850341796875,184.07200622558594,56.218299865722656,37.23849868774414
448.4342956542969,184.25,55.81679916381836,37.48860168457031
448.77801513671875,184.83859252929688,56.12630081176758,37.38050079345703
448.3280029296875,184.17149353027344,57.120201110839844,37.482398986816406
448.9390869140625,184.29859924316406,56.77299880981445,37.790000915527344
449.3988037109375,184.4501953125,57.10919952392578,37.752201080322266
449.4070129394531,184.05270385742188,57.040000915527344,37.45180130004883
450.0899963378906,183.6719970703125,57.066898345947266,37.73569869995117
449.4294128417969,182.85609436035156,56.588600158691406,37.8401985168457
449.1368103027344,182.5238037109375,57.833099365234375,38.005699157714844
449.20819091796875,181.92820739746094,58.21009826660156,38.043800354003906
449.6046142578125,182.7073974609375,56.94329833984375,37.45330047607422
449.38970947265625,182.2696075439453,57.277198791503906,37.875301361083984
449.05560302734375,181.98899841308594,57.350799560546875,37.8203010559082
449.9436950683594,182.26510620117188,56.67250061035156,37.47990036010742
449.7665100097656,181.50450134277344,56.76679992675781,37.13359832763672
450.41571044921875,181.04220581054688,56.045799255371094,37.87310028076172
450.205810546875,181.5070037841797,55.580501556396484,37.57419967651367
450.7742919921875,181.13340759277344,56.2963981628418,37.077301025390625
451.1242980957031,181.42919921875,55.405799865722656,37.21120071411133
450.8102111816406,181.55050659179688,54.56230163574219,36.7411994934082
451.23699951171875,181.2740020751953,54.907901763916016,36.85279846191406
451.035888671875,181.34230041503906,55.090301513671875,36.4900016784668
450.8922119140625,181.28770446777344,54.98419952392578,36.91320037841797
450.8783874511719,182.30999755859375,55.544498443603516,36.84989929199219
450.9974060058594,182.81809997558594,55.889801025390625,36.236900329589844
451.5277099609375,182.9875030517578,55.910400390625,36.56520080566406
451.57989501953125,182.9615936279297,55.62710189819336,36.06039810180664
452.0257873535156,183.25289916992188,55.72629928588867,35.71070098876953
452.0557861328125,183.30670166015625,55.55979919433594,35.495201110839844
451.7255859375,183.15020751953125,54.598899841308594,35.98419952392578
451.5581970214844,183.28829956054688,55.54710006713867,36.10100173950195
451.55218505859375,183.2509002685547,55.52560043334961,36.327999114990234
451.38970947265625,182.91729736328125,55.633399963378906,36.323001861572266
451.36700439453125,182.97109985351562,55.66299819946289,36.0281982421875
451.2264099121094,182.82949829101562,55.9005012512207,36.00040054321289
451.05889892578125,182.8115997314453,55.648799896240234,35.91659927368164
450.9075927734375,183.06610107421875,55.993099212646484,36.019798278808594
450.7362060546875,182.69349670410156,54.890499114990234,36.76570129394531
450.4775085449219,183.23129272460938,56.13460159301758,36.72249984741211
449.9483947753906,182.77589416503906,55.185001373291016,36.84809875488281
450.1173095703125,182.65370178222656,56.63639831542969,37.00619888305664
450.3316955566406,183.3123016357422,56.04840087890625,36.71699905395508
449.96868896484375,183.15359497070312,56.41899871826172,36.75450134277344
449.5650939941406,183.57130432128906,55.17490005493164,37.32339859008789
449.54278564453125,184.04119873046875,56.29690170288086,36.62910079956055
449.07861328125,184.01319885253906,56.049198150634766,37.22629928588867
448.60211181640625,183.7122039794922,56.760398864746094,37.56999969482422
449.1683044433594,184.2519073486328,57.067901611328125,36.625
449.2040100097656,184.2736053466797,56.40290069580078,37.43470001220703
449.18121337890625,184.55279541015625,56.71200180053711,37.15800094604492
448.7691955566406,184.65060424804688,55.99549865722656,37.26570129394531
449.0744934082031,184.36279296875,57.5181999206543,37.09090042114258
448.96551513671875,184.53689575195312,57.419898986816406,37.46590042114258
448.6260070800781,184.2093963623047,56.05870056152344,37.990501403808594
448.44879150390625,183.87460327148438,57.24700164794922,37.830101013183594
447.605712890625,184.44149780273438,56.388999938964844,37.689998626708984
448.285888671875,183.7371063232422,57.1953010559082,37.94889831542969
447.6661071777344,184.2700958251953,56.91510009765625,37.28120040893555
446.91571044921875,184.2021026611328,56.765098571777344,37.620399475097656
447.41241455078125,183.7686004638672,57.240299224853516,37.44060134887695
447.53118896484375,184.57749938964844,56.74399948120117,37.019100189208984
447.5744934082031,184.24560546875,56.76940155029297,37.326499938964844
447.6549987792969,184.20179748535156,57.65230178833008,37.816001892089844
447.277099609375,183.65719604492188,56.41360092163086,37.52980041503906
446.8489990234375,183.6403045654297,56.84389877319336,37.84400177001953
446.5663146972656,183.18690490722656,57.318199157714844,37.78409957885742
445.6123046875,182.94540405273438,57.01250076293945,38.04349899291992
444.9681091308594,183.43679809570312,56.972801208496094,38.11600112915039
445.462890625,182.47340393066406,56.54180145263672,39.605201721191406
445.0635986328125,182.5659942626953,56.25379943847656,39.535400390625
444.8713073730469,182.1898956298828,56.07460021972656,39.620601654052734
445.4363098144531,181.5030059814453,56.200199127197266,40.210899353027344
445.07550048828125,182.23260498046875,56.047698974609375,39.87540054321289
444.9034118652344,181.97430419921875,56.38479995727539,40.5005989074707
445.1000061035156,182.16319274902344,56.077999114990234,40.14419937133789
444.85321044921875,182.2357940673828,56.38420104980469,40.30099868774414
444.0487976074219,182.42550659179688,56.198699951171875,39.56520080566406
444.131591796875,181.73849487304688,56.08919906616211,40.34370040893555
444.3337097167969,182.41549682617188,56.29249954223633,40.381900787353516
444.36590576171875,181.82460021972656,56.70109939575195,41.08100128173828
444.6296081542969,182.45309448242188,55.479801177978516,40.69820022583008
444.6702880859375,182.23789978027344,56.193599700927734,41.243900299072266
445.11358642578125,182.3990936279297,54.252899169921875,41.29439926147461
445.3931884765625,182.5574951171875,53.44070053100586,40.84299850463867
444.3085021972656,183.29739379882812,52.344398498535156,40.46200180053711
444.6785888671875,181.92909240722656,54.842098236083984,41.65950012207031
445.51971435546875,182.2418975830078,51.982398986816406,41.41709899902344
444.77508544921875,182.64419555664062,48.99700164794922,41.221500396728516
445.8868103027344,182.5135040283203,52.86289978027344,41.99420166015625
445.5773010253906,183.08970642089844,47.23540115356445,41.13460159301758
446.8157958984375,182.4259033203125,49.002899169921875,42.234500885009766
446.8924865722656,181.73779296875,49.53770065307617,42.719600677490234
446.50250244140625,181.9864959716797,51.81740188598633,42.505001068115234
446.6055908203125,183.9315948486328,51.84280014038086,41.59049987792969
445.684814453125,182.86940002441406,49.24570083618164,41.864498138427734
448.2453918457031,182.22610473632812,49.32389831542969,42.85609817504883
445.927001953125,183.82969665527344,50.89139938354492,41.588401794433594
448.01019287109375,183.0843963623047,49.148101806640625,42.84170150756836
447.01690673828125,182.72799682617188,47.951900482177734,42.773399353027344
448.9526062011719,183.48519897460938,47.128700256347656,42.27790069580078
447.9747009277344,182.31080627441406,48.01729965209961,44.17689895629883
450.0130920410156,181.8603973388672,45.921600341796875,44.077301025390625
448.3114929199219,180.78109741210938,45.705299377441406,44.84400177001953
450.3334045410156,183.11390686035156,44.28030014038086,43.04880142211914
449.58160400390625,181.95159912109375,43.3671989440918,44.39339828491211
450.64410400390625,181.86489868164062,43.22090148925781,44.4723014831543
451.19610595703125,181.1636962890625,41.53049850463867,45.5343017578125
452.0707092285156,181.952392578125,39.94269943237305,44.01539993286133
451.8028869628906,182.164306640625,39.559200286865234,45.2052001953125
453.17010498046875,182.131103515625,37.187400817871094,44.65019989013672
454.22711181640625,181.62269592285156,36.874298095703125,44.851898193359375
454.377685546875,182.41299438476562,36.717098236083984,44.609100341796875
453.8102111816406,183.76280212402344,36.6083984375,43.22829818725586
455.3992004394531,183.96319580078125,35.02040100097656,43.575401306152344
456.309814453125,184.63670349121094,33.829200744628906,43.48030090332031
456.8476867675781,185.49330139160156,32.70970153808594,41.594200134277344
457.30010986328125,185.326904296875,31.398700714111328,40.73830032348633
456.9812927246094,185.0384979248047,31.0802001953125,40.27180099487305
456.3711853027344,185.13259887695312,31.251800537109375,40.82529830932617
457.6438903808594,185.2534942626953,30.681800842285156,40.56100082397461
457.3826904296875,184.80459594726562,30.15559959411621,40.66790008544922
457.56561279296875,184.84140014648438,29.921100616455078,40.27899932861328
458.222900390625,185.7834014892578,29.38279914855957,39.69369888305664
458.46978759765625,185.2017059326172,29.482900619506836,40.543399810791016
457.9529113769531,184.91729736328125,29.597999572753906,41.27560043334961
458.993408203125,184.1060028076172,28.510000228881836,41.17959976196289
459.57281494140625,185.10980224609375,28.232200622558594,39.67509841918945
459.9248962402344,185.12969970703125,27.16080093383789,39.25809860229492
460.6134033203125,185.99920654296875,26.219600677490234,38.55730056762695
460.5185852050781,185.63180541992188,24.571500778198242,38.75699996948242
459.716796875,185.27830505371094,24.673900604248047,38.657501220703125
458.5609130859375,185.10690307617188,24.97920036315918,38.42850112915039
456.7901916503906,186.54190063476562,26.747600555419922,38.90019989013672
455.9895935058594,185.2451934814453,29.4325008392334,40.458499908447266
455.8052978515625,186.39230346679688,30.439699172973633,38.307701110839844
454.3312072753906,187.497802734375,31.039400100708008,38.19879913330078
452.5837097167969,186.57110595703125,34.81209945678711,39.435298919677734
452.68701171875,186.66180419921875,36.31560134887695,40.1244010925293
451.0367126464844,188.40719604492188,38.36180114746094,38.70840072631836
450.9826965332031,188.64930725097656,37.64030075073242,38.14979934692383
451.3037109375,188.4821014404297,38.07500076293945,37.77690124511719
451.71710205078125,189.2852020263672,38.640201568603516,36.93000030517578
450.3724060058594,188.9058074951172,40.304100036621094,36.95090103149414
450.28741455078125,188.62449645996094,40.507999420166016,37.843299865722656
450.0981140136719,189.04730224609375,41.01060104370117,37.79990005493164
448.43218994140625,189.25250244140625,42.68130111694336,37.529701232910156
450.5758056640625,189.2126007080078,41.399898529052734,36.70000076293945
449.194091796875,189.76300048828125,43.657901763916016,36.74679946899414
448.6372985839844,190.75540161132812,44.12160110473633,35.24570083618164
448.872314453125,191.65989685058594,44.29180145263672,35.79330062866211
450.2320861816406,191.35989379882812,43.75429916381836,34.584999084472656
450.7786865234375,191.41529846191406,43.36899948120117,34.55120086669922
452.90679931640625,192.7113037109375,41.30379867553711,32.93479919433594
450.369384765625,192.3634033203125,43.573699951171875,32.93349838256836
450.7134094238281,192.2572021484375,43.839599609375,32.55120086669922
448.60430908203125,191.527099609375,45.874298095703125,33.72629928588867
449.6463928222656,192.9541015625,44.552101135253906,33.449798583984375
451.0126953125,192.90159606933594,44.0723991394043,32.41400146484375
450.9993896484375,192.65440368652344,44.5172004699707,33.26490020751953
451.1871032714844,192.75970458984375,44.50389862060547,34.19580078125
449.2438049316406,193.5778045654297,46.5015983581543,35.04399871826172
450.25311279296875,193.32119750976562,46.01190185546875,33.63949966430664
447.5356140136719,193.593994140625,49.110198974609375,34.06159973144531
448.0552978515625,192.74960327148438,48.350399017333984,34.39459991455078
448.78118896484375,194.44769287109375,48.341800689697266,33.15409851074219
448.1156005859375,193.49620056152344,49.25619888305664,32.99589920043945
446.7210998535156,193.85589599609375,50.27180099487305,33.09600067138672
447.13470458984375,194.81399536132812,50.02280044555664,33.04410171508789
447.09210205078125,193.44479370117188,50.00920104980469,33.33810043334961
446.5369873046875,194.28829956054688,51.12649917602539,34.00080108642578
446.2467956542969,194.57150268554688,50.445899963378906,32.520999908447266
445.8937072753906,195.31959533691406,51.077301025390625,33.8306999206543
445.029296875,194.96839904785156,51.29079818725586,32.423500061035156
444.6853942871094,195.04409790039062,51.76969909667969,33.07720184326172
444.98858642578125,195.15870666503906,51.42169952392578,31.969100952148438
444.9619140625,194.977294921875,52.16749954223633,32.272701263427734
443.8554992675781,194.72059631347656,52.5088996887207,32.640899658203125
443.2690124511719,194.46890258789062,54.110198974609375,33.02949905395508
444.84478759765625,194.5767059326172,52.97019958496094,32.58259963989258
444.6377868652344,194.08689880371094,52.7859001159668,33.2140998840332
444.6942138671875,192.7823028564453,53.313899993896484,33.350101470947266
445.02630615234375,193.13839721679688,52.924198150634766,32.82600021362305
445.3517150878906,193.1403045654297,52.58380126953125,32.62710189819336
444.8381042480469,192.34300231933594,53.066898345947266,33.5536003112793
444.5773010253906,192.13169860839844,53.165000915527344,32.61539840698242
443.9169006347656,191.22630310058594,54.265098571777344,33.83829879760742
443.5708923339844,190.28790283203125,55.33369827270508,34.5182991027832
443.11529541015625,189.16419982910156,55.39360046386719,34.93330001831055
442.2759094238281,189.2480010986328,56.05030059814453,34.34429931640625
442.306396484375,189.34820556640625,56.28519821166992,35.024200439453125
441.75360107421875,188.84869384765625,55.886199951171875,33.94459915161133
440.9215087890625,188.44070434570312,56.50170135498047,34.702999114990234
440.1005859375,187.66310119628906,56.9630012512207,34.90679931640625
438.8528137207031,187.9375,56.97119903564453,33.85449981689453
438.6836853027344,188.48739624023438,56.49570083618164,34.34450149536133
438.1151123046875,188.55340576171875,57.027000427246094,34.64039993286133
436.6736145019531,189.45419311523438,56.780799865722656,32.89649963378906
436.55218505859375,189.81390380859375,55.972599029541016,33.65840148925781
435.8135070800781,189.35560607910156,56.2952995300293,33.55110168457031
435.3111877441406,190.8809051513672,56.46220016479492,33.50709915161133
434.72601318359375,190.38189697265625,56.11180114746094,33.81869888305664
435.1867980957031,190.7238006591797,55.832298278808594,33.98899841308594
433.7524108886719,191.45599365234375,56.172000885009766,33.67210006713867
433.7582092285156,191.98280334472656,55.4994010925293,33.28860092163086
432.9486999511719,191.51950073242188,55.807098388671875,33.63800048828125
433.01519775390625,193.1470947265625,55.544700622558594,32.51110076904297
432.86151123046875,192.970703125,55.14889907836914,32.63029861450195
432.805908203125,193.0388946533203,55.337501525878906,32.665401458740234
432.2755126953125,192.477294921875,55.376800537109375,32.94309997558594
432.2359924316406,194.07470703125,55.6161994934082,31.955799102783203
431.1017150878906,191.11109924316406,55.932899475097656,34.63740158081055
431.01031494140625,193.20069885253906,56.073699951171875,32.875099182128906
431.76849365234375,192.9259033203125,55.20709991455078,32.930198669433594
431.4399108886719,194.28819274902344,55.167301177978516,31.81920051574707
431.3319091796875,194.04299926757812,55.39590072631836,32.58300018310547
431.3070983886719,194.99600219726562,54.95589828491211,31.743600845336914
430.43231201171875,194.1968994140625,55.201900482177734,32.184898376464844
430.3002014160156,195.24639892578125,54.917701721191406,31.318099975585938
430.0965881347656,194.87229919433594,55.2598991394043,31.967199325561523
430.6741943359375,196.26870727539062,54.84090042114258,31.19219970703125
429.8033142089844,193.94790649414062,55.143001556396484,33.47650146484375
430.3900146484375,196.03030395507812,54.81159973144531,30.850400924682617
429.7831115722656,195.38279724121094,55.1161003112793,31.862300872802734
430.13800048828125,197.0554962158203,54.616600036621094,30.20199966430664
429.5133056640625,194.49209594726562,54.784400939941406,32.68299865722656
429.8265075683594,196.43760681152344,54.621700286865234,30.74880027770996
429.8487854003906,196.3668975830078,54.76139831542969,31.192800521850586
430.3310852050781,196.54150390625,54.729801177978516,31.08989906311035
430.481201171875,195.29010009765625,54.66680145263672,32.268798828125
430.7998046875,197.61680603027344,55.02360153198242,30.596599578857422
431.00640869140625,197.19129943847656,54.37739944458008,31.857500076293945
431.0575866699219,196.73370361328125,54.47010040283203,32.04819869995117
431.7449951171875,197.4680938720703,54.94850158691406,32.06840133666992
432.40008544921875,197.2657012939453,54.5786018371582,32.52190017700195
433.36090087890625,198.63150024414062,54.279598236083984,31.949199676513672
434.2356872558594,198.4821014404297,54.244598388671875,32.7328987121582
435.93951416015625,199.55250549316406,53.55500030517578,31.950899124145508
437.32861328125,198.9438018798828,52.9452018737793,31.795000076293945
439.57989501953125,202.38150024414062,52.67020034790039,29.404800415039062
441.7950134277344,201.49009704589844,51.183998107910156,30.27669906616211
443.86749267578125,202.72740173339844,51.55440139770508,29.49519920349121
445.63519287109375,205.86399841308594,50.619998931884766,28.32159996032715
447.4884033203125,205.33799743652344,50.12879943847656,29.29450035095215
448.6278991699219,207.02589416503906,50.059898376464844,28.85569953918457
450.9955139160156,208.08889770507812,49.42919921875,28.9281005859375
452.6853942871094,208.18280029296875,48.542198181152344,29.340900421142578
452.0154113769531,207.92909240722656,50.61199951171875,32.42539978027344
452.3938903808594,207.37210083007812,50.66910171508789,32.67679977416992
454.00830078125,206.77679443359375,50.82170104980469,34.58489990234375
454.1206970214844,205.7888946533203,51.238399505615234,35.63570022583008
454.2264099121094,206.85989379882812,50.15299987792969,34.62009811401367
452.022705078125,205.98300170898438,52.438201904296875,35.49489974975586
453.5097961425781,207.8865966796875,49.88840103149414,33.92060089111328
451.57989501953125,207.55270385742188,52.23590087890625,33.481201171875
450.052490234375,207.95790100097656,53.057899475097656,32.703399658203125
448.5256042480469,207.35499572753906,53.14390182495117,32.398101806640625
448.1570129394531,206.26170349121094,51.62419891357422,33.162498474121094
446.047607421875,209.90879821777344,52.507301330566406,30.17449951171875
445.2538146972656,209.5926971435547,52.4380989074707,30.128999710083008
444.9367980957031,207.44479370117188,52.06700134277344,32.00239944458008
443.20098876953125,209.1472930908203,53.846900939941406,32.8213005065918
442.6498107910156,206.7288055419922,53.27859878540039,34.956298828125
443.93701171875,208.76710510253906,52.118099212646484,33.52859878540039
443.61151123046875,210.76849365234375,52.838401794433594,32.62229919433594
442.28338623046875,212.62570190429688,52.96839904785156,30.61669921875
442.4002990722656,211.41360473632812,52.820499420166016,32.98529815673828
443.8705139160156,208.10589599609375,51.64070129394531,36.74079895019531
441.37249755859375,205.2187957763672,53.97999954223633,39.844200134277344
443.1593017578125,205.98739624023438,52.05059814453125,40.04600143432617
440.6972961425781,203.28970336914062,53.652099609375,43.61159896850586
440.0436096191406,203.9488983154297,54.520198822021484,43.13399887084961
440.1282958984375,205.24249267578125,56.09370040893555,42.6411018371582
439.4713134765625,207.51210021972656,58.710601806640625,40.91109848022461
459.476806640625,212.22970581054688,38.86479949951172,28.08099937438965
462.1640930175781,214.87210083007812,33.597900390625,25.142799377441406
459.1600036621094,214.45919799804688,37.1255989074707,25.252199172973633
469.1664123535156,215.01210021972656,27.798900604248047,22.48979949951172
470.339599609375,216.17959594726562,24.715900421142578,21.481599807739258
469.90478515625,216.93130493164062,26.524799346923828,21.770599365234375
468.2673034667969,217.9925994873047,26.955799102783203,22.448400497436523
434.0203857421875,217.18829345703125,60.39929962158203,38.27949905395508
430.43701171875,217.64219665527344,65.82119750976562,37.8307991027832
454.4219055175781,217.99020385742188,44.73109817504883,28.28179931640625
439.0115966796875,218.12570190429688,55.15530014038086,35.41590118408203
450.305908203125,218.6654052734375,43.72090148925781,26.137500762939453
449.02459716796875,217.41799926757812,45.09489822387695,24.030000686645508
453.5303039550781,218.127197265625,39.56890106201172,19.417600631713867
450.239990234375,217.8408966064453,41.34170150756836,24.399900436401367
451.42388916015625,217.1907958984375,40.555301666259766,20.912900924682617
452.7085876464844,216.4051055908203,38.70759963989258,21.90290069580078
451.5292053222656,216.076904296875,38.93830108642578,22.6643009185791
451.4938049316406,215.21620178222656,40.38719940185547,23.87779998779297
451.02239990234375,215.18350219726562,41.62519836425781,23.76740074157715
450.34368896484375,215.33990478515625,41.549198150634766,24.289499282836914
450.2781066894531,215.8636016845703,40.829898834228516,23.917600631713867
450.25909423828125,215.7947998046875,40.063499450683594,23.344499588012695
449.49639892578125,215.7711944580078,39.96500015258789,23.575899124145508
450.10321044921875,216.15390014648438,39.46419906616211,24.234100341796875
449.7041015625,216.12939453125,39.98550033569336,24.694299697875977
448.9717102050781,216.72970581054688,40.298301696777344,26.083900451660156
448.8312072753906,216.23179626464844,40.804500579833984,26.551000595092773
448.3059997558594,216.15699768066406,41.414798736572266,27.587099075317383
447.84100341796875,216.9333953857422,41.24089813232422,28.11210060119629
448.00970458984375,217.9272003173828,41.53630065917969,29.913000106811523
447.38970947265625,217.7198028564453,41.78139877319336,31.20789909362793
447.29119873046875,217.5659942626953,41.2421989440918,32.05120086669922
447.48638916015625,217.46449279785156,41.54399871826172,32.29359817504883
447.44171142578125,218.61700439453125,41.60260009765625,32.5166015625
447.36248779296875,218.53309631347656,41.838600158691406,33.515201568603516
448.59490966796875,219.72149658203125,39.52629852294922,32.96110153198242
448.5712890625,219.5272979736328,36.99980163574219,29.752500534057617
449.98150634765625,220.17050170898438,34.4119987487793,26.960399627685547
455.2432861328125,219.94920349121094,30.908000946044922,23.997299194335938
461.78509521484375,221.40969848632812,27.772600173950195,29.658199310302734
462.9718017578125,220.4824981689453,27.88450050354004,26.801300048828125
458.86138916015625,220.88710021972656,29.210800170898438,24.62619972229004
446.5382995605469,220.74989318847656,42.81529998779297,40.043701171875
435.8674011230469,219.6468963623047,52.8317985534668,46.1890983581543
430.50311279296875,216.1800994873047,58.1697998046875,49.25189971923828
434.9209899902344,225.28570556640625,52.43519973754883,41.97869873046875
429.8505859375,226.2631072998047,55.86539840698242,42.78110122680664
427.48760986328125,226.72019958496094,56.39739990234375,40.417198181152344
427.11468505859375,227.46319580078125,54.70050048828125,39.30270004272461
426.0502014160156,227.8623046875,54.2677001953125,38.45560073852539
423.1625061035156,227.32119750976562,55.05870056152344,40.0166015625
421.86981201171875,231.79519653320312,55.22420120239258,36.72779846191406
421.3522033691406,233.66949462890625,56.07160186767578,34.450401306152344
421.28851318359375,234.31239318847656,56.196998596191406,36.79330062866211
421.0038146972656,236.10470581054688,54.875,37.5974006652832
421.0188903808594,240.95069885253906,55.582401275634766,36.74660110473633
420.6358947753906,245.13229370117188,56.49769973754883,37.458499908447266
421.33221435546875,250.5554962158203,56.92499923706055,36.86109924316406
422.073486328125,256.848388671875,56.8911018371582,34.797698974609375
424.1665954589844,261.53338623046875,56.738399505615234,35.63410186767578
425.91839599609375,265.04901123046875,57.28519821166992,37.30739974975586
428.73419189453125,268.92340087890625,57.655601501464844,36.35049819946289
431.154296875,270.9849853515625,57.87070083618164,36.67359924316406
434.2972106933594,272.6659851074219,55.51409912109375,36.04890060424805
438.84381103515625,273.7944030761719,53.61690139770508,35.679100036621094
441.5423889160156,272.8301086425781,54.20989990234375,37.21329879760742
443.8594055175781,269.8113098144531,55.81560134887695,40.47589874267578
445.5932922363281,267.29681396484375,57.109100341796875,42.48149871826172
448.42620849609375,264.5022888183594,55.316200256347656,44.87329864501953
450.2655029296875,266.54779052734375,54.798301696777344,44.719200134277344
450.4588928222656,267.0458068847656,55.3046989440918,44.8922004699707
451.08489990234375,267.5390930175781,55.02539825439453,45.672401428222656
451.1805114746094,268.231689453125,55.52220153808594,45.72779846191406
451.1191101074219,270.0390930175781,54.80459976196289,43.764801025390625
449.8057861328125,269.8369140625,55.20880126953125,45.29669952392578
449.7774963378906,270.1365966796875,55.11149978637695,45.11909866333008
449.4200134277344,269.2297058105469,54.60380172729492,45.963401794433594
449.1527099609375,270.9407958984375,54.4473991394043,45.19900131225586
448.101806640625,271.69390869140625,54.2047004699707,43.89039993286133
448.8110046386719,271.6896057128906,53.586700439453125,43.489498138427734
448.57110595703125,272.690185546875,53.90760040283203,43.04610061645508
449.5898132324219,272.33270263671875,53.58530044555664,42.65570068359375
450.5180969238281,271.7181091308594,53.656700134277344,43.375999450683594
450.9984130859375,272.59478759765625,53.49470138549805,42.37919998168945
451.9901123046875,272.6337890625,53.58259963989258,42.10169982910156
451.60308837890625,271.7153015136719,54.40629959106445,42.8317985534668
451.5810852050781,271.3868103027344,54.462398529052734,43.39440155029297
452.32769775390625,270.6329040527344,54.251399993896484,43.941898345947266
451.8203125,271.5452880859375,54.41400146484375,43.24599838256836
450.87701416015625,272.189208984375,53.875701904296875,42.73099899291992
450.9787902832031,272.31610107421875,53.85430145263672,42.536598205566406
450.6051025390625,271.8352966308594,54.004600524902344,43.236000061035156
449.4464111328125,273.20721435546875,53.87919998168945,43.167999267578125
448.1249084472656,271.3677062988281,54.202598571777344,44.57149887084961
446.17010498046875,270.2257080078125,53.88140106201172,44.821800231933594
443.1171875,269.0513916015625,53.92300033569336,45.14849853515625
440.7793884277344,267.5209045410156,53.2599983215332,44.74079895019531
437.62469482421875,267.08709716796875,52.45220184326172,43.73419952392578
435.92169189453125,265.2569885253906,49.48149871826172,43.104000091552734
432.5519104003906,264.17230224609375,49.9640007019043,43.429298400878906
430.0215148925781,262.255615234375,50.374900817871094,45.684200286865234
428.6470947265625,260.8091125488281,50.105098724365234,45.947200775146484
426.40478515625,259.5867919921875,49.712100982666016,45.819801330566406
424.1358947753906,258.1015930175781,50.402400970458984,47.17100143432617
422.9827880859375,258.5054016113281,50.07720184326172,45.8203010559082
420.3870849609375,258.3380126953125,50.31449890136719,45.28609848022461
418.7085876464844,257.1694030761719,50.56019973754883,45.254600524902344
417.90411376953125,255.6322021484375,50.202701568603516,45.506099700927734
416.34521484375,255.19000244140625,49.16740036010742,45.44380187988281
414.5320129394531,254.1750946044922,49.028900146484375,45.34270095825195
411.9378967285156,254.38760375976562,48.91469955444336,44.22999954223633
410.0046081542969,253.0,48.62889862060547,44.38690185546875
408.652587890625,252.5072021484375,47.68439865112305,44.841400146484375
407.6430969238281,252.52650451660156,47.31399917602539,44.29990005493164
407.2554931640625,250.314697265625,47.86479949951172,44.666900634765625
405.4352111816406,251.1053009033203,49.534698486328125,43.37419891357422
406.5212097167969,250.75770568847656,51.43130111694336,42.098899841308594
405.88470458984375,250.7283935546875,52.75320053100586,42.229000091552734
407.6055908203125,249.9344024658203,52.59629821777344,41.892601013183594
408.7121887207031,247.9241943359375,52.6245002746582,42.757999420166016
409.1672058105469,248.42689514160156,52.450199127197266,41.82400131225586
410.345703125,247.60549926757812,53.28839874267578,41.89929962158203
410.55169677734375,246.28579711914062,53.3572998046875,41.99980163574219
411.0339050292969,246.51229858398438,53.543399810791016,41.609100341796875
412.4075012207031,245.8238983154297,52.65829849243164,41.81549835205078
411.93060302734375,245.75770568847656,54.13529968261719,41.11790084838867
413.16510009765625,246.18569946289062,54.092899322509766,40.87189865112305
412.6787109375,246.1634063720703,55.74150085449219,40.7484016418457
413.31878662109375,245.964599609375,55.69139862060547,40.85240173339844
413.4837951660156,246.00979614257812,56.1161994934082,40.26689910888672
414.0397033691406,246.46090698242188,56.183799743652344,39.200599670410156
414.2690124511719,246.61529541015625,56.95949935913086,39.449798583984375
414.6036071777344,247.00169372558594,57.59230041503906,39.006900787353516
415.7069091796875,246.5959930419922,56.73820114135742,38.28129959106445
415.1119079589844,246.69960021972656,58.33789825439453,38.51599884033203
415.86309814453125,246.9001007080078,58.186500549316406,37.94029998779297
415.9169006347656,246.59849548339844,58.779300689697266,37.835201263427734
415.83380126953125,246.82359313964844,59.14099884033203,37.45790100097656
415.8734130859375,246.94679260253906,59.39929962158203,37.2052001953125
416.5815124511719,246.94200134277344,58.97480010986328,36.00429916381836
416.4547119140625,246.81350708007812,58.90409851074219,37.116798400878906
416.1427917480469,246.4665985107422,59.809200286865234,37.06480026245117
416.42999267578125,246.33230590820312,59.172298431396484,36.680301666259766
416.5730895996094,246.0959930419922,59.222198486328125,35.59659957885742
416.6806945800781,244.93809509277344,60.02119827270508,36.184898376464844
416.664306640625,243.95469665527344,59.909400939941406,36.243499755859375
416.51849365234375,243.6175994873047,60.29880142211914,36.2578010559082
415.9205017089844,242.74729919433594,60.78609848022461,36.844600677490234
416.4549865722656,242.40170288085938,61.077999114990234,37.94020080566406
416.4706115722656,241.29750061035156,61.554298400878906,38.65019989013672
416.33099365234375,240.6071014404297,61.49679946899414,38.78620147705078
416.31939697265625,240.37730407714844,61.77130126953125,38.70719909667969
416.5924987792969,240.26400756835938,61.53519821166992,38.43069839477539
415.6111145019531,240.8018035888672,62.106998443603516,37.976898193359375
415.8131103515625,240.5908966064453,62.31399917602539,38.226600646972656
414.5736083984375,240.0124969482422,62.48680114746094,38.50339889526367
414.1592102050781,239.7393035888672,63.27450180053711,38.76150131225586
412.9964904785156,239.3083953857422,63.71910095214844,39.01919937133789
411.7547912597656,239.6343994140625,63.57379913330078,38.84600067138672
411.0929870605469,239.37669372558594,63.53919982910156,38.7218017578125
410.30120849609375,240.05810546875,63.956298828125,38.58259963989258
408.5917053222656,238.69760131835938,64.26640319824219,40.19929885864258
407.6444091796875,239.03250122070312,64.49530029296875,39.779998779296875
406.9960021972656,240.3986053466797,64.6969985961914,38.50559997558594
405.1188049316406,239.67990112304688,65.64730072021484,38.75910186767578
403.5090026855469,239.88319396972656,65.93109893798828,39.80839920043945
400.9560852050781,241.6298065185547,67.22699737548828,38.75199890136719
400.6741943359375,240.49310302734375,66.3584976196289,40.114200592041016
400.4739074707031,242.58050537109375,65.70649719238281,39.12810134887695
397.7748107910156,241.5395050048828,66.59339904785156,40.80839920043945
395.2485046386719,243.86090087890625,67.48699951171875,39.94499969482422
394.32611083984375,243.92959594726562,66.6332015991211,39.88970184326172
393.00970458984375,245.06939697265625,66.52899932861328,40.189998626708984
391.2934875488281,244.18179321289062,66.57350158691406,41.11989974975586
389.1512145996094,244.74789428710938,67.31109619140625,40.81330108642578
387.368896484375,245.779296875,67.54119873046875,40.720401763916016
386.048095703125,246.2657012939453,68.35540008544922,40.393001556396484
384.48590087890625,245.75100708007812,67.90789794921875,41.06549835205078
383.356201171875,246.28329467773438,69.1156997680664,40.54290008544922
382.8013916015625,245.42010498046875,67.78140258789062,40.434898376464844
381.9335021972656,245.19839477539062,67.62960052490234,41.4098014831543
379.43438720703125,246.08299255371094,69.38390350341797,40.14830017089844
378.0304870605469,247.0386962890625,69.81539916992188,40.15409851074219
376.4161071777344,246.7135009765625,69.83599853515625,40.309898376464844
375.0545959472656,248.02659606933594,69.393798828125,39.32310104370117
374.6476135253906,248.1652069091797,68.89430236816406,41.015098571777344
372.82769775390625,249.0529022216797,69.19889831542969,40.072601318359375
371.18341064453125,248.46139526367188,69.72029876708984,41.00090026855469
369.7893981933594,249.3784942626953,70.65390014648438,42.38779830932617
369.25048828125,250.74659729003906,70.52420043945312,41.45790100097656
370.4989013671875,251.6873016357422,69.63839721679688,40.326900482177734
371.8247985839844,252.37860107421875,68.86949920654297,39.91740036010742
371.3456115722656,253.07730102539062,69.27189636230469,39.05860137939453
370.8389892578125,253.7126007080078,69.52559661865234,39.237300872802734
370.5474853515625,254.335205078125,69.24019622802734,38.96670150756836
370.3389892578125,254.68460083007812,69.4834976196289,39.65039825439453
370.0476989746094,255.081298828125,69.65399932861328,39.29570007324219
370.5447082519531,256.74578857421875,69.15609741210938,38.79750061035156
371.702392578125,258.0909118652344,68.2614974975586,39.49169921875
371.0611877441406,258.3945007324219,68.66510009765625,39.37519836425781
372.89801025390625,260.4444885253906,67.70690155029297,37.75659942626953
372.7484130859375,260.1611022949219,67.6416015625,39.419700622558594
373.0657043457031,262.1496887207031,67.14430236816406,38.74330139160156
373.0776062011719,262.2857971191406,67.34919738769531,39.427398681640625
374.3320007324219,263.72900390625,66.21369934082031,38.42539978027344
374.09710693359375,263.8822021484375,66.57209777832031,37.679901123046875
374.3616943359375,265.32861328125,66.01799774169922,37.206298828125
374.2789001464844,266.6192932128906,66.11250305175781,37.542301177978516
374.2579040527344,268.0007019042969,66.6897964477539,36.999900817871094
374.43109130859375,267.65948486328125,66.45110321044922,37.77190017700195
374.18939208984375,267.65850830078125,67.05229949951172,39.032901763916016
373.8153991699219,267.3774108886719,67.91419982910156,39.213199615478516
373.39471435546875,268.6528015136719,68.73390197753906,39.140499114990234
371.70269775390625,268.5943908691406,69.47129821777344,37.42530059814453
372.1502990722656,268.3004150390625,69.52010345458984,39.06639862060547
371.3193054199219,268.3699035644531,70.57939910888672,37.510101318359375
368.7239990234375,268.36920166015625,72.51139831542969,37.47890090942383
368.98291015625,267.3512878417969,70.4209976196289,37.5890998840332
366.9288024902344,267.2416076660156,72.22100067138672,38.66680145263672
365.2831115722656,266.8204040527344,70.6261978149414,37.99209976196289
363.3970031738281,266.31280517578125,68.51100158691406,41.8109016418457
362.9739074707031,267.1206970214844,66.52249908447266,41.608699798583984
361.2130126953125,267.9635925292969,65.85320281982422,40.8745002746582
360.67388916015625,266.4978942871094,64.806396484375,42.722900390625
358.9241943359375,266.3258056640625,64.03559875488281,43.70389938354492
358.97711181640625,266.2958068847656,62.957298278808594,41.827701568603516
358.5826110839844,265.7460021972656,62.39569854736328,41.72019958496094
356.94329833984375,265.6380920410156,62.80720138549805,40.82659912109375
355.8384094238281,264.1805114746094,62.593101501464844,41.13719940185547
354.5378112792969,264.2508850097656,63.06760025024414,40.98419952392578
353.5137023925781,264.2795104980469,61.936100006103516,39.05509948730469
352.6370849609375,261.8987121582031,60.59120178222656,42.7218017578125
350.8533935546875,263.07659912109375,61.453399658203125,38.888099670410156
349.591796875,261.5577087402344,60.697601318359375,38.81520080566406
348.7095947265625,261.14990234375,61.324798583984375,39.970699310302734
347.0226135253906,259.7096862792969,61.03310012817383,39.68239974975586
345.85589599609375,260.4302978515625,61.060001373291016,37.187599182128906
344.434814453125,258.4455871582031,60.75389862060547,37.894798278808594
342.9278869628906,258.7160949707031,60.56909942626953,39.496700286865234
341.4543151855469,257.7507019042969,60.00230026245117,41.150299072265625
339.65838623046875,255.80059814453125,59.96910095214844,40.56330108642578
337.8362121582031,255.3386993408203,59.88010025024414,40.650901794433594
336.33099365234375,253.8634033203125,60.034698486328125,40.25849914550781
335.189697265625,253.5052032470703,60.984100341796875,40.68899917602539
333.2547912597656,252.41969299316406,61.046600341796875,40.361900329589844
332.6839904785156,252.4084014892578,60.118099212646484,38.86479949951172
330.7262878417969,251.3782958984375,58.45600128173828,39.11759948730469
328.78350830078125,251.2469940185547,59.986900329589844,38.03120040893555
326.87451171875,251.12010192871094,59.455101013183594,37.80590057373047
324.7760009765625,250.36459350585938,60.05590057373047,37.69879913330078
324.0823059082031,249.5146942138672,59.018001556396484,37.31930160522461
320.8500061035156,249.40260314941406,59.7307014465332,37.6244010925293
319.4140930175781,248.6757049560547,59.01810073852539,37.595401763916016
317.83819580078125,248.39320373535156,59.05580139160156,36.38399887084961
315.8468933105469,247.63760375976562,58.956199645996094,36.11539840698242
313.3406982421875,247.5625,58.63159942626953,35.920101165771484
310.368896484375,246.8000030517578,59.5453987121582,35.68960189819336
308.8114929199219,246.91929626464844,58.234901428222656,36.15230178833008
306.44879150390625,246.21299743652344,58.82789993286133,36.05659866333008
305.09130859375,245.78070068359375,58.379798889160156,35.83639907836914
301.91680908203125,246.543701171875,58.27410125732422,35.72010040283203
299.556396484375,246.20399475097656,59.15879821777344,35.41659927368164
297.9444885253906,245.84249877929688,57.970699310302734,36.47990036010742
295.2654113769531,246.28370666503906,57.186500549316406,36.370601654052734
293.2770080566406,245.90640258789062,56.48469924926758,36.89889907836914
290.26361083984375,246.0727996826172,57.34429931640625,37.61429977416992
288.1828918457031,246.45640563964844,57.42319869995117,37.74720001220703
285.74560546875,246.2830047607422,58.17490005493164,38.03120040893555
283.5198059082031,246.56430053710938,57.96820068359375,37.110599517822266
280.30938720703125,246.85240173339844,57.0546989440918,36.16320037841797
278.34490966796875,247.4683074951172,58.07149887084961,35.13209915161133
276.4382019042969,247.1739044189453,58.02220153808594,35.59270095825195
275.2314147949219,247.62770080566406,58.28969955444336,35.790199279785156
272.3479919433594,247.9506072998047,57.88859939575195,36.19599914550781
270.722412109375,247.7364044189453,58.04520034790039,35.95899963378906
269.1600036621094,247.13819885253906,58.52259826660156,36.76070022583008
267.89581298828125,245.55650329589844,58.00640106201172,38.212100982666016
266.45330810546875,244.98989868164062,57.69350051879883,39.04359817504883
265.3222961425781,243.92669677734375,58.246498107910156,39.625301361083984
264.20208740234375,244.15480041503906,57.230499267578125,39.5817985534668
262.9879150390625,242.76109313964844,59.409698486328125,41.200599670410156
261.0246887207031,241.4207000732422,61.159698486328125,42.0192985534668
260.2616882324219,240.04200744628906,62.72169876098633,43.22309875488281
259.6795959472656,239.28720092773438,63.652099609375,44.22380065917969
259.69158935546875,238.30979919433594,64.34970092773438,43.51860046386719
259.005615234375,237.29029846191406,67.6720962524414,44.53889846801758
260.1199035644531,234.97500610351562,69.03469848632812,45.225799560546875
259.9446105957031,233.06649780273438,69.52649688720703,47.79859924316406
259.7001037597656,231.36109924316406,70.03250122070312,50.20899963378906
259.3581848144531,227.48789978027344,70.22129821777344,53.761199951171875
258.9397888183594,224.93699645996094,71.93150329589844,53.54499816894531
259.30499267578125,222.8314971923828,71.67729949951172,53.619300842285156
259.7284851074219,220.27499389648438,69.62860107421875,54.590301513671875
259.069091796875,218.7888946533203,70.12519836425781,55.68730163574219
258.5141906738281,215.4152069091797,72.24250030517578,57.0260009765625
257.7680969238281,213.49330139160156,72.53610229492188,58.81800079345703
259.22601318359375,210.3773956298828,70.97850036621094,58.86690139770508
260.0284118652344,207.97470092773438,70.14230346679688,58.64860153198242
260.0437927246094,204.7218017578125,67.61139678955078,59.3317985534668
259.9906921386719,203.18809509277344,68.55259704589844,59.130401611328125
262.2973937988281,200.46200561523438,65.56520080566406,60.00510025024414
262.3096008300781,199.0355987548828,64.83450317382812,59.79600143432617
263.4006042480469,197.6916046142578,63.32720184326172,60.07809829711914
264.0874938964844,196.45970153808594,61.87269973754883,60.26639938354492
264.45001220703125,195.71310424804688,60.97919845581055,58.471500396728516
266.50909423828125,194.69410705566406,59.349998474121094,57.95240020751953
267.6588134765625,193.61019897460938,56.778900146484375,56.95479965209961
268.4302062988281,192.8553009033203,55.037899017333984,56.1713981628418
272.4324035644531,191.3968963623047,50.532501220703125,56.245201110839844
271.39068603515625,189.7061004638672,49.64780044555664,55.22460174560547
271.94219970703125,188.87049865722656,48.337100982666016,54.94380187988281
272.1824951171875,186.59519958496094,46.983001708984375,55.792999267578125
272.8800964355469,185.56260681152344,45.56370162963867,55.555999755859375
273.27740478515625,184.99349975585938,44.77050018310547,55.207401275634766
276.5342102050781,185.22230529785156,41.590599060058594,53.22460174560547
276.3868103027344,184.33799743652344,40.875,53.107398986816406
276.8341979980469,183.50379943847656,40.962799072265625,53.445899963378906
276.8913879394531,181.88299560546875,41.2755012512207,53.73210144042969
276.81719970703125,181.2646026611328,41.31589889526367,53.416500091552734
277.4587097167969,180.32960510253906,40.25389862060547,53.357200622558594
277.0657958984375,179.99859619140625,39.89030075073242,53.09080123901367
275.605712890625,179.8636932373047,40.91419982910156,52.62879943847656
277.114013671875,180.25840759277344,40.023101806640625,52.83300018310547
273.2456970214844,178.6761016845703,44.05839920043945,53.25630187988281
276.05731201171875,179.77859497070312,40.924198150634766,53.170501708984375
275.277099609375,178.97900390625,41.48789978027344,53.02109909057617
274.54229736328125,179.65109252929688,42.242698669433594,52.96110153198242
275.17181396484375,179.27340698242188,41.34700012207031,53.46120071411133
276.56109619140625,178.88890075683594,40.59600067138672,52.95330047607422
274.1046142578125,179.55819702148438,42.72380065917969,53.41080093383789
273.818115234375,179.42689514160156,43.374900817871094,53.24850082397461
273.1532897949219,178.54600524902344,43.447898864746094,53.56930160522461
273.40850830078125,179.26040649414062,42.311500549316406,53.46799850463867
274.0386047363281,180.48159790039062,41.8916015625,53.010799407958984
273.9767150878906,180.10580444335938,42.4922981262207,53.8474006652832
273.4570007324219,179.72549438476562,43.19449996948242,53.9182014465332
271.95880126953125,179.1968994140625,44.00669860839844,53.78839874267578
272.75439453125,179.81039428710938,43.28689956665039,54.153099060058594
271.9364013671875,180.02609252929688,42.8317985534668,54.62929916381836
270.4635925292969,180.472900390625,44.11629867553711,54.848899841308594
270.5794982910156,180.4324951171875,46.015499114990234,55.209800720214844
266.52960205078125,179.55270385742188,48.38560104370117,56.26890182495117
266.63250732421875,180.52850341796875,50.187801361083984,56.94770050048828
263.3046875,180.63870239257812,52.76580047607422,58.08549880981445
260.7063903808594,181.3616943359375,56.246498107910156,59.11830139160156
258.06689453125,182.60169982910156,61.19729995727539,59.85449981689453
256.60791015625,182.97979736328125,60.26919937133789,61.26430130004883
255.48680114746094,186.38519287109375,62.76179885864258,58.154300689697266
255.9268035888672,191.0543975830078,62.8036003112793,56.5713005065918
255.17100524902344,192.2541961669922,64.081298828125,57.36119842529297
255.86390686035156,192.6909942626953,63.447601318359375,60.12310028076172
255.0771026611328,193.845703125,61.72549819946289,59.477298736572266
255.90350341796875,195.5655975341797,61.31719970703125,58.92300033569336
253.23179626464844,197.091796875,65.15899658203125,58.471099853515625
253.42210388183594,198.66160583496094,64.56169891357422,58.956199645996094
252.7180938720703,200.37730407714844,65.3115005493164,58.640499114990234
253.7041015625,202.53709411621094,65.38800048828125,57.83549880981445
254.29200744628906,207.29110717773438,66.86190032958984,55.48849868774414
252.05369567871094,208.53660583496094,67.67369842529297,54.10139846801758
254.6436004638672,211.40530395507812,66.74909973144531,51.27629852294922
253.26260375976562,214.0189971923828,67.9854965209961,49.782901763916016
254.17559814453125,216.63580322265625,66.7947006225586,48.16130065917969
254.65159606933594,218.06179809570312,67.38259887695312,46.47869873046875
255.8477020263672,220.1407928466797,65.91429901123047,45.30889892578125
256.7817077636719,222.72039794921875,64.80169677734375,42.93159866333008
257.49749755859375,225.38609313964844,62.64619827270508,39.81420135498047
258.2406921386719,229.32260131835938,61.39670181274414,37.15079879760742
259.15240478515625,231.0919952392578,60.04779815673828,34.432899475097656
259.8212890625,233.96580505371094,60.30699920654297,33.381900787353516
259.28271484375,234.98480224609375,60.60900115966797,32.53879928588867
258.9798889160156,236.2677001953125,60.74570083618164,33.83089828491211
259.86090087890625,236.5637969970703,60.546199798583984,33.81119918823242
259.80780029296875,237.91929626464844,60.249000549316406,32.6525993347168
260.2372131347656,238.80279541015625,60.08399963378906,32.461700439453125
260.4830017089844,238.86709594726562,59.88159942626953,31.71299934387207
260.48260498046875,240.02450561523438,60.36790084838867,32.32680130004883
260.7616882324219,239.9958953857422,60.1161003112793,32.30419921875
260.7831115722656,239.50759887695312,61.15589904785156,32.74369812011719
261.2337951660156,241.15260314941406,60.98590087890625,32.33110046386719
261.2240905761719,241.71519470214844,60.37089920043945,31.552400588989258
261.2986145019531,241.33999633789062,60.22309875488281,31.8966007232666
261.2615966796875,241.5782012939453,61.19430160522461,33.27470016479492
261.85479736328125,241.46560668945312,60.51490020751953,32.06719970703125
261.2078857421875,241.1322021484375,60.831600189208984,32.27389907836914
261.57501220703125,242.18609619140625,60.47919845581055,32.374298095703125
261.5278015136719,241.5308074951172,60.799598693847656,32.98460006713867
261.222412109375,242.10960388183594,61.024898529052734,32.350799560546875
261.07159423828125,243.27679443359375,60.84260177612305,32.17210006713867
260.7034912109375,242.4261932373047,61.45050048828125,33.40890121459961
260.9132080078125,242.29490661621094,61.698299407958984,33.23509979248047
259.58660888671875,241.1555938720703,63.09880065917969,36.37820053100586
260.7160949707031,240.84060668945312,63.36399841308594,40.4109001159668
259.5177001953125,239.41439819335938,65.68440246582031,43.92129898071289
259.0148010253906,239.33419799804688,66.99310302734375,46.94279861450195
258.44049072265625,239.0435028076172,69.49340057373047,48.99319839477539
257.9244079589844,238.38499450683594,70.32260131835938,51.93069839477539
257.5790100097656,238.5178985595703,70.47250366210938,52.841400146484375
256.4989013671875,238.17129516601562,72.36360168457031,57.339500427246094
255.0699005126953,237.0670928955078,73.74729919433594,59.48659896850586
254.2218017578125,237.39199829101562,75.54090118408203,59.35260009765625
253.10740661621094,237.539306640625,75.63770294189453,59.21950149536133
253.1645965576172,238.12530517578125,74.53279876708984,59.95610046386719
253.70730590820312,238.7696990966797,73.04170227050781,59.933998107910156
253.12440490722656,239.33099365234375,72.64969635009766,60.52989959716797
254.7187042236328,238.60879516601562,70.80449676513672,61.43239974975586
255.306396484375,241.58590698242188,67.92009735107422,59.236000061035156
255.63619995117188,243.24249267578125,65.90769958496094,59.21630096435547
256.0992126464844,243.10850524902344,62.88460159301758,58.23080062866211
256.29058837890625,243.75100708007812,62.412200927734375,58.06010055541992
257.41619873046875,244.90989685058594,60.497798919677734,57.71269989013672
257.86529541015625,244.243896484375,60.4098014831543,59.109798431396484
259.75421142578125,243.977294921875,58.618900299072266,59.30820083618164
260.8750915527344,244.06320190429688,56.865699768066406,58.36280059814453
261.4057922363281,243.20480346679688,56.40060043334961,59.893699645996094
262.269287109375,243.48849487304688,55.2671012878418,59.74300003051758
263.2279052734375,244.4788055419922,53.38750076293945,58.31639862060547
261.9993896484375,244.30780029296875,53.781898498535156,56.6775016784668
264.56201171875,244.04930114746094,48.89870071411133,56.160701751708984
264.0080871582031,243.89120483398438,46.48469924926758,55.30699920654297
263.289306640625,244.21539306640625,44.50600051879883,53.75389862060547
263.1588134765625,244.33740234375,44.51750183105469,53.37689971923828
263.39898681640625,243.3289031982422,43.11940002441406,53.23030090332031
263.593505859375,243.5399932861328,42.52799987792969,52.74440002441406
264.68231201171875,243.1916046142578,40.65340042114258,51.98059844970703
263.5802001953125,242.6042022705078,40.54819869995117,52.5526008605957
267.36480712890625,243.40809631347656,37.4656982421875,50.59859848022461
265.843505859375,242.75619506835938,38.283199310302734,50.10340118408203
265.23089599609375,241.36419677734375,38.60169982910156,50.14550018310547
264.3392028808594,241.83470153808594,39.10649871826172,49.44449996948242
265.6675109863281,240.2136993408203,36.99769973754883,49.410099029541016
263.2773132324219,239.48570251464844,39.60240173339844,49.605201721191406
262.3512878417969,239.36019897460938,40.58039855957031,49.79890060424805
261.3804016113281,239.02110290527344,41.255001068115234,49.85810089111328
260.1628112792969,237.92120361328125,42.58879852294922,50.564998626708984
260.430908203125,237.04400634765625,42.6411018371582,51.29029846191406
259.3822021484375,236.09939575195312,43.5984001159668,51.942100524902344
260.42840576171875,235.49110412597656,42.923099517822266,52.22600173950195
260.9325866699219,235.17059326171875,42.260101318359375,52.66939926147461
263.376708984375,236.1667938232422,39.59349822998047,52.142799377441406
264.6127014160156,235.71060180664062,39.20989990234375,52.62519836425781
265.4518127441406,233.99209594726562,38.90119934082031,53.569801330566406
265.393798828125,233.36630249023438,38.90420150756836,54.057498931884766
265.8222961425781,232.51840209960938,38.4827995300293,54.85300064086914
265.71661376953125,230.98699951171875,38.571998596191406,56.21200180053711
265.6659851074219,230.74769592285156,37.64580154418945,56.02939987182617
266.54071044921875,231.06520080566406,36.535400390625,56.36830139160156
266.1470947265625,231.18069458007812,36.13930130004883,56.95220184326172
267.2477111816406,230.1269989013672,34.59640121459961,56.992401123046875
267.1151123046875,230.31399536132812,32.77370071411133,56.76490020751953
268.32049560546875,231.00340270996094,31.026899337768555,56.29399871826172
267.51959228515625,230.6374969482422,31.65239906311035,55.260101318359375
268.2687072753906,230.25149536132812,31.260000228881836,55.68109893798828
267.59619140625,229.06179809570312,31.178199768066406,56.07160186767578
268.55059814453125,230.22329711914062,30.190099716186523,55.291500091552734
267.6553039550781,229.76370239257812,29.927499771118164,55.270301818847656
270.4136047363281,229.68539428710938,27.606399536132812,54.945499420166016
270.88238525390625,230.07569885253906,26.98270034790039,54.42490005493164
272.0719909667969,228.81619262695312,26.970800399780273,56.04010009765625
271.7149963378906,228.32769775390625,25.7450008392334,56.29949951171875
273.6046142578125,228.08099365234375,26.76580047607422,55.93870162963867
274.747802734375,227.17779541015625,26.087099075317383,56.76390075683594
275.49969482421875,227.97430419921875,25.199199676513672,56.121498107910156
275.85528564453125,225.9029998779297,26.386600494384766,58.39360046386719
277.6637878417969,228.2303009033203,24.531099319458008,56.10139846801758
279.2688903808594,226.93919372558594,25.249900817871094,57.54629898071289
281.3684997558594,228.3126983642578,24.117599487304688,57.594200134277344
282.81768798828125,226.80870056152344,25.80780029296875,58.47309875488281
283.7821960449219,226.31170654296875,28.34980010986328,59.6150016784668
286.5533142089844,226.18820190429688,33.230499267578125,59.760799407958984
288.6332092285156,228.12989807128906,27.034700393676758,57.638999938964844
291.2580871582031,228.10760498046875,27.971599578857422,58.504398345947266
294.28131103515625,230.45359802246094,24.571199417114258,56.731201171875
293.32220458984375,227.82470703125,26.891700744628906,58.072601318359375
298.0255126953125,229.55450439453125,26.504199981689453,56.4208984375
296.73260498046875,229.05160522460938,30.60540008544922,57.13169860839844
299.3544921875,229.33230590820312,30.966699600219727,56.331199645996094
299.0339050292969,230.07550048828125,32.94960021972656,56.02880096435547
298.5885925292969,231.0028076171875,35.00790023803711,54.28950119018555
299.46551513671875,231.3843994140625,36.594200134277344,52.845298767089844
300.8684997558594,231.47610473632812,37.579498291015625,52.47249984741211
302.0504150390625,231.57020568847656,39.6609992980957,51.69670104980469
303.1234130859375,232.1968994140625,37.08689880371094,51.69729995727539
303.9403991699219,231.3966064453125,43.4390983581543,51.90489959716797
305.1170959472656,231.15969848632812,35.99100112915039,52.625701904296875
306.7221984863281,230.55679321289062,42.70940017700195,51.479698181152344
307.2632141113281,230.16079711914062,49.71549987792969,52.26729965209961
307.9623107910156,229.701904296875,51.13650131225586,52.817901611328125
308.18170166015625,227.90480041503906,53.195899963378906,54.29719924926758
311.9359130859375,227.2259979248047,52.40039825439453,53.70349884033203
313.1217041015625,226.601806640625,50.82469940185547,55.349998474121094
314.4223937988281,225.8679962158203,51.634498596191406,56.192298889160156
316.356201171875,225.6396026611328,50.60599899291992,56.26129913330078
315.7159118652344,224.227294921875,51.599300384521484,57.87350082397461
318.0107116699219,223.5843963623047,50.91239929199219,57.50469970703125
320.86981201171875,225.47450256347656,48.91419982910156,57.102298736572266
324.5340881347656,226.30499267578125,46.57109832763672,54.78860092163086
327.2127990722656,227.00909423828125,45.02299880981445,52.64759826660156
327.8074035644531,226.62060546875,45.434898376464844,52.202301025390625
329.868896484375,226.59710693359375,44.18299865722656,52.00419998168945
332.5788879394531,227.09190368652344,42.14179992675781,51.36970138549805
331.5329895019531,226.5034942626953,44.59469985961914,51.877899169921875
331.127685546875,225.35569763183594,45.46039962768555,52.39250183105469
329.5205078125,223.32159423828125,47.842201232910156,53.49290084838867
329.51409912109375,221.00100708007812,48.99209976196289,54.7422981262207
328.974609375,219.8876953125,49.7859992980957,55.90299987792969
330.30999755859375,216.88119506835938,49.8567008972168,57.060001373291016
332.4986877441406,218.0968017578125,49.05160140991211,55.8734016418457
330.4630126953125,215.33819580078125,51.29240036010742,57.7869987487793
332.8468933105469,213.0924072265625,50.907501220703125,59.57350158691406
333.5638122558594,211.73370361328125,51.48970031738281,60.35540008544922
338.756591796875,210.55160522460938,46.45249938964844,60.492698669433594
341.7380065917969,209.76300048828125,44.05080032348633,59.7052001953125
338.8594055175781,206.2073974609375,46.9098014831543,61.726200103759766
339.5216064453125,205.6614990234375,45.18619918823242,60.931800842285156
336.91650390625,202.43499755859375,46.537601470947266,62.9202995300293
338.6597900390625,203.952392578125,44.54199981689453,60.7224006652832
337.7287902832031,202.11160278320312,45.81779861450195,62.65510177612305
342.3539123535156,200.90040588378906,39.33039855957031,62.88560104370117
341.75750732421875,200.86380004882812,37.43370056152344,61.398101806640625
349.4525146484375,200.33709716796875,27.883100509643555,59.311500549316406
351.8362121582031,202.42849731445312,24.367300033569336,58.55830001831055
349.1601867675781,200.8907928466797,24.656400680541992,59.009700775146484
351.4984130859375,201.0218963623047,21.300100326538086,44.9640998840332
349.5003967285156,201.06509399414062,23.08009910583496,52.75130081176758
345.4495849609375,201.36630249023438,27.57270050048828,58.14419937133789
340.168212890625,201.34719848632812,35.12770080566406,55.71699905395508
339.9046936035156,201.29550170898438,36.8296012878418,53.84120178222656
336.5032043457031,202.08700561523438,41.41899871826172,51.185699462890625
336.7843933105469,202.08729553222656,43.39670181274414,49.19649887084961
334.3568115234375,202.84170532226562,47.332401275634766,47.66189956665039
337.0544128417969,205.93080139160156,47.2400016784668,40.58829879760742
335.1556091308594,207.76100158691406,50.403499603271484,37.875
335.580810546875,208.68310546875,51.61399841308594,36.270301818847656
335.86419677734375,207.5312042236328,53.77009963989258,34.16619873046875
337.6095886230469,208.28909301757812,51.6083984375,31.717899322509766
339.1579895019531,209.1446075439453,51.975399017333984,32.43009948730469
339.2995910644531,209.97439575195312,52.11410140991211,30.358999252319336
340.7782897949219,211.43409729003906,52.539798736572266,31.997600555419922
339.3034973144531,212.36839294433594,54.852298736572266,31.658100128173828
341.2120056152344,213.37669372558594,54.002899169921875,31.633899688720703
340.4932861328125,216.13070678710938,54.99789810180664,31.22249984741211
339.53759765625,216.310302734375,56.2489013671875,30.680299758911133
340.572998046875,219.82850646972656,55.677799224853516,28.459999084472656
341.03759765625,220.50750732421875,55.404598236083984,29.814699172973633
341.36700439453125,221.45469665527344,55.744598388671875,30.981300354003906
341.17291259765625,223.72860717773438,56.52289962768555,31.320100784301758
341.56451416015625,224.25100708007812,57.20500183105469,31.84119987487793
341.38409423828125,225.0865936279297,58.54610061645508,31.75279998779297
342.8221130371094,225.82749938964844,58.634498596191406,33.446998596191406
344.6435852050781,226.59939575195312,58.181800842285156,31.996999740600586
347.3454895019531,227.02459716796875,56.52239990234375,32.56999969482422
348.4364929199219,227.9727020263672,55.75469970703125,32.528900146484375
349.69329833984375,228.02439880371094,55.4818000793457,32.964599609375
350.8883056640625,228.11160278320312,55.5171012878418,33.096500396728516
350.7632141113281,228.25210571289062,55.530399322509766,33.210601806640625
350.4635009765625,228.48570251464844,56.29779815673828,33.32780075073242
350.872802734375,227.87109375,56.46310043334961,34.52450180053711
351.1028137207031,227.19200134277344,56.71099853515625,35.105201721191406
351.7590026855469,227.8966064453125,55.99209976196289,34.42169952392578
351.34588623046875,227.51319885253906,56.832801818847656,34.61940002441406
351.3360900878906,226.64540100097656,56.879798889160156,35.26499938964844
351.3782043457031,227.1376953125,56.807098388671875,34.369598388671875
351.8994140625,226.38699340820312,57.03950119018555,33.97890090942383
351.21160888671875,226.18850708007812,57.2843017578125,33.5463981628418
351.5256042480469,225.75390625,56.899200439453125,33.85200119018555
351.61419677734375,224.2801971435547,57.27899932861328,34.721099853515625
351.25421142578125,224.72109985351562,57.252201080322266,34.01890182495117
352.27349853515625,224.80850219726562,56.918399810791016,34.05720138549805
352.14471435546875,224.02239990234375,57.26860046386719,33.87860107421875
352.33489990234375,223.46629333496094,56.73080062866211,33.79410171508789
351.877685546875,222.9405059814453,56.81769943237305,34.20989990234375
351.2589111328125,221.3325958251953,57.359500885009766,34.05120086669922
352.7575988769531,221.80349731445312,55.72650146484375,33.000999450683594
351.4884033203125,222.26370239257812,56.289398193359375,33.02109909057617
351.4924011230469,221.41909790039062,56.3317985534668,33.51139831542969
350.79278564453125,221.852294921875,56.624298095703125,32.27330017089844
351.1986083984375,221.80230712890625,56.527400970458984,33.9390983581543
352.1141052246094,219.956298828125,57.549400329589844,34.592899322509766
352.6871032714844,220.44509887695312,57.217201232910156,33.4099006652832
353.4234924316406,219.98159790039062,57.39229965209961,34.30030059814453
355.8319091796875,220.44949340820312,57.359901428222656,34.7057991027832
356.8210144042969,220.21839904785156,58.51959991455078,34.49530029296875
359.4462890625,219.00399780273438,58.193599700927734,35.692298889160156
361.5596008300781,218.33770751953125,57.98680114746094,35.041900634765625
363.3319091796875,218.39939880371094,57.889801025390625,33.77880096435547
366.1322021484375,216.28219604492188,56.66059875488281,35.149200439453125
368.68798828125,215.58230590820312,56.44240188598633,35.04050064086914
371.0295104980469,214.49099731445312,56.24829864501953,35.722198486328125
372.9060974121094,213.60899353027344,54.95220184326172,34.81439971923828
374.47479248046875,212.82530212402344,54.653099060058594,33.10419845581055
376.13238525390625,211.4268035888672,53.792198181152344,33.68510055541992
376.9552917480469,209.68080139160156,53.6599006652832,34.17290115356445
377.5802001953125,209.09100341796875,54.84579849243164,35.91780090332031
379.055908203125,208.79269409179688,54.25149917602539,36.34170150756836
380.1169128417969,207.84429931640625,55.13639831542969,37.7666015625
381.6539001464844,209.15350341796875,54.33209991455078,36.639801025390625
382.9027099609375,208.7675018310547,54.86320114135742,37.94580078125
384.2828063964844,209.94500732421875,54.54309844970703,38.608699798583984
384.9753112792969,211.34640502929688,54.769100189208984,37.92250061035156
386.4773864746094,211.91580200195312,55.60960006713867,37.67399978637695
389.6664123535156,214.03269958496094,54.75130081176758,37.195899963378906
392.1794128417969,218.0128936767578,53.507999420166016,36.39649963378906
395.0830078125,220.20269775390625,52.384300231933594,36.249000549316406
396.32818603515625,222.27870178222656,52.054298400878906,37.558799743652344
397.8099060058594,225.0782928466797,52.07310104370117,38.04560089111328
398.06439208984375,226.70460510253906,53.644901275634766,39.3223991394043
397.7001953125,229.98350524902344,54.10430145263672,40.46659851074219
397.7179870605469,230.9842071533203,54.618499755859375,43.164798736572266
397.4932861328125,231.41220092773438,54.78089904785156,43.222198486328125
398.6028137207031,230.7700958251953,54.31290054321289,43.57720184326172
397.3887023925781,232.5272979736328,55.29840087890625,43.60449981689453
397.1629943847656,233.0625,54.165199279785156,43.79710006713867
395.6742858886719,234.529296875,55.9630012512207,45.572601318359375
397.47711181640625,234.82200622558594,53.57699966430664,46.9193000793457
395.8952941894531,236.21780395507812,54.86119842529297,46.930301666259766
395.27069091796875,236.68760681152344,55.28150177001953,49.3828010559082
396.78228759765625,237.38999938964844,54.30509948730469,50.052799224853516
397.8326110839844,238.9145050048828,54.0797004699707,49.84700012207031
400.0802917480469,239.8603973388672,53.02539825439453,50.77980041503906
400.88531494140625,241.1396026611328,53.84830093383789,49.9906005859375
402.10760498046875,241.80389404296875,52.22439956665039,51.33190155029297
406.6785888671875,242.87359619140625,47.923099517822266,50.07109832763672
