1
439.0575866699219,53.195098876953125,259.0174865722656,483.2637939453125
417.0692138671875,55.7843017578125,275.8819885253906,484.2156982421875
441.72039794921875,53.14849853515625,252.00970458984375,486.75299072265625
414.50531005859375,55.00450134277344,276.6820068359375,484.9955139160156
429.8869934082031,53.547000885009766,265.11810302734375,486.4530029296875
433.02301025390625,54.43980026245117,260.1189880371094,485.5602111816406
412.4173889160156,56.41510009765625,281.3017883300781,483.0929870605469
432.9419860839844,54.797000885009766,252.28750610351562,485.2030029296875
402.5859069824219,56.56159973144531,298.1759033203125,483.4383850097656
440.8182067871094,50.55339813232422,249.76400756835938,487.9602966308594
445.7598876953125,56.65380096435547,251.768798828125,481.51251220703125
391.7679138183594,51.18479919433594,316.8747863769531,488.815185546875
444.90399169921875,54.1963996887207,249.9499969482422,485.8035888671875
429.9305114746094,53.80229949951172,279.01458740234375,486.19769287109375
422.2359924316406,52.41709899902344,280.25360107421875,487.5828857421875
418.1438903808594,54.368900299072266,271.8464050292969,485.631103515625
407.1423034667969,55.35200119018555,300.5932922363281,483.4660949707031
405.4619140625,50.64849853515625,310.3548889160156,489.35150146484375
412.1133117675781,57.81919860839844,288.51141357421875,482.1807861328125
414.8786926269531,57.62179946899414,291.28948974609375,482.3782043457031
372.2413024902344,54.8046989440918,329.14239501953125,485.1953125
399.05511474609375,56.3047981262207,291.1659851074219,483.6951904296875
410.7244873046875,46.58689880371094,279.693603515625,493.4130859375
393.5939025878906,49.075401306152344,299.84228515625,490.9245910644531
420.3245849609375,48.2958984375,271.9159851074219,491.7041015625
374.7878112792969,51.26919937133789,321.1890869140625,486.13140869140625
385.8114929199219,46.41059875488281,302.17279052734375,493.5893859863281
396.630615234375,44.79010009765625,298.6348876953125,495.2098083496094
397.2777099609375,45.81629943847656,304.635986328125,494.1836853027344
424.447509765625,45.872398376464844,273.2930908203125,494.1275939941406
430.6759033203125,49.47719955444336,275.34710693359375,490.5227966308594
414.9245910644531,48.2515983581543,307.3245849609375,491.7232971191406
432.4945068359375,44.2327995300293,311.33331298828125,495.7672119140625
434.4433898925781,43.16299819946289,316.2367858886719,496.8370056152344
428.6387939453125,44.57149887084961,328.56048583984375,495.4284973144531
436.5421142578125,43.35449981689453,332.2616882324219,496.6453857421875
442.47369384765625,42.54209899902344,326.8965148925781,497.4578857421875
438.652099609375,42.12929916381836,310.3671875,497.8706970214844
447.214111328125,43.061798095703125,292.8302917480469,496.9382019042969
436.40960693359375,42.31489944458008,296.7987976074219,497.6850891113281
421.6776123046875,44.104400634765625,315.9693908691406,495.8955993652344
411.2296142578125,47.76409912109375,324.4849853515625,492.23590087890625
382.21990966796875,47.943199157714844,356.46240234375,492.056884765625
430.1178894042969,42.22919845581055,288.6247863769531,497.77081298828125
420.3576965332031,45.780799865722656,290.96051025390625,494.2192077636719
431.7101135253906,42.34280014038086,274.9386901855469,497.6571960449219
422.460693359375,43.95949935913086,277.630615234375,496.04058837890625
418.7972106933594,43.267601013183594,295.019287109375,496.7323913574219
431.4049072265625,43.01959991455078,290.3468933105469,496.98040771484375
404.0889892578125,43.611900329589844,320.7632141113281,496.3880920410156
446.69390869140625,44.68259811401367,283.585693359375,495.3174133300781
432.9512939453125,41.443199157714844,307.2829895019531,498.5567932128906
460.8406982421875,43.788700103759766,288.4189147949219,496.2113037109375
459.1064147949219,42.17720031738281,311.76239013671875,497.82281494140625
463.77349853515625,44.96030044555664,310.5752868652344,495.0397033691406
434.1671142578125,45.79759979248047,345.9902038574219,494.202392578125
458.3233947753906,46.22669982910156,296.2215881347656,491.994384765625
454.85919189453125,47.24689865112305,303.60791015625,492.75311279296875
451.9822998046875,46.513099670410156,304.3380126953125,493.4867858886719
449.5537109375,46.71609878540039,307.6211853027344,493.2839050292969
450.1351013183594,46.3125,316.82598876953125,493.6875
447.3927001953125,48.65190124511719,322.0506896972656,491.3481140136719
448.78619384765625,50.774200439453125,321.7643127441406,489.2257995605469
439.1275939941406,48.620601654052734,301.7203063964844,491.3794860839844
446.693115234375,48.03459930419922,294.70001220703125,491.96539306640625
450.27191162109375,47.158199310302734,305.37969970703125,492.841796875
450.2757873535156,51.96770095825195,285.4674987792969,488.03228759765625
436.985595703125,46.44559860229492,299.82611083984375,493.5544128417969
446.7460021972656,52.75210189819336,281.85211181640625,487.2478942871094
447.8236999511719,50.99639892578125,269.65008544921875,489.00360107421875
443.1307067871094,50.59629821777344,267.04010009765625,489.4036865234375
426.3688049316406,52.59280014038086,282.9525146484375,487.4071960449219
423.0871887207031,50.229801177978516,279.739990234375,489.7701110839844
448.9104919433594,51.720401763916016,258.34979248046875,488.27960205078125
452.7876892089844,52.762699127197266,257.3789978027344,486.25970458984375
431.4736022949219,53.06340026855469,282.0470886230469,484.7921142578125
459.06201171875,48.51449966430664,268.2439880371094,491.09521484375
477.7742919921875,48.63359832763672,258.82501220703125,491.36639404296875
485.3855895996094,49.75419998168945,270.62811279296875,489.6665954589844
480.535888671875,49.594200134277344,295.1724853515625,490.4057922363281
485.3938903808594,45.48350143432617,286.8835144042969,494.5165100097656
492.9505920410156,47.1797981262207,297.42919921875,492.8201904296875
503.37030029296875,50.38639831542969,296.4525146484375,489.61358642578125
511.3028869628906,49.035301208496094,298.7856140136719,490.9646911621094
516.9193115234375,49.59320068359375,300.4961853027344,490.40679931640625
525.1267700195312,49.1343994140625,287.8214111328125,490.8656005859375
521.4968872070312,47.180198669433594,316.07611083984375,492.8197937011719
526.6572265625,51.23149871826172,299.44720458984375,488.76849365234375
535.2857055664062,50.391998291015625,301.335205078125,489.6080017089844
538.3447265625,49.687198638916016,307.91400146484375,490.31280517578125
536.7666015625,49.090301513671875,315.47509765625,490.6512145996094
543.6397094726562,44.670799255371094,307.6719970703125,495.3291931152344
542.236083984375,45.27180099487305,307.2575988769531,493.460205078125
533.34228515625,45.309600830078125,302.985107421875,494.6903991699219
533.5524291992188,47.593299865722656,291.5531005859375,492.4067077636719
529.7880249023438,48.837100982666016,292.3233947753906,491.16290283203125
538.2905883789062,49.07929992675781,280.01568603515625,490.9206848144531
541.30322265625,49.5458984375,281.48309326171875,490.4541015625
542.1976928710938,50.46440124511719,291.71728515625,489.5356140136719
554.9462280273438,48.6526985168457,297.672607421875,491.3472900390625
562.6173095703125,49.402400970458984,293.99578857421875,490.59759521484375
561.7606811523438,45.989898681640625,286.9349060058594,494.0101013183594
559.5396728515625,47.83399963378906,287.2940979003906,492.1659851074219
556.8184204101562,47.91960144042969,305.00738525390625,492.0804138183594
557.6693115234375,50.21950149536133,295.9201965332031,489.7804870605469
555.6887817382812,51.35490036010742,299.7655029296875,488.6451110839844
554.1467895507812,57.101200103759766,303.4215087890625,482.8988037109375
556.0670166015625,53.499900817871094,298.4812927246094,486.5000915527344
556.3978881835938,55.21549987792969,300.72259521484375,484.78448486328125
550.2673950195312,53.50239944458008,284.9587097167969,485.43951416015625
554.1843872070312,57.36479949951172,264.1023864746094,482.63519287109375
553.4534912109375,60.13169860839844,253.60789489746094,479.8682861328125
552.6859130859375,54.78129959106445,245.7528076171875,483.2633972167969
554.6461791992188,57.05860137939453,234.73570251464844,480.8699035644531
552.9273071289062,60.467498779296875,241.87530517578125,478.2835998535156
549.36962890625,59.96820068359375,250.24569702148438,477.356201171875
544.5883178710938,49.97719955444336,250.693603515625,489.4425964355469
545.706787109375,31.312299728393555,254.07879638671875,508.51458740234375
549.7103881835938,31.464500427246094,259.34161376953125,505.0238952636719
553.040283203125,57.31079864501953,280.9996032714844,479.15679931640625
558.9351806640625,54.182701110839844,291.3713073730469,485.8172912597656
562.6090087890625,49.496498107910156,312.4866943359375,490.5035095214844
553.2514038085938,52.28200149536133,335.1947021484375,487.7179870605469
558.1345825195312,52.86920166015625,254.73260498046875,487.13079833984375
567.5137939453125,51.3203010559082,249.55270385742188,488.6796875
567.6436767578125,50.97050094604492,285.8677062988281,489.0295104980469
567.9603881835938,43.77450180053711,278.4731140136719,496.2254943847656
568.4796752929688,47.942298889160156,279.0456848144531,490.6257019042969
568.3287963867188,44.93560028076172,253.38909912109375,494.6412048339844
578.3461303710938,49.58209991455078,262.8454895019531,489.1973876953125
570.1475219726562,48.95690155029297,283.46728515625,489.71881103515625
579.2717895507812,47.70840072631836,251.05690002441406,492.2915954589844
575.844970703125,51.64830017089844,302.04229736328125,488.3517150878906
573.5537719726562,50.43840026855469,309.331298828125,489.5616149902344
568.54248046875,50.785701751708984,306.872802734375,486.6069030761719
571.2922973632812,53.70050048828125,278.95361328125,485.4169006347656
569.6740112304688,54.17639923095703,268.72259521484375,485.8236083984375
567.47998046875,56.29629898071289,231.0222930908203,483.7037048339844
561.4711303710938,61.12630081176758,246.53500366210938,477.76031494140625
553.896728515625,56.932098388671875,258.356689453125,483.0679016113281
542.573486328125,55.161800384521484,269.26409912109375,482.7025146484375
529.66650390625,54.16310119628906,288.1982116699219,485.8369140625
514.599609375,55.66780090332031,293.69189453125,484.33221435546875
503.5082092285156,58.30160140991211,296.1271057128906,481.6983947753906
496.5299987792969,55.471500396728516,297.1723937988281,484.52850341796875
490.7583923339844,57.11360168457031,300.6601867675781,482.88641357421875
491.59271240234375,58.7958984375,292.3973083496094,481.2041015625
491.6339111328125,60.36320114135742,285.5006103515625,479.6368103027344
493.3309020996094,58.551300048828125,279.877197265625,481.4486999511719
480.15008544921875,58.827301025390625,296.5231018066406,481.1726989746094
475.7477111816406,55.23749923706055,306.8352966308594,484.76251220703125
471.0378112792969,57.445098876953125,317.7536926269531,482.5549011230469
462.73419189453125,57.48970031738281,336.6094970703125,481.0179138183594
483.1979064941406,57.65810012817383,315.9093933105469,482.3418884277344
472.0484924316406,58.90340042114258,332.08990478515625,479.7992858886719
481.21038818359375,58.474998474121094,322.7793884277344,481.5249938964844
469.49530029296875,56.976200103759766,337.3357849121094,483.0238037109375
471.53350830078125,58.10430145263672,335.0116882324219,476.85150146484375
440.5965881347656,57.62120056152344,354.2720947265625,481.4831848144531
446.0546875,56.992801666259766,336.1592102050781,483.0072021484375
454.2735900878906,60.34629821777344,315.9432067871094,479.6536865234375
420.1942138671875,59.77450180053711,346.0823059082031,479.4580078125
435.14080810546875,60.77399826049805,346.2261962890625,479.22601318359375
450.9317932128906,61.625301361083984,354.8724060058594,478.37469482421875
455.7033996582031,56.94279861450195,336.5653991699219,481.6654968261719
438.6523132324219,58.26020050048828,364.88690185546875,481.73980712890625
515.900390625,57.79349899291992,276.82989501953125,482.2065124511719
467.18548583984375,63.15719985961914,390.7388000488281,476.8428039550781
506.4566955566406,54.594398498535156,300.1866149902344,485.4056091308594
507.5504150390625,56.19369888305664,294.585205078125,483.8063049316406
537.598388671875,61.62419891357422,263.92919921875,478.3758850097656
564.9716796875,69.2345962524414,224.74989318847656,470.7654113769531
566.076171875,72.91089630126953,227.87879943847656,465.2139892578125
581.9617919921875,69.97440338134766,213.03790283203125,470.0256042480469
576.3690185546875,65.4218978881836,218.33050537109375,473.5711975097656
567.4276733398438,68.86620330810547,224.83560180664062,471.1337890625
560.225830078125,66.53479766845703,226.85110473632812,473.4652099609375
557.585693359375,71.67379760742188,221.38229370117188,467.7856140136719
555.8770751953125,71.96289825439453,214.77879333496094,468.037109375
554.4490966796875,66.53990173339844,209.6446075439453,473.4601135253906
550.5427856445312,69.22229766845703,203.82589721679688,470.777587890625
545.6685180664062,67.81169891357422,204.92210388183594,472.18829345703125
532.9594116210938,76.48249816894531,211.62860107421875,463.5174865722656
533.3375244140625,67.62129974365234,201.84129333496094,472.3786926269531
518.6500854492188,68.85929870605469,207.7021942138672,471.14068603515625
521.5499267578125,73.6968002319336,196.8278045654297,466.3031921386719
518.1201782226562,74.41519927978516,193.85110473632812,465.2554931640625
514.03662109375,71.95010375976562,191.439697265625,466.0472106933594
505.86138916015625,75.17330169677734,203.1721954345703,464.8266906738281
494.8595886230469,71.83190155029297,214.5670928955078,468.1680908203125
492.8882141113281,72.78739929199219,214.2530059814453,467.1304931640625
477.91778564453125,73.6886978149414,227.9272003173828,466.3111877441406
489.7533874511719,71.62010192871094,208.29420471191406,468.3799133300781
483.1123046875,73.97100067138672,206.68699645996094,466.02899169921875
481.37689208984375,74.65350341796875,202.51629638671875,465.34649658203125
476.7558898925781,77.82550048828125,203.91319274902344,462.0180969238281
471.1507873535156,76.30280303955078,207.46060180664062,463.69720458984375
466.272705078125,77.45159912109375,208.16700744628906,462.54840087890625
466.2721862792969,76.27529907226562,205.24789428710938,463.7247009277344
461.2384033203125,76.17289733886719,207.90699768066406,463.82708740234375
457.8086853027344,76.21939849853516,209.0395965576172,463.7806091308594
453.5470886230469,75.41210174560547,214.49339294433594,464.587890625
449.0107116699219,78.02400207519531,222.79299926757812,461.97601318359375
462.5559997558594,76.26629638671875,203.0684051513672,463.7336120605469
426.7134094238281,72.71309661865234,242.70509338378906,467.2868957519531
407.0054016113281,75.6489028930664,260.5205078125,464.3511047363281
432.2637023925781,70.75589752197266,238.07510375976562,469.2441101074219
390.0201110839844,73.59239959716797,280.36981201171875,466.4075927734375
380.4447937011719,81.02400207519531,284.37359619140625,458.97601318359375
384.4277038574219,75.44550323486328,284.2701110839844,463.40521240234375
378.31671142578125,73.72119903564453,292.4591979980469,466.27880859375
399.4794921875,76.5,274.43231201171875,463.5
401.4848937988281,73.60590362548828,266.92230224609375,466.39410400390625
398.6051940917969,72.61160278320312,274.7467041015625,467.3883972167969
405.7528076171875,82.36070251464844,281.20989990234375,457.6393127441406
414.1783142089844,73.68499755859375,275.3785095214844,466.31500244140625
425.4661865234375,81.75599670410156,267.4508056640625,458.2439880371094
436.4385070800781,80.2761001586914,261.6642150878906,459.7239074707031
436.3669128417969,74.06909942626953,265.1859130859375,465.9307861328125
447.3948059082031,84.92960357666016,258.94189453125,455.0704040527344
463.9278869628906,77.7957992553711,241.58160400390625,462.2041931152344
488.6709899902344,82.39299774169922,218.86740112304688,457.60699462890625
494.9923095703125,70.81430053710938,212.4351043701172,467.08880615234375
505.9454040527344,74.88729858398438,204.97390747070312,465.1127014160156
513.3560180664062,73.41529846191406,199.46530151367188,466.5846862792969
509.9913024902344,74.72740173339844,206.30599975585938,465.2726135253906
497.568115234375,74.17639923095703,222.73060607910156,464.9974060058594
492.689697265625,82.5802001953125,236.30499267578125,455.2276916503906
505.77081298828125,79.95010375976562,229.36419677734375,460.0498962402344
507.7532958984375,76.6968994140625,231.26870727539062,462.5409851074219
512.6522827148438,81.67379760742188,233.01809692382812,458.3262023925781
528.971923828125,78.3958969116211,224.03770446777344,461.4111022949219
536.798583984375,75.2698974609375,221.4145050048828,464.7301025390625
546.5587158203125,71.10320281982422,221.66259765625,466.8901062011719
546.7028198242188,75.0905990600586,230.54580688476562,464.9093933105469
547.2656860351562,66.9999008178711,240.2209930419922,471.9866943359375
548.739013671875,72.82779693603516,251.62570190429688,464.6355895996094
560.8043212890625,71.11609649658203,237.27960205078125,467.35589599609375
567.6506958007812,66.53060150146484,308.10308837890625,470.8830871582031
572.8748779296875,58.24169921875,232.70419311523438,481.75830078125
576.4932861328125,70.7322998046875,301.12188720703125,468.9397888183594
578.1452026367188,61.37480163574219,244.30670166015625,478.6252136230469
589.0797119140625,62.44770050048828,220.62860107421875,477.55230712890625
588.1801147460938,69.08999633789062,306.39990234375,470.909912109375
574.4425048828125,61.17300033569336,257.6181945800781,478.8269958496094
541.98291015625,69.93160247802734,277.5819091796875,470.0683898925781
582.780029296875,67.5824966430664,274.2412109375,461.7746887207031
440.61639404296875,98.84760284423828,386.97259521484375,437.2135925292969
597.6906127929688,56.79330062866211,263.5528869628906,480.6333923339844
594.5405883789062,77.73159790039062,258.4088134765625,462.2684020996094
587.9235229492188,79.32620239257812,217.20620727539062,460.6737976074219
332.2398986816406,341.8753967285156,173.56480407714844,196.50999450683594
325.543701171875,348.8334045410156,189.67320251464844,187.852294921875
365.4032897949219,321.1282043457031,140.18699645996094,215.9781951904297
386.0635070800781,325.2666931152344,142.3090057373047,209.5657958984375
399.20831298828125,323.09228515625,167.79190063476562,214.1667022705078
402.7030944824219,328.0127868652344,187.6427001953125,208.48179626464844
440.5072937011719,233.22140502929688,268.3595886230469,292.86138916015625
544.19140625,72.36479949951172,274.3019104003906,463.9778137207031
563.4561767578125,72.58799743652344,241.56680297851562,467.4119873046875
549.9390869140625,71.84259796142578,256.6498107910156,468.15740966796875
511.7117919921875,69.59739685058594,294.2875061035156,470.402587890625
580.03271484375,66.26069641113281,250.01609802246094,473.7392883300781
564.8563232421875,63.570499420166016,241.59429931640625,476.42950439453125
570.4625854492188,61.999000549316406,235.13589477539062,476.87811279296875
578.2562255859375,63.5458984375,230.5762939453125,476.4541015625
578.0626831054688,64.3510971069336,228.56149291992188,474.44769287109375
578.7899780273438,64.73580169677734,234.01780700683594,472.9883117675781
578.169921875,63.66469955444336,245.7263946533203,476.3352966308594
588.2235717773438,65.18280029296875,226.51539611816406,474.81719970703125
619.6301879882812,62.14630126953125,207.197998046875,477.5685119628906
593.0087280273438,61.022701263427734,251.48460388183594,475.4742126464844
605.8261108398438,58.129398345947266,250.89300537109375,481.87060546875
598.4412841796875,60.134700775146484,273.75750732421875,479.86529541015625
592.372314453125,60.66859817504883,296.43328857421875,479.3313903808594
590.8292846679688,56.300201416015625,290.9211120605469,483.6997985839844
578.74072265625,57.423500061035156,276.8241882324219,482.5765075683594
559.3582153320312,55.90909957885742,278.31170654296875,484.0909118652344
552.1953125,53.89509963989258,259.95489501953125,486.1048889160156
560.9783935546875,54.827598571777344,241.55380249023438,482.7438049316406
571.8433227539062,55.2422981262207,225.75709533691406,482.085693359375
604.2863159179688,63.523799896240234,195.4857940673828,473.62139892578125
582.4619750976562,66.10990142822266,217.593994140625,473.8901062011719
616.8995971679688,62.429100036621094,181.2563018798828,474.0172119140625
596.0269165039062,67.0999984741211,212.59210205078125,472.8999938964844
610.2225952148438,61.936798095703125,196.4217071533203,478.0632019042969
604.2246704101562,65.60299682617188,201.4521026611328,471.431884765625
600.76123046875,63.926300048828125,204.72869873046875,471.9375
586.9227294921875,60.61899948120117,216.97970581054688,475.89739990234375
598.7479858398438,59.0171012878418,207.19580078125,480.9176025390625
591.5604858398438,58.64759826660156,210.8571014404297,480.22979736328125
588.146728515625,58.467498779296875,215.49420166015625,479.0130920410156
586.593017578125,58.551300048828125,216.49929809570312,480.45379638671875
594.9091796875,59.21910095214844,211.72959899902344,480.7809143066406
595.7783203125,58.32429885864258,214.60020446777344,480.176513671875
579.117919921875,59.39590072631836,221.68760681152344,477.8169860839844
582.18798828125,63.84809875488281,224.17489624023438,473.6960144042969
582.3629150390625,56.50550079345703,221.69700622558594,481.94970703125
559.5792236328125,63.436500549316406,243.5511016845703,473.652099609375
559.8809814453125,61.430999755859375,251.18370056152344,475.6495056152344
552.9694213867188,53.039100646972656,253.70419311523438,486.9609069824219
549.48291015625,58.688899993896484,255.839599609375,481.3111877441406
550.268310546875,56.269500732421875,254.96710205078125,482.9298095703125
547.6500244140625,55.26070022583008,259.8500061035156,484.68560791015625
550.086669921875,58.24700164794922,255.49200439453125,481.75311279296875
548.2239990234375,53.545101165771484,259.0726013183594,485.9945068359375
547.9558715820312,54.461299896240234,254.95840454101562,484.5415954589844
565.5260009765625,58.051300048828125,246.3011932373047,481.9486999511719
550.319091796875,56.02389907836914,256.0119934082031,483.4894104003906
545.2208862304688,56.110801696777344,266.8793029785156,481.1387023925781
525.7916259765625,56.00640106201172,280.5798034667969,483.99371337890625
508.3937072753906,61.04970169067383,306.2109069824219,478.9502868652344
503.8638916015625,58.16400146484375,315.41119384765625,481.83599853515625
518.7802124023438,64.46710205078125,299.44268798828125,475.53289794921875
490.4338073730469,60.4744987487793,323.5483093261719,479.5255126953125
551.6724243164062,66.8760986328125,279.9637145996094,473.1239013671875
607.4677124023438,62.65890121459961,226.45010375976562,476.96661376953125
590.8748168945312,79.15570068359375,239.30859375,460.84429931640625
464.20721435546875,61.489601135253906,364.38140869140625,478.5104064941406
541.9833984375,47.64820098876953,282.0804138183594,492.351806640625
585.8923950195312,70.69159698486328,238.94900512695312,469.30841064453125
608.7053833007812,79.20850372314453,211.86920166015625,460.49261474609375
597.6998291015625,76.50879669189453,222.26820373535156,463.4910888671875
611.5004272460938,71.45359802246094,201.302001953125,468.54638671875
591.5819702148438,34.38050079345703,224.7196044921875,505.6195068359375
645.8419799804688,93.99649810791016,169.4967041015625,446.0035095214844
640.9912719726562,101.73880004882812,174.6970977783203,435.2839050292969
632.1063842773438,94.34449768066406,183.85409545898438,445.6554870605469
577.528076171875,70.33550262451172,238.62109375,464.35870361328125
611.0062866210938,77.82389831542969,197.42709350585938,461.7760009765625
549.07177734375,21.002599716186523,261.4147033691406,518.9072265625
548.8255004882812,15.895299911499023,253.74960327148438,520.1865234375
567.6024780273438,12.29319953918457,227.83169555664062,523.669921875
242.91990661621094,39.857601165771484,589.5076904296875,473.98260498046875
590.00927734375,23.059799194335938,216.9958953857422,516.6104736328125
142.27609252929688,17.389999389648438,757.0465698242188,508.5954895019531
581.0994873046875,0.0,222.10549926757812,540.0
247.87069702148438,127.03079986572266,189.63229370117188,412.9690856933594
244.3730926513672,126.62860107421875,202.2133026123047,413.37139892578125
243.7458038330078,125.92549896240234,203.85609436035156,414.0744934082031
243.1999969482422,125.03250122070312,206.8074951171875,414.9674987792969
240.62669372558594,113.61270141601562,225.4864959716797,422.9292907714844
243.91400146484375,124.1093978881836,215.6811065673828,413.3251037597656
241.2888946533203,126.63960266113281,204.56930541992188,413.36041259765625
241.03599548339844,126.09230041503906,203.84719848632812,413.90771484375
240.0717010498047,121.19960021972656,204.65879821777344,418.8004150390625
239.51370239257812,123.69650268554688,207.37969970703125,416.3034973144531
238.3076934814453,124.05899810791016,197.9990997314453,415.3262939453125
232.9290008544922,115.5271987915039,200.52960205078125,424.4728088378906
230.06300354003906,109.24410247802734,212.42779541015625,430.7558898925781
226.64930725097656,118.27179718017578,202.9864959716797,421.72821044921875
601.409912109375,56.34370040893555,180.40589904785156,483.65631103515625
576.6378173828125,66.24189758300781,213.91879272460938,473.53619384765625
485.65350341796875,70.40409851074219,321.6581115722656,467.43109130859375
606.6436157226562,49.08190155029297,192.8574981689453,490.9180908203125
591.652099609375,61.0640983581543,204.5355987548828,477.4482116699219
584.3883056640625,62.17649841308594,225.4362030029297,474.7323913574219
608.3427734375,60.754398345947266,196.20469665527344,478.2744140625
620.4876708984375,62.26020050048828,185.57350158691406,477.73980712890625
612.401123046875,65.52899932861328,196.66110229492188,474.47100830078125
427.4901123046875,89.96070098876953,399.7561950683594,440.3460998535156
594.0822143554688,55.16379928588867,227.20260620117188,478.4986877441406
608.2783813476562,60.230499267578125,218.0153045654297,478.8465881347656
603.0452880859375,64.37870025634766,219.1519012451172,473.1335144042969
612.6627807617188,62.99300003051758,211.9467010498047,473.1271057128906
616.8496704101562,63.93159866333008,206.44960021972656,471.3465881347656
604.5761108398438,64.01940155029297,219.09750366210938,472.47491455078125
606.888916015625,60.491600036621094,227.9582977294922,475.38519287109375
383.0976867675781,79.3958969116211,461.1265869140625,452.2867126464844
602.5059204101562,64.03279876708984,254.93040466308594,475.1578063964844
631.155029296875,63.548099517822266,219.62510681152344,476.451904296875
639.5208740234375,64.4968032836914,205.39869689941406,473.6285095214844
642.5369873046875,64.2490005493164,207.46519470214844,475.7510070800781
637.3621826171875,63.954200744628906,211.9595947265625,472.44171142578125
645.7998046875,64.0697021484375,206.86740112304688,474.14300537109375
337.2853088378906,118.74720001220703,197.50100708007812,421.2528076171875
347.974609375,125.94080352783203,180.09559631347656,414.0592041015625
341.69610595703125,128.00790405273438,187.91510009765625,411.9920959472656
350.2276916503906,129.41119384765625,179.08380126953125,410.58880615234375
344.56451416015625,131.13189697265625,188.85830688476562,408.8572082519531
341.47601318359375,134.51449584960938,192.20140075683594,405.48541259765625
344.6741027832031,135.25469970703125,187.93170166015625,404.74530029296875
334.5799865722656,131.48330688476562,201.90809631347656,408.30108642578125
343.664794921875,133.90589904785156,182.05059814453125,406.0940856933594
333.32598876953125,130.78419494628906,203.12950134277344,409.2157897949219
347.66729736328125,129.30079650878906,183.61459350585938,410.6991882324219
339.7261962890625,131.6959991455078,198.7559051513672,408.3039855957031
348.69549560546875,131.07470703125,186.16700744628906,408.92529296875
350.2117004394531,130.12860107421875,190.33680725097656,409.87139892578125
357.5869140625,136.48789978027344,176.7073974609375,403.5120849609375
356.78741455078125,130.38760375976562,198.60040283203125,409.6123962402344
365.4089050292969,128.54949951171875,185.20950317382812,411.45050048828125
372.53350830078125,137.28109741210938,177.43099975585938,402.7189025878906
383.002685546875,133.97329711914062,171.9062042236328,406.0267028808594
392.8826904296875,137.0290985107422,169.81759643554688,402.97088623046875
401.2491149902344,133.18409729003906,166.7281036376953,405.29730224609375
403.7513122558594,130.64300537109375,169.20860290527344,407.7755126953125
417.8042907714844,127.38909912109375,172.44000244140625,410.9682922363281
422.7984924316406,142.57110595703125,165.1118927001953,396.1799011230469
424.55230712890625,136.93170166015625,167.82200622558594,397.88970947265625
432.1506042480469,141.4300994873047,147.8258056640625,395.53570556640625
435.95330810546875,142.90269470214844,149.2969970703125,395.3367004394531
443.8472900390625,117.53299713134766,158.33419799804688,422.4670104980469
438.3606872558594,120.00150299072266,156.11239624023438,419.9985046386719
448.6922912597656,123.37560272216797,145.06069946289062,412.1429138183594
463.3417053222656,105.22850036621094,160.0102996826172,430.8512878417969
557.1389770507812,63.9650993347168,250.26589965820312,476.034912109375
508.2408142089844,60.94169998168945,293.0293884277344,477.0893859863281
550.5421142578125,55.955101013183594,251.25689697265625,484.0448913574219
512.073974609375,57.87929916381836,283.74688720703125,479.54449462890625
549.27099609375,52.17649841308594,246.19479370117188,487.823486328125
467.1950988769531,65.06580352783203,311.97088623046875,470.8517150878906
530.6248779296875,56.45349884033203,269.2242126464844,483.5465087890625
497.0166015625,54.66659927368164,303.15411376953125,481.7854919433594
510.6510009765625,48.422401428222656,302.34149169921875,491.5776062011719
504.6296081542969,48.18239974975586,309.3370056152344,491.8175964355469
499.4283142089844,45.778099060058594,337.40789794921875,494.2218933105469
506.64581298828125,44.93299865722656,342.4516906738281,495.0669860839844
507.93341064453125,43.174198150634766,343.1234130859375,496.8258056640625
503.51031494140625,39.28960037231445,345.2276916503906,500.71038818359375
503.8673095703125,37.22570037841797,328.19891357421875,502.7744140625
502.40069580078125,45.81370162963867,321.1731872558594,494.1863098144531
498.2782897949219,44.84830093383789,290.80120849609375,495.1517028808594
494.88531494140625,50.334598541259766,236.2310028076172,489.1982116699219
491.9576110839844,54.481300354003906,213.2418975830078,485.3140869140625
489.1274108886719,56.027000427246094,182.7812957763672,479.6322021484375
484.31561279296875,56.87900161743164,169.2574005126953,482.1138000488281
477.1265869140625,63.42599868774414,164.75770568847656,473.743896484375
462.5661926269531,67.22810363769531,160.18460083007812,470.256591796875
451.0740966796875,65.16619873046875,166.79510498046875,469.5827941894531
435.0379943847656,66.82019805908203,186.02040100097656,470.48809814453125
422.8086853027344,67.47969818115234,206.5341033935547,472.5202941894531
413.7998046875,66.75180053710938,194.27479553222656,471.340087890625
396.7951965332031,69.3279037475586,227.72479248046875,470.6720886230469
378.1463928222656,67.77279663085938,242.73240661621094,471.4400939941406
370.4288024902344,69.86430358886719,232.24859619140625,469.2466125488281
374.1542053222656,66.6980972290039,230.5113983154297,473.3019104003906
361.0804138183594,70.04669952392578,217.9591064453125,469.95330810546875
363.6156921386719,68.68240356445312,209.20449829101562,471.3175964355469
358.3493957519531,70.90029907226562,213.20260620117188,469.0997009277344
353.9739074707031,71.7146987915039,210.8092041015625,466.45001220703125
343.4411926269531,70.45670318603516,210.33700561523438,469.5433044433594
340.364013671875,69.37999725341797,211.397705078125,470.6199951171875
339.0643005371094,70.96610260009766,212.1800994873047,468.5885009765625
335.3280944824219,70.46399688720703,215.3426971435547,468.7987976074219
333.60931396484375,73.03070068359375,216.32440185546875,462.6151123046875
332.03680419921875,76.25039672851562,218.3529052734375,463.7496032714844
332.1597900390625,74.36609649658203,228.90870666503906,465.6339111328125
339.2326965332031,79.93669891357422,224.5460968017578,460.06329345703125
346.6250915527344,79.91850280761719,219.66490173339844,460.0815124511719
351.1617126464844,82.29419708251953,222.6533966064453,457.4547119140625
358.9934997558594,84.216796875,214.5576934814453,455.783203125
361.0169982910156,87.33869934082031,207.9716033935547,452.6612854003906
369.9338073730469,94.15399932861328,195.97120666503906,445.84600830078125
377.16839599609375,99.19170379638672,194.3394012451172,440.80828857421875
382.30841064453125,98.57830047607422,185.2490997314453,441.42169189453125
383.8537902832031,94.36509704589844,186.7017059326172,445.6348876953125
387.3785095214844,94.73799896240234,181.81210327148438,445.2619934082031
392.1759033203125,98.76930236816406,182.96099853515625,441.230712890625
393.97900390625,99.60579681396484,178.0792999267578,438.06768798828125
394.723388671875,98.51519775390625,180.5406951904297,441.44940185546875
398.35260009765625,103.42990112304688,176.43699645996094,436.5700988769531
403.8059997558594,100.67060089111328,171.8531036376953,439.32940673828125
400.4215087890625,100.80580139160156,175.4521026611328,439.1942138671875
404.5555114746094,104.60369873046875,172.51170349121094,435.39630126953125
402.4150085449219,106.62200164794922,173.8970947265625,432.36041259765625
400.11920166015625,113.4292984008789,170.32659912109375,425.2439880371094
394.1523132324219,116.5989990234375,181.80819702148438,421.6249084472656
393.42950439453125,122.9032974243164,179.95309448242188,416.5775146484375
402.8385925292969,116.16510009765625,172.19720458984375,423.83489990234375
402.052490234375,114.5073013305664,168.54710388183594,425.4927062988281
400.7456970214844,118.3196029663086,177.50970458984375,421.30828857421875
402.2777099609375,120.48470306396484,170.1029052734375,419.46148681640625
405.19171142578125,117.13369750976562,175.83859252929688,422.8663024902344
408.9693908691406,125.21070098876953,165.10940551757812,413.1098937988281
417.61859130859375,121.90699768066406,154.58169555664062,418.0929870605469
423.94488525390625,122.67130279541016,151.83419799804688,417.3287048339844
426.4974060058594,120.34149932861328,152.32110595703125,418.0683898925781
434.21771240234375,127.65679931640625,143.6240997314453,412.34320068359375
438.31640625,128.99659729003906,138.6699981689453,408.3905029296875
444.35931396484375,131.2863006591797,136.4654998779297,408.7137145996094
450.67291259765625,124.48190307617188,134.28770446777344,412.5733947753906
456.48651123046875,125.98539733886719,132.51620483398438,411.7424011230469
457.9433898925781,125.89749908447266,136.0373992919922,411.76220703125
458.3866882324219,128.7091064453125,139.15870666503906,401.8046875
459.9648132324219,128.67779541015625,140.5612030029297,391.5710144042969
462.0871887207031,127.54350280761719,137.13150024414062,387.9421081542969
466.30511474609375,132.5937042236328,133.77760314941406,375.9837951660156
467.6626892089844,134.47779846191406,135.2519989013672,376.289306640625
471.2240905761719,132.93209838867188,131.7187957763672,381.37799072265625
470.1886901855469,135.0811004638672,133.0070037841797,379.45880126953125
471.7034912109375,139.70150756835938,135.4635009765625,376.6272888183594
466.6466064453125,140.2541046142578,141.64520263671875,375.7554931640625
476.31109619140625,142.9362030029297,131.9506072998047,370.87078857421875
477.1622009277344,141.39340209960938,132.25559997558594,365.3887023925781
471.8160095214844,141.2855987548828,138.44830322265625,359.12451171875
481.6315002441406,137.74569702148438,130.05599975585938,363.9587097167969
484.2225036621094,140.0290985107422,130.1011962890625,352.902099609375
491.6846008300781,136.8184051513672,121.76920318603516,346.4804992675781
493.7085876464844,138.1569061279297,125.31449890136719,342.5473937988281
