1
328.6416931152344,11.764300346374512,179.73890686035156,345.5096130371094
326.33990478515625,8.240799903869629,182.2064971923828,346.40899658203125
325.08709716796875,8.96780014038086,181.57510375976562,346.2439880371094
323.1976013183594,7.763999938964844,177.93519592285156,346.1794128417969
319.8208923339844,7.14169979095459,166.98370361328125,348.8254089355469
316.3684997558594,8.831700325012207,172.12489318847656,346.60528564453125
314.8193054199219,7.880000114440918,173.0312042236328,351.01080322265625
315.3794860839844,12.069999694824219,163.4763946533203,343.54168701171875
313.6203918457031,11.225000381469727,163.99169921875,344.6520080566406
312.0971984863281,12.638400077819824,158.36489868164062,342.33331298828125
311.00311279296875,11.614399909973145,155.4477996826172,345.5806884765625
305.8559875488281,12.434900283813477,158.55709838867188,345.8584899902344
309.6011962890625,12.227800369262695,153.19619750976562,346.40618896484375
306.52099609375,13.809000015258789,155.21359252929688,344.1011962890625
304.8818054199219,13.559300422668457,156.3636016845703,345.8118896484375
302.48541259765625,11.154399871826172,159.09959411621094,346.8931884765625
306.3695068359375,9.891500473022461,154.2550048828125,347.147705078125
307.6471862792969,13.139399528503418,154.79600524902344,346.1903991699219
310.7264099121094,12.597399711608887,146.80130004882812,347.402587890625
314.8962097167969,12.315899848937988,143.6425018310547,344.40411376953125
319.9385070800781,10.25790023803711,136.04449462890625,344.91778564453125
324.6393127441406,14.810199737548828,131.55859375,345.1897888183594
328.41351318359375,15.804100036621094,128.4593963623047,339.9137878417969
324.9909973144531,14.055000305175781,134.20350646972656,345.9208068847656
329.77789306640625,17.493900299072266,131.3321075439453,340.0212097167969
326.8828125,16.815000534057617,137.75750732421875,338.04229736328125
330.6083068847656,16.470399856567383,140.37730407714844,341.9197082519531
340.09539794921875,19.23979949951172,133.45460510253906,337.7648010253906
336.82659912109375,21.361299514770508,138.30079650878906,335.71978759765625
337.5184020996094,23.07939910888672,144.48069763183594,332.0472106933594
340.8858947753906,23.25279998779297,144.42349243164062,332.01031494140625
349.5653991699219,26.37529945373535,140.6956024169922,330.73040771484375
350.50048828125,29.304399490356445,145.3632049560547,328.6546936035156
354.522705078125,27.7096004486084,146.25540161132812,328.78271484375
355.14080810546875,28.891199111938477,147.67840576171875,328.74810791015625
359.3890075683594,28.346500396728516,145.84140014648438,327.2828063964844
360.2640075683594,30.43910026550293,147.0395965576172,326.7738952636719
356.289794921875,31.557100296020508,150.8249969482422,323.83270263671875
359.10198974609375,27.77090072631836,149.63450622558594,328.9241943359375
358.7358093261719,28.459800720214844,151.27999877929688,328.3617858886719
358.918212890625,25.62969970703125,151.9178009033203,333.3710021972656
362.0801086425781,29.481800079345703,149.31869506835938,326.0008850097656
365.38360595703125,30.81049919128418,143.23550415039062,324.4175109863281
365.181396484375,30.47480010986328,143.7003936767578,325.16339111328125
366.6588134765625,30.4468994140625,142.8986053466797,326.7018127441406
368.0614013671875,32.647499084472656,140.12429809570312,324.6664123535156
371.9591979980469,34.75419998168945,134.4759979248047,322.4914855957031
374.3870849609375,38.8494987487793,131.61329650878906,318.0513000488281
376.8208923339844,39.894100189208984,128.67379760742188,315.8478088378906
377.5216064453125,45.12969970703125,125.98699951171875,314.0190124511719
376.8299865722656,45.33290100097656,123.69439697265625,309.9866027832031
377.9538879394531,47.93899917602539,120.2822036743164,308.95928955078125
374.9872131347656,46.19129943847656,123.06300354003906,311.1200866699219
377.3959045410156,45.8468017578125,119.83760070800781,310.7085876464844
377.2538146972656,46.820499420166016,119.7864990234375,311.27801513671875
370.6899108886719,43.9296989440918,127.60700225830078,311.4576110839844
375.5740966796875,45.85309982299805,121.57869720458984,312.6900939941406
374.16680908203125,46.542999267578125,122.77230072021484,309.9068908691406
376.72930908203125,45.127498626708984,121.26319885253906,310.8839111328125
377.756103515625,45.49079895019531,119.75399780273438,311.1199951171875
377.7995910644531,45.64680099487305,119.19049835205078,312.6376037597656
378.4403076171875,48.22359848022461,116.25789642333984,310.8262023925781
380.99530029296875,47.59149932861328,115.04720306396484,310.8163146972656
378.7341003417969,46.77470016479492,116.94390106201172,308.9818115234375
382.0810852050781,49.84769821166992,111.42749786376953,305.6712951660156
383.44830322265625,51.08140182495117,110.2041015625,305.2085876464844
385.019287109375,52.9906005859375,106.33619689941406,303.0484924316406
386.0002136230469,54.2869987487793,103.33370208740234,302.464599609375
384.1664123535156,56.43980026245117,105.81729888916016,300.364013671875
386.01971435546875,57.98149871826172,104.9677963256836,298.794189453125
386.53021240234375,58.65869903564453,100.35379791259766,299.2333068847656
385.9053955078125,57.93080139160156,102.09940338134766,301.3471984863281
385.4729919433594,59.65060043334961,101.96029663085938,297.01031494140625
384.8620910644531,57.53099822998047,103.97599792480469,299.72479248046875
384.3393859863281,58.27579879760742,103.83070373535156,297.6427917480469
385.44268798828125,58.40999984741211,100.51609802246094,295.7041015625
384.2247009277344,58.19810104370117,103.6875,294.9483947753906
383.17138671875,56.45909881591797,107.71700286865234,293.7379150390625
384.627197265625,59.591800689697266,105.77069854736328,288.5780944824219
383.0965881347656,59.42219924926758,108.41429901123047,284.45318603515625
382.37939453125,59.30459976196289,108.93479919433594,284.75250244140625
381.0069885253906,59.53200149536133,112.38500213623047,286.3218078613281
378.0993957519531,60.51850128173828,116.81929779052734,282.07501220703125
376.80340576171875,61.56290054321289,118.98889923095703,283.3175048828125
376.1084899902344,61.33440017700195,114.55509948730469,280.5784912109375
372.873291015625,60.53559875488281,111.95169830322266,287.3233947753906
371.39801025390625,58.082298278808594,110.2582015991211,287.4955139160156
369.9743957519531,59.47019958496094,113.341796875,287.6795959472656
367.4142150878906,58.8739013671875,108.44259643554688,284.3194885253906
366.4942932128906,62.099098205566406,106.4458999633789,277.0806884765625
366.7461853027344,62.789100646972656,103.5176010131836,277.6708068847656
365.2381896972656,62.9010009765625,102.56089782714844,279.1307067871094
362.9224853515625,63.61389923095703,101.16709899902344,276.77459716796875
366.2327880859375,63.29249954223633,94.41380310058594,274.08099365234375
363.4790954589844,64.552001953125,95.13410186767578,271.61639404296875
358.789794921875,62.829200744628906,97.4000015258789,271.4254150390625
362.4491882324219,62.21979904174805,95.60639953613281,272.7557067871094
362.81658935546875,62.812198638916016,94.22730255126953,271.9851989746094
366.2030944824219,63.77130126953125,86.1498031616211,268.1426086425781
366.5242919921875,61.3297004699707,86.44529724121094,266.7290954589844
365.65948486328125,60.63639831542969,87.40699768066406,264.82611083984375
366.9236145019531,57.87919998168945,85.30229949951172,265.9814147949219
367.7145080566406,64.3396987915039,86.53849792480469,258.5632019042969
375.5065002441406,63.879398345947266,75.1604995727539,249.80760192871094
373.3128967285156,65.22219848632812,71.89900207519531,233.30859375
373.11199951171875,60.233699798583984,80.2417984008789,245.01690673828125
382.3362121582031,63.13560104370117,65.75060272216797,176.4604034423828
334.4808044433594,57.32789993286133,101.83619689941406,179.52000427246094
365.8533935546875,57.20349884033203,88.22460174560547,193.70919799804688
319.1976013183594,46.07270050048828,138.87669372558594,230.69729614257812
318.0362854003906,48.162200927734375,116.64240264892578,247.2783966064453
321.7578125,49.47779846191406,133.21749877929688,246.86599731445312
299.3033142089844,50.00809860229492,149.90530395507812,304.9410095214844
272.9849853515625,49.11000061035156,174.8112030029297,306.8623962402344
317.1127014160156,46.645999908447266,132.16409301757812,308.480712890625
292.85150146484375,50.08729934692383,158.24099731445312,305.07330322265625
320.8493957519531,50.177101135253906,133.71780395507812,302.54681396484375
312.1005859375,51.841400146484375,150.4853057861328,306.0386962890625
316.323486328125,49.04669952392578,158.60519409179688,304.0365905761719
324.80450439453125,49.11940002441406,168.63780212402344,305.4656066894531
323.6341857910156,44.01449966430664,166.18519592285156,314.69970703125
325.9190979003906,44.55939865112305,172.62420654296875,313.1376037597656
329.264892578125,45.73649978637695,174.87489318847656,312.0398864746094
334.0487060546875,45.45819854736328,160.54100036621094,313.4682922363281
326.7438049316406,46.87900161743164,182.07260131835938,311.0393981933594
329.910888671875,43.92369842529297,176.702392578125,311.06549072265625
334.318115234375,43.222198486328125,174.52279663085938,315.02410888671875
334.25738525390625,44.85660171508789,174.5780029296875,315.1434020996094
338.6213073730469,44.65679931640625,172.74209594726562,314.9602966308594
335.7337951660156,47.117801666259766,174.4591064453125,312.8822021484375
338.3851013183594,42.0281982421875,175.06239318847656,317.9718017578125
345.3463134765625,44.393798828125,165.95150756835938,315.606201171875
354.83441162109375,43.88710021972656,161.3386993408203,314.70831298828125
355.74481201171875,44.64179992675781,160.00369262695312,313.4299011230469
364.4114990234375,43.540199279785156,153.75039672851562,316.1033935546875
369.3171081542969,43.31129837036133,145.7469940185547,313.7952880859375
374.0979919433594,44.82320022583008,143.668701171875,315.1767883300781
379.19720458984375,49.36970138549805,140.7852020263672,309.8487854003906
379.93218994140625,51.30690002441406,138.65379333496094,308.693115234375
389.33319091796875,52.195899963378906,136.41729736328125,304.1441955566406
387.15838623046875,53.83879852294922,120.09320068359375,303.8103942871094
384.2492980957031,50.80690002441406,143.2783966064453,306.7047119140625
390.6626892089844,57.99489974975586,142.80419921875,297.8591003417969
387.0660095214844,58.88840103149414,112.82550048828125,278.7059020996094
393.0956115722656,60.443599700927734,84.6063003540039,236.35060119628906
391.83489990234375,60.641700744628906,83.30159759521484,247.18519592285156
391.06060791015625,62.549598693847656,77.57489776611328,243.53880310058594
386.5849914550781,65.22699737548828,79.81449890136719,243.2230987548828
382.9924011230469,64.2656021118164,84.22370147705078,243.3721923828125
374.2265930175781,64.78099822998047,94.34510040283203,242.95030212402344
374.0362854003906,63.043701171875,95.51820373535156,245.85760498046875
373.7998046875,64.73139953613281,98.10569763183594,244.21310424804688
363.2301025390625,65.32769775390625,110.46530151367188,245.2447052001953
364.2217102050781,67.74620056152344,106.77749633789062,242.6925048828125
361.60888671875,66.06279754638672,110.86109924316406,244.56199645996094
359.5133972167969,68.13179779052734,111.65339660644531,241.256103515625
357.1532897949219,70.26679992675781,110.5719985961914,241.9322052001953
354.3345031738281,69.8010025024414,105.22380065917969,245.76429748535156
354.0920104980469,72.61499786376953,107.45099639892578,243.3957061767578
351.78240966796875,71.08830261230469,104.21749877929688,245.53289794921875
347.3190002441406,73.26619720458984,104.4198989868164,249.4241943359375
350.4248046875,74.5364990234375,95.82649993896484,251.8175048828125
350.0498046875,72.51609802246094,93.18949890136719,252.2834930419922
348.58538818359375,71.25520324707031,90.51619720458984,250.7449951171875
347.3489074707031,69.92379760742188,91.03450012207031,252.09559631347656
346.89788818359375,68.57679748535156,89.97229766845703,256.7721862792969
346.3788146972656,68.31829833984375,88.17230224609375,254.13609313964844
343.6849060058594,67.15180206298828,88.6708984375,254.59320068359375
339.3070983886719,64.98590087890625,90.64420318603516,259.784912109375
333.819091796875,61.8401985168457,95.5468978881836,262.4234924316406
331.9588928222656,62.061100006103516,93.88480377197266,268.1473083496094
324.5194091796875,58.62110137939453,102.76439666748047,263.74169921875
320.78228759765625,60.825801849365234,106.11840057373047,264.37799072265625
318.3377990722656,60.07630157470703,106.82319641113281,264.6658020019531
313.981201171875,59.089500427246094,110.80259704589844,269.8861083984375
303.4917907714844,60.15599822998047,119.20379638671875,267.4552917480469
299.84759521484375,58.50669860839844,123.84159851074219,273.5299072265625
300.61090087890625,57.72589874267578,123.94300079345703,280.6593933105469
299.8908996582031,56.64070129394531,124.36609649658203,272.9737854003906
300.7558898925781,56.42430114746094,122.54149627685547,271.97259521484375
309.4870910644531,55.815399169921875,112.70909881591797,272.2948913574219
309.3830871582031,57.28900146484375,113.44120025634766,270.1296081542969
310.9458923339844,55.52159881591797,109.01609802246094,268.0765075683594
313.180908203125,54.43439865112305,104.79630279541016,270.9790954589844
312.3760986328125,53.61920166015625,103.17320251464844,271.91351318359375
311.55389404296875,50.49079895019531,102.40290069580078,274.210205078125
308.77020263671875,50.1713981628418,105.92240142822266,276.4419860839844
306.3377990722656,49.3848991394043,104.76750183105469,275.4200134277344
299.9450988769531,48.380699157714844,108.7562026977539,278.55108642578125
299.8279113769531,47.965599060058594,107.49600219726562,281.055908203125
298.0708923339844,48.286399841308594,106.92520141601562,280.26031494140625
295.4328918457031,47.77479934692383,106.31079864501953,278.32440185546875
291.13238525390625,46.87220001220703,108.88569641113281,280.18939208984375
286.94488525390625,49.327598571777344,108.85140228271484,288.0104064941406
283.1138916015625,47.50550079345703,106.94419860839844,277.5888977050781
278.2576904296875,49.31159973144531,107.19380187988281,282.6976013183594
278.0889892578125,47.940399169921875,101.65589904785156,275.1659851074219
273.9013977050781,46.632198333740234,100.06210327148438,279.6474914550781
266.6105041503906,46.999298095703125,103.59400177001953,297.5896911621094
262.7594909667969,45.05780029296875,103.72679901123047,301.70709228515625
259.52978515625,44.1525993347168,101.02760314941406,309.0849914550781
257.74420166015625,42.448699951171875,101.8364028930664,313.6990966796875
254.37109375,37.249698638916016,102.33039855957031,318.72210693359375
257.0078125,41.82749938964844,96.08290100097656,314.78961181640625
253.30470275878906,39.90719985961914,95.70059967041016,315.97821044921875
253.9738006591797,40.0723991394043,91.7219009399414,316.34698486328125
256.1039123535156,38.44490051269531,86.99469757080078,316.5934143066406
253.77679443359375,37.79790115356445,88.30110168457031,319.6532897949219
253.32069396972656,38.48860168457031,88.29859924316406,318.0965881347656
251.88119506835938,35.99100112915039,87.86990356445312,320.2257080078125
250.29769897460938,35.35919952392578,88.12940216064453,319.5002136230469
248.72450256347656,34.53089904785156,85.60060119628906,323.9270935058594
247.38209533691406,32.63600158691406,87.10549926757812,325.7947998046875
244.64610290527344,31.962900161743164,88.93890380859375,324.48150634765625
241.8134002685547,32.5442008972168,92.24919891357422,324.3721923828125
238.5944061279297,30.15290069580078,96.35659790039062,326.2318115234375
235.27130126953125,32.85969924926758,101.2219009399414,324.1346130371094
233.05320739746094,30.898099899291992,101.23490142822266,329.1018981933594
231.85389709472656,30.349000930786133,107.12349700927734,326.90618896484375
228.9102020263672,31.26759910583496,104.9563980102539,328.404296875
230.33970642089844,28.0231990814209,108.12660217285156,329.2431945800781
227.3697052001953,29.23419952392578,106.6520004272461,328.71148681640625
226.24380493164062,28.36750030517578,114.97029876708984,331.3514099121094
230.40480041503906,29.772300720214844,105.2166976928711,327.8887023925781
228.27310180664062,30.230899810791016,104.67610168457031,328.323486328125
230.12379455566406,29.966400146484375,104.49240112304688,329.59649658203125
228.3721923828125,29.263399124145508,102.76619720458984,330.28900146484375
233.4842071533203,30.027799606323242,100.4397964477539,328.78948974609375
229.9250030517578,28.577999114990234,101.76640319824219,331.4219970703125
231.40020751953125,28.322500228881836,100.00779724121094,329.4718017578125
228.94979858398438,29.297100067138672,101.70880126953125,328.5845031738281
226.7642059326172,28.631500244140625,103.73870086669922,330.341796875
228.16859436035156,29.866199493408203,102.44429779052734,330.0002136230469
225.33999633789062,28.99970054626465,106.07240295410156,329.7489013671875
223.99989318847656,28.897199630737305,106.47859954833984,330.92010498046875
224.26260375976562,28.436199188232422,106.28610229492188,329.6513977050781
227.2183074951172,29.239099502563477,103.7428970336914,329.6462097167969
224.39849853515625,29.05109977722168,105.32630157470703,330.5456848144531
223.83270263671875,28.205299377441406,105.22869873046875,328.3988952636719
226.83399963378906,31.683700561523438,103.38929748535156,326.04229736328125
223.89430236816406,29.00749969482422,106.63130187988281,329.8111877441406
225.41749572753906,30.122499465942383,104.7833023071289,325.4075012207031
226.80050659179688,30.511699676513672,104.48519897460938,328.3580017089844
223.07330322265625,28.632400512695312,106.51270294189453,331.33209228515625
225.81100463867188,30.54829978942871,106.7655029296875,327.3309020996094
224.9512939453125,28.20400047302246,106.64800262451172,330.4879150390625
224.6531982421875,28.349899291992188,107.09210205078125,329.5392150878906
224.5290985107422,29.03019905090332,107.6084976196289,330.3691101074219
222.539794921875,28.371400833129883,109.856201171875,331.1044921875
225.78179931640625,29.745800018310547,107.48919677734375,330.25421142578125
223.50030517578125,27.73270034790039,110.0448989868164,331.6807861328125
224.85060119628906,28.404199600219727,109.8363037109375,331.2308044433594
224.8249053955078,26.542499542236328,112.9354019165039,329.74700927734375
222.20370483398438,27.572999954223633,119.70860290527344,332.427001953125
213.68719482421875,27.11280059814453,127.92649841308594,331.98748779296875
216.66510009765625,25.8356990814209,142.55230712890625,333.4573974609375
212.1757049560547,28.425199508666992,145.80239868164062,331.5747985839844
215.08599853515625,25.607999801635742,140.39500427246094,334.3919982910156
219.54159545898438,29.429899215698242,119.18190002441406,330.5700988769531
215.45599365234375,26.774999618530273,141.66140747070312,331.7160949707031
216.3509063720703,29.07539939880371,125.59719848632812,330.9245910644531
210.72219848632812,25.995800018310547,147.78399658203125,333.2901916503906
210.59449768066406,25.447500228881836,131.4674072265625,334.552490234375
216.08889770507812,27.74020004272461,142.2017059326172,331.91729736328125
217.0634002685547,29.693599700927734,120.8667984008789,330.306396484375
217.93409729003906,27.12540054321289,137.79969787597656,332.7688903808594
220.97799682617188,30.77239990234375,116.75150299072266,329.2276916503906
221.07769775390625,28.90760040283203,131.42149353027344,330.62188720703125
223.50509643554688,30.663999557495117,113.69290161132812,328.1445007324219
224.80880737304688,28.16550064086914,118.87449645996094,329.6062927246094
224.7928924560547,28.70359992980957,108.00039672851562,330.5386047363281
225.29879760742188,25.87779998779297,110.94270324707031,332.9403991699219
221.86329650878906,24.902999877929688,111.04450225830078,332.93609619140625
228.9521942138672,24.364299774169922,107.81169891357422,333.9755859375
224.05859375,23.675500869750977,105.76110076904297,335.7300109863281
227.83360290527344,22.328500747680664,112.25,335.73260498046875
222.7429962158203,21.178600311279297,107.93569946289062,337.5838928222656
221.2353057861328,23.004600524902344,109.80020141601562,336.0898132324219
219.80209350585938,24.162399291992188,109.78810119628906,333.7611999511719
220.3665008544922,27.425899505615234,108.96389770507812,329.9356994628906
214.33900451660156,24.60569953918457,124.28790283203125,331.81451416015625
213.0959014892578,25.76930046081543,134.27279663085938,334.230712890625
208.4333953857422,26.591899871826172,135.6092071533203,333.4081115722656
198.1885986328125,27.205400466918945,150.0697021484375,332.7945861816406
182.9188995361328,21.171100616455078,167.8614959716797,338.50360107421875
206.32899475097656,20.16189956665039,143.30020141601562,339.8381042480469
186.4864044189453,22.002700805664062,166.8778076171875,337.997314453125
199.1580047607422,19.44059944152832,155.1374969482422,340.55938720703125
204.16099548339844,17.476699829101562,150.831298828125,340.7041931152344
207.43719482421875,17.812400817871094,136.1486053466797,336.4126892089844
202.61610412597656,18.07040023803711,136.54440307617188,340.3794860839844
199.12049865722656,16.126399993896484,133.67539978027344,341.5487976074219
198.81680297851562,19.96969985961914,132.54049682617188,340.0303039550781
189.66000366210938,15.901700019836426,138.91209411621094,344.0982971191406
170.8114013671875,17.002700805664062,157.7113037109375,341.96661376953125
193.22340393066406,14.378299713134766,140.53030395507812,340.4638977050781
195.0424041748047,14.253700256347656,135.6027069091797,345.7463073730469
186.74679565429688,14.978899955749512,141.83509826660156,341.2652893066406
181.32310485839844,15.059000015258789,141.52789306640625,342.9945983886719
172.1907958984375,16.097999572753906,143.12049865722656,343.9020080566406
174.85980224609375,15.395899772644043,134.90699768066406,342.2619934082031
175.1938018798828,19.482200622558594,132.46029663085938,339.0570983886719
166.88070678710938,18.755599975585938,140.24940490722656,339.4967956542969
162.66900634765625,20.850500106811523,142.31979370117188,338.05731201171875
167.21249389648438,19.612300872802734,135.58920288085938,337.8362121582031
167.210693359375,21.36989974975586,134.91619873046875,337.202392578125
162.19900512695312,21.174299240112305,139.64610290527344,334.6382141113281
162.3282012939453,22.895200729370117,140.04800415039062,333.2406005859375
163.42930603027344,23.697999954223633,143.00759887695312,334.2626037597656
163.55709838867188,24.229299545288086,138.7904052734375,334.1590881347656
165.1927947998047,24.719999313354492,139.48890686035156,333.8457946777344
169.55459594726562,22.156999588012695,135.28750610351562,334.768798828125
160.172607421875,21.663299560546875,140.3094024658203,336.06280517578125
158.75070190429688,23.976299285888672,139.18600463867188,334.0091857910156
162.0247039794922,24.575899124145508,137.85389709472656,335.4241027832031
164.58349609375,21.08679962158203,138.6428985595703,335.4465026855469
165.25929260253906,24.51129913330078,134.03199768066406,333.3695068359375
164.6396942138672,23.759199142456055,133.72760009765625,334.9150085449219
164.7696990966797,22.433799743652344,135.49310302734375,334.08709716796875
159.56109619140625,22.93910026550293,143.50860595703125,337.0609130859375
159.4969940185547,22.46470069885254,141.37539672851562,336.1434020996094
161.3437957763672,18.474300384521484,133.34249877929688,336.581298828125
156.11239624023438,19.860599517822266,137.2425994873047,337.364990234375
160.30250549316406,19.117399215698242,130.2790069580078,337.514404296875
158.1927947998047,19.2101993560791,131.0467987060547,340.789794921875
158.93209838867188,19.094600677490234,127.13580322265625,339.7785949707031
155.0301971435547,19.81089973449707,131.32730102539062,338.9450988769531
150.97149658203125,19.194599151611328,132.59539794921875,337.7123107910156
147.61720275878906,15.180500030517578,127.40579986572266,340.3869934082031
150.2825927734375,17.67639923095703,120.43309783935547,341.627197265625
148.94679260253906,18.545700073242188,125.7593994140625,340.34228515625
145.44960021972656,17.13249969482422,125.55400085449219,342.15399169921875
144.30960083007812,19.072200775146484,120.66000366210938,340.11468505859375
131.56129455566406,15.449700355529785,130.8553924560547,342.8522033691406
127.68930053710938,15.282899856567383,131.60240173339844,341.19439697265625
116.50869750976562,13.322199821472168,140.8032989501953,345.28729248046875
97.1239013671875,8.550800323486328,157.89520263671875,346.86138916015625
80.17769622802734,8.964799880981445,174.7808074951172,349.3551025390625
65.45130157470703,8.40530014038086,190.45669555664062,349.3091125488281
42.14619827270508,8.015999794006348,215.1085968017578,350.14111328125
37.67499923706055,8.793100357055664,220.63400268554688,350.06781005859375
25.82159996032715,7.894400119781494,231.44349670410156,351.19488525390625
16.708900451660156,6.347899913787842,239.7801055908203,353.652099609375
15.48859977722168,5.798099994659424,241.00149536132812,354.201904296875
15.5024995803833,9.734199523925781,241.2689971923828,350.26580810546875
11.47819995880127,7.424699783325195,241.8892059326172,352.5752868652344
12.302300453186035,8.857099533081055,243.85679626464844,351.1429138183594
8.023599624633789,5.775700092315674,248.4990997314453,353.7262878417969
9.781200408935547,6.19189977645874,243.13540649414062,352.6864013671875
10.178099632263184,6.072000026702881,245.0792999267578,353.75469970703125
