1
421.2174072265625,46.89699935913086,121.3053970336914,310.9005126953125
420.72369384765625,48.35350036621094,128.3199005126953,308.1289978027344
417.9316101074219,47.47669982910156,124.97810363769531,307.10418701171875
418.49249267578125,49.13290023803711,128.45140075683594,306.57659912109375
417.12310791015625,48.835201263427734,128.4801025390625,304.2142028808594
416.4834899902344,49.12889862060547,128.19859313964844,308.0342102050781
415.706787109375,50.43090057373047,128.11790466308594,304.81109619140625
413.8100891113281,51.871299743652344,129.4302978515625,302.00640869140625
413.32080078125,52.751399993896484,128.55880737304688,301.4093933105469
413.59259033203125,50.96900177001953,132.1916046142578,304.5325927734375
413.9005126953125,49.711299896240234,125.36530303955078,304.6943054199219
413.9407043457031,50.63370132446289,129.10670471191406,304.7726135253906
412.373291015625,51.410701751708984,123.54019927978516,302.8096008300781
417.5707092285156,51.742000579833984,117.93009948730469,303.1513977050781
418.40960693359375,49.19309997558594,112.08409881591797,306.8642883300781
418.48748779296875,50.11149978637695,109.36150360107422,306.08990478515625
418.1129150390625,51.189300537109375,112.7406997680664,304.7257995605469
417.7528991699219,49.08219909667969,108.84839630126953,307.24859619140625
420.3204040527344,49.07740020751953,113.80169677734375,305.0393981933594
418.9024963378906,49.01139831542969,109.31819915771484,307.02801513671875
417.973388671875,51.04909896850586,108.82369995117188,303.4805908203125
418.85650634765625,50.12419891357422,113.95960235595703,303.427490234375
420.1460876464844,49.21670150756836,107.54389953613281,306.7213134765625
418.3800048828125,50.50120162963867,112.38400268554688,303.27410888671875
419.7958068847656,48.720298767089844,104.91449737548828,306.3711853027344
420.5152893066406,50.557098388671875,111.56199645996094,306.4598083496094
419.31201171875,48.54629898071289,107.22889709472656,307.1199035644531
419.3749084472656,49.13970184326172,111.69110107421875,306.543212890625
419.752197265625,50.412498474121094,104.7844009399414,304.8118896484375
420.7637023925781,51.50490188598633,115.49150085449219,305.8255920410156
420.7992858886719,48.184200286865234,106.04959869384766,308.59478759765625
419.0458984375,50.3385009765625,112.79180145263672,307.1155090332031
420.09478759765625,49.75979995727539,109.3833999633789,307.7286071777344
419.96209716796875,49.32749938964844,111.39839935302734,306.3591003417969
420.6940002441406,49.6786003112793,109.2782974243164,304.93499755859375
420.55059814453125,48.204498291015625,110.10130310058594,303.9159851074219
420.644287109375,49.12009811401367,113.89620208740234,308.2655029296875
420.894287109375,48.39670181274414,111.93689727783203,309.5777893066406
421.0880126953125,49.043800354003906,109.53410339355469,307.8752136230469
420.70928955078125,47.07849884033203,115.65560150146484,308.8591003417969
421.147705078125,48.26789855957031,111.54570007324219,310.4981994628906
421.13958740234375,49.019100189208984,111.86370086669922,308.7340087890625
421.9356994628906,48.211700439453125,109.78690338134766,308.3559875488281
420.6982116699219,48.3046989440918,113.41809844970703,307.2297058105469
420.2677001953125,46.00339889526367,119.2843017578125,309.9949951171875
421.72149658203125,46.78269958496094,113.96929931640625,310.5718994140625
421.5779113769531,44.428001403808594,119.86380004882812,312.74920654296875
421.71380615234375,46.34830093383789,123.56169891357422,312.47100830078125
421.3396911621094,45.422401428222656,116.3739013671875,310.76019287109375
419.6976013183594,46.13560104370117,125.57569885253906,312.894287109375
421.0398864746094,43.54050064086914,120.45939636230469,312.25640869140625
422.0286865234375,45.53710174560547,119.9530029296875,312.63531494140625
422.3772888183594,45.995399475097656,116.99440002441406,312.0072937011719
421.2832946777344,46.44350051879883,124.1406021118164,311.3511047363281
421.20440673828125,43.901100158691406,120.44039916992188,313.80841064453125
421.0534973144531,46.03099822998047,117.1272964477539,311.2060852050781
420.931396484375,46.39030075073242,120.54340362548828,310.9833068847656
419.2853088378906,46.95069885253906,119.95099639892578,310.2506103515625
420.3100891113281,48.23899841308594,122.3676986694336,309.51300048828125
416.2477111816406,46.51620101928711,124.5280990600586,311.0101013183594
417.5199890136719,46.7406005859375,126.09719848632812,311.50909423828125
418.2616882324219,45.97890090942383,128.24899291992188,310.3382873535156
420.1180114746094,43.72809982299805,123.63960266113281,311.1744079589844
417.4114990234375,46.876800537109375,133.4915008544922,312.1619873046875
419.96051025390625,45.550201416015625,129.51170349121094,312.7974853515625
422.28570556640625,46.1614990234375,124.96910095214844,311.4093933105469
423.4057922363281,47.01359939575195,121.53060150146484,311.13079833984375
422.1355895996094,49.53419876098633,127.743896484375,308.347412109375
425.4923095703125,46.73310089111328,122.3145980834961,311.0848083496094
421.1257019042969,46.948699951171875,132.59320068359375,311.27569580078125
426.56060791015625,46.10530090332031,126.10440063476562,311.93328857421875
427.1958923339844,47.4640007019043,127.09940338134766,309.119384765625
429.40771484375,48.110198974609375,135.7353973388672,307.98089599609375
425.7904052734375,48.99440002441406,150.34190368652344,307.6553039550781
423.07708740234375,49.60459899902344,155.8769073486328,310.3953857421875
420.1885070800781,50.18050003051758,162.1284942626953,306.7616882324219
422.71160888671875,48.947200775146484,164.9810028076172,309.1957092285156
419.97088623046875,48.16569900512695,171.7698974609375,309.5653076171875
416.6488037109375,48.276100158691406,185.9185028076172,310.12200927734375
410.7502136230469,46.561500549316406,149.70809936523438,309.4371032714844
405.5036926269531,46.93199920654297,159.2819061279297,311.764404296875
401.60760498046875,48.87889862060547,170.43260192871094,309.05609130859375
403.8558044433594,49.59629821777344,175.03829956054688,309.9082946777344
401.32110595703125,45.55459976196289,167.8415985107422,311.46551513671875
400.4256896972656,47.44660186767578,173.73480224609375,312.55340576171875
397.7654113769531,45.40700149536133,173.6768035888672,312.6127014160156
396.5791015625,49.56370162963867,174.56410217285156,310.4361877441406
406.8312072753906,46.76380157470703,165.6284942626953,311.5002136230469
410.215087890625,45.650699615478516,147.55189514160156,314.34930419921875
414.7626037597656,43.723201751708984,128.902099609375,316.27679443359375
417.7025146484375,42.67490005493164,136.585205078125,312.4093017578125
420.3371887207031,47.30400085449219,128.6450958251953,309.0599060058594
423.7077941894531,44.254398345947266,118.50460052490234,311.0263977050781
425.52081298828125,46.109901428222656,118.48149871826172,310.3583068847656
424.99468994140625,46.63679885864258,127.89099884033203,311.0805969238281
427.30450439453125,43.65950012207031,133.12600708007812,312.9722900390625
431.01519775390625,44.657901763916016,125.14469909667969,312.3747863769531
431.8396911621094,46.277000427246094,129.46170043945312,313.7229919433594
431.2690124511719,45.02180099487305,120.45829772949219,313.2734069824219
430.59259033203125,46.38460159301758,125.59649658203125,312.8761901855469
432.097900390625,46.98059844970703,120.931396484375,310.7423095703125
431.9547119140625,47.722801208496094,120.86599731445312,311.8666076660156
426.6866149902344,47.0265007019043,129.08949279785156,312.9735107421875
429.9202880859375,45.39830017089844,126.89859771728516,312.0231018066406
432.60308837890625,47.76539993286133,118.09369659423828,311.5260925292969
427.4573059082031,46.467098236083984,125.81220245361328,311.42120361328125
430.7134094238281,48.511600494384766,118.95649719238281,309.1376037597656
431.1498107910156,49.94309997558594,115.18779754638672,310.056884765625
428.0863952636719,49.904598236083984,120.37950134277344,310.09539794921875
426.8599853515625,49.11240005493164,119.21530151367188,310.8398132324219
427.0036926269531,47.82659912109375,118.16190338134766,311.03961181640625
425.1640930175781,47.368499755859375,120.57980346679688,311.9374084472656
426.4508056640625,47.89860153198242,123.9281997680664,310.9165954589844
427.89630126953125,47.79650115966797,115.78189849853516,310.48150634765625
428.2809143066406,49.20100021362305,115.4030990600586,309.8160095214844
430.1048889160156,48.34769821166992,113.71499633789062,311.6523132324219
430.414794921875,47.445499420166016,111.19349670410156,312.3150939941406
429.47760009765625,50.64690017700195,116.5188980102539,308.8841857910156
430.6505126953125,48.567901611328125,115.19390106201172,308.973388671875
430.71551513671875,48.97700119018555,114.44059753417969,309.1029052734375
432.9364013671875,49.02259826660156,118.72010040283203,309.63848876953125
433.1404113769531,51.579898834228516,112.36489868164062,308.2265930175781
432.7027893066406,49.897300720214844,117.46620178222656,309.49578857421875
433.122314453125,50.84640121459961,114.402099609375,307.11529541015625
432.80230712890625,50.48550033569336,117.38710021972656,308.13739013671875
430.869384765625,50.353599548339844,119.87229919433594,309.230712890625
429.8987121582031,51.79010009765625,120.77770233154297,308.20989990234375
430.9065856933594,49.0443000793457,120.92440032958984,307.06768798828125
431.41339111328125,50.39670181274414,121.731201171875,309.4556884765625
427.239990234375,50.6598014831543,128.1663055419922,305.6689147949219
423.73199462890625,49.61360168457031,129.29649353027344,309.0663146972656
422.39630126953125,49.001800537109375,134.16299438476562,308.8194885253906
426.4231872558594,48.86360168457031,131.99859619140625,310.0235900878906
428.8682861328125,49.4463005065918,129.1156005859375,308.10321044921875
429.71270751953125,50.468299865722656,129.82949829101562,308.32501220703125
437.69720458984375,50.30939865112305,121.94560241699219,307.9787902832031
436.1842041015625,51.699501037597656,126.54000091552734,308.3005065917969
434.51361083984375,51.02080154418945,127.78479766845703,306.1494140625
429.3822937011719,49.54560089111328,136.16749572753906,310.45440673828125
429.65478515625,49.40190124511719,133.0623016357422,310.2936096191406
427.14068603515625,49.115501403808594,140.22720336914062,310.02239990234375
432.70440673828125,49.17599868774414,131.26370239257812,306.29058837890625
436.7430114746094,49.891998291015625,133.3791961669922,307.46990966796875
440.89691162109375,50.75680160522461,125.98970031738281,306.74261474609375
442.8049011230469,50.654998779296875,126.70469665527344,304.9201965332031
442.7817077636719,51.13949966430664,126.93049621582031,305.4895935058594
444.1968994140625,52.014400482177734,126.65480041503906,304.3821105957031
447.9674987792969,51.27349853515625,123.28620147705078,305.5939025878906
448.4623107910156,50.49570083618164,121.13939666748047,306.2756042480469
447.7803955078125,51.34510040283203,121.37969970703125,305.74591064453125
450.0429992675781,50.87739944458008,120.5448989868164,306.6134948730469
450.71258544921875,52.386199951171875,126.02670288085938,305.485595703125
452.8634948730469,50.19449996948242,121.26100158691406,305.63909912109375
448.6268005371094,49.22129821777344,129.4564971923828,306.52069091796875
450.010498046875,48.79570007324219,130.7310028076172,305.6881103515625
444.9222106933594,50.308998107910156,138.12759399414062,305.3117980957031
441.2510070800781,48.382598876953125,140.70599365234375,307.505615234375
448.51080322265625,49.649898529052734,132.47000122070312,307.02191162109375
450.9556884765625,48.69179916381836,131.81129455566406,307.0452880859375
454.701904296875,49.90480041503906,129.872802734375,306.7510070800781
457.8418884277344,49.99610137939453,131.33810424804688,308.0163879394531
466.71258544921875,48.1515007019043,120.95230102539062,306.32281494140625
464.3763122558594,50.16239929199219,125.32959747314453,309.83758544921875
481.0372009277344,45.73210144042969,101.70159912109375,308.493896484375
491.8935852050781,47.749298095703125,93.59559631347656,301.0880126953125
323.5216064453125,20.142099380493164,254.09539794921875,338.0939025878906
324.489990234375,9.80090045928955,249.04249572753906,342.4573974609375
340.6072998046875,7.362599849700928,229.81739807128906,350.1788024902344
357.7887878417969,11.538200378417969,222.59449768066406,344.61871337890625
378.3663024902344,12.14680004119873,209.86390686035156,343.0592041015625
366.43109130859375,10.387700080871582,240.7111053466797,347.13250732421875
378.8482971191406,7.481200218200684,237.95030212402344,351.368896484375
419.7947998046875,5.297599792480469,206.30580139160156,352.31561279296875
419.12060546875,10.318900108337402,209.6262969970703,349.68109130859375
418.2640075683594,7.710999965667725,218.42010498046875,352.1164855957031
437.38958740234375,6.050000190734863,201.8406982421875,351.9237060546875
442.6617126464844,14.447400093078613,186.7032012939453,345.5526123046875
433.21929931640625,40.14630126953125,150.3780059814453,319.85369873046875
416.527587890625,43.41669845581055,152.931396484375,312.6796875
431.55780029296875,44.16960144042969,134.88360595703125,312.2572021484375
417.9486083984375,42.45859909057617,150.04710388183594,312.930908203125
426.7213134765625,44.02730178833008,135.54530334472656,311.0603942871094
419.7268981933594,38.546199798583984,133.46859741210938,313.8537902832031
414.0903015136719,41.06589889526367,139.44129943847656,315.6787109375
405.3854064941406,40.02619934082031,141.55459594726562,316.7388000488281
413.3251037597656,40.815101623535156,132.89999389648438,315.8252868652344
413.6119079589844,34.404598236083984,140.2454071044922,320.69891357421875
407.4762878417969,38.856998443603516,142.70880126953125,316.493408203125
405.49920654296875,34.98529815673828,153.04600524902344,321.8652038574219
403.6339111328125,41.231201171875,167.1488037109375,317.42401123046875
394.9638977050781,37.6703987121582,173.07839965820312,321.8293151855469
385.85040283203125,37.35419845581055,180.53640747070312,320.747802734375
380.6773986816406,35.78409957885742,191.5019989013672,324.2159118652344
373.9111022949219,33.72520065307617,200.57009887695312,323.476806640625
369.8891906738281,38.732601165771484,203.49049377441406,317.5528869628906
369.1148986816406,37.45309829711914,200.6737060546875,319.6630859375
366.8551940917969,37.76559829711914,195.73919677734375,320.5885925292969
363.5914001464844,34.43119812011719,196.66229248046875,321.6402893066406
367.347412109375,36.91450119018555,193.60760498046875,318.01739501953125
365.51300048828125,34.40010070800781,194.3489990234375,325.2672119140625
365.7030029296875,31.806400299072266,195.89920043945312,325.3476867675781
372.2903137207031,31.579099655151367,187.71380615234375,328.04058837890625
367.6766052246094,31.03420066833496,178.731201171875,326.6409912109375
371.33221435546875,33.76350021362305,174.34100341796875,325.0862121582031
370.4088134765625,32.67380142211914,175.04530334472656,323.1747131347656
375.20111083984375,34.270301818847656,161.99249267578125,323.0769958496094
376.0315856933594,34.23720169067383,161.66610717773438,321.80169677734375
380.019287109375,32.309600830078125,155.73789978027344,321.15478515625
381.9497985839844,34.83190155029297,152.02149963378906,322.9679870605469
377.3252868652344,34.85029983520508,154.56500244140625,322.87188720703125
376.6203918457031,35.34400177001953,154.84840393066406,322.47259521484375
371.4783020019531,35.41859817504883,160.88479614257812,321.8988037109375
377.381591796875,32.159698486328125,153.8072052001953,323.56878662109375
383.07598876953125,34.76179885864258,148.68190002441406,324.2450866699219
378.45159912109375,34.40129852294922,157.27870178222656,322.4125061035156
374.81500244140625,31.918399810791016,163.75790405273438,325.8782958984375
375.3913879394531,31.198299407958984,164.60159301757812,326.2287902832031
371.21551513671875,31.30739974975586,170.0491943359375,325.9681091308594
368.4112854003906,30.204599380493164,171.74200439453125,327.6769104003906
365.34039306640625,32.21820068359375,174.40499877929688,327.6134948730469
363.47039794921875,26.374000549316406,179.93359375,331.4964904785156
366.53118896484375,24.315000534057617,178.42300415039062,334.5
371.1976013183594,23.602500915527344,173.4822998046875,334.11761474609375
367.5863037109375,24.19930076599121,181.5872039794922,332.39190673828125
373.3677062988281,24.10700035095215,174.86549377441406,332.4501037597656
374.41790771484375,26.147600173950195,174.9407958984375,329.955810546875
378.73028564453125,26.981300354003906,171.04449462890625,329.4346923828125
372.52630615234375,28.747100830078125,181.89779663085938,325.7008972167969
375.7674865722656,25.83639907836914,177.0281982421875,330.2192077636719
374.2112121582031,24.858800888061523,177.8948974609375,333.1632995605469
369.0487060546875,26.25200080871582,182.908203125,333.3468933105469
358.3893127441406,28.820899963378906,194.57960510253906,331.1791076660156
352.1883850097656,22.055500030517578,199.65060424804688,335.3475036621094
348.15240478515625,22.085599899291992,201.13470458984375,337.05731201171875
338.2091064453125,21.954999923706055,208.8376007080078,334.4508056640625
345.5144958496094,22.519500732421875,202.26629638671875,334.1585998535156
341.1693115234375,24.115999221801758,206.4365997314453,330.89849853515625
333.9989929199219,22.99570083618164,211.0131072998047,333.39630126953125
328.6726989746094,26.898099899291992,216.9459991455078,330.2857971191406
321.60009765625,30.0044002532959,220.20950317382812,327.0777893066406
305.59521484375,27.35219955444336,231.31939697265625,329.4840087890625
300.6216125488281,25.179399490356445,230.42449951171875,333.41680908203125
285.1297912597656,30.074499130249023,244.89329528808594,329.9255065917969
271.5899963378906,26.08690071105957,255.70379638671875,331.64349365234375
282.0978088378906,26.00189971923828,240.3040008544922,333.03271484375
266.2037048339844,27.32740020751953,251.8520050048828,331.5387878417969
267.9150085449219,28.609699249267578,242.02670288085938,330.8965148925781
259.81500244140625,32.5536994934082,241.260498046875,327.4462890625
261.5309143066406,32.314701080322266,237.0334014892578,325.4482116699219
257.2856140136719,32.980499267578125,237.5861053466797,326.45880126953125
255.30889892578125,36.16790008544922,235.47479248046875,323.2284851074219
251.8426971435547,38.47600173950195,235.5601043701172,320.8760986328125
242.28280639648438,42.500999450683594,236.88250732421875,317.1507873535156
242.7471923828125,49.105899810791016,233.35659790039062,308.3269958496094
245.42820739746094,55.70199966430664,223.0657958984375,303.9706115722656
248.61590576171875,60.384498596191406,224.5792999267578,298.4794006347656
253.8975067138672,60.63399887084961,218.1981964111328,297.3465881347656
259.23748779296875,62.38399887084961,213.28289794921875,296.6835021972656
266.06439208984375,64.96489715576172,209.2075958251953,294.5830078125
270.6048889160156,66.13059997558594,205.38470458984375,292.92120361328125
264.4049072265625,69.53820037841797,211.91510009765625,288.46380615234375
264.32379150390625,72.61229705810547,211.7480926513672,286.8487854003906
265.3529052734375,69.93810272216797,213.18890380859375,290.0618896484375
262.255615234375,75.07350158691406,214.3217010498047,284.926513671875
255.47300720214844,68.56310272216797,213.43190002441406,290.2007141113281
248.91209411621094,69.57499694824219,223.74249267578125,290.2196044921875
250.8011932373047,65.66239929199219,215.4833984375,292.6160888671875
246.20010375976562,62.12229919433594,219.96640014648438,297.2445983886719
233.64109802246094,58.31869888305664,231.402099609375,301.6813049316406
230.7086944580078,55.85150146484375,230.75030517578125,302.1896057128906
226.08909606933594,50.77870178222656,237.57400512695312,307.3377990722656
251.3280029296875,48.781898498535156,213.7960968017578,310.1004943847656
278.6881103515625,38.31169891357422,191.0341033935547,321.68829345703125
292.13079833984375,32.31290054321289,176.68170166015625,324.0914001464844
295.6068115234375,29.99220085144043,174.0102996826172,330.0078125
298.0846862792969,31.109699249267578,172.42979431152344,323.8013916015625
302.9819030761719,26.797100067138672,171.19180297851562,327.7484130859375
306.0708923339844,22.716800689697266,171.67080688476562,329.7925109863281
310.85400390625,21.54560089111328,170.106201171875,331.5086975097656
314.0828857421875,19.231199264526367,168.08200073242188,338.28118896484375
317.9103088378906,17.498600006103516,165.57870483398438,337.4820861816406
321.22039794921875,15.763699531555176,164.55299377441406,341.0331115722656
325.19970703125,12.13860034942627,162.73379516601562,345.0611877441406
328.86419677734375,11.106200218200684,157.14920043945312,344.9390869140625
333.2991943359375,16.470699310302734,157.51609802246094,340.5076904296875
331.60528564453125,13.331100463867188,160.32530212402344,345.4584045410156
339.8457946777344,9.157699584960938,154.8311004638672,347.1861877441406
346.2502136230469,13.166500091552734,152.914306640625,343.1532897949219
352.7909851074219,11.300399780273438,147.96719360351562,345.7699890136719
349.1875915527344,9.619000434875488,155.11720275878906,343.1123046875
342.660888671875,8.972100257873535,161.83059692382812,344.4284973144531
326.7702941894531,9.091400146484375,179.33270263671875,345.7550964355469
344.6265869140625,11.852700233459473,164.68209838867188,343.52398681640625
345.76708984375,12.027400016784668,163.6580047607422,343.276611328125
353.5828857421875,11.687899589538574,159.58619689941406,344.38580322265625
351.9473876953125,13.169099807739258,163.0428924560547,343.951904296875
352.3677978515625,12.652899742126465,164.82310485839844,342.1285095214844
357.8341979980469,10.965499877929688,159.96749877929688,343.59539794921875
356.6286926269531,14.018500328063965,164.43870544433594,341.2669982910156
358.3710021972656,13.701299667358398,165.13380432128906,340.52239990234375
358.4429016113281,15.096199989318848,168.04449462890625,341.37530517578125
357.69781494140625,16.056100845336914,169.0323028564453,340.1163024902344
353.9534912109375,15.617199897766113,174.66160583496094,337.9424133300781
351.5058898925781,17.87380027770996,178.7274932861328,334.8196105957031
358.48028564453125,17.4060001373291,172.37399291992188,335.7585144042969
355.4064025878906,22.418699264526367,177.77670288085938,331.345703125
351.8555908203125,19.477800369262695,179.8831024169922,332.5628967285156
345.69769287109375,17.956300735473633,187.7666015625,337.7023010253906
347.2684020996094,16.75659942626953,187.3614959716797,338.4010925292969
349.4137878417969,19.388900756835938,183.5216064453125,336.6802978515625
358.84698486328125,23.677900314331055,170.94369506835938,334.5813903808594
359.5533142089844,29.447399139404297,170.07159423828125,324.38958740234375
352.4660949707031,31.72209930419922,175.3679962158203,322.8465881347656
348.6023864746094,34.479801177978516,179.46749877929688,321.8445129394531
346.29290771484375,37.785400390625,182.2144012451172,320.0252990722656
352.0011901855469,36.32120132446289,177.3946075439453,321.2101135253906
370.05511474609375,40.093299865722656,159.68380737304688,317.92401123046875
366.7030029296875,41.81570053100586,160.01449584960938,313.5201110839844
349.4624938964844,42.24300003051758,176.63729858398438,312.4071960449219
349.8328857421875,41.89350128173828,180.4821014404297,313.2825927734375
370.0087890625,42.100101470947266,161.1750946044922,315.5661926269531
361.2455139160156,44.60150146484375,170.0417938232422,312.2528991699219
368.40728759765625,45.576900482177734,164.10650634765625,310.07958984375
350.793212890625,47.08100128173828,181.65859985351562,310.2314147949219
364.97021484375,45.78810119628906,171.9156951904297,309.71710205078125
364.480712890625,47.1609992980957,173.41610717773438,311.2820129394531
353.047607421875,46.4385986328125,186.30819702148438,313.5614013671875
379.0596923828125,44.819400787353516,159.0225067138672,309.1460876464844
349.72821044921875,50.97779846191406,192.13949584960938,304.77789306640625
388.8869934082031,50.42259979248047,150.86529541015625,304.5255126953125
368.810302734375,53.878700256347656,172.1748046875,303.93310546875
389.7950134277344,51.007198333740234,151.77659606933594,306.8948974609375
393.05218505859375,53.155799865722656,146.81629943847656,302.82501220703125
392.5043029785156,53.78239822387695,148.24180603027344,303.90899658203125
398.1841125488281,52.99679946899414,142.70050048828125,303.939697265625
394.87060546875,51.466400146484375,147.17799377441406,304.3070983886719
400.3396911621094,51.74140167236328,145.3914031982422,306.0320129394531
401.61810302734375,51.230499267578125,146.39019775390625,307.5046081542969
401.8684997558594,53.42359924316406,146.85659790039062,306.2666931152344
404.7164001464844,53.487998962402344,142.87109375,303.8699951171875
404.9088134765625,52.89440155029297,146.6905059814453,303.927490234375
409.6059875488281,52.71659851074219,143.44830322265625,304.6174011230469
407.2419128417969,50.82609939575195,145.46200561523438,306.1249084472656
411.1494140625,50.103599548339844,146.4138946533203,305.6629943847656
411.5176086425781,51.108699798583984,148.05780029296875,305.15130615234375
410.0404968261719,52.092899322509766,150.79910278320312,304.4916076660156
408.2322998046875,52.204200744628906,156.4833984375,305.7650146484375
410.06939697265625,52.4114990234375,154.51409912109375,305.21661376953125
412.055908203125,53.836700439453125,153.95159912109375,303.98431396484375
411.4341125488281,58.89820098876953,156.0843048095703,298.76568603515625
414.7878112792969,60.454498291015625,152.69869995117188,298.8811950683594
420.1863098144531,58.4557991027832,148.4770050048828,301.50830078125
423.5924072265625,61.838401794433594,144.0915985107422,298.0697937011719
424.3038024902344,63.9557991027832,145.58560180664062,293.05010986328125
429.8855895996094,62.17660140991211,142.08279418945312,294.0339050292969
431.28338623046875,62.48080062866211,139.24879455566406,296.55859375
430.4612121582031,60.98649978637695,147.86630249023438,298.69061279296875
430.5404968261719,64.29460144042969,139.65969848632812,295.55169677734375
429.9280090332031,61.816898345947266,147.7447967529297,293.28118896484375
436.4646911621094,61.963600158691406,132.2519073486328,297.9176025390625
435.3392028808594,60.03139877319336,140.7729034423828,299.9685974121094
438.1838073730469,62.77370071411133,130.53909301757812,297.2262878417969
437.2449951171875,60.877601623535156,139.32919311523438,298.4140930175781
439.07940673828125,61.35599899291992,130.6378936767578,297.27630615234375
437.7366943359375,60.93439865112305,137.72129821777344,297.89129638671875
438.84478759765625,61.59859848022461,136.48179626464844,296.877685546875
436.91729736328125,58.077701568603516,138.61610412597656,299.8440856933594
434.49371337890625,64.01309967041016,137.67019653320312,295.00628662109375
435.29840087890625,60.37030029296875,139.73300170898438,298.970703125
438.2676086425781,59.659698486328125,136.59210205078125,298.4949951171875
424.8616943359375,60.0161018371582,149.25210571289062,299.98388671875
422.9400939941406,58.364898681640625,150.33949279785156,299.4718933105469
420.3830871582031,60.45669937133789,152.07449340820312,297.38751220703125
416.79998779296875,59.66170120239258,154.98719787597656,298.0303955078125
411.6724853515625,58.77040100097656,157.8197021484375,300.9281921386719
400.4201965332031,58.778499603271484,166.58180236816406,301.2214050292969
399.0179138183594,57.338600158691406,165.8345947265625,300.9627990722656
395.97491455078125,55.87810134887695,171.4656982421875,304.12188720703125
390.96240234375,55.36240005493164,171.46009826660156,302.55059814453125
386.20318603515625,54.50080108642578,178.41070556640625,303.3185119628906
386.6336975097656,53.440101623535156,178.62229919433594,305.34539794921875
384.1299133300781,53.5974006652832,179.53399658203125,305.41009521484375
385.2561950683594,53.427799224853516,177.293701171875,305.2838134765625
385.0845947265625,53.679901123046875,175.45089721679688,305.54901123046875
392.6897888183594,52.527400970458984,165.52749633789062,306.53790283203125
390.3398132324219,54.63079833984375,166.59469604492188,303.10589599609375
395.7947998046875,53.464698791503906,159.5653076171875,305.00799560546875
399.6015930175781,54.888099670410156,154.94540405273438,304.25738525390625
410.70928955078125,51.88589859008789,139.6282958984375,307.02020263671875
414.49530029296875,48.42829895019531,137.452392578125,311.02490234375
412.24371337890625,48.56209945678711,138.27349853515625,311.4378967285156
413.0852966308594,49.0806999206543,134.3446044921875,310.77850341796875
409.5566101074219,48.61949920654297,137.84840393066406,309.095703125
406.92529296875,49.63690185546875,136.6260986328125,306.4115905761719
413.7658996582031,48.538299560546875,129.37640380859375,304.5150146484375
413.1730041503906,49.07720184326172,132.13870239257812,302.5148010253906
420.1673889160156,48.720001220703125,122.4447021484375,300.8363037109375
415.6225891113281,51.17610168457031,125.39990234375,305.6492919921875
415.1867980957031,50.494998931884766,124.32959747314453,304.46551513671875
418.497314453125,49.83599853515625,116.63710021972656,299.1297912597656
422.5158996582031,52.70240020751953,101.54550170898438,290.06439208984375
417.0581970214844,58.188201904296875,99.49130249023438,293.472900390625
409.7814025878906,55.74919891357422,99.95600128173828,295.5498046875
404.5823974609375,52.35110092163086,113.3270034790039,298.8251037597656
399.39111328125,25.01420021057129,225.12710571289062,331.7810974121094
396.4331970214844,24.94879913330078,217.74139404296875,330.92388916015625
406.1773986816406,23.765100479125977,208.25619506835938,335.13641357421875
403.5943908691406,21.370100021362305,196.3206024169922,338.18670654296875
413.6592102050781,21.39780044555664,186.89419555664062,338.6022033691406
418.70849609375,23.238500595092773,170.8784942626953,336.539794921875
417.5692138671875,23.023300170898438,162.65919494628906,334.39788818359375
418.2572021484375,22.941600799560547,150.65859985351562,334.4224853515625
412.880615234375,21.286300659179688,152.67320251464844,335.61151123046875
407.5526123046875,21.02899932861328,167.0756072998047,338.8822021484375
402.9580993652344,23.98550033569336,147.58839416503906,334.55560302734375
383.193603515625,22.096799850463867,243.6280975341797,335.8330078125
390.4294128417969,20.82550048828125,146.81300354003906,333.6571960449219
368.5968933105469,24.717199325561523,164.20660400390625,331.09490966796875
366.53460693359375,26.135900497436523,159.2888946533203,329.7854919433594
369.76580810546875,24.00320053100586,167.60830688476562,331.5632019042969
353.94781494140625,30.573400497436523,160.65350341796875,323.9740905761719
358.2085876464844,30.473100662231445,160.0,326.5920104980469
344.7650146484375,28.47949981689453,211.13119506835938,328.1560974121094
330.6875915527344,28.220399856567383,167.10580444335938,324.5939025878906
339.3727111816406,29.06439971923828,173.50579833984375,325.0871887207031
341.62969970703125,36.75849914550781,162.44940185546875,317.57501220703125
403.3782043457031,44.48740005493164,131.7342987060547,309.83209228515625
404.8587951660156,38.81079864501953,124.45890045166016,316.281494140625
363.2583923339844,32.16740036010742,161.19520568847656,324.7235107421875
391.9678955078125,38.380401611328125,122.06670379638672,317.8629150390625
367.0220947265625,34.068599700927734,185.8533935546875,323.8504943847656
423.798095703125,49.0547981262207,120.81839752197266,308.5578918457031
419.081787109375,50.795501708984375,102.8582992553711,307.58880615234375
412.993896484375,54.849098205566406,113.48770141601562,302.6011962890625
409.21551513671875,53.31829833984375,129.46620178222656,303.7952880859375
412.8468933105469,52.88090133666992,126.04820251464844,303.5766906738281
409.50469970703125,53.54710006713867,137.34219360351562,303.0928955078125
408.37701416015625,50.00490188598633,132.60569763183594,309.9950866699219
408.5669860839844,53.442901611328125,185.6663055419922,304.11669921875
412.03289794921875,52.27560043334961,170.9416961669922,306.9128112792969
408.4778137207031,52.416900634765625,185.4884033203125,307.5830993652344
411.16668701171875,51.8578987121582,200.77540588378906,305.8223876953125
410.8190002441406,57.016700744628906,159.16650390625,302.9833068847656
403.3844909667969,53.864601135253906,205.21229553222656,304.4952087402344
404.4130859375,53.604000091552734,215.88720703125,305.32958984375
415.5,53.38800048828125,158.45849609375,303.5022888183594
411.8905944824219,54.259300231933594,165.08419799804688,305.70269775390625
411.8758850097656,53.39690017700195,204.84959411621094,305.9543151855469
395.79998779296875,58.42559814453125,214.80389404296875,301.57440185546875
397.45831298828125,53.59939956665039,221.1123046875,303.8428955078125
387.644287109375,55.27190017700195,236.53799438476562,301.6983947753906
400.49688720703125,50.59980010986328,226.24949645996094,304.3912048339844
387.2582092285156,52.542598724365234,243.0260009765625,304.2756042480469
393.2408142089844,48.4390983581543,233.0124969482422,307.3041076660156
388.0375061035156,49.31949996948242,242.51980590820312,308.21728515625
385.46429443359375,48.21379852294922,243.86309814453125,308.93798828125
394.98028564453125,46.21889877319336,232.74630737304688,307.39801025390625
384.3132019042969,47.88679885864258,241.4033966064453,307.7525939941406
395.1075134277344,49.28919982910156,225.6356964111328,305.4129943847656
403.0043029785156,48.33679962158203,216.44940185546875,311.0151062011719
409.073486328125,48.405799865722656,199.77220153808594,309.23370361328125
419.5755920410156,48.601898193359375,186.5052947998047,308.7475891113281
419.5181884765625,50.91749954223633,173.2928009033203,305.11029052734375
420.5437927246094,50.45389938354492,148.0644073486328,309.1944885253906
416.64788818359375,49.42300033569336,160.99659729003906,308.1061096191406
413.0509033203125,49.02320098876953,159.42379760742188,309.1770935058594
413.3714904785156,53.49330139160156,161.64439392089844,305.66009521484375
410.4779052734375,49.9739990234375,164.8341064453125,310.0260009765625
411.9717102050781,50.19919967651367,163.8144073486328,309.39801025390625
402.752685546875,51.365299224853516,176.489501953125,307.8136901855469
404.0784912109375,49.50740051269531,176.7958984375,309.2987976074219
401.8999938964844,49.21099853515625,180.15550231933594,309.31561279296875
402.7923889160156,50.23830032348633,181.37660217285156,308.8185119628906
409.1081848144531,49.506099700927734,178.581298828125,310.493896484375
390.2080993652344,51.00659942626953,203.4326934814453,307.2644958496094
388.0701904296875,49.97679901123047,214.57659912109375,308.7528991699219
375.3070983886719,48.78950119018555,227.5843048095703,310.91461181640625
381.90679931640625,45.5,226.61810302734375,312.04150390625
397.3205871582031,45.88249969482422,214.28750610351562,310.4507141113281
385.78790283203125,48.80229949951172,226.3927001953125,308.2247009277344
400.2138977050781,46.361900329589844,218.09950256347656,309.6838073730469
386.5433044433594,50.474700927734375,225.52540588378906,306.894287109375
399.6081848144531,46.9015998840332,215.4886016845703,310.1570129394531
390.7715148925781,52.643699645996094,212.26300048828125,306.9554138183594
410.1802062988281,50.561798095703125,193.30079650878906,309.4382019042969
417.544189453125,54.048301696777344,181.9873046875,302.29290771484375
413.956787109375,54.35219955444336,183.16079711914062,305.5274963378906
410.3616943359375,55.40409851074219,181.6793975830078,302.4800109863281
413.0722961425781,55.78710174560547,175.6280059814453,301.64801025390625
409.79290771484375,60.38629913330078,171.58120727539062,297.95709228515625
410.27178955078125,61.6973991394043,169.5072021484375,297.5535888671875
405.0242919921875,60.240299224853516,178.81399536132812,298.49481201171875
402.4497985839844,59.37350082397461,177.04559326171875,297.1177062988281
411.7130126953125,59.777198791503906,168.906005859375,300.2228088378906
414.90509033203125,60.846500396728516,162.9197998046875,297.9381103515625
410.9574890136719,60.70240020751953,173.77740478515625,298.9360046386719
419.2930908203125,59.58869934082031,166.77549743652344,300.4112854003906
423.3258972167969,58.54719924926758,165.89089965820312,298.8290100097656
424.48199462890625,60.59400177001953,165.54269409179688,298.2084045410156
437.4693908691406,58.79050064086914,158.54249572753906,301.2095031738281
435.15008544921875,55.488399505615234,171.71209716796875,303.51971435546875
433.4873046875,52.47809982299805,178.50759887695312,305.7608947753906
433.3497009277344,56.64030075073242,176.74429321289062,303.3597106933594
434.61041259765625,55.86840057373047,179.9528045654297,300.7654113769531
435.5745849609375,53.00270080566406,179.1697998046875,306.997314453125
437.3125915527344,54.71630096435547,176.45159912109375,302.2359924316406
437.01190185546875,54.16910171508789,175.18359375,304.7593994140625
439.23651123046875,53.785099029541016,177.12840270996094,305.82470703125
435.3918151855469,52.53810119628906,180.01589965820312,307.4619140625
432.8445129394531,53.03950119018555,184.99630737304688,303.5867004394531
432.4602966308594,53.73529815673828,186.26939392089844,302.66729736328125
436.7420959472656,56.04100036621094,182.0789031982422,302.2777099609375
426.2430114746094,52.66170120239258,191.55029296875,306.2401123046875
436.04010009765625,55.43510055541992,179.75909423828125,302.8544006347656
428.122802734375,53.875301361083984,186.53909301757812,306.12469482421875
438.2091064453125,51.08700180053711,167.3354034423828,308.9129943847656
436.63800048828125,53.089900970458984,176.80540466308594,306.9101867675781
433.8478088378906,48.94900131225586,180.84750366210938,311.0509948730469
435.5911865234375,51.21590042114258,151.39549255371094,308.7840881347656
437.8512878417969,49.97840118408203,173.95260620117188,307.1524963378906
444.43609619140625,50.34199905395508,147.26089477539062,309.6579895019531
441.05999755859375,47.17390060424805,161.75340270996094,309.6878967285156
443.3772888183594,50.10300064086914,153.1092987060547,309.7522888183594
440.2908935546875,49.525699615478516,155.62109375,308.84039306640625
444.75421142578125,52.705299377441406,152.79539489746094,306.8753967285156
441.85418701171875,53.94490051269531,155.714599609375,304.9451904296875
440.7123107910156,51.703399658203125,159.0200958251953,307.4674987792969
440.8096008300781,53.33409881591797,162.4053955078125,306.3992919921875
438.6044006347656,52.37810134887695,168.87539672851562,307.62188720703125
438.92340087890625,53.40599822998047,175.0238037109375,306.593994140625
437.63531494140625,53.852901458740234,177.7008056640625,305.1116943359375
435.840087890625,53.28450012207031,180.62359619140625,306.71551513671875
442.9859924316406,51.49570083618164,158.18649291992188,305.9005126953125
437.45098876953125,55.425498962402344,177.70799255371094,302.62548828125
438.5011901855469,48.74470138549805,176.35400390625,309.2262878417969
418.9906005859375,53.25859832763672,199.2429962158203,303.702392578125
435.0380859375,55.56890106201172,183.77200317382812,302.4070129394531
437.97540283203125,51.00529861450195,181.3917999267578,306.63079833984375
429.51409912109375,53.8656005859375,189.9062957763672,306.1343994140625
431.12969970703125,52.33890151977539,190.06089782714844,304.5871887207031
428.6796875,57.26940155029297,193.7696990966797,299.1319885253906
433.6806945800781,56.1083984375,188.3795928955078,300.7030029296875
426.7452087402344,49.95949935913086,198.33729553222656,307.0549011230469
433.8966979980469,58.664100646972656,190.65829467773438,298.4057922363281
434.35211181640625,51.063499450683594,188.69580078125,308.09991455078125
437.78070068359375,51.6072998046875,188.69729614257812,308.2969055175781
434.56451416015625,54.56370162963867,188.55050659179688,304.93939208984375
446.52978515625,54.524898529052734,175.0435028076172,303.3528137207031
439.0779113769531,47.5255012512207,179.60040283203125,310.38470458984375
444.8561096191406,55.94169998168945,167.10830688476562,301.9942932128906
444.38531494140625,52.00790023803711,157.97909545898438,307.82080078125
448.3269958496094,57.10169982910156,160.83859252929688,302.8982849121094
444.7095947265625,51.52190017700195,151.58160400390625,308.47808837890625
442.9963073730469,54.69430160522461,150.89889526367188,303.15240478515625
443.75360107421875,54.20240020751953,153.7626953125,302.0195007324219
442.147705078125,55.957000732421875,160.41220092773438,299.2715148925781
442.3680114746094,55.76890182495117,152.78729248046875,301.7388000488281
441.7864074707031,51.898399353027344,148.3527069091797,304.98968505859375
438.8908996582031,52.90129852294922,150.49989318847656,307.09869384765625
438.4346008300781,54.544700622558594,149.52430725097656,304.0920104980469
438.3013916015625,52.787899017333984,147.93060302734375,305.72369384765625
435.74371337890625,50.638999938964844,152.18870544433594,308.3590087890625
435.77520751953125,53.780399322509766,153.5968017578125,303.8586120605469
438.7489929199219,51.49209976196289,147.38600158691406,308.2930908203125
434.9281921386719,53.46699905395508,156.38720703125,302.83319091796875
435.8409118652344,56.66830062866211,150.34030151367188,303.0757141113281
437.16448974609375,53.63019943237305,145.148193359375,305.42041015625
433.8216857910156,53.59550094604492,142.95399475097656,306.4045104980469
430.1856994628906,52.24489974975586,153.4405059814453,307.7550048828125
431.01611328125,54.42940139770508,148.0238037109375,304.7598876953125
427.5874938964844,54.9026985168457,160.7617950439453,302.9617919921875
430.056396484375,57.18629837036133,153.7017059326172,302.8136901855469
427.6376953125,55.72370147705078,151.20379638671875,304.2762145996094
425.981689453125,56.77090072631836,161.2747039794922,301.7041015625
428.4822998046875,55.15330123901367,151.53640747070312,302.8493957519531
430.4014892578125,56.190399169921875,152.3336944580078,301.62548828125
436.3898010253906,54.03070068359375,142.04550170898438,305.597900390625
437.2379150390625,55.90290069580078,150.41659545898438,304.0079040527344
440.7273864746094,55.38130187988281,140.5758056640625,302.8315124511719
436.24261474609375,55.3760986328125,144.5666961669922,302.7290954589844
432.2164001464844,54.41170120239258,149.2209014892578,304.59490966796875
433.0328063964844,56.255699157714844,148.0467071533203,300.9501953125
430.03961181640625,56.47019958496094,158.67869567871094,303.43060302734375
424.71759033203125,55.007301330566406,154.73899841308594,304.9927062988281
417.4888000488281,56.090999603271484,167.35369873046875,301.4757995605469
402.341796875,55.333499908447266,191.17849731445312,302.8529968261719
392.66619873046875,58.15570068359375,205.60189819335938,298.3214111328125
380.0079040527344,56.51100158691406,209.7310028076172,299.37548828125
411.9945068359375,57.6151008605957,172.7998046875,300.8739013671875
386.8922119140625,57.12009811401367,202.83670043945312,298.6820068359375
379.78118896484375,55.30720138549805,204.45750427246094,302.4028015136719
419.3659973144531,57.70560073852539,167.25289916992188,299.4338073730469
403.42840576171875,55.55970001220703,185.94940185546875,303.66571044921875
406.0580139160156,55.90879821777344,186.53280639648438,301.9643859863281
419.4471130371094,57.4390983581543,170.3260040283203,299.52398681640625
427.5237121582031,56.98659896850586,160.44610595703125,303.0133972167969
425.84039306640625,55.4724006652832,162.14700317382812,304.3388977050781
427.4305114746094,56.55229949951172,162.8415985107422,302.4005126953125
434.6673889160156,56.8650016784668,144.62550354003906,301.03118896484375
429.7828063964844,55.159698486328125,162.1352996826172,304.8403015136719
437.9393005371094,57.167198181152344,146.9123992919922,301.4938049316406
433.0787048339844,51.7859992980957,153.60960388183594,303.99810791015625
436.5244140625,55.97990036010742,151.17730712890625,301.8489990234375
438.1900939941406,55.182498931884766,143.86099243164062,302.47479248046875
440.8572998046875,52.222599029541016,142.8031005859375,306.0448913574219
438.5227966308594,52.99919891357422,143.25979614257812,305.31878662109375
440.26519775390625,53.18769836425781,142.95359802246094,304.64788818359375
439.3203125,53.78329849243164,147.3343963623047,303.35650634765625
441.435791015625,54.8656005859375,144.25900268554688,303.1416015625
439.6700134277344,51.85660171508789,144.62249755859375,307.88409423828125
440.0567932128906,57.7775993347168,149.24749755859375,301.46490478515625
438.6787109375,53.823001861572266,145.55909729003906,304.0044860839844
438.260498046875,56.54140090942383,154.77130126953125,302.031005859375
441.60321044921875,54.06079864501953,142.9154052734375,302.95330810546875
442.4648132324219,51.3213996887207,138.6569061279297,305.58538818359375
439.68450927734375,54.53609848022461,141.22999572753906,305.1622009277344
437.67230224609375,54.16559982299805,142.52310180664062,304.81439208984375
440.97869873046875,56.61470031738281,142.7469024658203,301.9356994628906
442.664306640625,53.29119873046875,135.46600341796875,306.5979919433594
446.04998779296875,56.61249923706055,140.07530212402344,303.2919921875
442.6842956542969,55.88669967651367,139.64869689941406,302.2002868652344
442.4753112792969,54.70830154418945,139.3125,303.36761474609375
442.727294921875,54.289798736572266,138.13909912109375,305.1543884277344
442.62908935546875,52.16590118408203,140.22509765625,306.6473083496094
442.5586853027344,52.787200927734375,155.28720092773438,307.2127990722656
440.9590148925781,52.63520050048828,168.15989685058594,305.0509948730469
442.2463073730469,53.634300231933594,165.585205078125,304.4684143066406
442.3035888671875,55.06489944458008,163.89540100097656,303.3829040527344
442.20721435546875,53.78900146484375,141.79530334472656,304.69879150390625
441.1159973144531,53.62969970703125,170.92889404296875,304.23968505859375
441.1348876953125,55.49489974975586,177.46119689941406,304.40020751953125
446.1618957519531,52.74610137939453,148.8079071044922,301.5011901855469
442.1852111816406,55.97309875488281,153.9846954345703,301.06640625
441.92010498046875,52.77519989013672,159.44400024414062,304.2616882324219
444.48260498046875,56.96329879760742,137.8701934814453,301.5555114746094
441.4328918457031,53.652000427246094,177.47329711914062,304.1958923339844
445.02288818359375,50.679500579833984,166.1197052001953,307.4154968261719
443.2323913574219,52.78839874267578,189.7239990234375,305.7123107910156
440.5603942871094,73.55560302734375,150.40379333496094,284.7244873046875
440.1796875,53.34120178222656,164.7191925048828,306.412109375
440.3935852050781,57.57460021972656,155.98480224609375,301.9371032714844
441.7366027832031,54.04869842529297,158.2803955078125,305.9512939453125
439.3918151855469,56.29949951171875,165.88250732421875,303.4740905761719
439.0846862792969,58.539398193359375,177.10330200195312,301.4606018066406
437.4591064453125,52.1239013671875,185.98240661621094,304.4209899902344
441.1195983886719,56.373199462890625,191.5552978515625,302.7296142578125
443.2607116699219,49.4640998840332,183.08529663085938,309.6003112792969
441.51348876953125,51.9370002746582,191.10189819335938,306.081787109375
443.4888000488281,54.050498962402344,187.127197265625,305.9494934082031
444.7038879394531,50.95209884643555,184.2711944580078,307.56549072265625
444.7336120605469,53.861698150634766,181.99429321289062,303.4064025878906
439.27899169921875,51.418701171875,187.83169555664062,307.2253112792969
446.5946044921875,54.2942008972168,181.8585968017578,303.15509033203125
442.4921875,47.31010055541992,185.89329528808594,311.17138671875
449.4465026855469,54.936100006103516,175.99729919433594,303.360107421875
447.78021240234375,45.71900177001953,173.35699462890625,313.5166931152344
451.369384765625,51.54290008544922,173.50360107421875,308.45709228515625
452.6070861816406,49.08580017089844,170.46189880371094,309.02740478515625
454.1773986816406,48.474300384521484,169.50950622558594,311.52569580078125
454.2882080078125,49.879600524902344,166.84210205078125,310.1203918457031
452.29168701171875,47.669898986816406,170.81239318847656,312.3301086425781
450.9762878417969,49.470699310302734,167.49290466308594,310.529296875
449.9359130859375,47.826698303222656,174.03909301757812,312.1733093261719
450.9775085449219,49.86940002441406,173.31959533691406,309.28790283203125
448.6014099121094,48.83169937133789,176.4210968017578,310.4483947753906
452.9642028808594,48.2218017578125,163.2425994873047,310.7484130859375
450.1695861816406,48.929500579833984,172.88319396972656,311.07049560546875
449.68548583984375,47.81570053100586,174.0218048095703,311.4455871582031
449.3157043457031,47.78739929199219,171.5854034423828,311.1296081542969
448.7662048339844,47.905799865722656,167.0832061767578,312.0942077636719
444.6058044433594,50.729698181152344,175.90289306640625,309.1160888671875
449.1545104980469,50.96269989013672,178.1613006591797,309.03729248046875
448.0663146972656,47.453800201416016,174.5767059326172,312.54620361328125
447.8872985839844,50.461700439453125,173.31539916992188,309.5382995605469
446.9623107910156,48.80110168457031,177.29800415039062,310.9971923828125
448.15130615234375,51.48659896850586,174.960693359375,308.5133972167969
448.3369140625,51.62160110473633,175.64210510253906,308.3783874511719
447.52911376953125,50.306800842285156,175.17349243164062,309.58270263671875
450.974609375,51.51499938964844,176.51730346679688,307.78271484375
452.564697265625,49.4557991027832,174.17880249023438,308.72698974609375
451.7174072265625,49.54750061035156,168.481201171875,306.3042907714844
454.6351013183594,51.45880126953125,169.2480926513672,308.54119873046875
453.4955139160156,50.91960144042969,166.23880004882812,309.0804138183594
457.4841003417969,51.75749969482422,160.8950958251953,308.24249267578125
452.00531005859375,48.2318000793457,164.89939880371094,311.7681884765625
460.5093078613281,51.27000045776367,155.7075958251953,306.7992858886719
459.4898986816406,51.38029861450195,153.45849609375,308.1300964355469
448.8153991699219,49.4286994934082,165.09210205078125,310.1669006347656
455.3077087402344,53.000301361083984,161.59829711914062,306.8866882324219
462.4729919433594,50.717201232910156,149.93780517578125,307.943603515625
462.4056091308594,48.37820053100586,145.40069580078125,308.581298828125
457.00421142578125,47.3025016784668,154.22610473632812,312.697509765625
450.26910400390625,49.901798248291016,143.51109313964844,309.2214050292969
454.3929138183594,50.19459915161133,144.5428009033203,309.8053894042969
452.6401062011719,49.09489822387695,142.43179321289062,310.90509033203125
453.1777038574219,48.827701568603516,143.86270141601562,310.3341064453125
448.0658874511719,48.16120147705078,152.36329650878906,311.5494079589844
450.2078857421875,50.9380989074707,156.7288055419922,306.6545104980469
451.7455139160156,49.42110061645508,153.59829711914062,308.5284118652344
450.9028015136719,50.68479919433594,164.91079711914062,305.9717102050781
447.535888671875,51.570499420166016,170.64199829101562,308.42950439453125
443.94549560546875,53.04119873046875,166.47430419921875,303.8363037109375
441.46270751953125,51.7244987487793,151.04800415039062,307.0613098144531
437.44049072265625,50.44430160522461,156.67149353027344,307.3341064453125
431.4356994628906,52.232601165771484,154.19320678710938,306.2131042480469
425.5353088378906,50.5166015625,153.60699462890625,308.8757019042969
426.4779052734375,50.19020080566406,157.3363037109375,308.88360595703125
419.581298828125,50.790199279785156,156.65379333496094,307.5065002441406
414.1138916015625,46.88589859008789,159.18350219726562,311.19329833984375
418.8900146484375,49.05780029296875,160.39559936523438,309.83441162109375
420.7008056640625,48.19139862060547,150.84539794921875,311.80859375
431.4682922363281,50.91230010986328,134.90359497070312,307.61358642578125
438.827392578125,49.81949996948242,130.7230987548828,310.1805114746094
438.6202087402344,50.85710144042969,121.19819641113281,309.1429138183594
439.3223876953125,49.47650146484375,124.22669982910156,307.2659912109375
442.0703125,48.28179931640625,120.38330078125,311.71820068359375
436.95599365234375,48.009300231933594,119.033203125,311.9906921386719
428.23028564453125,48.532501220703125,136.65750122070312,309.8363952636719
430.3822021484375,49.05720138549805,124.79460144042969,309.5701904296875
429.3778076171875,47.885501861572266,127.84709930419922,307.64990234375
420.8858947753906,48.65330123901367,130.95379638671875,306.2373962402344
428.42718505859375,50.178001403808594,132.43760681152344,307.6308898925781
420.10650634765625,50.3572998046875,132.1905059814453,306.7637023925781
426.693603515625,49.34700012207031,126.38829803466797,306.9518127441406
427.1340026855469,49.27750015258789,127.11380004882812,304.8327941894531
426.85870361328125,52.433998107910156,134.88059997558594,307.5660095214844
422.34210205078125,49.96139907836914,132.243896484375,309.6055908203125
424.03961181640625,50.683799743652344,131.9822998046875,308.5260925292969
424.5508117675781,51.403099060058594,131.45199584960938,308.26141357421875
426.07769775390625,51.29909896850586,127.96320343017578,308.2668151855469
420.2580871582031,51.82749938964844,137.0384979248047,304.7514953613281
424.8371887207031,50.87080001831055,128.8343048095703,308.3410949707031
424.7597961425781,50.94580078125,130.48269653320312,305.59539794921875
426.4884948730469,50.044498443603516,122.13839721679688,309.5163879394531
421.66009521484375,49.45880126953125,124.70999908447266,306.3800048828125
421.2727966308594,51.365501403808594,134.27830505371094,308.4075927734375
426.0928039550781,49.12630081176758,117.61199951171875,309.7184143066406
428.6881103515625,50.06370162963867,125.16500091552734,307.6462097167969
420.8629150390625,50.22740173339844,124.88690185546875,306.0329895019531
424.1861877441406,48.556400299072266,130.4824981689453,308.8846130371094
419.0014953613281,51.00600051879883,124.52860260009766,306.8851013183594
418.98779296875,51.222999572753906,128.30169677734375,304.8799133300781
415.4006042480469,50.917301177978516,130.44869995117188,306.5887145996094
416.0458068847656,49.89189910888672,129.96519470214844,305.95880126953125
418.9269104003906,49.83340072631836,120.42070007324219,306.32598876953125
411.3468017578125,50.311100006103516,139.31350708007812,307.9952087402344
417.23809814453125,50.92430114746094,139.88099670410156,308.54730224609375
414.1990966796875,49.999000549316406,135.760498046875,307.7308044433594
415.1954040527344,50.407100677490234,141.6457977294922,307.39910888671875
412.8677978515625,51.382301330566406,144.89939880371094,306.6506042480469
402.2632141113281,51.9379997253418,156.95669555664062,307.6611022949219
416.0325012207031,51.89950180053711,138.1269989013672,307.31219482421875
404.664306640625,49.96879959106445,143.96009826660156,310.03118896484375
412.39471435546875,51.9369010925293,136.08839416503906,306.58648681640625
394.3320007324219,50.30849838256836,154.27000427246094,308.8109130859375
375.4234924316406,54.05179977416992,179.89720153808594,303.99359130859375
372.01971435546875,53.08940124511719,182.6768035888672,306.9106140136719
378.9458923339844,51.346099853515625,173.4152069091797,304.69989013671875
369.614013671875,55.70220184326172,175.63409423828125,303.64898681640625
381.3948059082031,54.79180145263672,185.052001953125,304.6499938964844
356.5483093261719,55.68960189819336,204.82420349121094,300.6297912597656
388.93560791015625,56.457401275634766,190.51840209960938,297.84930419921875
373.75311279296875,55.615501403808594,188.09579467773438,298.0881042480469
394.8904113769531,58.71929931640625,190.30569458007812,296.9938049316406
414.6001892089844,54.11899948120117,147.685302734375,299.5967102050781
415.6626892089844,56.18370056152344,164.15029907226562,297.00250244140625
389.9540100097656,53.93339920043945,196.4788055419922,298.6310119628906
389.9861145019531,53.0348014831543,185.14669799804688,299.9043884277344
370.9136047363281,56.489498138427734,208.60000610351562,297.2721862792969
394.5492858886719,55.966800689697266,194.8928985595703,299.5928955078125
351.4049072265625,57.09880065917969,209.19839477539062,296.0918884277344
394.8533935546875,54.98419952392578,186.4528045654297,302.3489074707031
383.8045959472656,56.53390121459961,173.4788055419922,292.3818054199219
412.3645935058594,59.02149963378906,162.4506072998047,295.9574890136719
393.2882080078125,56.07080078125,167.65020751953125,301.9422912597656
425.4692077636719,54.904598236083984,139.36940002441406,302.6546936035156
426.0903015136719,57.75740051269531,132.8751983642578,299.8622131347656
398.41180419921875,55.23310089111328,158.256103515625,301.9891052246094
433.08221435546875,55.576499938964844,127.39189910888672,303.65899658203125
427.2300109863281,55.682899475097656,138.78700256347656,298.4590148925781
439.4591064453125,53.50080108642578,124.73619842529297,301.9822082519531
414.7796936035156,57.545101165771484,150.95249938964844,297.0491943359375
457.6661071777344,59.05839920043945,120.18270111083984,296.7279052734375
433.7460021972656,55.10639953613281,147.03439331054688,302.5166931152344
437.1310119628906,59.06700134277344,131.53759765625,296.789794921875
418.3348083496094,56.52669906616211,163.88400268554688,298.69891357421875
441.1144104003906,57.818199157714844,137.82760620117188,299.3992919921875
423.6632080078125,57.31019973754883,155.08389282226562,300.0653076171875
423.96759033203125,55.261600494384766,153.3928985595703,300.55609130859375
424.247802734375,58.158599853515625,156.6602020263672,296.2862854003906
412.073486328125,57.82229995727539,169.6107940673828,296.1878967285156
382.6520080566406,58.80440139770508,194.0493927001953,297.8924865722656
399.3517150878906,55.71139907836914,175.247802734375,300.9455871582031
404.7956848144531,58.93579864501953,169.38690185546875,299.6192932128906
401.8583984375,57.81880187988281,171.5821990966797,299.1169128417969
418.581298828125,59.401798248291016,151.67799377441406,299.6614990234375
413.12451171875,58.5723991394043,156.74530029296875,298.0592041015625
414.2427978515625,55.994300842285156,151.8538055419922,302.3179016113281
416.3948974609375,59.64739990234375,149.25120544433594,298.62060546875
415.7442932128906,58.13029861450195,148.82420349121094,300.73858642578125
406.4153137207031,55.60300064086914,154.53089904785156,301.5024108886719
414.77081298828125,59.17610168457031,147.7700958251953,296.9978942871094
408.8468017578125,59.015899658203125,155.1855010986328,293.0205078125
415.0166015625,58.162498474121094,150.75570678710938,293.4454040527344
418.2720031738281,59.452701568603516,149.3950958251953,295.88641357421875
407.2467956542969,57.65620040893555,156.0032958984375,296.28509521484375
414.9193115234375,59.80339813232422,151.4416046142578,295.7428894042969
415.9336853027344,60.084598541259766,152.64419555664062,293.4755859375
417.6671142578125,59.570899963378906,148.7126007080078,293.9725036621094
410.7705078125,57.58890151977539,157.7220001220703,297.05499267578125
418.3800964355469,58.53219985961914,146.74229431152344,295.77398681640625
416.2145080566406,56.207401275634766,147.352294921875,296.8703918457031
419.56781005859375,59.17110061645508,142.32049560546875,291.1348876953125
424.0069885253906,50.92250061035156,129.14320373535156,305.0169982910156
417.468505859375,51.96310043334961,134.25669860839844,305.1825866699219
416.9789123535156,49.32749938964844,127.08319854736328,307.7929992675781
420.80108642578125,53.62160110473633,123.93190002441406,303.0159912109375
415.4966125488281,51.04570007324219,124.97010040283203,306.5697937011719
410.2127990722656,52.249000549316406,125.24549865722656,303.756591796875
410.556884765625,53.43479919433594,121.20379638671875,299.09210205078125
405.5779113769531,52.24369812011719,120.27400207519531,304.2875061035156
411.44610595703125,54.67259979248047,111.76679992675781,295.743408203125
414.19378662109375,55.2422981262207,107.08619689941406,293.85699462890625
406.4046936035156,52.9474983215332,111.32389831542969,300.34991455078125
406.9360046386719,52.9375,109.09339904785156,292.91729736328125
403.85760498046875,51.94540023803711,106.30670166015625,290.46759033203125
399.0050964355469,50.32419967651367,103.57640075683594,294.6632080078125
398.48748779296875,52.63029861450195,102.60459899902344,289.84619140625
395.9036865234375,45.94390106201172,96.88490295410156,286.7992858886719
393.20318603515625,48.954898834228516,94.08390045166016,293.44549560546875
362.25201416015625,45.88399887084961,126.38069915771484,307.7139892578125
316.2296142578125,30.668399810791016,187.77670288085938,326.7662048339844
265.76190185546875,11.763500213623047,250.46409606933594,345.37139892578125
258.9195861816406,17.462400436401367,260.8810119628906,342.385498046875
270.80621337890625,16.799400329589844,252.00689697265625,340.3830871582031
274.0098876953125,22.604000091552734,266.9656066894531,336.8429870605469
283.5751037597656,26.327800750732422,262.4306945800781,328.7748107910156
274.1886901855469,21.858600616455078,195.1425018310547,331.9314880371094
300.88531494140625,21.856599807739258,257.00970458984375,336.43890380859375
