1
356.16949462890625,13.53689956665039,162.72410583496094,340.1617126464844
349.4159851074219,10.647199630737305,167.46510314941406,346.7742919921875
346.8357849121094,8.988900184631348,167.80340576171875,347.8562927246094
346.0188903808594,9.843899726867676,167.8054962158203,346.2297058105469
345.83270263671875,11.47029972076416,165.0216064453125,344.81988525390625
339.3846130371094,10.706899642944336,168.62469482421875,346.2882080078125
340.33489990234375,6.931700229644775,165.77529907226562,348.76361083984375
339.5546875,8.807600021362305,163.7032012939453,346.92889404296875
343.4739990234375,9.732999801635742,158.63429260253906,347.3641052246094
351.5715026855469,8.773200035095215,148.03799438476562,347.4515075683594
340.4606018066406,11.378800392150879,156.55650329589844,344.4162902832031
339.8330993652344,8.682600021362305,156.37159729003906,346.876708984375
331.6153869628906,11.250699996948242,160.86819458007812,345.3825988769531
329.33758544921875,9.834799766540527,161.79080200195312,350.0111999511719
324.8118896484375,9.363499641418457,163.347900390625,347.7980041503906
321.9902038574219,10.450900077819824,165.78810119628906,344.1430969238281
323.7925109863281,13.338500022888184,159.4449005126953,341.1081848144531
315.8774108886719,14.057499885559082,166.5469970703125,339.4822082519531
317.7264099121094,17.00349998474121,161.8253936767578,335.58709716796875
308.2637023925781,20.28459930419922,169.69110107421875,333.0775146484375
304.2095947265625,19.61039924621582,173.80340576171875,335.5945129394531
300.16790771484375,24.091400146484375,172.341796875,327.090087890625
296.402587890625,24.717599868774414,174.2626953125,325.1523132324219
294.0257873535156,25.103700637817383,171.2006072998047,327.4158935546875
285.1700134277344,32.99369812011719,179.7313995361328,321.7276916503906
267.0863952636719,37.58879852294922,201.14840698242188,318.46148681640625
261.4137878417969,44.33549880981445,203.1824951171875,310.9114074707031
241.38059997558594,50.03139877319336,222.84300231933594,307.5520935058594
233.84950256347656,51.19900131225586,231.99490356445312,307.2242126464844
228.94850158691406,54.546600341796875,235.53399658203125,302.2247009277344
236.4322967529297,60.12229919433594,225.68040466308594,296.83929443359375
242.19569396972656,65.00980377197266,221.65040588378906,294.0061950683594
249.99879455566406,68.89309692382812,214.2722930908203,289.514892578125
254.4105987548828,69.95179748535156,212.3325958251953,290.0481872558594
262.80419921875,71.42469787597656,208.72569274902344,288.5752868652344
263.57611083984375,69.9303970336914,212.7324981689453,290.0696105957031
268.73529052734375,69.63179779052734,204.62989807128906,290.25469970703125
270.1789855957031,67.91909790039062,203.28219604492188,291.9342956542969
270.068603515625,66.51180267333984,206.2978973388672,293.4881896972656
266.7528991699219,61.30609893798828,194.35809326171875,297.94189453125
259.4519958496094,62.489898681640625,207.74009704589844,297.5101013183594
256.04290771484375,60.25699996948242,215.03720092773438,297.9721984863281
252.656494140625,50.08720016479492,223.1123046875,308.9364013671875
245.34500122070312,47.20109939575195,229.0906982421875,312.18798828125
246.2147979736328,42.23720169067383,230.33839416503906,317.5508117675781
241.11839294433594,40.682899475097656,242.95700073242188,319.2366027832031
240.7042999267578,36.27920150756836,244.73599243164062,322.2940979003906
245.7711944580078,32.70249938964844,243.53829956054688,323.7789001464844
254.11680603027344,29.714000701904297,239.30540466308594,329.1062927246094
261.39801025390625,30.148500442504883,235.2805938720703,328.4674987792969
265.847412109375,28.307600021362305,237.45700073242188,329.88079833984375
281.0213928222656,29.023700714111328,232.05349731445312,328.901611328125
286.4031982421875,27.847200393676758,232.17660522460938,332.1528015136719
278.17138671875,26.781999588012695,244.1916961669922,330.533203125
291.5237121582031,22.234100341796875,234.52569580078125,336.28460693359375
279.6835021972656,22.38330078125,246.0522003173828,337.61669921875
304.2680969238281,19.69540023803711,230.59579467773438,338.773193359375
306.9502868652344,22.285400390625,227.6551971435547,334.3594055175781
320.6400146484375,23.391300201416016,219.18629455566406,331.9764099121094
325.8595886230469,18.523000717163086,212.99639892578125,337.6099853515625
329.9660949707031,18.42620086669922,208.58810424804688,336.722412109375
341.3653869628906,16.472400665283203,200.5561981201172,340.0086975097656
348.2348937988281,18.271099090576172,196.97169494628906,337.7784118652344
352.50140380859375,15.856599807739258,198.02420043945312,340.71539306640625
353.3927001953125,16.5856990814209,197.73739624023438,339.8905029296875
358.2143859863281,18.473600387573242,192.24220275878906,337.8692932128906
366.1698913574219,18.838699340820312,186.29220581054688,341.1612854003906
367.83160400390625,19.68869972229004,184.53689575195312,340.3113098144531
374.81890869140625,18.884700775146484,174.73519897460938,340.1083068847656
380.8854064941406,19.11639976501465,168.72479248046875,337.4634094238281
376.1181945800781,25.62649917602539,174.99620056152344,327.77801513671875
379.672607421875,22.45330047607422,169.88699340820312,330.7497863769531
369.6134033203125,24.97480010986328,181.50079345703125,331.97149658203125
381.05859375,20.45669937133789,166.08819580078125,335.75579833984375
371.3782043457031,22.072099685668945,176.51719665527344,331.25830078125
378.79119873046875,21.63319969177246,166.74029541015625,334.8247985839844
382.3075866699219,26.519500732421875,162.9093017578125,327.3374938964844
376.09930419921875,26.627500534057617,167.72019958496094,328.715087890625
379.96978759765625,30.20560073852539,160.1092987060547,324.8326110839844
378.8363952636719,27.675800323486328,160.4080047607422,328.71551513671875
378.3648986816406,29.75510025024414,159.9423065185547,326.4324951171875
378.8041076660156,29.362199783325195,159.1302947998047,326.6484069824219
379.4403076171875,30.407400131225586,157.2364959716797,326.5306091308594
382.28790283203125,29.399900436401367,150.57029724121094,328.57861328125
380.4505920410156,30.443300247192383,150.98789978027344,327.74749755859375
379.9151916503906,32.72650146484375,151.40020751953125,324.6954040527344
373.69158935546875,31.43320083618164,158.48440551757812,323.33709716796875
380.53009033203125,31.406099319458008,149.31829833984375,322.8900146484375
381.41351318359375,31.358699798583984,149.6313018798828,324.50360107421875
381.21881103515625,32.487098693847656,150.42550659179688,322.96038818359375
381.2640075683594,32.12919998168945,151.5345001220703,324.66571044921875
376.13079833984375,30.55139923095703,160.73159790039062,327.2267150878906
374.0484924316406,29.452800750732422,163.1710968017578,325.37969970703125
366.8835144042969,29.623199462890625,174.86459350585938,325.402099609375
366.1778869628906,32.18939971923828,177.1165008544922,323.84478759765625
364.7168884277344,30.825300216674805,181.2321014404297,325.139892578125
367.0763854980469,28.025999069213867,191.8032989501953,327.01458740234375
361.92291259765625,26.185699462890625,201.99420166015625,327.4827880859375
363.0591125488281,29.73069953918457,197.12179565429688,327.9158935546875
365.28021240234375,32.4833984375,198.33599853515625,324.494384765625
366.0874938964844,32.03020095825195,195.8076934814453,322.7500915527344
368.67291259765625,29.57159996032715,198.97239685058594,328.4902038574219
369.5447998046875,35.848201751708984,197.66580200195312,319.4034118652344
369.902099609375,33.66569900512695,199.35890197753906,320.8066101074219
369.0138854980469,30.610700607299805,207.31939697265625,326.5544128417969
367.8127136230469,35.474098205566406,205.56370544433594,322.1693115234375
371.8310852050781,31.165300369262695,198.89309692382812,320.70440673828125
383.3984069824219,35.375999450683594,188.8527069091797,321.27191162109375
396.7200012207031,31.565900802612305,170.66839599609375,326.3736877441406
402.77679443359375,32.80400085449219,157.58009338378906,327.1960144042969
413.3923034667969,35.421600341796875,142.75180053710938,320.0997009277344
415.6112976074219,37.259700775146484,139.8957977294922,321.2247009277344
418.3526916503906,40.648101806640625,131.73500061035156,316.57879638671875
421.11700439453125,36.29010009765625,126.54620361328125,316.9466857910156
420.6203918457031,36.0629997253418,130.1593017578125,321.502197265625
420.19140625,39.23059844970703,130.28329467773438,315.88531494140625
430.818115234375,34.86249923706055,132.52529907226562,320.9598083496094
436.97869873046875,43.27510070800781,134.99549865722656,303.0557861328125
435.09320068359375,43.69380187988281,138.15679931640625,308.777099609375
431.6214904785156,40.85369873046875,150.31829833984375,311.7384948730469
439.0528869628906,31.55699920654297,145.456298828125,324.9206848144531
442.0492858886719,3.8024001121520996,194.9044952392578,354.22088623046875
429.3583068847656,7.136000156402588,205.23159790039062,352.864013671875
428.7897033691406,8.854499816894531,204.31419372558594,351.1455078125
419.8673095703125,9.955900192260742,212.15499877929688,350.0440979003906
413.706787109375,8.280200004577637,216.05670166015625,351.71978759765625
382.3283996582031,8.63949966430664,219.88380432128906,350.8758850097656
369.9804992675781,6.893599987030029,245.23080444335938,351.4173889160156
362.9353942871094,6.333499908447266,217.90609741210938,353.66650390625
345.5942077636719,10.603099822998047,234.4290008544922,344.05718994140625
336.09930419921875,9.98270034790039,235.664306640625,347.3194885253906
336.7406921386719,10.300700187683105,232.95230102539062,345.23480224609375
336.7929992675781,11.761300086975098,240.95159912109375,344.37701416015625
320.793701171875,9.502300262451172,256.8695068359375,350.4977111816406
329.5412902832031,7.256800174713135,243.27740478515625,350.2455139160156
323.0257873535156,11.852499961853027,190.67410278320312,347.3393859863281
325.69989013671875,12.209799766540527,163.86410522460938,347.4657897949219
308.4552917480469,14.858099937438965,199.4821014404297,340.3904113769531
342.8577880859375,22.36549949645996,242.85960388183594,335.8689880371094
309.60919189453125,16.356000900268555,235.37539672851562,343.6440124511719
295.08331298828125,16.077699661254883,161.90280151367188,343.92230224609375
353.0036926269531,31.933300018310547,228.231201171875,328.06671142578125
267.53070068359375,10.197400093078613,185.31619262695312,349.2575988769531
277.6960144042969,8.195699691772461,166.83970642089844,349.31280517578125
273.81280517578125,9.981900215148926,162.02549743652344,347.4490966796875
267.05560302734375,9.935099601745605,167.12440490722656,346.3345947265625
269.31610107421875,10.884200096130371,175.47219848632812,343.4421081542969
262.9966125488281,11.835800170898438,154.72540283203125,341.7330017089844
263.0845947265625,14.763999938964844,155.7373046875,342.3009033203125
255.98919677734375,15.662300109863281,171.7097930908203,339.78961181640625
255.95899963378906,13.402400016784668,178.43629455566406,341.1543884277344
252.57749938964844,12.382100105285645,150.53640747070312,343.1783142089844
247.5552978515625,15.69890022277832,149.53219604492188,342.26580810546875
243.17359924316406,17.486000061035156,150.66690063476562,340.8865966796875
241.92799377441406,17.31879997253418,155.74639892578125,338.53070068359375
249.97360229492188,17.689199447631836,162.1125946044922,337.55810546875
247.79449462890625,14.398200035095215,153.5395965576172,339.6242980957031
256.6145935058594,59.79679870605469,367.52349853515625,288.9375915527344
242.57269287109375,13.764699935913086,163.23440551757812,342.46978759765625
237.8094940185547,18.027299880981445,184.0050048828125,334.255615234375
243.08509826660156,12.691800117492676,152.46519470214844,343.88079833984375
232.83770751953125,17.099700927734375,170.827392578125,339.8764953613281
230.8209991455078,18.201900482177734,169.85499572753906,335.45159912109375
231.7364959716797,15.963600158691406,181.5319061279297,342.86761474609375
228.4185028076172,18.423500061035156,170.30740356445312,341.5765075683594
244.54110717773438,24.774499893188477,253.6616973876953,325.9468994140625
255.2554931640625,48.776798248291016,366.8909912109375,296.95379638671875
221.43299865722656,18.729799270629883,174.52090454101562,333.2408142089844
246.00729370117188,27.351299285888672,240.09849548339844,321.2795104980469
229.42140197753906,21.190000534057617,154.85809326171875,337.0834045410156
233.98109436035156,29.39550018310547,261.9931945800781,324.5963134765625
226.90170288085938,22.099899291992188,158.1634979248047,335.7308044433594
226.68260192871094,22.009700775146484,180.74400329589844,337.88140869140625
215.43899536132812,22.022600173950195,184.29550170898438,335.31610107421875
216.35240173339844,19.278499603271484,178.35830688476562,333.7578125
228.26499938964844,23.20560073852539,170.69520568847656,333.7488098144531
235.84190368652344,24.300899505615234,165.9449005126953,334.0151062011719
233.4145965576172,31.750699996948242,164.25709533691406,325.24420166015625
207.3157958984375,30.79669952392578,174.29209899902344,327.4361877441406
195.4488983154297,27.150999069213867,180.2781982421875,332.0469970703125
186.4636993408203,27.19339942932129,188.98770141601562,332.6560974121094
172.5050048828125,30.29759979248047,199.55889892578125,327.9473876953125
180.127197265625,28.5856990814209,194.14950561523438,327.43011474609375
163.30059814453125,27.071199417114258,209.44720458984375,328.53289794921875
190.85130310058594,29.978099822998047,188.0467987060547,327.9385986328125
172.8968048095703,25.365400314331055,201.22300720214844,331.77459716796875
169.15460205078125,25.231300354003906,203.57310485839844,332.05108642578125
167.0751953125,28.908899307250977,209.96139526367188,328.4276123046875
166.15390014648438,24.555400848388672,208.40130615234375,333.05889892578125
179.65809631347656,26.686800003051758,207.80299377441406,333.2257080078125
209.27890014648438,27.221900939941406,172.8448944091797,329.3328857421875
233.7082977294922,34.817501068115234,244.10940551757812,317.73651123046875
182.80999755859375,24.13089942932129,193.58590698242188,333.5169982910156
415.77020263671875,40.877601623535156,132.32479858398438,317.381103515625
413.4263916015625,44.281700134277344,141.73959350585938,314.5523986816406
413.9291076660156,41.965999603271484,141.89239501953125,318.03399658203125
410.514892578125,42.303199768066406,144.36270141601562,317.6968078613281
409.0044860839844,42.54069900512695,148.9427032470703,317.45928955078125
410.8171081542969,43.403900146484375,145.66709899902344,316.5960998535156
419.6377868652344,43.73910140991211,131.4832000732422,316.2608947753906
425.6332092285156,42.47800064086914,131.46560668945312,315.2203063964844
427.6694030761719,42.85240173339844,128.4438934326172,315.6846008300781
428.2466125488281,45.08509826660156,127.29910278320312,312.5733947753906
427.22601318359375,45.331298828125,127.37870025634766,311.7528991699219
425.7027893066406,43.26499938964844,127.40059661865234,313.9700927734375
426.65289306640625,45.979000091552734,116.37850189208984,314.02099609375
418.84930419921875,44.19419860839844,147.80130004882812,315.8057861328125
421.0914001464844,45.02399826049805,125.88529968261719,314.97601318359375
417.19158935546875,41.354698181152344,151.86199951171875,317.6593017578125
408.5256042480469,44.69490051269531,145.2445068359375,313.180908203125
402.5006103515625,46.237998962402344,162.49000549316406,313.7619934082031
400.3854064941406,43.697200775146484,172.37989807128906,316.30279541015625
399.31329345703125,46.61320114135742,174.1840057373047,313.3868103027344
401.9598083496094,46.138301849365234,166.26040649414062,312.218505859375
397.589599609375,47.476898193359375,177.07760620117188,312.5231018066406
398.3702087402344,46.78020095825195,185.35189819335938,313.21978759765625
399.3218078613281,44.59809875488281,200.6302032470703,313.13519287109375
404.1471862792969,43.880699157714844,161.82179260253906,313.710205078125
405.0141906738281,47.2671012878418,178.39089965820312,312.73291015625
409.0244140625,48.5807991027832,189.5959014892578,311.419189453125
417.34588623046875,42.71760177612305,180.33380126953125,314.8756103515625
423.56390380859375,44.05160140991211,161.64340209960938,314.9460144042969
421.3717956542969,45.410400390625,166.0823974609375,313.4360046386719
427.2546081542969,45.94770050048828,153.9033966064453,314.05230712890625
425.38739013671875,48.87820053100586,138.39199829101562,309.7080078125
418.87298583984375,47.285400390625,141.41090393066406,312.714599609375
418.2231140136719,45.937400817871094,135.6479034423828,314.0625915527344
423.8306884765625,47.477901458740234,131.07699584960938,312.5220947265625
423.22760009765625,45.71879959106445,125.48709869384766,314.28118896484375
426.3279113769531,47.72420120239258,120.30690002441406,312.2757873535156
419.201904296875,47.0015983581543,125.16629791259766,312.9984130859375
421.5091857910156,46.91849899291992,124.90190124511719,313.0815124511719
419.9891052246094,45.68429946899414,124.79340362548828,314.2200012207031
420.8489990234375,47.784698486328125,124.10990142822266,312.0710144042969
416.9472961425781,45.58919906616211,128.36410522460938,312.7744140625
417.9483947753906,44.17210006713867,125.8053970336914,315.8279113769531
418.21990966796875,46.731998443603516,123.67469787597656,313.26800537109375
418.139892578125,45.99140167236328,122.02539825439453,312.8385009765625
418.5704040527344,45.938499450683594,122.84829711914062,313.75799560546875
419.3905029296875,46.04090118408203,120.61840057373047,312.9180908203125
419.7318115234375,45.51380157470703,117.49130249023438,314.4862060546875
419.69940185546875,47.07720184326172,119.56559753417969,312.92279052734375
419.9707946777344,45.81399917602539,116.48709869384766,313.78961181640625
419.6980895996094,45.493099212646484,117.40599822998047,313.8848876953125
419.0575866699219,46.019798278808594,118.66950225830078,313.9801940917969
419.4382019042969,45.54690170288086,117.23889923095703,312.1964111328125
418.2485046386719,45.437198638916016,118.6541976928711,314.3994140625
419.2510986328125,46.549400329589844,116.47160339355469,312.47320556640625
417.010986328125,45.635398864746094,117.21659851074219,312.672607421875
417.2090148925781,44.55009841918945,117.59320068359375,314.4132080078125
419.1588134765625,45.3838005065918,116.47530364990234,314.1409912109375
419.4825134277344,46.85179901123047,115.50520324707031,313.148193359375
417.6070861816406,44.02870178222656,114.82550048828125,315.8930969238281
417.7311096191406,43.73789978027344,114.51799774169922,314.3132019042969
420.3656921386719,44.87260055541992,112.85710144042969,315.1274108886719
417.3841857910156,42.548099517822266,111.77950286865234,315.53338623046875
418.6070861816406,46.44340133666992,118.65979766845703,312.9349060058594
419.53448486328125,46.939998626708984,111.84639739990234,312.7251892089844
418.62890625,46.16579818725586,111.4032974243164,313.7746887207031
418.0657958984375,46.2494010925293,114.32430267333984,313.38580322265625
419.3489074707031,45.639801025390625,111.12930297851562,312.98028564453125
418.8017883300781,45.175201416015625,110.80760192871094,313.1487121582031
419.3788146972656,44.79719924926758,110.97869873046875,313.27679443359375
418.18359375,45.6609992980957,109.9207992553711,311.7383117675781
417.36669921875,47.50279998779297,109.98609924316406,310.03070068359375
418.3288879394531,46.42369842529297,110.03890228271484,311.7048034667969
417.7522888183594,46.98889923095703,110.51360321044922,310.25799560546875
416.322998046875,47.24919891357422,110.96690368652344,308.8192138671875
416.3183898925781,47.468101501464844,111.45220184326172,309.980712890625
418.7250061035156,49.76150131225586,108.31620025634766,308.18218994140625
418.53070068359375,48.158199310302734,110.80919647216797,308.227294921875
418.3216857910156,47.00579833984375,108.51699829101562,309.7119140625
418.681884765625,48.059600830078125,107.82710266113281,309.3717956542969
418.2488098144531,49.77000045776367,107.81230163574219,306.256591796875
415.0340881347656,49.308799743652344,111.40450286865234,305.6841125488281
416.5375061035156,48.332298278808594,108.70179748535156,309.5425109863281
416.4866027832031,48.1703987121582,113.4303970336914,308.7499084472656
416.0201110839844,47.811500549316406,110.3219985961914,311.869384765625
416.39239501953125,48.88999938964844,109.5613021850586,309.9721984863281
416.88238525390625,49.15660095214844,110.95860290527344,309.284912109375
417.1348876953125,48.37329864501953,106.78269958496094,311.212890625
417.1354064941406,49.04600143432617,108.6094970703125,308.1669006347656
416.4831848144531,50.07440185546875,114.75189971923828,307.8330078125
415.5929870605469,47.19279861450195,111.23539733886719,310.4042053222656
413.6180114746094,48.81529998779297,113.79350280761719,309.62921142578125
412.1221923828125,49.01250076293945,116.4718017578125,309.5902099609375
412.1510925292969,48.003700256347656,116.37470245361328,311.98590087890625
409.1559143066406,49.83470153808594,120.87750244140625,309.9367980957031
405.78118896484375,47.87369918823242,123.28739929199219,310.4554138183594
394.95318603515625,48.60490036010742,144.21519470214844,308.04119873046875
387.8357849121094,48.615299224853516,154.26019287109375,309.4932861328125
413.63958740234375,51.4208984375,127.09940338134766,306.5801086425781
411.7159118652344,48.09109878540039,127.64540100097656,310.0003967285156
410.13330078125,48.95209884643555,131.66659545898438,309.5013122558594
406.87078857421875,47.7947998046875,131.04029846191406,310.6228942871094
407.6701965332031,47.204498291015625,132.6898956298828,309.1689147949219
412.6611022949219,48.64590072631836,130.80690002441406,308.3598937988281
412.0862121582031,46.329898834228516,124.00589752197266,311.2301025390625
410.46038818359375,47.28730010986328,135.68710327148438,312.24371337890625
417.23150634765625,44.430301666259766,131.47740173339844,315.11968994140625
416.712890625,46.65850067138672,127.88179779052734,310.974609375
417.08209228515625,44.60749816894531,127.46080017089844,313.1346130371094
414.1408996582031,46.56079864501953,134.952392578125,309.3150939941406
412.125,45.88100051879883,133.8574981689453,312.2325134277344
409.0130920410156,45.63119888305664,135.2091064453125,313.3128967285156
407.7565002441406,46.140098571777344,138.8321075439453,313.8598937988281
398.5270080566406,45.35689926147461,153.96800231933594,314.6430969238281
400.7774963378906,46.47959899902344,146.7541961669922,312.272705078125
403.21380615234375,46.705501556396484,145.7397003173828,313.29449462890625
406.0716857910156,44.923301696777344,140.0032958984375,315.0766906738281
410.4619140625,45.32160186767578,142.11289978027344,314.67840576171875
413.3918151855469,43.63779830932617,134.69839477539062,316.0945129394531
420.1044921875,44.67150115966797,130.33810424804688,314.06890869140625
418.5924987792969,45.6885986328125,133.56069946289062,311.14471435546875
417.855712890625,43.682899475097656,132.5959014892578,313.5259094238281
418.9862976074219,43.44179916381836,131.82839965820312,316.5581970214844
418.05889892578125,42.88090133666992,133.7928009033203,314.6888122558594
412.6455078125,44.044498443603516,141.74490356445312,314.2701110839844
407.0282897949219,48.17770004272461,146.5251007080078,311.8222961425781
403.40478515625,41.93259811401367,154.0727996826172,317.9100036621094
404.4632873535156,46.79669952392578,156.44619750976562,310.7232971191406
402.00311279296875,42.398399353027344,159.86659240722656,315.4005126953125
413.08880615234375,43.140499114990234,146.68370056152344,314.41790771484375
415.5325927734375,46.84629821777344,147.95339965820312,312.3839111328125
412.3633117675781,42.42649841308594,151.90609741210938,317.573486328125
403.2966003417969,42.34880065917969,163.02479553222656,314.3174133300781
415.7143859863281,42.34280014038086,144.79530334472656,315.7969970703125
411.9143981933594,43.818599700927734,160.1927947998047,316.181396484375
408.4621887207031,43.8390007019043,156.8612060546875,316.1610107421875
423.29278564453125,42.99420166015625,153.86849975585938,315.7950134277344
417.7508850097656,43.84989929199219,170.24850463867188,311.6339111328125
420.09649658203125,41.24530029296875,167.25070190429688,318.5757141113281
421.1803894042969,40.35110092163086,162.01519775390625,319.2294006347656
423.49200439453125,39.62480163574219,168.8647003173828,319.0712890625
422.30499267578125,37.7755012512207,179.74630737304688,320.7579040527344
421.7113952636719,37.22589874267578,185.66549682617188,322.0054016113281
421.0557861328125,36.714298248291016,186.48910522460938,323.28570556640625
419.73370361328125,38.09669876098633,198.1815948486328,321.9032897949219
422.5591125488281,34.91749954223633,198.55740356445312,323.0205993652344
423.91668701171875,38.605098724365234,193.6905975341797,321.3948974609375
421.7720031738281,40.04079818725586,193.55760192871094,319.7379150390625
418.2904968261719,37.3036994934082,198.9261016845703,321.92718505859375
420.1597900390625,37.143798828125,208.5565948486328,321.5163879394531
420.3196105957031,33.27360153198242,201.28939819335938,326.7264099121094
418.404296875,37.00899887084961,194.98440551757812,320.5826110839844
416.0028991699219,41.67879867553711,217.7490997314453,315.4696044921875
422.2383117675781,36.36000061035156,169.15530395507812,323.6400146484375
424.3619079589844,38.88180160522461,139.5019073486328,321.1181945800781
418.7085876464844,43.13370132446289,197.49740600585938,315.7314147949219
420.3887023925781,37.37519836425781,168.08140563964844,320.3406982421875
424.1192932128906,38.65950012207031,174.2686004638672,321.06451416015625
418.8576965332031,35.59130096435547,192.59750366210938,324.4088134765625
420.22509765625,35.0276985168457,190.09640502929688,321.3157043457031
426.2192077636719,33.1328010559082,184.6042938232422,325.6914978027344
420.4219055175781,38.94419860839844,139.2615966796875,319.95001220703125
416.7308044433594,42.34429931640625,162.6074981689453,317.0357971191406
416.08099365234375,38.099998474121094,187.18890380859375,320.1907043457031
419.1995849609375,36.260101318359375,142.84910583496094,322.76361083984375
413.2948913574219,39.33599853515625,159.75010681152344,319.1658935546875
410.4855041503906,40.29140090942383,154.03289794921875,317.14068603515625
413.0896911621094,41.08599853515625,154.68460083007812,318.84368896484375
410.3279113769531,42.838199615478516,152.9407958984375,315.0185852050781
407.4578857421875,44.329898834228516,155.02650451660156,314.3601989746094
408.90509033203125,41.821998596191406,150.7738037109375,316.20660400390625
405.29510498046875,40.55820083618164,156.62460327148438,318.435302734375
402.9012145996094,37.285499572753906,154.67750549316406,319.809814453125
401.198486328125,42.60499954223633,156.78439331054688,315.7337951660156
405.1256103515625,38.88970184326172,151.65879821777344,319.0400085449219
404.4988098144531,40.355499267578125,147.54519653320312,319.6445007324219
404.7008972167969,34.923500061035156,145.78030395507812,324.82159423828125
404.4942932128906,39.39780044555664,149.3450927734375,319.4361877441406
405.09051513671875,37.59280014038086,146.19979858398438,321.33221435546875
400.552490234375,36.93069839477539,151.37379455566406,323.0693054199219
404.43389892578125,39.87310028076172,147.43760681152344,319.7713928222656
400.0006103515625,39.34469985961914,152.25140380859375,318.8102111816406
405.09271240234375,40.931400299072266,147.08920288085938,318.9547119140625
406.0076904296875,41.15359878540039,147.32290649414062,317.5181884765625
408.2528076171875,40.910701751708984,144.6549072265625,316.6138000488281
403.3782043457031,42.886600494384766,152.7021942138672,317.1134033203125
407.9977111816406,41.86090087890625,148.08529663085938,313.2159118652344
408.1852111816406,44.37310028076172,154.9071044921875,315.62689208984375
407.7674865722656,45.81700134277344,154.5966033935547,312.2778015136719
406.13641357421875,47.73320007324219,159.3271942138672,309.8035888671875
409.2200927734375,48.06439971923828,158.87730407714844,310.5481872558594
412.6054992675781,45.308799743652344,159.67559814453125,313.11248779296875
414.44439697265625,52.57320022583008,161.96820068359375,306.1488952636719
417.5303039550781,54.051300048828125,144.69259643554688,305.9486999511719
420.0732116699219,46.6156005859375,150.15469360351562,313.3843994140625
413.4903869628906,52.57339859008789,153.17030334472656,304.6451110839844
423.0975036621094,54.312198638916016,146.13189697265625,304.02911376953125
416.49810791015625,49.84669876098633,142.60060119628906,310.1532897949219
425.5069885253906,50.16510009765625,143.51710510253906,309.37200927734375
425.2604064941406,52.24610137939453,136.343505859375,307.75390625
428.7417907714844,50.2775993347168,140.18739318847656,309.722412109375
426.5086975097656,49.82929992675781,136.22830200195312,308.1430969238281
426.4555969238281,47.2953987121582,143.05450439453125,312.70458984375
429.5447998046875,53.48889923095703,142.6844940185547,306.5111083984375
429.43890380859375,50.239898681640625,140.1298065185547,309.7601013183594
427.9695129394531,51.82630157470703,137.60890197753906,306.7421875
423.7029113769531,52.96730041503906,145.22030639648438,307.03271484375
422.5885925292969,53.23929977416992,146.21449279785156,306.7607116699219
421.8952941894531,53.9463996887207,144.85690307617188,305.998291015625
420.81890869140625,53.16019821166992,147.93460083007812,306.8398132324219
422.4562072753906,56.07400131225586,147.17050170898438,302.64190673828125
420.27288818359375,54.61399841308594,147.7187042236328,303.2090148925781
416.45819091796875,52.147701263427734,152.2313995361328,307.13848876953125
424.9189147949219,55.90010070800781,143.67630004882812,303.4294128417969
415.5498046875,51.470001220703125,154.01910400390625,308.53009033203125
422.98309326171875,53.593299865722656,143.91839599609375,306.4067077636719
419.2882080078125,52.27920150756836,149.8802032470703,307.7207946777344
424.3888854980469,51.55759811401367,149.52330017089844,308.4424133300781
429.99609375,53.07320022583008,138.6121063232422,305.3232116699219
426.1268005371094,53.96699905395508,151.2855987548828,306.0331115722656
433.08099365234375,55.635398864746094,146.4586944580078,304.3645935058594
432.43060302734375,54.390899658203125,147.33949279785156,302.7803955078125
433.42718505859375,55.559898376464844,141.22610473632812,304.4400939941406
434.29840087890625,53.67070007324219,130.8957061767578,306.3293151855469
433.31549072265625,54.01539993286133,134.77059936523438,305.9845886230469
434.83648681640625,52.486900329589844,133.17750549316406,307.5130920410156
432.8435974121094,50.290000915527344,142.3502960205078,309.7099914550781
429.9613952636719,54.371700286865234,145.96820068359375,305.6282958984375
431.56170654296875,47.19430160522461,143.51109313964844,309.9713134765625
429.1742858886719,52.45479965209961,148.24819946289062,307.5451965332031
429.47918701171875,53.72169876098633,136.9875946044922,303.72198486328125
430.2088928222656,50.3849983215332,138.48500061035156,309.6151123046875
429.0758972167969,52.49800109863281,140.28590393066406,306.6328125
429.1947937011719,50.43629837036133,144.5323028564453,308.35040283203125
430.1228942871094,52.33879852294922,139.16529846191406,307.66119384765625
429.12359619140625,51.42900085449219,140.73570251464844,307.256103515625
429.760498046875,49.6879997253418,136.9385986328125,310.31201171875
420.9324951171875,54.31999969482422,160.09970092773438,305.67999267578125
430.76129150390625,48.680198669433594,144.7552947998047,308.8987121582031
428.6766052246094,52.20370101928711,142.97430419921875,306.3931884765625
427.38128662109375,53.71440124511719,157.58349609375,305.7850036621094
429.3736877441406,51.842498779296875,141.39010620117188,308.1575012207031
426.0745849609375,49.91080093383789,157.88409423828125,309.6435852050781
428.5791931152344,59.39659881591797,134.49319458007812,300.6033935546875
429.0347900390625,54.173301696777344,131.20550537109375,305.8266906738281
428.5544128417969,50.32929992675781,127.17880249023438,309.6706848144531
426.73370361328125,48.90370178222656,138.0594940185547,311.0963134765625
427.035888671875,51.028099060058594,135.28990173339844,308.9718933105469
427.07281494140625,49.226600646972656,132.79910278320312,310.7734069824219
426.6531982421875,48.28329849243164,133.78399658203125,311.7167053222656
428.27880859375,44.923500061035156,133.90750122070312,314.4172058105469
427.4305114746094,49.898799896240234,142.61489868164062,310.1012878417969
427.2244873046875,50.39540100097656,138.61549377441406,309.6046142578125
427.7854919433594,48.223201751708984,136.0189971923828,311.77679443359375
428.05499267578125,43.505001068115234,131.8883056640625,316.4949951171875
428.1471862792969,44.81159973144531,148.94569396972656,315.1883850097656
429.1347961425781,49.448299407958984,132.66310119628906,310.55169677734375
429.5232849121094,48.56039810180664,154.57510375976562,311.3362121582031
427.6910095214844,49.7333984375,137.85009765625,309.152587890625
429.0777893066406,46.708099365234375,134.2227020263672,313.2919006347656
428.59100341796875,47.58409881591797,132.14840698242188,311.71710205078125
428.2272033691406,52.707298278808594,132.18499755859375,307.2926940917969
429.30780029296875,48.45479965209961,128.49330139160156,310.6642150878906
426.15509033203125,47.39289855957031,132.23739624023438,311.3788146972656
426.2539978027344,51.76729965209961,135.09649658203125,308.2326965332031
426.0869140625,48.57529830932617,145.40179443359375,311.4247131347656
424.36810302734375,48.62580108642578,128.75790405273438,311.3741149902344
420.3320007324219,48.51240158081055,148.55140686035156,310.4400939941406
426.0497131347656,53.28020095825195,129.84579467773438,306.71978759765625
420.0039978027344,45.480499267578125,139.6407012939453,314.5194091796875
418.801513671875,46.46989822387695,143.93919372558594,313.53009033203125
417.1603088378906,52.264198303222656,154.73939514160156,307.6462097167969
420.0083923339844,49.493900299072266,148.22979736328125,309.5401916503906
406.7222900390625,47.309200286865234,157.9792938232422,309.58929443359375
385.4128112792969,50.29460144042969,177.1468048095703,307.1953125
389.3037109375,49.693599700927734,171.05189514160156,308.4065856933594
390.8660888671875,48.942501068115234,167.7158966064453,311.0574951171875
362.6783142089844,50.560298919677734,197.939697265625,309.439697265625
416.0809020996094,50.820899963378906,143.64210510253906,308.3168029785156
386.3192138671875,47.1713981628418,171.80880737304688,310.46759033203125
357.05670166015625,46.7671012878418,203.12890625,310.30718994140625
377.3002014160156,53.996498107910156,180.522705078125,304.9819030761719
355.5331115722656,46.535701751708984,199.2176055908203,308.856201171875
357.0494079589844,51.81840133666992,203.06919860839844,306.22149658203125
369.7560119628906,52.67499923706055,179.5928955078125,305.84979248046875
343.993408203125,51.07160186767578,208.14840698242188,307.0797119140625
358.44000244140625,44.24290084838867,212.52560424804688,313.8019104003906
353.73419189453125,46.706199645996094,228.61819458007812,311.8555908203125
356.6763000488281,46.266300201416016,203.1865997314453,312.180908203125
382.5408935546875,52.145198822021484,175.65989685058594,306.8091125488281
402.3479919433594,50.222999572753906,155.74989318847656,309.25640869140625
378.4742126464844,50.52539825439453,181.5417938232422,309.34539794921875
376.6122131347656,51.421600341796875,188.20120239257812,307.3551940917969
347.5364074707031,51.68920135498047,214.1121063232422,306.3702087402344
365.85101318359375,48.02909851074219,189.03250122070312,311.97088623046875
365.0533142089844,56.89649963378906,190.53970336914062,300.4299011230469
379.7384033203125,51.09830093383789,171.5229034423828,308.3821105957031
364.6242980957031,52.18989944458008,189.05130004882812,307.7961120605469
386.5531921386719,54.879600524902344,166.99099731445312,300.62200927734375
373.1893005371094,51.24879837036133,178.70970153808594,307.1720886230469
373.40838623046875,50.471099853515625,177.63270568847656,309.1177062988281
384.74560546875,52.12369918823242,163.9279022216797,307.8763122558594
398.64898681640625,50.047401428222656,151.87359619140625,309.66290283203125
396.8019104003906,51.670799255371094,154.0177001953125,308.3291931152344
398.59149169921875,51.49480056762695,152.7626953125,308.3102111816406
411.2934875488281,51.072200775146484,140.8800048828125,308.92779541015625
412.2309875488281,47.75859832763672,138.38929748535156,312.24139404296875
415.33880615234375,50.444000244140625,136.67539978027344,309.5559997558594
415.4562072753906,51.38079833984375,136.94580078125,308.61920166015625
420.56109619140625,50.92359924316406,133.76170349121094,309.0763854980469
421.6278991699219,50.86399841308594,132.25759887695312,309.135986328125
419.4374084472656,49.80730056762695,137.39639282226562,310.19268798828125
418.7838134765625,47.63840103149414,138.99510192871094,312.3616027832031
413.6531982421875,47.446998596191406,145.99940490722656,312.5528869628906
403.94781494140625,50.44200134277344,156.8498992919922,309.5580139160156
385.58221435546875,55.35300064086914,184.59429931640625,304.6470031738281
355.2434997558594,46.52560043334961,221.5771026611328,311.0018005371094
359.2029113769531,43.13930130004883,221.9300994873047,311.8179931640625
352.36669921875,44.147701263427734,238.58599853515625,314.5365905761719
335.4684143066406,45.65660095214844,248.36380004882812,310.34759521484375
409.518310546875,43.62889862060547,166.206298828125,316.3294982910156
346.4356994628906,42.77389907836914,256.8804931640625,313.5262145996094
341.2113037109375,37.59360122680664,252.40379333496094,317.03900146484375
378.1866149902344,43.02299880981445,215.727294921875,314.6271057128906
361.2056884765625,38.3484001159668,243.83639526367188,320.90179443359375
378.0043029785156,37.562599182128906,214.01690673828125,321.2643127441406
355.8664855957031,40.54130172729492,223.98260498046875,316.92608642578125
339.1553955078125,40.206600189208984,247.33399963378906,319.7934875488281
370.5624084472656,38.05270004272461,204.03709411621094,318.3275146484375
364.56048583984375,39.97359848022461,212.19839477539062,320.0263977050781
397.3245849609375,46.17879867553711,170.67709350585938,313.8211975097656
382.7356872558594,38.80889892578125,184.4405975341797,321.19110107421875
410.0653991699219,41.30289840698242,148.05960083007812,318.6971130371094
390.00030517578125,34.38719940185547,173.67579650878906,325.61279296875
406.6393127441406,35.69779968261719,148.79530334472656,324.30218505859375
397.11370849609375,38.14680099487305,168.4720001220703,321.5494079589844
384.0643005371094,36.87879943847656,166.7987060546875,323.1211853027344
408.6908874511719,40.509300231933594,154.04690551757812,319.4908142089844
408.24749755859375,35.77370071411133,159.97039794921875,323.2554016113281
407.19439697265625,40.2593994140625,165.89169311523438,317.96148681640625
399.79400634765625,38.51430130004883,190.31210327148438,321.4856872558594
400.0805969238281,40.125701904296875,199.51759338378906,317.53009033203125
397.6058044433594,39.48619842529297,200.00970458984375,319.71051025390625
399.22491455078125,38.14419937133789,204.91079711914062,320.6789855957031
395.6069030761719,38.86750030517578,217.9967041015625,320.6448974609375
402.4523010253906,37.70439910888672,211.21080017089844,322.29559326171875
389.49609375,36.37080001831055,212.29530334472656,322.5436096191406
398.39080810546875,40.205501556396484,152.3217010498047,319.79449462890625
397.4325866699219,40.44139862060547,131.70849609375,317.50830078125
396.75628662109375,45.309200286865234,122.28260040283203,314.6907958984375
391.1466979980469,43.365299224853516,151.6990966796875,316.63470458984375
390.3861999511719,43.37739944458008,162.5207977294922,315.32879638671875
392.2992858886719,49.053199768066406,133.46640014648438,310.9468078613281
386.744384765625,43.73149871826172,159.3166046142578,316.0309143066406
390.2121887207031,45.30009841918945,150.41909790039062,314.69989013671875
393.78118896484375,43.477699279785156,114.27259826660156,315.45941162109375
