1
429.4005126953125,226.78289794921875,113.30889892578125,139.19720458984375
427.5342102050781,226.6053009033203,115.32150268554688,140.57029724121094
429.0273132324219,226.8383026123047,113.75740051269531,140.26699829101562
427.7710876464844,225.59860229492188,114.02059936523438,141.38299560546875
426.3008117675781,225.3665008544922,115.1323013305664,141.81410217285156
426.45098876953125,226.8842010498047,114.53579711914062,140.50369262695312
425.2106018066406,225.279296875,114.93460083007812,142.3697967529297
422.8179931640625,225.16819763183594,115.9176025390625,142.8509979248047
423.49139404296875,226.99830627441406,115.42160034179688,140.87820434570312
420.6964111328125,225.28359985351562,115.2052993774414,142.51060485839844
420.94769287109375,223.61549377441406,114.56420135498047,143.95260620117188
420.79010009765625,227.29969787597656,112.42980194091797,140.0612030029297
418.8750915527344,228.65829467773438,112.92759704589844,139.66879272460938
416.22210693359375,228.17430114746094,113.05879974365234,139.8863983154297
416.18121337890625,228.4521026611328,111.71070098876953,139.09620666503906
413.6427001953125,228.44859313964844,111.92980194091797,138.86529541015625
413.5392150878906,228.59669494628906,111.70780181884766,139.23460388183594
411.44268798828125,226.92239379882812,110.18099975585938,140.9488067626953
411.09161376953125,228.57119750976562,109.89779663085938,139.13380432128906
410.8293151855469,228.51109313964844,107.26419830322266,139.05020141601562
408.66241455078125,228.62359619140625,108.13410186767578,139.3739013671875
406.8063049316406,228.43690490722656,109.53109741210938,139.7530059814453
405.0007019042969,228.581298828125,110.69229888916016,139.62109375
403.94500732421875,229.51939392089844,109.13410186767578,141.14959716796875
401.0902099609375,230.46910095214844,106.6250991821289,139.29879760742188
398.2638854980469,234.0644989013672,111.87760162353516,137.68319702148438
395.5093078613281,237.93890380859375,106.96869659423828,137.93960571289062
392.8554992675781,239.6168975830078,108.20010375976562,138.3905029296875
392.4888916015625,243.0491943359375,105.08910369873047,134.7628936767578
390.98651123046875,244.09140014648438,104.33999633789062,134.22129821777344
391.9278869628906,242.88800048828125,103.86859893798828,133.4752960205078
391.6575012207031,244.96560668945312,102.3844985961914,129.06869506835938
390.4444885253906,243.3623046875,103.2833023071289,128.21670532226562
389.6510925292969,242.86180114746094,104.89550018310547,127.46959686279297
389.2586975097656,241.2259063720703,104.45819854736328,126.65239715576172
389.0259094238281,235.52439880371094,106.69760131835938,130.27059936523438
389.2222900390625,233.19960021972656,108.29720306396484,129.04010009765625
387.4473876953125,231.3780975341797,110.9365005493164,129.35690307617188
387.0545959472656,230.06219482421875,114.26480102539062,127.85669708251953
385.8335876464844,227.1457977294922,114.15299987792969,127.91490173339844
385.7124938964844,227.37649536132812,119.9990005493164,126.52510070800781
385.6039123535156,227.78790283203125,122.93280029296875,125.0093994140625
385.5909118652344,225.39349365234375,123.24549865722656,126.74169921875
385.1636962890625,226.63999938964844,123.89209747314453,124.8551025390625
384.730712890625,225.3686065673828,115.8759994506836,124.62139892578125
383.1647033691406,225.46560668945312,117.83419799804688,123.92900085449219
381.34539794921875,226.49380493164062,121.39179992675781,121.92109680175781
380.4801940917969,224.1627960205078,123.43949890136719,123.3407974243164
379.49169921875,222.0261993408203,130.1905059814453,124.34459686279297
379.32379150390625,220.4958953857422,134.59800720214844,124.78389739990234
380.1144104003906,221.3726043701172,131.46420288085938,121.06710052490234
381.52978515625,219.56719970703125,131.3258056640625,122.68560028076172
382.21868896484375,218.73089599609375,129.16810607910156,122.78720092773438
383.7217102050781,217.7917938232422,129.19920349121094,123.2583999633789
385.9237060546875,215.1031036376953,126.21900177001953,125.01959991455078
388.2323913574219,213.67030334472656,123.34660339355469,127.77400207519531
390.28118896484375,213.04429626464844,118.2654037475586,127.16549682617188
393.5010986328125,213.96969604492188,113.25759887695312,125.79290008544922
395.7298889160156,213.23089599609375,112.90879821777344,125.07379913330078
397.99591064453125,213.4528045654297,110.21929931640625,123.82430267333984
401.3431091308594,214.48919677734375,107.4197006225586,121.8125
399.347412109375,213.34939575195312,109.98049926757812,122.70809936523438
396.4599914550781,212.83509826660156,114.306396484375,122.25789642333984
396.2799987792969,211.10009765625,114.68419647216797,123.58059692382812
396.0848083496094,211.5644989013672,116.00530242919922,122.5728988647461
393.1211853027344,210.63600158691406,121.25559997558594,123.31539916992188
403.5592956542969,212.40719604492188,112.11579895019531,121.35990142822266
405.597412109375,211.76739501953125,113.20899963378906,121.46769714355469
411.9035949707031,212.25070190429688,109.26509857177734,120.99749755859375
419.468505859375,215.7913055419922,102.9749984741211,117.75279998779297
420.6106872558594,214.8618927001953,105.53379821777344,119.27110290527344
425.5049133300781,217.05169677734375,102.75060272216797,117.55059814453125
429.22918701171875,217.65159606933594,101.78520202636719,116.05999755859375
427.96270751953125,218.14039611816406,105.4135971069336,117.29570007324219
431.23199462890625,219.10879516601562,105.25,115.53399658203125
432.0237121582031,221.17250061035156,106.99870300292969,113.32499694824219
435.01300048828125,220.75559997558594,105.62200164794922,114.89679718017578
437.89898681640625,220.8072967529297,104.93830108642578,114.70369720458984
439.67730712890625,221.1549072265625,104.4540023803711,113.10870361328125
443.9562072753906,223.0023956298828,101.55079650878906,112.64089965820312
446.6622009277344,221.6540069580078,100.29350280761719,113.5385971069336
450.3700866699219,222.33380126953125,98.91649627685547,113.2970962524414
452.67230224609375,222.470703125,98.01460266113281,112.66459655761719
455.4353942871094,222.37660217285156,97.70140075683594,113.1969985961914
457.38958740234375,222.18179321289062,96.68830108642578,113.36959838867188
459.7793884277344,221.772705078125,96.85559844970703,112.87960052490234
463.5502014160156,219.88479614257812,93.52749633789062,115.0479965209961
464.281494140625,219.78720092773438,94.23829650878906,114.66809844970703
467.3066101074219,219.7082977294922,92.94969940185547,113.63289642333984
467.4424133300781,218.28439331054688,92.99099731445312,114.79949951171875
471.5765075683594,218.4394989013672,90.29969787597656,114.10530090332031
472.3547058105469,217.27940368652344,91.56269836425781,115.46099853515625
478.2909851074219,216.97720336914062,86.1333999633789,115.73200225830078
478.4258117675781,217.6103973388672,86.7688980102539,114.78929901123047
481.11669921875,215.08790588378906,84.94380187988281,117.48639678955078
483.86468505859375,215.00900268554688,83.23719787597656,117.3948974609375
488.42730712890625,214.6298065185547,80.89640045166016,117.56700134277344
491.2970886230469,213.4311981201172,79.9375,118.83979797363281
492.6361999511719,212.53900146484375,80.60179901123047,119.29070281982422
493.11639404296875,212.05270385742188,82.72270202636719,119.06659698486328
494.9637145996094,213.66490173339844,81.79740142822266,117.3113021850586
495.8829040527344,216.2563018798828,82.68800354003906,114.91449737548828
499.7030944824219,215.89480590820312,81.32279968261719,114.660400390625
499.7033996582031,206.48660278320312,82.05000305175781,123.5281982421875
502.1462097167969,215.25650024414062,82.6218032836914,113.25019836425781
504.4306945800781,216.3242950439453,82.81659698486328,113.22010040283203
500.23590087890625,217.14430236816406,88.76860046386719,110.53690338134766
503.4840087890625,216.21620178222656,88.65679931640625,112.66169738769531
500.418701171875,216.07679748535156,93.32630157470703,111.38700103759766
506.0777893066406,215.1804962158203,89.99700164794922,112.78189849853516
502.3039855957031,217.1748046875,95.84539794921875,110.06510162353516
502.2702941894531,215.56410217285156,97.18219757080078,112.456298828125
503.1346130371094,215.8625946044922,98.07319641113281,112.2406005859375
503.25048828125,215.23089599609375,98.36620330810547,111.47850036621094
504.62451171875,214.4781951904297,97.64730072021484,112.3823013305664
505.39898681640625,213.57290649414062,97.4655990600586,112.44429779052734
505.9408874511719,212.10629272460938,96.09020233154297,113.70950317382812
509.0057067871094,213.20840454101562,92.64009857177734,112.7759017944336
507.6250915527344,212.1175994873047,91.51740264892578,112.23819732666016
510.36090087890625,209.84620666503906,88.76830291748047,115.07080078125
509.6510925292969,210.59390258789062,87.47329711914062,114.07530212402344
510.45880126953125,201.1345977783203,85.30370330810547,123.3938980102539
510.1614074707031,196.6177978515625,83.01850128173828,129.85879516601562
509.64990234375,185.8553924560547,82.01490020751953,140.4853057861328
509.6958923339844,175.9071044921875,81.40740203857422,151.6990966796875
508.4298095703125,175.7187957763672,80.57559967041016,152.2550048828125
507.8981018066406,190.03160095214844,79.81210327148438,137.16729736328125
508.8316955566406,197.24349975585938,78.25599670410156,129.77560424804688
508.0248107910156,202.60789489746094,78.07649993896484,123.88919830322266
507.4923095703125,206.33009338378906,78.54409790039062,117.6134033203125
508.1438903808594,199.15719604492188,77.11000061035156,126.00640106201172
507.6310119628906,203.66270446777344,75.45850372314453,122.27140045166016
506.4565124511719,204.4322967529297,76.43779754638672,120.27050018310547
506.7326965332031,199.28689575195312,75.88919830322266,125.10240173339844
506.9424133300781,203.73240661621094,74.83439636230469,120.46859741210938
506.6429138183594,194.389892578125,76.11640167236328,132.38690185546875
506.88629150390625,186.41259765625,75.48609924316406,139.3769989013672
504.9093933105469,185.78729248046875,75.99349975585938,138.73069763183594
506.67919921875,193.40440368652344,74.8396987915039,133.46609497070312
503.5884094238281,180.4597930908203,82.59970092773438,145.29949951171875
504.6517028808594,182.07159423828125,75.29290008544922,143.6240997314453
502.33380126953125,197.601806640625,77.60379791259766,130.1555938720703
501.7820129394531,194.23060607910156,80.51439666748047,135.13040161132812
504.07958984375,181.58880615234375,79.1355972290039,147.17010498046875
504.5898132324219,180.64939880371094,78.67620086669922,147.9031982421875
502.5492858886719,180.3892059326172,79.4197998046875,148.31520080566406
502.25189208984375,183.63870239257812,77.63289642333984,145.82589721679688
501.89599609375,184.01539611816406,77.86109924316406,145.8343963623047
500.3644104003906,194.3874969482422,79.71880340576172,136.64190673828125
497.7605895996094,187.47940063476562,81.95449829101562,145.98300170898438
496.676513671875,186.18409729003906,82.24340057373047,148.12950134277344
494.1253967285156,202.71620178222656,85.34400177001953,131.3072967529297
491.5586853027344,212.53480529785156,88.2072982788086,120.00910186767578
489.480712890625,216.13519287109375,90.89469909667969,113.86250305175781
489.8879089355469,215.46299743652344,91.9740982055664,114.28299713134766
488.43951416015625,215.61399841308594,94.58329772949219,113.99250030517578
485.6675109863281,214.6107940673828,97.82980346679688,114.65630340576172
485.8576965332031,215.07130432128906,98.26329803466797,112.88069915771484
484.5967102050781,212.9862060546875,99.84700012207031,112.84809875488281
482.87548828125,212.0924072265625,102.06839752197266,112.03890228271484
481.07501220703125,210.22779846191406,104.77639770507812,111.63379669189453
480.36810302734375,208.86959838867188,106.54060363769531,110.2406997680664
481.01129150390625,209.39039611816406,106.33450317382812,108.68769836425781
483.293701171875,208.75880432128906,105.40280151367188,108.61949920654297
486.0888977050781,208.25030517578125,103.66200256347656,109.67250061035156
487.4905090332031,207.19520568847656,103.84110260009766,108.32029724121094
490.22808837890625,205.88160705566406,100.4052963256836,109.91280364990234
492.09259033203125,207.49789428710938,98.8604965209961,108.34950256347656
494.222900390625,207.80740356445312,97.20320129394531,107.41100311279297
497.8517150878906,209.91819763183594,94.13349914550781,105.529296875
499.8669128417969,208.64109802246094,93.0696029663086,106.68000030517578
503.40069580078125,209.11599731445312,89.43789672851562,105.73970031738281
507.3727111816406,209.06829833984375,85.34980010986328,105.43150329589844
509.993408203125,208.40240478515625,84.35399627685547,106.04299926757812
513.8256225585938,205.53720092773438,80.0479965209961,108.40589904785156
518.0081787109375,200.37950134277344,76.15499877929688,115.88939666748047
522.2797241210938,206.33090209960938,70.83390045166016,108.97370147705078
524.6978759765625,206.09890747070312,67.96600341796875,109.87190246582031
527.039794921875,202.97630310058594,65.88619995117188,113.10030364990234
528.022216796875,200.564697265625,65.22650146484375,114.76170349121094
531.2777709960938,204.59759521484375,61.74250030517578,112.01339721679688
526.7041015625,182.61439514160156,66.19750213623047,134.41600036621094
529.844482421875,197.19039916992188,61.9900016784668,120.35030364990234
532.4918823242188,211.5926971435547,59.76129913330078,107.74569702148438
530.997802734375,206.422607421875,62.03900146484375,112.23789978027344
530.9713134765625,200.34939575195312,60.87139892578125,117.92350006103516
528.3400268554688,197.87210083007812,62.66189956665039,120.73429870605469
525.4290771484375,201.56500244140625,65.14289855957031,118.71829986572266
526.3546752929688,211.8256072998047,64.80680084228516,109.13469696044922
527.8698120117188,211.5471954345703,64.53389739990234,108.5020980834961
525.4442138671875,203.8437042236328,66.11070251464844,117.44229888916016
528.3333129882812,205.97659301757812,63.973899841308594,114.94329833984375
528.3839721679688,211.1031951904297,63.81570053100586,110.506103515625
523.0703735351562,204.0207061767578,69.68250274658203,117.2031021118164
528.7955932617188,200.23590087890625,62.88970184326172,119.95189666748047
527.6577758789062,207.42140197753906,64.31849670410156,113.3760986328125
525.5654296875,211.80039978027344,66.58419799804688,109.13629913330078
512.210693359375,214.90640258789062,80.61380004882812,104.61979675292969
517.2471923828125,214.0301971435547,74.52539825439453,106.21720123291016
519.5687255859375,213.91319274902344,71.68250274658203,106.53849792480469
507.97430419921875,216.21890258789062,83.07720184326172,103.54810333251953
509.8212890625,210.33380126953125,80.25240325927734,110.97339630126953
505.12060546875,214.34060668945312,83.48809814453125,105.08499908447266
506.34271240234375,216.10499572753906,82.57530212402344,105.09249877929688
503.8367919921875,213.9029998779297,82.64430236816406,107.37239837646484
500.2453918457031,217.67689514160156,85.48739624023438,103.07099914550781
511.18310546875,213.99620056152344,74.95390319824219,107.82039642333984
515.3502197265625,213.6947021484375,67.5105972290039,108.24490356445312
497.2236022949219,211.885498046875,85.01339721679688,108.4468994140625
497.8768005371094,216.55859375,83.55139923095703,104.39689636230469
505.5826110839844,213.6405029296875,73.28910064697266,107.25920104980469
507.6567077636719,214.71859741210938,70.0436019897461,105.55829620361328
506.2333068847656,212.16830444335938,69.80840301513672,108.5614013671875
504.5845031738281,210.64239501953125,71.22229766845703,109.31179809570312
504.9446105957031,214.76609802246094,70.2677993774414,105.51339721679688
504.3857116699219,206.6708984375,68.66190338134766,113.69709777832031
501.77960205078125,202.10389709472656,69.76190185546875,118.45079803466797
497.5533142089844,215.30020141601562,72.57080078125,107.31089782714844
497.0409851074219,213.210693359375,72.94419860839844,108.21170043945312
491.4006042480469,217.8502960205078,77.16560363769531,103.71510314941406
488.7065124511719,215.1461944580078,80.58290100097656,106.39640045166016
485.35089111328125,216.36380004882812,84.50810241699219,105.42330169677734
481.1585998535156,215.84689331054688,85.56849670410156,107.6344985961914
479.8100891113281,216.28970336914062,86.95220184326172,108.26689910888672
475.0611877441406,217.75759887695312,89.85449981689453,108.06759643554688
474.66680908203125,215.47869873046875,91.27970123291016,111.45030212402344
472.5143127441406,212.19540405273438,89.8364028930664,113.48580169677734
464.5033874511719,213.685302734375,96.76300048828125,111.36650085449219
443.3568115234375,215.00799560546875,116.2384033203125,112.80359649658203
434.5953063964844,214.08859252929688,123.34449768066406,117.60279846191406
418.64080810546875,211.71820068359375,137.2581024169922,119.16929626464844
417.268798828125,214.20379638671875,134.2664031982422,109.716796875
440.1785888671875,210.01710510253906,111.30509948730469,115.88580322265625
443.1596984863281,213.8885955810547,106.19519805908203,115.68589782714844
425.9468078613281,219.90350341796875,114.02120208740234,109.19229888916016
452.198486328125,212.9969940185547,90.42949676513672,115.01129913330078
449.93609619140625,219.9857940673828,86.20339965820312,108.37220001220703
384.0403137207031,224.58050537109375,149.9185028076172,105.0833969116211
452.64849853515625,204.46499633789062,82.06680297851562,120.59500122070312
402.86468505859375,213.6772003173828,134.93930053710938,112.75
406.96380615234375,202.11940002441406,128.6793975830078,117.8447036743164
409.7981872558594,200.9093017578125,115.20099639892578,123.43730163574219
411.81109619140625,192.25390625,129.0402069091797,131.71380615234375
409.79791259765625,187.25180053710938,123.60030364990234,132.55799865722656
407.15899658203125,186.96180725097656,120.90489959716797,136.57550048828125
403.0447082519531,187.0991973876953,129.7563934326172,122.13939666748047
404.2593994140625,193.70880126953125,124.72820281982422,110.31379699707031
392.56170654296875,198.097900390625,115.1957015991211,92.89920043945312
392.5354919433594,202.57919311523438,97.02940368652344,80.55229949951172
446.5179138183594,183.82510375976562,94.16999816894531,105.88289642333984
398.9142150878906,183.95179748535156,125.14199829101562,99.09010314941406
410.42230224609375,200.53529357910156,98.939697265625,84.17500305175781
410.3835144042969,187.2427978515625,119.62889862060547,100.28079986572266
421.74481201171875,183.89480590820312,85.03289794921875,99.50340270996094
420.1559143066406,192.6678924560547,80.381103515625,90.68109893798828
420.2178039550781,195.74989318847656,95.2396011352539,90.85859680175781
424.3741149902344,203.9683074951172,71.82679748535156,76.50370025634766
424.4161071777344,191.6800994873047,106.22959899902344,94.0353012084961
432.4247131347656,194.46560668945312,78.59269714355469,90.1978988647461
431.77508544921875,203.88839721679688,85.3843002319336,78.86750030517578
428.0640869140625,200.18760681152344,91.37830352783203,83.35810089111328
429.4667053222656,203.01089477539062,84.7781982421875,79.54319763183594
436.8833923339844,206.2926025390625,81.8501968383789,78.94779968261719
439.42718505859375,203.29530334472656,67.53800201416016,76.40509796142578
443.9872131347656,181.86300659179688,100.42880249023438,104.14179992675781
447.7846984863281,183.9302978515625,98.4749984741211,100.89199829101562
448.3457946777344,180.45269775390625,96.67019653320312,103.10769653320312
440.6982116699219,192.04949951171875,76.37470245361328,87.92569732666016
442.19378662109375,189.72659301757812,81.6250991821289,94.74169921875
441.2091979980469,190.0319061279297,101.63269805908203,95.95439910888672
442.1871032714844,186.77760314941406,103.05889892578125,99.55850219726562
439.3916931152344,187.5200958251953,107.59839630126953,98.84040069580078
438.6151123046875,188.1717071533203,104.44840240478516,96.20939636230469
437.0498962402344,196.4468994140625,86.97709655761719,85.1990966796875
436.2930908203125,194.63070678710938,83.83499908447266,87.21070098876953
435.7051086425781,181.78709411621094,104.00810241699219,99.58110046386719
432.02020263671875,174.94700622558594,118.07550048828125,106.9968032836914
428.8445129394531,180.73060607910156,107.88130187988281,102.89320373535156
424.5118103027344,178.2335968017578,63.20640182495117,84.44580078125
423.1116943359375,179.44960021972656,64.87950134277344,90.95600128173828
421.5910949707031,177.2292938232422,80.7708969116211,95.53890228271484
421.105712890625,170.50929260253906,116.17729949951172,105.51249694824219
418.84490966796875,168.5626983642578,96.4406967163086,105.50160217285156
420.5538024902344,167.53509521484375,107.65689849853516,109.11540222167969
413.52069091796875,164.0438995361328,82.32499694824219,98.83599853515625
408.2112121582031,166.6002960205078,71.07510375976562,88.79350280761719
401.95440673828125,166.74729919433594,140.51800537109375,108.13069915771484
389.03240966796875,167.1855926513672,156.7760009765625,113.560302734375
401.01239013671875,166.91749572753906,169.99609375,118.76170349121094
488.2213134765625,178.6894989013672,73.78350067138672,104.67410278320312
468.8200988769531,178.2563934326172,97.00460052490234,102.49479675292969
457.9963073730469,194.41490173339844,113.07730102539062,90.28559875488281
495.03009033203125,181.65260314941406,74.20429992675781,101.12329864501953
500.6153869628906,189.03379821777344,72.84980010986328,92.47059631347656
504.5570983886719,186.63059997558594,73.02890014648438,96.2385025024414
506.2532043457031,189.99139404296875,73.65440368652344,95.44170379638672
508.1112976074219,193.060302734375,73.39610290527344,94.84320068359375
506.6687927246094,194.93499755859375,75.89360046386719,96.10659790039062
509.44061279296875,197.54229736328125,72.59089660644531,96.10269927978516
509.7041015625,199.37030029296875,71.8373031616211,97.21630096435547
508.5087890625,202.10159301757812,71.60929870605469,97.83170318603516
506.4765930175781,200.48699951171875,70.97319793701172,99.09149932861328
504.6070861816406,202.59210205078125,72.43409729003906,97.56220245361328
499.1106872558594,204.82989501953125,76.61389923095703,95.24500274658203
498.8826904296875,210.30490112304688,77.80280303955078,87.97139739990234
499.2243957519531,205.15530395507812,77.15879821777344,94.02239990234375
500.5246887207031,200.99270629882812,73.552001953125,95.12779998779297
496.8706970214844,202.17909240722656,74.956298828125,93.9177017211914
496.83050537109375,198.83970642089844,75.56809997558594,98.66570281982422
497.0989074707031,201.58920288085938,71.78459930419922,95.25659942626953
493.9761047363281,202.21949768066406,73.62030029296875,93.30259704589844
490.0616149902344,202.01400756835938,74.74739837646484,94.78170013427734
490.0523986816406,203.0435028076172,73.45369720458984,93.7511978149414
489.1881103515625,202.57130432128906,71.95800018310547,95.71820068359375
489.1958923339844,205.9871063232422,69.79350280761719,95.77989959716797
486.8106994628906,204.1584014892578,69.45780181884766,95.99800109863281
484.1206970214844,209.0655975341797,69.16110229492188,91.40679931640625
483.65069580078125,205.78799438476562,68.27400207519531,96.91629791259766
480.0889892578125,205.04800415039062,68.81839752197266,98.1718978881836
479.0060119628906,204.03370666503906,68.53790283203125,100.25669860839844
477.9320068359375,205.3347930908203,68.07420349121094,98.34989929199219
474.27398681640625,205.72579956054688,68.81060028076172,96.48880004882812
473.214599609375,203.9678955078125,67.91570281982422,100.22730255126953
470.46600341796875,202.92120361328125,69.2970962524414,99.51429748535156
466.6860046386719,207.02940368652344,71.51300048828125,95.79429626464844
467.88958740234375,205.69419860839844,68.98930358886719,96.55940246582031
465.7838134765625,206.7270050048828,68.3373031616211,96.841796875
463.5369873046875,205.6652069091797,71.38600158691406,97.77169799804688
463.1075134277344,208.0625,70.41590118408203,96.61219787597656
453.518310546875,205.21670532226562,82.1415023803711,122.58599853515625
448.47760009765625,206.07400512695312,86.96050262451172,120.78630065917969
453.243408203125,209.30029296875,82.76809692382812,118.23280334472656
450.8705139160156,215.30799865722656,83.08209991455078,111.63459777832031
449.0729064941406,209.4665985107422,81.71730041503906,118.36139678955078
453.30511474609375,206.398193359375,82.07839965820312,122.12419891357422
453.1781921386719,212.7425994873047,79.73490142822266,113.99369812011719
457.8489990234375,215.2248992919922,77.8041000366211,113.5780029296875
446.244384765625,212.01629638671875,87.2334976196289,113.685302734375
447.54400634765625,211.63330078125,86.69120025634766,117.35700225830078
458.3009033203125,213.22549438476562,75.34989929199219,111.48880004882812
450.8360900878906,215.36050415039062,80.98919677734375,110.12629699707031
459.8042907714844,217.6811065673828,68.15630340576172,100.67050170898438
454.10211181640625,217.36749267578125,67.49859619140625,85.80580139160156
450.64520263671875,215.04029846191406,77.17620086669922,110.15270233154297
447.32489013671875,217.44920349121094,81.99649810791016,110.51699829101562
449.3328857421875,216.9199981689453,79.40070343017578,111.03209686279297
449.8351135253906,216.07069396972656,78.06800079345703,113.01419830322266
448.3124084472656,214.74710083007812,77.19779968261719,110.10559844970703
444.7974853515625,214.75979614257812,80.6854019165039,108.7354965209961
444.0252990722656,210.67970275878906,81.24639892578125,112.26219940185547
439.9991149902344,214.25999450683594,85.05509948730469,107.98539733886719
440.318115234375,214.7805938720703,85.44210052490234,106.96690368652344
442.12451171875,211.66419982910156,82.80919647216797,108.41950225830078
447.5268859863281,213.9665985107422,76.47370147705078,105.3666000366211
454.215087890625,211.26280212402344,69.78189849853516,104.86309814453125
455.24951171875,220.0749969482422,68.3499984741211,94.77850341796875
451.80718994140625,221.71609497070312,70.63089752197266,93.06320190429688
452.5105895996094,210.82440185546875,71.34490203857422,103.19380187988281
451.67041015625,212.8986053466797,72.7531967163086,99.97370147705078
450.59991455078125,213.52769470214844,72.99140167236328,100.96690368652344
451.4107971191406,214.36610412597656,70.99400329589844,97.94390106201172
449.9183044433594,212.8397979736328,72.01840209960938,97.92179870605469
453.8522033691406,212.22959899902344,67.09239959716797,96.2520980834961
459.6748962402344,216.0872039794922,61.07339859008789,84.31950378417969
466.58709716796875,218.69810485839844,52.41339874267578,73.2031021118164
462.3835144042969,215.92520141601562,55.78269958496094,79.51940155029297
464.664306640625,221.73289489746094,52.57120132446289,72.67749786376953
462.26580810546875,230.3686981201172,51.98030090332031,63.50669860839844
459.9950866699219,227.07249450683594,52.24959945678711,68.18049621582031
457.6866149902344,230.49070739746094,54.68299865722656,70.45179748535156
460.00079345703125,228.1282958984375,51.0791015625,66.1167984008789
456.6117858886719,228.6466064453125,51.861698150634766,73.10579681396484
454.8724060058594,233.83770751953125,53.86040115356445,62.712501525878906
442.3717956542969,223.04339599609375,66.15570068359375,85.8113021850586
438.0356140136719,221.0876007080078,70.87359619140625,89.73259735107422
438.8597106933594,223.76100158691406,67.87999725341797,87.8114013671875
440.2008056640625,223.51280212402344,65.37850189208984,89.22109985351562
440.06549072265625,229.3480987548828,62.89310073852539,82.60209655761719
440.5740966796875,233.76319885253906,61.42279815673828,77.77130126953125
434.2106018066406,230.5386962890625,67.2074966430664,81.46289825439453
429.2565002441406,224.45379638671875,72.29810333251953,87.5634994506836
424.7475891113281,220.2342987060547,77.8375015258789,89.97370147705078
433.6003112792969,229.39430236816406,65.27780151367188,79.2073974609375
424.9920959472656,220.11180114746094,76.36219787597656,88.67620086669922
423.93548583984375,221.28579711914062,73.89679718017578,87.16280364990234
426.1693115234375,229.30320739746094,69.93250274658203,78.76139831542969
423.2745056152344,220.52450561523438,75.78369903564453,84.96109771728516
422.8949890136719,220.4134063720703,70.72109985351562,83.38749694824219
421.9794006347656,222.77439880371094,65.98500061035156,82.62670135498047
421.5857849121094,225.79190063476562,69.99210357666016,80.2874984741211
420.1289978027344,223.02859497070312,70.58769989013672,82.44560241699219
420.5365905761719,224.58030700683594,67.80979919433594,80.29979705810547
420.6658935546875,224.72369384765625,71.20690155029297,80.1541976928711
419.7283935546875,221.2523956298828,73.57330322265625,83.89830017089844
428.6122131347656,230.3784942626953,61.51900100708008,73.85569763183594
424.6346130371094,231.07749938964844,64.37789916992188,71.99929809570312
419.94488525390625,221.85079956054688,72.21640014648438,83.77330017089844
423.7715148925781,225.28689575195312,65.21620178222656,79.65070343017578
420.3517150878906,222.0435028076172,69.818603515625,83.44989776611328
422.581298828125,226.23350524902344,67.04830169677734,79.73269653320312
420.7325134277344,226.5612030029297,67.65139770507812,79.26239776611328
421.735107421875,225.8820037841797,64.57260131835938,79.35700225830078
421.3304138183594,227.41720581054688,61.81949996948242,78.1624984741211
421.1011962890625,228.93820190429688,65.70539855957031,77.13099670410156
421.6221923828125,228.35400390625,64.21029663085938,77.44509887695312
419.9642028808594,227.30039978027344,64.81159973144531,77.20220184326172
417.8634948730469,227.76109313964844,66.74169921875,76.7499008178711
419.6846923828125,229.74159240722656,63.1422004699707,73.40760040283203
416.9762878417969,225.38169860839844,67.25679779052734,78.66809844970703
422.7007141113281,234.19140625,61.15879821777344,67.94039916992188
415.5215148925781,223.61810302734375,68.32579803466797,79.29180145263672
421.8214111328125,230.38720703125,62.16080093383789,70.78800201416016
432.0530090332031,227.39500427246094,49.72309875488281,69.69499969482422
416.90771484375,228.98680114746094,63.79990005493164,70.55390167236328
419.0613098144531,223.10299682617188,64.28230285644531,76.99960327148438
425.0367126464844,228.5428009033203,55.9906005859375,69.3916015625
409.6531066894531,226.46670532226562,71.6010971069336,75.25499725341797
421.42340087890625,229.5142059326172,60.1068000793457,68.26570129394531
422.7703857421875,227.85719299316406,57.27479934692383,70.22380065917969
419.34979248046875,226.30569458007812,60.85580062866211,71.32479858398438
416.5299072265625,223.46929931640625,62.17399978637695,72.9188003540039
420.8109130859375,226.52020263671875,55.60689926147461,66.64140319824219
425.856689453125,226.67979431152344,51.182701110839844,60.58919906616211
428.62359619140625,233.41009521484375,46.841400146484375,59.44129943847656
417.4607849121094,227.97740173339844,58.64179992675781,68.0864028930664
414.82269287109375,225.21380615234375,60.15620040893555,75.05719757080078
415.7803955078125,231.1116943359375,58.02119827270508,70.31510162353516
413.6004943847656,225.38099670410156,57.827701568603516,76.16310119628906
413.86920166015625,234.75360107421875,56.51530075073242,67.86129760742188
416.2821960449219,233.82989501953125,53.630699157714844,66.54740142822266
411.0751037597656,228.02349853515625,58.47869873046875,72.4302978515625
411.9377136230469,230.22549438476562,56.87519836425781,70.43920135498047
409.2229919433594,229.5565948486328,60.21440124511719,71.36920166015625
409.8550109863281,234.29209899902344,51.63600158691406,63.645198822021484
406.08099365234375,223.33779907226562,62.846900939941406,75.84120178222656
407.3497009277344,251.20559692382812,49.14540100097656,46.962799072265625
406.5616149902344,235.53309631347656,55.5635986328125,64.10710144042969
401.6370849609375,204.64889526367188,66.96829986572266,93.69609832763672
400.96710205078125,229.56520080566406,66.33290100097656,68.9292984008789
399.72369384765625,221.74180603027344,69.04090118408203,74.72119903564453
405.22711181640625,231.75369262695312,62.20909881591797,65.01509857177734
401.3841857910156,220.54299926757812,67.28289794921875,74.9813003540039
404.1535949707031,235.14410400390625,57.378501892089844,59.95970153808594
401.9643859863281,219.9864959716797,63.78200149536133,73.81050109863281
410.4659118652344,236.93099975585938,46.29079818725586,57.348899841308594
405.2948913574219,229.3123016357422,58.08039855957031,65.02490234375
402.62469482421875,223.2928009033203,61.41680145263672,68.6875
407.0447082519531,235.8813018798828,48.5890998840332,55.859798431396484
403.15838623046875,227.0959930419922,57.56779861450195,66.58899688720703
403.6202087402344,228.9217987060547,55.77560043334961,63.00170135498047
404.42340087890625,228.1383056640625,56.35340118408203,63.84149932861328
404.5841064453125,230.41700744628906,54.3286018371582,62.53670120239258
403.75579833984375,227.89840698242188,56.192501068115234,64.4823989868164
403.3891906738281,226.502197265625,59.00339889526367,66.59700012207031
404.13128662109375,233.59860229492188,57.7400016784668,60.0265998840332
403.3443908691406,225.752197265625,58.59260177612305,68.24919891357422
405.6492919921875,234.0012969970703,55.40959930419922,59.485801696777344
405.7710876464844,227.89930725097656,55.88199996948242,67.4791030883789
405.89678955078125,232.9813995361328,55.0255012512207,62.45859909057617
404.9247131347656,216.1634063720703,57.89030075073242,79.5145034790039
405.9292907714844,233.79299926757812,54.729698181152344,60.319000244140625
406.6973876953125,227.50790405273438,56.24359893798828,66.77780151367188
405.5259094238281,229.8813934326172,56.177799224853516,63.82229995727539
405.6658020019531,231.6479034423828,56.20949935913086,60.920501708984375
406.8500061035156,227.89779663085938,55.64739990234375,65.14630126953125
404.525390625,234.55580139160156,57.96160125732422,59.01969909667969
407.1435852050781,231.69400024414062,54.62269973754883,61.133201599121094
404.1883850097656,229.70030212402344,58.753700256347656,64.06169891357422
403.5216064453125,230.46420288085938,58.46620178222656,61.99079895019531
403.5616149902344,228.75379943847656,59.022098541259766,64.47589874267578
403.80621337890625,230.12449645996094,57.9807014465332,62.763099670410156
404.64581298828125,227.45159912109375,57.402198791503906,64.15399932861328
403.80731201171875,225.2353973388672,57.77370071411133,66.21769714355469
403.92388916015625,230.89939880371094,57.0004997253418,60.88589859008789
413.5158996582031,229.92990112304688,49.37889862060547,60.550201416015625
406.8893127441406,221.6759033203125,52.30009841918945,68.31600189208984
409.2984924316406,233.49510192871094,50.56439971923828,54.25659942626953
406.63800048828125,227.34890747070312,51.93659973144531,59.84749984741211
407.2651062011719,227.53489685058594,52.53499984741211,59.15650177001953
406.5823974609375,226.8592071533203,52.69279861450195,60.26029968261719
405.6023864746094,228.90640258789062,52.369300842285156,57.73659896850586
406.87200927734375,228.25360107421875,51.374298095703125,60.309600830078125
404.180908203125,225.39410400390625,53.838600158691406,64.81729888916016
405.4287109375,229.29510498046875,50.18659973144531,61.09510040283203
402.3215026855469,225.4615020751953,53.614898681640625,65.20659637451172
404.6925048828125,228.63499450683594,50.63529968261719,61.5
401.9495849609375,229.4311065673828,53.71630096435547,64.66819763183594
403.14111328125,227.67539978027344,51.841800689697266,63.936500549316406
401.4609069824219,228.3778076171875,51.89500045776367,63.45930099487305
402.01708984375,226.99249267578125,52.508399963378906,63.693599700927734
402.034912109375,230.69790649414062,52.47740173339844,60.586700439453125
400.2287902832031,227.47630310058594,54.149898529052734,63.06370162963867
400.676513671875,230.38900756835938,54.486000061035156,60.50590133666992
399.3046875,228.0054931640625,54.96080017089844,62.66350173950195
398.5563049316406,237.28909301757812,51.67399978637695,54.21070098876953
398.7687072753906,234.64199829101562,51.03030014038086,57.94929885864258
396.7320861816406,230.00430297851562,57.1775016784668,63.446998596191406
396.0473937988281,231.3936004638672,59.15650177001953,61.301300048828125
395.7879943847656,227.72740173339844,59.85660171508789,65.318603515625
395.4801025390625,229.38580322265625,60.31169891357422,62.36050033569336
394.4132080078125,227.9853973388672,61.20309829711914,66.03900146484375
394.6763000488281,227.91110229492188,61.013301849365234,63.90140151977539
395.8193054199219,227.25999450683594,60.86650085449219,65.13269805908203
395.65478515625,228.6457977294922,61.60169982910156,62.55780029296875
395.6182861328125,226.8842010498047,59.990299224853516,65.16960144042969
397.29949951171875,225.2873992919922,58.358299255371094,66.96369934082031
398.6180114746094,227.32200622558594,56.341400146484375,65.08200073242188
398.452392578125,226.01019287109375,55.2411994934082,66.2886962890625
396.2007141113281,224.9832000732422,56.030601501464844,66.443603515625
400.38739013671875,224.62330627441406,51.69089889526367,66.8916015625
397.6684875488281,225.25880432128906,53.62540054321289,64.71279907226562
399.1134948730469,225.54139709472656,52.59120178222656,65.09320068359375
395.6626892089844,224.02330017089844,53.947601318359375,67.0177001953125
399.2347106933594,226.0655975341797,50.471099853515625,65.74720001220703
