1
444.1836853027344,74.3395004272461,46.400001525878906,44.36140060424805
442.372314453125,75.12439727783203,45.87820053100586,43.64059829711914
438.6946105957031,76.3031997680664,46.3650016784668,44.95249938964844
435.8236999511719,77.06590270996094,47.037899017333984,44.862098693847656
433.4529113769531,77.7759017944336,47.39580154418945,44.73400115966797
431.5535888671875,78.04000091552734,45.78730010986328,44.55550003051758
429.44140625,78.66179656982422,45.57619857788086,45.140899658203125
427.58270263671875,79.45429992675781,45.61589813232422,45.53229904174805
424.8356018066406,79.97820281982422,46.29439926147461,45.17729949951172
423.99560546875,80.74939727783203,45.69969940185547,45.235599517822266
422.0533142089844,82.07710266113281,45.71099853515625,45.12189865112305
420.5581970214844,81.84750366210938,46.00510025024414,45.47719955444336
420.0992126464844,84.1697006225586,45.467098236083984,45.34339904785156
418.7073974609375,85.16719818115234,46.236900329589844,45.86840057373047
418.71990966796875,86.94329833984375,46.07529830932617,45.63309860229492
418.04949951171875,88.82990264892578,45.50529861450195,45.8661003112793
418.2034912109375,91.66429901123047,46.145999908447266,45.99129867553711
417.2383117675781,93.32720184326172,46.11920166015625,46.35369873046875
417.48858642578125,94.99559783935547,46.200199127197266,46.611900329589844
416.977294921875,96.74469757080078,46.433799743652344,47.163700103759766
417.9814147949219,97.9395980834961,46.280601501464844,47.317501068115234
418.322998046875,98.4009017944336,46.86539840698242,46.6973991394043
417.6466064453125,98.7042007446289,46.904701232910156,47.24639892578125
418.0625915527344,99.5438003540039,46.695701599121094,47.053001403808594
419.1117858886719,99.6041030883789,46.46989822387695,46.812198638916016
417.9368896484375,99.24369812011719,46.91239929199219,46.7781982421875
417.6590881347656,99.14029693603516,48.26559829711914,47.140201568603516
418.9537048339844,99.38020324707031,47.108699798583984,46.93389892578125
419.7732849121094,99.44609832763672,45.17829895019531,46.82040023803711
420.2691955566406,98.87840270996094,45.54719924926758,46.77389907836914
419.64459228515625,98.31809997558594,45.61050033569336,47.502201080322266
419.818603515625,99.11669921875,45.68009948730469,45.94240188598633
419.7626953125,99.83159637451172,45.58039855957031,45.143699645996094
419.7499084472656,99.24220275878906,44.94029998779297,44.813899993896484
419.747802734375,97.64420318603516,45.6427001953125,45.140899658203125
418.747314453125,97.32710266113281,45.53889846801758,44.69620132446289
419.20159912109375,95.82420349121094,45.85139846801758,45.213199615478516
417.8207092285156,93.90149688720703,47.222900390625,45.271400451660156
419.1925048828125,92.56279754638672,45.10929870605469,45.859798431396484
418.981689453125,92.45790100097656,44.93840026855469,45.18009948730469
419.180908203125,89.50399780273438,44.75790023803711,46.180301666259766
418.6398010253906,89.34929656982422,44.963199615478516,45.01530075073242
419.1227111816406,89.51380157470703,45.57310104370117,44.45090103149414
420.3197937011719,89.2594985961914,44.71780014038086,44.522701263427734
419.8179016113281,89.25579833984375,45.97719955444336,43.706298828125
421.10308837890625,89.24440002441406,44.83250045776367,44.01729965209961
422.3223876953125,90.65779876708984,44.62969970703125,43.27159881591797
423.3648986816406,92.06819915771484,45.03670120239258,43.05720138549805
425.6488952636719,93.69660186767578,45.38679885864258,41.59199905395508
428.1003112792969,94.79949951171875,44.91270065307617,42.12419891357422
429.349609375,94.68730163574219,44.34239959716797,41.82640075683594
431.481689453125,95.58580017089844,45.07509994506836,41.82600021362305
434.4620056152344,96.79290008544922,44.46070098876953,42.150901794433594
435.7015075683594,97.29630279541016,44.246700286865234,42.22480010986328
438.1346130371094,98.12049865722656,44.83539962768555,43.23780059814453
439.4241027832031,98.87789916992188,44.71849822998047,44.46269989013672
440.69970703125,98.87930297851562,45.2140007019043,44.75510025024414
442.3174133300781,100.40899658203125,45.022499084472656,44.15620040893555
442.9057922363281,99.67469787597656,45.182498931884766,46.22809982299805
443.3019104003906,101.4197006225586,45.92399978637695,45.45320129394531
443.0556945800781,99.6583023071289,46.5442008972168,46.641700744628906
444.0199890136719,102.29129791259766,46.15869903564453,44.92179870605469
443.90618896484375,101.6843032836914,45.520599365234375,45.66360092163086
443.98651123046875,101.71810150146484,46.845401763916016,46.462100982666016
444.0096130371094,103.12000274658203,46.30459976196289,46.889801025390625
443.44171142578125,104.09040069580078,45.85639953613281,45.944801330566406
443.1252136230469,104.45989990234375,47.37139892578125,46.1609001159668
443.35980224609375,104.00479888916016,46.626800537109375,46.83639907836914
443.08209228515625,104.43470001220703,48.62310028076172,47.87580108642578
443.9726867675781,105.32749938964844,46.13869857788086,45.1327018737793
442.92608642578125,105.7654037475586,47.14720153808594,46.38930130004883
443.2665100097656,104.96610260009766,48.385398864746094,46.60490036010742
443.56561279296875,104.36360168457031,47.58300018310547,47.282798767089844
442.0307922363281,105.00640106201172,48.95869827270508,46.89080047607422
442.0809020996094,105.41120147705078,47.374000549316406,47.79790115356445
441.9104919433594,105.35279846191406,48.92829895019531,46.702701568603516
442.2030944824219,105.95989990234375,47.685699462890625,46.84870147705078
441.9974060058594,106.39219665527344,47.9921989440918,47.784698486328125
441.10791015625,107.64320373535156,48.15829849243164,47.6068000793457
441.1235046386719,108.28510284423828,49.33890151977539,47.7577018737793
441.8450927734375,107.58409881591797,48.75619888305664,47.21770095825195
441.20098876953125,109.03369903564453,47.86050033569336,46.81489944458008
440.4757080078125,108.97239685058594,48.842498779296875,46.83530044555664
440.1163024902344,107.57440185546875,49.4463996887207,48.750701904296875
441.3294982910156,108.37079620361328,48.77009963989258,48.14080047607422
440.12890625,108.61640167236328,50.06679916381836,47.4995002746582
441.4444885253906,109.24749755859375,47.01559829711914,44.64229965209961
441.781494140625,108.68409729003906,45.57279968261719,45.574798583984375
441.9844970703125,108.32550048828125,45.17359924316406,46.258201599121094
441.86590576171875,107.9218978881836,45.06079864501953,45.6796989440918
442.7862854003906,107.56310272216797,44.78879928588867,46.1260986328125
442.2948913574219,108.62429809570312,45.72669982910156,45.265201568603516
442.2099914550781,108.41960144042969,46.028900146484375,46.289398193359375
442.939208984375,109.51470184326172,44.697601318359375,45.50299835205078
443.019287109375,109.21430206298828,45.39550018310547,45.04869842529297
443.5893859863281,109.50299835205078,46.424800872802734,45.829200744628906
443.92340087890625,108.70649719238281,45.79970169067383,46.58869934082031
444.26739501953125,109.83100128173828,44.75279998779297,44.65250015258789
442.6419982910156,109.08930206298828,48.837501525878906,47.833099365234375
443.2890930175781,109.7843017578125,47.764801025390625,47.79169845581055
443.693603515625,109.5824966430664,47.11980056762695,47.70140075683594
442.09991455078125,110.12850189208984,48.01750183105469,47.37289810180664
441.42449951171875,109.90019989013672,47.929100036621094,48.31520080566406
442.09478759765625,109.40689849853516,46.81890106201172,47.61899948120117
441.20770263671875,109.38079833984375,48.820899963378906,48.82099914550781
440.6841125488281,110.81410217285156,46.948699951171875,47.124298095703125
439.60150146484375,111.60469818115234,46.75279998779297,46.88779830932617
440.0412902832031,112.42870330810547,47.282501220703125,46.88570022583008
438.9060974121094,113.31179809570312,47.702598571777344,46.27880096435547
438.76031494140625,113.82060241699219,46.95970153808594,46.85419845581055
438.1886901855469,113.8384017944336,46.1244010925293,46.44200134277344
435.7085876464844,112.35150146484375,48.7661018371582,48.3765983581543
436.029296875,114.17829895019531,46.361900329589844,46.01919937133789
436.5610046386719,115.17510223388672,47.592498779296875,45.243900299072266
437.4563903808594,113.12480163574219,44.644100189208984,44.77450180053711
438.39129638671875,113.79049682617188,44.42720031738281,44.72129821777344
438.5259094238281,111.24259948730469,43.70199966430664,46.77429962158203
438.8157958984375,111.27989959716797,44.361698150634766,46.60089874267578
438.8546142578125,110.23030090332031,45.292598724365234,47.837501525878906
438.9978942871094,110.0947036743164,46.589698791503906,47.47909927368164
439.1881103515625,109.35179901123047,47.11399841308594,47.1254997253418
441.418212890625,108.17900085449219,45.8827018737793,46.6692008972168
441.718505859375,107.27670288085938,47.35150146484375,47.17380142211914
441.8843994140625,106.6353988647461,49.08399963378906,45.86640167236328
443.5682067871094,105.22579956054688,47.0984001159668,46.91559982299805
443.5025939941406,105.63510131835938,47.08409881591797,46.258399963378906
443.6343078613281,104.59300231933594,48.07640075683594,47.450401306152344
443.89739990234375,103.16600036621094,49.94839859008789,48.58549880981445
445.05059814453125,102.4645004272461,49.948001861572266,48.52399826049805
445.251708984375,101.8501968383789,50.8921012878418,48.905399322509766
445.32110595703125,101.04679870605469,52.794898986816406,52.077301025390625
446.6980895996094,100.13999938964844,51.8838005065918,51.6515998840332
447.6791076660156,100.72699737548828,51.964900970458984,50.2848014831543
448.9172058105469,100.48780059814453,52.05759811401367,53.43119812011719
449.510986328125,99.55699920654297,53.21870040893555,52.170101165771484
449.3122863769531,100.7428970336914,53.326698303222656,52.75419998168945
450.8121032714844,99.618896484375,52.68550109863281,52.56079864501953
450.0270080566406,100.87689971923828,53.443599700927734,52.79159927368164
451.0075988769531,99.74009704589844,53.36220169067383,53.807899475097656
449.28021240234375,101.01909637451172,57.74399948120117,54.04610061645508
451.85211181640625,100.71289825439453,54.869598388671875,53.05160140991211
448.82550048828125,100.1344985961914,58.624698638916016,56.217201232910156
450.82989501953125,99.66950225830078,56.22200012207031,56.860198974609375
447.8299865722656,100.7958984375,59.57389831542969,54.933101654052734
446.4577941894531,100.42839813232422,61.42340087890625,55.82899856567383
449.9088134765625,99.82319641113281,57.73740005493164,56.60459899902344
450.10101318359375,100.1769027709961,57.2036018371582,56.05440139770508
450.244384765625,99.76529693603516,57.484500885009766,56.14099884033203
448.8453063964844,101.4896011352539,57.75210189819336,54.65169906616211
450.56988525390625,100.13710021972656,56.55220031738281,56.427101135253906
448.6695861816406,101.50479888916016,59.31740188598633,55.324798583984375
452.4045104980469,100.98860168457031,56.16170120239258,54.319400787353516
448.7550964355469,99.47260284423828,58.89899826049805,55.35449981689453
446.3821105957031,100.872802734375,61.12910079956055,54.42729949951172
450.67950439453125,99.09709930419922,57.51340103149414,56.039798736572266
451.4762878417969,99.58930206298828,60.47200012207031,56.193199157714844
452.16241455078125,100.49009704589844,54.63949966430664,53.37540054321289
451.6964111328125,100.12770080566406,55.74380111694336,53.64289855957031
453.1090087890625,101.18569946289062,54.27470016479492,52.37480163574219
452.8268127441406,101.76909637451172,55.27799987792969,53.24079895019531
451.6080017089844,101.43589782714844,55.99769973754883,53.27239990234375
452.7273864746094,100.23729705810547,55.04690170288086,54.04119873046875
452.2312927246094,101.01119995117188,54.27519989013672,52.29460144042969
452.5014953613281,100.66840362548828,54.75559997558594,53.62540054321289
451.835205078125,101.04989624023438,55.51250076293945,53.7151985168457
451.7322082519531,101.21019744873047,54.70669937133789,53.2864990234375
451.51800537109375,101.61219787597656,54.26240158081055,52.9213981628418
451.1077880859375,100.86579895019531,54.69820022583008,54.479698181152344
450.38690185546875,101.62159729003906,54.267799377441406,53.13859939575195
450.45831298828125,102.68360137939453,53.785301208496094,52.74150085449219
449.2301940917969,103.5968017578125,54.35490036010742,53.02790069580078
447.75311279296875,104.55789947509766,54.504398345947266,51.73970031738281
446.6250915527344,105.27469635009766,54.27519989013672,52.93199920654297
446.4903869628906,106.57499694824219,54.1161003112793,52.109901428222656
444.8706970214844,107.58940124511719,56.12480163574219,52.8932991027832
443.62921142578125,108.7322006225586,55.47169876098633,52.82659912109375
443.9137878417969,109.1166000366211,54.21440124511719,52.14759826660156
442.3114013671875,110.3125,55.30459976196289,50.870399475097656
443.30670166015625,110.85919952392578,54.527400970458984,52.794498443603516
442.13409423828125,111.29769897460938,54.95330047607422,51.255001068115234
442.4255065917969,112.34500122070312,54.5906982421875,50.224098205566406
441.0299987792969,112.34980010986328,54.82379913330078,50.287899017333984
442.0082092285156,111.74649810791016,53.14540100097656,51.031700134277344
442.2351989746094,110.927001953125,53.12699890136719,50.476898193359375
441.3013000488281,110.99929809570312,53.81769943237305,50.81880187988281
442.33929443359375,110.29149627685547,52.675201416015625,49.65650177001953
441.510009765625,108.69670104980469,53.007198333740234,50.84600067138672
440.9627990722656,109.70030212402344,52.75450134277344,50.13859939575195
441.7869873046875,107.86869812011719,51.4025993347168,49.26380157470703
441.5791931152344,106.9551010131836,51.65230178833008,50.060298919677734
441.4501037597656,107.2697982788086,51.51029968261719,49.706600189208984
440.8037109375,107.00599670410156,50.70370101928711,49.16469955444336
440.2361145019531,106.52339935302734,51.24440002441406,50.162498474121094
440.2860107421875,107.27300262451172,50.42210006713867,50.02939987182617
440.0989074707031,107.4115982055664,49.38629913330078,49.48889923095703
439.3356018066406,106.86009979248047,51.04790115356445,50.6239013671875
439.3512878417969,107.72769927978516,49.5,48.97669982910156
438.00738525390625,106.84310150146484,52.32849884033203,50.049800872802734
438.485107421875,107.04049682617188,50.057899475097656,49.942501068115234
439.5450134277344,107.30149841308594,50.245399475097656,49.70500183105469
438.1640930175781,108.36930084228516,49.48889923095703,48.3734016418457
437.99481201171875,106.6438980102539,50.8588981628418,50.854801177978516
439.3382873535156,106.9448013305664,48.75299835205078,49.722599029541016
439.0718994140625,108.38939666748047,49.07939910888672,48.22600173950195
438.6524963378906,108.20089721679688,49.096900939941406,48.63169860839844
438.3988037109375,106.85559844970703,49.64939880371094,50.375099182128906
438.3799133300781,107.74299621582031,48.700199127197266,48.90530014038086
438.5555114746094,108.40650177001953,48.22710037231445,48.80419921875
438.7301940917969,107.49859619140625,49.49720001220703,49.717899322509766
438.9482116699219,107.84130096435547,48.279998779296875,49.03229904174805
437.0768127441406,106.720703125,51.1599006652832,50.97669982910156
439.1361083984375,107.39230346679688,50.57889938354492,50.371498107910156
438.4458923339844,106.59449768066406,51.74470138549805,50.82160186767578
438.6913146972656,106.74909973144531,51.55649948120117,50.11330032348633
437.77459716796875,106.97799682617188,52.5255012512207,50.781700134277344
438.2547912597656,105.99909973144531,51.394500732421875,51.38010025024414
437.9216003417969,105.89759826660156,52.96540069580078,51.009700775146484
437.7406005859375,106.06169891357422,53.168701171875,51.240501403808594
437.9892883300781,105.78939819335938,52.41889953613281,50.600101470947266
435.8479919433594,105.01580047607422,55.64080047607422,52.70800018310547
438.1321105957031,105.33930206298828,52.55009841918945,52.138999938964844
439.5636901855469,104.94270324707031,52.261600494384766,52.1713981628418
438.0788879394531,104.56919860839844,53.041900634765625,51.10319900512695
437.96820068359375,104.78099822998047,51.86119842529297,51.55630111694336
437.3503112792969,106.04900360107422,52.71260070800781,52.69879913330078
437.37860107421875,106.37239837646484,51.75400161743164,50.62310028076172
436.489501953125,107.22650146484375,51.834999084472656,50.81999969482422
437.5845031738281,106.79609680175781,50.280399322509766,50.154598236083984
436.60760498046875,108.59269714355469,52.4541015625,50.63249969482422
436.39739990234375,109.99819946289062,51.23360061645508,47.8400993347168
436.67279052734375,110.46399688720703,48.95009994506836,47.5171012878418
436.2361145019531,110.42140197753906,48.404598236083984,47.86130142211914
436.1754150390625,109.41690063476562,48.384498596191406,48.70669937133789
436.5675964355469,111.30599975585938,47.410301208496094,48.31589889526367
435.7109069824219,112.09850311279297,47.95429992675781,48.1598014831543
436.03509521484375,111.30010223388672,47.339698791503906,48.14979934692383
435.4039001464844,112.04070281982422,47.581600189208984,48.6510009765625
434.15960693359375,112.55490112304688,47.877601623535156,47.72560119628906
434.3039855957031,112.94300079345703,48.12220001220703,48.467899322509766
435.90618896484375,113.12899780273438,46.46670150756836,47.7510986328125
434.5845031738281,113.37370300292969,46.534698486328125,47.0192985534668
434.3948059082031,114.06849670410156,46.93920135498047,47.83509826660156
434.10870361328125,114.21040344238281,48.48139953613281,48.34320068359375
434.6317138671875,114.8280029296875,47.41270065307617,46.925899505615234
434.2662048339844,115.31529998779297,47.50410079956055,46.52349853515625
435.6064147949219,115.61730194091797,45.90129852294922,47.144500732421875
435.7995910644531,115.47200012207031,46.88420104980469,47.32569885253906
436.6838073730469,114.92680358886719,45.574501037597656,47.057498931884766
437.4551086425781,117.18370056152344,46.526798248291016,47.218299865722656
436.1192932128906,115.57260131835938,46.137001037597656,48.8218994140625
436.8970947265625,116.81009674072266,45.90079879760742,47.216400146484375
436.1841125488281,118.28839874267578,46.69670104980469,45.69070053100586
436.4819030761719,116.8093032836914,45.451900482177734,46.56529998779297
436.8258972167969,117.45359802246094,45.825199127197266,45.364498138427734
436.2373962402344,115.92489624023438,46.74449920654297,47.48509979248047
436.57501220703125,118.15850067138672,46.24570083618164,46.937198638916016
436.4276123046875,116.58910369873047,47.11199951171875,48.03350067138672
437.0492858886719,117.27369689941406,46.19670104980469,46.78850173950195
435.7160949707031,116.62210083007812,48.2218017578125,47.86539840698242
437.4283142089844,117.73040008544922,45.26919937133789,46.46390151977539
436.7226867675781,118.01399993896484,46.870399475097656,44.89509963989258
432.2463073730469,116.40470123291016,49.848899841308594,46.896400451660156
436.3089904785156,116.01830291748047,47.7848014831543,47.30569839477539
436.7139892578125,116.63020324707031,46.36790084838867,45.48139953613281
435.82659912109375,115.92559814453125,46.90599822998047,45.93349838256836
434.4248046875,113.36669921875,48.55910110473633,47.68600082397461
437.11761474609375,116.27110290527344,45.99140167236328,47.13460159301758
435.3794860839844,115.64219665527344,47.755401611328125,48.358001708984375
437.0257873535156,117.23889923095703,46.19309997558594,46.73569869995117
437.7947998046875,116.12129974365234,46.5181999206543,46.62369918823242
435.9554138183594,116.7510986328125,47.90230178833008,46.42290115356445
436.92620849609375,116.90879821777344,48.63639831542969,46.424800872802734
436.5635070800781,116.41899871826172,48.05120086669922,46.05440139770508
435.4381103515625,116.12149810791016,49.110801696777344,47.29930114746094
436.45709228515625,115.58059692382812,47.915000915527344,46.86470031738281
436.776611328125,116.07230377197266,47.265899658203125,46.10100173950195
436.470703125,114.77940368652344,45.8828010559082,46.679500579833984
436.81219482421875,113.88569641113281,47.977298736572266,47.647499084472656
436.1083984375,116.12129974365234,46.99399948120117,46.026798248291016
436.7170104980469,116.51709747314453,46.043399810791016,45.20989990234375
435.3908996582031,116.35260009765625,45.85689926147461,46.13999938964844
435.5899963378906,118.04740142822266,47.28139877319336,45.74129867553711
435.5423889160156,117.4614028930664,35.40620040893555,46.144798278808594
436.07611083984375,116.80030059814453,46.06769943237305,45.93659973144531
435.544189453125,116.43509674072266,47.1515007019043,47.654598236083984
436.92608642578125,115.69539642333984,45.992000579833984,47.608299255371094
437.0899963378906,116.05819702148438,46.4208984375,47.08430099487305
437.7063903808594,114.09850311279297,45.61280059814453,46.76279830932617
436.8844909667969,115.30599975585938,46.725101470947266,46.60580062866211
437.7135009765625,114.72489929199219,45.861900329589844,47.481998443603516
436.9731140136719,114.31279754638672,47.77479934692383,48.026100158691406
437.6863098144531,114.59329986572266,45.9556999206543,47.95930099487305
437.3309020996094,114.25340270996094,46.202701568603516,45.7755012512207
438.0671081542969,113.29149627685547,46.90890121459961,47.52989959716797
437.7395935058594,113.13500213623047,47.05039978027344,46.56990051269531
438.8258972167969,113.64849853515625,46.481201171875,47.39799880981445
438.5622863769531,113.09940338134766,46.456199645996094,46.93629837036133
439.0603942871094,112.3926010131836,46.35770034790039,47.34510040283203
439.88629150390625,113.15579986572266,45.572601318359375,46.2406005859375
437.7456970214844,112.53669738769531,47.816200256347656,48.32830047607422
439.8659973144531,112.29180145263672,46.24340057373047,46.926998138427734
439.98529052734375,113.47579956054688,46.475799560546875,47.01559829711914
438.705810546875,113.26219940185547,47.06669998168945,46.51369857788086
438.8204040527344,112.3125,46.84189987182617,45.470699310302734
437.9320983886719,111.85449981689453,47.21440124511719,47.34640121459961
438.12030029296875,112.01119995117188,46.458099365234375,46.045501708984375
439.3052062988281,112.6448974609375,45.577301025390625,47.32040023803711
438.7040100097656,114.67030334472656,46.51839828491211,46.72209930419922
438.8971862792969,114.09970092773438,46.7244987487793,46.056400299072266
438.8851013183594,115.2499008178711,46.465301513671875,47.212100982666016
438.8185119628906,115.3406982421875,46.311500549316406,47.61819839477539
439.0476989746094,115.70439910888672,45.377899169921875,47.939998626708984
438.0694885253906,118.0426025390625,45.648799896240234,45.539398193359375
438.87579345703125,119.4801025390625,46.049400329589844,46.104400634765625
436.46051025390625,120.20459747314453,45.974098205566406,46.18939971923828
435.6460876464844,120.94339752197266,44.30270004272461,45.10210037231445
436.485107421875,122.24909973144531,44.10350036621094,43.4718017578125
433.69439697265625,122.82389831542969,44.182498931884766,44.74300003051758
433.8534851074219,123.56890106201172,43.28300094604492,45.376399993896484
433.8268127441406,126.31050109863281,41.330299377441406,40.6078987121582
431.964111328125,126.38569641113281,43.13140106201172,43.58810043334961
430.3674011230469,126.66549682617188,43.91350173950195,44.76369857788086
432.8125915527344,127.18260192871094,41.37030029296875,43.650299072265625
430.7456970214844,127.19339752197266,42.37419891357422,45.00659942626953
429.81781005859375,128.35740661621094,42.66659927368164,44.86280059814453
430.010986328125,128.0518035888672,43.543800354003906,44.918399810791016
430.14898681640625,128.02220153808594,42.38180160522461,45.1510009765625
429.41680908203125,127.99919891357422,42.50559997558594,44.94240188598633
429.84149169921875,127.73789978027344,42.0349006652832,45.658599853515625
429.7497863769531,128.2198028564453,41.94029998779297,45.223899841308594
429.0368957519531,129.24949645996094,42.8306999206543,45.11520004272461
430.48388671875,128.30389404296875,42.51100158691406,46.42890167236328
430.2503967285156,128.86399841308594,41.910499572753906,44.48830032348633
429.7095031738281,128.9683074951172,41.51319885253906,45.78049850463867
430.27191162109375,128.3303985595703,41.99580001831055,47.33219909667969
430.79620361328125,130.54690551757812,42.44279861450195,44.88890075683594
429.7569885253906,129.58050537109375,42.965301513671875,46.029598236083984
429.5981140136719,128.8385009765625,43.89459991455078,45.714298248291016
429.8208923339844,128.8455047607422,43.79199981689453,45.26430130004883
428.86920166015625,130.201904296875,44.46189880371094,43.03089904785156
419.6510009765625,123.47429656982422,53.99290084838867,51.5718994140625
426.8294982910156,128.67880249023438,47.20220184326172,45.73099899291992
429.7041015625,129.03309631347656,44.794498443603516,44.02220153808594
428.93548583984375,128.86289978027344,45.996299743652344,44.16389846801758
427.377197265625,128.55490112304688,46.17409896850586,46.547000885009766
428.53289794921875,126.50479888916016,45.15380096435547,47.358299255371094
425.99468994140625,127.77529907226562,45.47880172729492,45.75090026855469
426.7251892089844,126.96630096435547,45.13750076293945,47.52920150756836
425.8994140625,128.539306640625,45.41999816894531,44.82899856567383
425.6899108886719,130.28309631347656,44.4827995300293,43.972198486328125
424.1402893066406,126.83090209960938,45.433998107910156,46.73759841918945
424.5752868652344,128.47149658203125,44.79119873046875,45.54280090332031
426.1672058105469,127.622802734375,43.1614990234375,45.747398376464844
422.4690856933594,130.23500061035156,44.92390060424805,44.52989959716797
416.6239929199219,121.5103988647461,51.40359878540039,50.6254997253418
422.4148864746094,123.58820343017578,45.98509979248047,46.8317985534668
422.2890930175781,124.56590270996094,45.99509811401367,44.33869934082031
422.46099853515625,122.60479736328125,45.799400329589844,45.15119934082031
424.7690124511719,120.5907974243164,45.084598541259766,43.2947998046875
424.6383972167969,117.89969635009766,43.57640075683594,46.50529861450195
424.9801025390625,117.46820068359375,43.270599365234375,43.43109893798828
425.1437072753906,115.62259674072266,42.89469909667969,45.58599853515625
425.5965881347656,114.11750030517578,43.05580139160156,45.852699279785156
424.90850830078125,112.00599670410156,44.43050003051758,45.47890090942383
425.36590576171875,111.07160186767578,43.667999267578125,45.32210159301758
425.19049072265625,110.13939666748047,43.96839904785156,45.19200134277344
424.21490478515625,108.43679809570312,44.37730026245117,46.404701232910156
424.98638916015625,107.95449829101562,44.15639877319336,45.8296012878418
424.6048889160156,106.58159637451172,44.27299880981445,45.87950134277344
425.2379150390625,106.17379760742188,44.26689910888672,45.22740173339844
425.61248779296875,105.99669647216797,44.53260040283203,45.35609817504883
426.018310546875,104.70120239257812,45.3119010925293,45.56230163574219
427.345703125,105.25980377197266,45.12409973144531,45.0609016418457
428.4883117675781,102.90049743652344,45.523101806640625,46.20830154418945
427.98651123046875,101.3385009765625,47.70790100097656,45.6525993347168
429.7597961425781,98.86430358886719,47.12929916381836,47.27619934082031
429.5700988769531,97.38520050048828,48.002201080322266,48.429100036621094
428.7843017578125,95.48819732666016,48.451499938964844,48.600399017333984
427.3139953613281,94.84639739990234,49.83470153808594,48.579200744628906
425.91949462890625,91.2074966430664,49.77909851074219,49.94380187988281
424.0751953125,90.63179779052734,49.57680130004883,48.913700103759766
420.92529296875,86.61840057373047,51.851600646972656,51.40760040283203
416.6778869628906,84.78929901123047,51.19900131225586,50.69940185546875
409.4530029296875,83.060302734375,52.342201232910156,51.565101623535156
402.9023132324219,79.94159698486328,52.94430160522461,53.687801361083984
397.2120056152344,78.239501953125,50.5005989074707,53.415199279785156
388.9737854003906,79.08159637451172,51.00360107421875,50.419498443603516
378.3858947753906,74.33409881591797,52.28379821777344,53.75239944458008
369.9566955566406,73.73149871826172,50.35129928588867,54.36360168457031
356.0028991699219,73.95030212402344,54.61880111694336,53.19309997558594
343.9988098144531,71.96189880371094,54.8572998046875,55.21870040893555
331.3611145019531,75.18250274658203,54.028900146484375,52.20029830932617
320.2311096191406,75.1604995727539,54.48820114135742,54.58340072631836
308.5181884765625,77.49310302734375,54.4202995300293,51.98740005493164
300.03131103515625,80.1885986328125,49.02069854736328,51.72610092163086
288.06390380859375,83.5781021118164,48.07400131225586,50.26129913330078
276.4101867675781,86.37830352783203,47.7849006652832,49.4911003112793
265.3384094238281,86.76349639892578,50.057498931884766,49.207698822021484
255.09970092773438,88.4573974609375,47.78350067138672,50.409400939941406
246.72219848632812,89.12439727783203,51.595298767089844,51.190799713134766
240.96929931640625,89.83270263671875,45.57400131225586,47.82809829711914
237.6157989501953,90.57029724121094,44.40439987182617,46.412899017333984
231.4197998046875,89.80079650878906,44.904998779296875,47.98929977416992
227.8083038330078,89.26750183105469,45.168701171875,48.0880012512207
227.20199584960938,87.8427963256836,44.176700592041016,49.25270080566406
227.08200073242188,86.4052963256836,43.559898376464844,49.78960037231445
227.44749450683594,84.85459899902344,44.71989822387695,49.880001068115234
228.3300018310547,83.57230377197266,45.14820098876953,51.68600082397461
230.27040100097656,81.60649871826172,47.984798431396484,52.43550109863281
232.60189819335938,79.8407974243164,49.16379928588867,53.41619873046875
235.3018035888672,77.93820190429688,51.53900146484375,53.9015998840332
238.54530334472656,75.47949981689453,55.166500091552734,55.89659881591797
244.78819274902344,72.34549713134766,53.6427001953125,56.99129867553711
251.6822052001953,72.99440002441406,52.876399993896484,55.009498596191406
260.7215881347656,72.28790283203125,52.78160095214844,55.17720031738281
269.0824890136719,71.36589813232422,52.31719970703125,55.057498931884766
279.1130065917969,71.49590301513672,51.98540115356445,54.77450180053711
288.0693054199219,71.63960266113281,53.07149887084961,54.32899856567383
298.73388671875,72.52079772949219,54.0364990234375,55.78919982910156
309.152587890625,74.76029968261719,53.82569885253906,56.77259826660156
318.3382873535156,76.36470031738281,55.33760070800781,57.10419845581055
329.1512145996094,79.67009735107422,56.487098693847656,56.22669982910156
339.8241882324219,81.44750213623047,59.20330047607422,56.752201080322266
347.5928955078125,81.2051010131836,59.579898834228516,58.092201232910156
357.85260009765625,82.70469665527344,59.1864013671875,57.851200103759766
368.21630859375,87.22789764404297,56.05849838256836,57.11940002441406
378.81390380859375,89.15789794921875,54.332801818847656,55.947601318359375
386.2662048339844,90.93949890136719,56.03689956665039,55.70330047607422
393.4280090332031,94.43260192871094,54.99959945678711,54.89540100097656
399.4820861816406,96.67630004882812,53.229801177978516,55.534400939941406
402.9934997558594,100.05130004882812,52.22800064086914,55.147300720214844
405.5602111816406,101.95809936523438,53.253501892089844,55.14400100708008
408.2403869628906,103.47309875488281,53.88759994506836,55.36600112915039
410.35919189453125,105.14409637451172,54.64759826660156,53.85380172729492
413.6484069824219,105.93479919433594,54.474700927734375,53.80390167236328
416.00970458984375,106.61150360107422,54.66859817504883,53.57059860229492
417.89410400390625,107.72799682617188,54.95909881591797,52.722801208496094
422.80718994140625,107.39739990234375,53.38370132446289,51.74290084838867
424.17730712890625,107.28260040283203,54.154701232910156,51.957298278808594
428.7298889160156,107.04019927978516,52.17900085449219,51.14310073852539
432.7218933105469,106.5519027709961,52.864601135253906,50.597999572753906
435.80511474609375,105.595703125,53.535301208496094,50.46260070800781
439.33428955078125,101.46499633789062,53.92720031738281,52.12879943847656
443.65350341796875,98.45960235595703,54.38719940185547,52.616600036621094
448.42999267578125,95.13960266113281,54.15140151977539,51.883399963378906
452.24798583984375,91.45249938964844,55.58810043334961,52.62200164794922
451.534912109375,91.4302978515625,56.69260025024414,53.598201751708984
456.64959716796875,88.7052001953125,56.57680130004883,54.42770004272461
455.5057067871094,87.80799865722656,58.20589828491211,55.445899963378906
459.8304138183594,83.85980224609375,59.25640106201172,55.654701232910156
465.96710205078125,81.89759826660156,58.4026985168457,56.439300537109375
469.3304138183594,80.38269805908203,60.02640151977539,57.02629852294922
474.25830078125,78.33999633789062,59.81880187988281,58.94200134277344
479.46051025390625,76.64409637451172,60.7421989440918,59.499298095703125
485.5762023925781,76.20610046386719,60.2943000793457,59.629398345947266
488.9349060058594,75.7125015258789,62.16910171508789,61.657100677490234
492.9070129394531,74.63710021972656,65.07029724121094,62.00429916381836
497.206787109375,75.8551025390625,66.21589660644531,61.971900939941406
501.7835998535156,77.24320220947266,66.59390258789062,62.26470184326172
506.89111328125,78.67279815673828,67.01210021972656,61.542301177978516
510.73431396484375,79.79609680175781,66.74130249023438,61.50740051269531
512.1978149414062,81.86599731445312,70.72339630126953,61.1963996887207
516.590576171875,85.17990112304688,67.11430358886719,58.70640182495117
520.1497802734375,85.15019989013672,68.00389862060547,57.777801513671875
521.368408203125,86.3385009765625,67.15560150146484,56.77920150756836
522.6926879882812,86.88829803466797,67.85350036621094,56.26139831542969
522.9398193359375,86.70719909667969,67.61280059814453,56.40549850463867
523.2393798828125,86.981201171875,67.2844009399414,55.2593994140625
523.3344116210938,85.98079681396484,67.54560089111328,55.939300537109375
523.53369140625,86.04879760742188,67.6218032836914,56.81589889526367
523.4274291992188,87.12120056152344,67.59539794921875,56.52360153198242
523.0532836914062,87.05010223388672,68.31060028076172,56.5807991027832
522.7517700195312,85.88760375976562,69.04879760742188,57.23889923095703
523.3953857421875,85.93280029296875,68.22109985351562,56.31999969482422
522.1701049804688,87.46160125732422,68.7603988647461,56.19300079345703
522.7988891601562,87.34439849853516,69.3479995727539,55.082298278808594
524.00732421875,87.77210235595703,68.58930206298828,54.72439956665039
523.8997802734375,88.15969848632812,67.80329895019531,54.83769989013672
523.2158813476562,87.61900329589844,68.05149841308594,55.54890060424805
523.7647705078125,88.25150299072266,67.4728012084961,55.42070007324219
523.3660278320312,88.19940185546875,67.67970275878906,56.51319885253906
523.4515991210938,87.99579620361328,67.98159790039062,55.25170135498047
523.0274047851562,86.78379821777344,68.99600219726562,56.23759841918945
522.4456176757812,87.693603515625,67.74009704589844,55.484500885009766
523.5521240234375,87.89009857177734,68.10070037841797,55.3650016784668
522.642578125,87.23380279541016,67.01959991455078,56.62990188598633
522.5494995117188,87.58049774169922,68.02239990234375,56.279598236083984
522.1793212890625,87.39929962158203,68.77749633789062,55.445701599121094
522.877685546875,87.46099853515625,67.45610046386719,56.038299560546875
522.6713256835938,88.24909973144531,67.72859954833984,54.97880172729492
523.034423828125,88.64659881591797,69.24220275878906,54.69200134277344
523.5372924804688,88.22260284423828,68.15599822998047,55.513301849365234
523.3087768554688,87.84709930419922,68.84880065917969,57.01060104370117
523.1475219726562,86.83570098876953,68.52799987792969,56.52370071411133
522.6483764648438,86.62750244140625,71.25150299072266,57.0984001159668
515.9647827148438,87.6051025390625,78.62770080566406,60.41709899902344
520.111572265625,87.60320281982422,73.53189849853516,56.68000030517578
517.3031005859375,87.35880279541016,78.42900085449219,59.764801025390625
517.4263916015625,89.36129760742188,75.15070343017578,56.025001525878906
521.03857421875,88.0167007446289,73.73809814453125,55.79750061035156
516.1680297851562,87.55370330810547,76.87920379638672,60.25740051269531
522.3773803710938,89.31909942626953,69.2394027709961,54.377601623535156
519.7227172851562,87.90299987792969,75.1720962524414,54.889400482177734
534.3214111328125,87.68340301513672,59.4364013671875,49.36090087890625
521.7100219726562,89.67530059814453,70.09269714355469,51.48979949951172
520.371826171875,87.66320037841797,73.46040344238281,55.60309982299805
520.7593994140625,87.62889862060547,72.80970001220703,55.79069900512695
459.6477966308594,63.67110061645508,147.78089904785156,90.45130157470703
520.00927734375,89.45809936523438,63.28300094604492,58.421199798583984
515.6527709960938,89.12740325927734,79.32610321044922,61.253299713134766
518.65380859375,88.64009857177734,73.82730102539062,55.37350082397461
516.814697265625,88.51439666748047,76.45349884033203,57.45600128173828
520.4036865234375,89.14849853515625,70.82730102539062,53.766998291015625
523.6909790039062,86.34880065917969,68.6854019165039,58.284000396728516
523.0814819335938,87.98470306396484,68.09120178222656,55.912498474121094
522.739013671875,88.24500274658203,67.64920043945312,55.86600112915039
523.15087890625,88.17060089111328,67.08190155029297,54.74869918823242
523.2612915039062,88.27030181884766,68.09329986572266,54.48590087890625
523.5977783203125,87.65470123291016,67.54450225830078,55.455501556396484
523.2755126953125,87.9343032836914,68.97429656982422,54.879398345947266
523.80517578125,87.17669677734375,67.26789855957031,56.597599029541016
523.0797729492188,87.73819732666016,68.46759796142578,55.9546012878418
522.7833251953125,87.96620178222656,70.64859771728516,55.86880111694336
523.5678100585938,87.94819641113281,67.64129638671875,54.717899322509766
523.638916015625,88.37110137939453,67.51570129394531,55.039100646972656
522.8941040039062,87.87210083007812,68.7771987915039,55.43009948730469
523.2479858398438,87.90670013427734,67.20130157470703,54.69020080566406
523.541015625,87.57330322265625,68.24530029296875,54.9452018737793
522.4854125976562,87.26840209960938,68.64430236816406,56.13119888305664
523.0330200195312,87.40170288085938,68.658203125,57.30379867553711
522.96337890625,87.1156005859375,68.26860046386719,55.8828010559082
522.7489013671875,87.65390014648438,67.91200256347656,55.62300109863281
523.01318359375,87.7843017578125,67.36019897460938,55.774898529052734
522.7360229492188,87.22920227050781,68.36979675292969,56.293399810791016
523.3114013671875,87.73829650878906,68.57080078125,55.03820037841797
522.884521484375,87.86740112304688,67.64209747314453,56.16669845581055
523.1975708007812,87.6250991821289,67.67900085449219,56.14080047607422
522.7125244140625,87.59850311279297,67.49720001220703,56.206199645996094
522.375,88.48490142822266,70.83989715576172,54.93170166015625
517.7401733398438,87.93569946289062,76.9363021850586,55.65140151977539
519.2340698242188,86.86979675292969,74.66799926757812,56.96110153198242
522.1478271484375,89.1530990600586,71.5353012084961,53.446998596191406
536.53662109375,88.3458023071289,55.539398193359375,49.51279830932617
523.6735229492188,89.26370239257812,69.55370330810547,51.95709991455078
521.8499755859375,88.7219009399414,72.6604995727539,53.643798828125
522.1580810546875,89.35379791259766,69.99669647216797,53.26750183105469
520.5576171875,90.3145980834961,72.11720275878906,54.61830139160156
508.3738098144531,88.79620361328125,84.37689971923828,59.638301849365234
461.99249267578125,73.3904037475586,129.8966064453125,80.29630279541016
508.41448974609375,97.14779663085938,57.876800537109375,56.49089813232422
438.869384765625,106.1948013305664,63.1968994140625,63.2244987487793
441.50299072265625,114.25050354003906,58.70819854736328,54.91400146484375
439.9548034667969,106.93419647216797,63.15420150756836,62.97330093383789
447.5296936035156,110.04029846191406,56.1338996887207,49.447200775146484
449.6776123046875,112.45390319824219,54.21379852294922,49.59270095825195
443.4009094238281,112.74939727783203,58.17839813232422,48.714698791503906
395.2789001464844,45.06809997558594,142.7686004638672,115.23909759521484
482.230712890625,101.04389953613281,72.94539642333984,60.51750183105469
522.0128784179688,89.877197265625,69.0071029663086,53.405799865722656
524.036376953125,91.31719970703125,66.98519897460938,53.70859909057617
521.9063720703125,88.04329681396484,69.48919677734375,56.625
523.1575927734375,87.33059692382812,67.9489974975586,55.4385986328125
524.059326171875,87.59220123291016,66.65239715576172,55.1531982421875
523.4514770507812,87.18669891357422,67.70819854736328,55.80550003051758
523.7833862304688,87.6488037109375,66.30889892578125,55.25809860229492
523.80908203125,87.11640167236328,66.86000061035156,55.67580032348633
523.2423706054688,88.01139831542969,65.69509887695312,55.770301818847656
522.7753295898438,88.17780303955078,66.94319915771484,55.36130142211914
523.1707153320312,87.54309844970703,68.29319763183594,56.42879867553711
522.7894287109375,87.82330322265625,67.75430297851562,55.68439865112305
522.411376953125,86.99500274658203,67.67359924316406,56.00559997558594
523.0211181640625,87.97599792480469,66.57550048828125,55.832401275634766
523.6256713867188,87.34030151367188,67.82820129394531,55.75600051879883
522.44140625,87.18419647216797,67.87149810791016,55.83489990234375
523.3662719726562,86.8634033203125,67.12419891357422,56.05670166015625
523.1610107421875,87.37740325927734,67.35009765625,55.27989959716797
523.0894165039062,86.58489990234375,67.52259826660156,55.36800003051758
523.6403198242188,85.96299743652344,67.30690002441406,56.40660095214844
522.7745971679688,86.7300033569336,67.00430297851562,56.6171989440918
523.00732421875,86.4374008178711,67.20040130615234,56.515098571777344
523.0462036132812,87.1144027709961,67.2593994140625,56.64039993286133
523.3458862304688,86.94319915771484,66.08370208740234,55.59159851074219
521.5941772460938,87.6417007446289,66.94029998779297,56.7661018371582
521.0059814453125,87.3915023803711,66.80370330810547,55.4114990234375
520.2131958007812,88.24420166015625,66.50900268554688,56.33340072631836
518.5665893554688,88.3031005859375,66.69400024414062,56.252201080322266
515.6583251953125,89.19020080566406,68.35639953613281,56.63349914550781
516.0700073242188,88.74079895019531,65.96019744873047,56.82939910888672
513.6265258789062,88.11090087890625,66.7384033203125,57.88859939575195
514.5286254882812,89.12349700927734,65.61489868164062,56.9838981628418
513.3970947265625,89.6093978881836,64.69509887695312,56.374900817871094
511.025390625,89.74009704589844,66.35590362548828,56.410701751708984
510.3772888183594,90.52980041503906,65.55509948730469,57.12289810180664
509.67498779296875,90.49189758300781,65.57129669189453,56.08060073852539
508.83331298828125,90.25890350341797,65.6708984375,56.341800689697266
508.8241882324219,88.40859985351562,64.14469909667969,58.213401794433594
507.9704895019531,86.72669982910156,64.47630310058594,59.882999420166016
505.9736022949219,85.0020980834961,64.26390075683594,61.38869857788086
504.3471984863281,82.37419891357422,64.777099609375,62.10419845581055
501.1343078613281,81.99299621582031,65.41239929199219,62.942298889160156
499.1643981933594,80.49720001220703,64.4530029296875,62.871498107910156
495.8204040527344,80.54409790039062,64.21150207519531,61.76459884643555
492.4471130371094,80.99130249023438,64.24579620361328,60.62459945678711
490.7665100097656,78.23660278320312,61.84450149536133,62.198699951171875
488.0039978027344,77.92269897460938,60.805599212646484,59.66889953613281
481.98858642578125,76.26300048828125,62.349700927734375,59.36629867553711
478.5068054199219,74.09100341796875,60.91429901123047,59.94850158691406
474.70880126953125,73.46119689941406,59.67060089111328,58.901100158691406
470.7908020019531,70.49459838867188,59.51259994506836,60.43370056152344
466.0379943847656,70.80149841308594,59.2422981262207,57.470001220703125
462.544189453125,70.80870056152344,58.624900817871094,59.082401275634766
458.0091857910156,72.5728988647461,59.84389877319336,59.2952995300293
455.87451171875,72.2853012084961,57.718299865722656,59.06209945678711
450.8837890625,75.33219909667969,58.475399017333984,57.03419876098633
448.68060302734375,75.67559814453125,57.77220153808594,56.81949996948242
444.027587890625,77.53170013427734,59.02429962158203,56.89189910888672
440.81878662109375,76.29129791259766,58.232601165771484,58.71480178833008
438.4175109863281,77.64550018310547,58.356300354003906,57.94449996948242
435.19970703125,78.51789855957031,58.71860122680664,58.497100830078125
432.4529113769531,78.5260009765625,58.60029983520508,59.28519821166992
430.4346008300781,78.87030029296875,58.71549987792969,59.891700744628906
429.53460693359375,77.5625991821289,58.089698791503906,61.24340057373047
427.87298583984375,79.24099731445312,58.907501220703125,59.95970153808594
427.41778564453125,79.40740203857422,58.38479995727539,60.50310134887695
423.15460205078125,80.65630340576172,60.55220031738281,58.34749984741211
425.4285888671875,80.89640045166016,60.18220138549805,61.547000885009766
423.28131103515625,82.98280334472656,58.6880989074707,58.62519836425781
423.4797058105469,82.85250091552734,59.639198303222656,58.32109832763672
419.70361328125,83.07379913330078,62.15719985961914,62.275299072265625
420.4023132324219,80.26139831542969,60.13930130004883,61.86759948730469
419.1737060546875,83.86930084228516,59.9723014831543,59.30590057373047
417.0939025878906,82.48040008544922,59.477298736572266,57.373199462890625
415.9049987792969,83.17120361328125,60.45920181274414,60.41899871826172
414.31048583984375,82.36730194091797,61.41579818725586,60.06999969482422
414.3131103515625,83.23680114746094,58.82160186767578,60.36410140991211
414.9989013671875,81.22810363769531,58.896400451660156,60.583099365234375
413.3861999511719,83.39129638671875,59.274600982666016,61.294498443603516
414.1662902832031,81.43730163574219,59.269100189208984,60.221099853515625
413.48199462890625,83.2844009399414,59.71189880371094,60.03160095214844
413.7379150390625,82.96089935302734,59.08399963378906,61.202598571777344
413.3352966308594,81.05169677734375,58.819698333740234,60.11259841918945
412.8565979003906,81.71150207519531,58.902801513671875,60.39509963989258
412.42010498046875,81.07430267333984,59.34400177001953,61.190799713134766
412.6513977050781,81.28399658203125,58.86040115356445,60.233699798583984
411.46990966796875,79.9041976928711,59.680198669433594,61.380401611328125
412.96771240234375,79.88870239257812,58.34000015258789,61.244300842285156
412.3298034667969,80.16719818115234,59.40599822998047,60.30270004272461
412.2672119140625,81.1718978881836,59.56869888305664,60.402400970458984
411.927490234375,80.81909942626953,60.0359001159668,60.70370101928711
410.7038879394531,80.26319885253906,60.640201568603516,61.6968994140625
411.556884765625,80.43569946289062,59.011600494384766,60.699798583984375
411.3987121582031,80.51439666748047,59.375099182128906,61.024200439453125
411.23089599609375,80.96070098876953,59.00299835205078,60.92169952392578
410.5628967285156,80.68699645996094,58.92900085449219,61.986698150634766
409.7904052734375,81.44660186767578,62.20280075073242,61.30609893798828
411.46649169921875,81.777099609375,60.35499954223633,60.91299819946289
411.5397033691406,81.2500991821289,59.954200744628906,59.66299819946289
409.2637023925781,78.82820129394531,64.20790100097656,63.2942008972168
411.673095703125,82.13569641113281,60.93880081176758,59.94179916381836
412.95770263671875,80.9738998413086,60.094200134277344,59.646400451660156
412.7112121582031,80.40350341796875,61.26750183105469,59.67110061645508
412.6111145019531,79.970703125,61.94369888305664,62.926998138427734
413.7596130371094,79.48970031738281,59.19369888305664,61.64139938354492
411.9742126464844,80.5010986328125,61.71609878540039,60.78379821777344
412.973388671875,78.84960174560547,60.325801849365234,61.58300018310547
413.2033996582031,77.88670349121094,59.69260025024414,59.401100158691406
411.97430419921875,79.98719787597656,59.35689926147461,60.27989959716797
411.0838928222656,77.61710357666016,60.1161003112793,61.345699310302734
412.1556091308594,77.57749938964844,58.52669906616211,60.94070053100586
409.87109375,77.92240142822266,61.40599822998047,62.309200286865234
410.1742858886719,78.37789916992188,58.767398834228516,57.961299896240234
408.9714050292969,77.80449676513672,61.22959899902344,62.53900146484375
408.3533020019531,77.85150146484375,60.44409942626953,60.7489013671875
409.10430908203125,77.45030212402344,59.878700256347656,60.70320129394531
407.8157043457031,77.76339721679688,61.20180130004883,60.81340026855469
407.70489501953125,77.79190063476562,60.480899810791016,61.05820083618164
407.4996032714844,77.94930267333984,60.90060043334961,61.91389846801758
407.2112121582031,78.97000122070312,60.646400451660156,60.91830062866211
407.1164855957031,79.68479919433594,58.40700149536133,60.570701599121094
406.8081970214844,79.68460083007812,60.18349838256836,61.13560104370117
406.90460205078125,79.59259796142578,60.13520050048828,60.81629943847656
406.30731201171875,80.10040283203125,59.81880187988281,60.550498962402344
405.3190002441406,79.8855972290039,60.31449890136719,61.35390090942383
404.8316955566406,80.09159851074219,60.184200286865234,61.13560104370117
403.1438903808594,80.16349792480469,64.55940246582031,62.03049850463867
402.9891052246094,82.3760986328125,62.2317008972168,60.1870002746582
403.2702941894531,79.20169830322266,62.23809814453125,64.4447021484375
403.6955871582031,80.66790008544922,61.99369812011719,63.79059982299805
402.4815979003906,77.88469696044922,63.95899963378906,63.690799713134766
400.7161865234375,80.90039825439453,61.01599884033203,61.47740173339844
400.5455017089844,78.72949981689453,63.83110046386719,62.49330139160156
399.7914123535156,79.72699737548828,65.20089721679688,61.85960006713867
396.66510009765625,79.92939758300781,60.87950134277344,61.040401458740234
394.2950134277344,77.72769927978516,61.59749984741211,63.7494010925293
389.1611022949219,79.08399963378906,61.558799743652344,60.60820007324219
388.22601318359375,78.34940338134766,59.456298828125,61.64580154418945
377.59991455078125,78.29530334472656,64.66919708251953,62.72930145263672
370.7052917480469,79.14630126953125,63.324798583984375,63.25669860839844
364.0906066894531,78.39089965820312,64.20349884033203,63.49259948730469
354.2229919433594,77.03489685058594,64.66239929199219,64.23390197753906
346.0965881347656,76.45649719238281,62.97100067138672,64.59719848632812
337.37249755859375,75.7488021850586,61.94020080566406,65.24849700927734
327.8764953613281,76.10379791259766,61.97959899902344,64.15809631347656
318.3533020019531,74.82240295410156,64.0927963256836,65.32029724121094
309.1946105957031,74.91929626464844,64.88919830322266,65.19219970703125
301.2655944824219,75.47799682617188,63.52909851074219,65.08370208740234
291.9768981933594,75.3895034790039,63.60850143432617,65.36370086669922
285.8059997558594,76.47380065917969,63.32870101928711,64.3102035522461
280.9555969238281,77.70809936523438,62.035701751708984,63.00360107421875
278.3893127441406,77.89540100097656,61.25429916381836,63.81850051879883
274.9779052734375,79.90550231933594,60.57160186767578,62.638999938964844
273.9180908203125,79.86180114746094,59.716400146484375,63.14799880981445
273.67669677734375,81.95989990234375,59.443199157714844,62.346900939941406
274.2200927734375,81.91809844970703,60.53269958496094,63.360599517822266
276.3935852050781,82.1968994140625,60.732601165771484,63.472801208496094
279.31640625,83.72109985351562,60.62070083618164,63.30970001220703
281.9659118652344,84.33209991455078,62.704898834228516,64.41490173339844
287.75421142578125,84.19760131835938,61.023799896240234,64.87779998779297
293.5000915527344,84.57640075683594,62.74250030517578,65.27420043945312
299.5179138183594,85.76599884033203,60.84980010986328,65.12139892578125
305.1875915527344,86.52439880371094,62.824798583984375,64.70169830322266
312.1556091308594,86.5896987915039,64.01260375976562,65.04640197753906
320.6330871582031,86.84439849853516,62.03860092163086,65.08090209960938
328.7607116699219,86.63719940185547,62.143699645996094,65.56890106201172
337.10699462890625,87.17009735107422,61.162601470947266,65.35299682617188
345.44830322265625,86.64859771728516,60.37030029296875,66.03109741210938
358.8323059082031,85.05609893798828,65.84230041503906,65.89700317382812
359.5513916015625,84.23370361328125,63.986698150634766,66.7916030883789
363.9599914550781,81.22789764404297,58.43980026245117,56.94240188598633
367.56671142578125,88.77739715576172,46.68259811401367,46.659000396728516
394.1575927734375,79.66259765625,62.237701416015625,60.79819869995117
396.4014892578125,77.97229766845703,59.12799835205078,61.17660140991211
394.52801513671875,79.19270324707031,61.86669921875,63.86220169067383
395.7004089355469,78.87359619140625,59.45050048828125,62.793800354003906
392.6933898925781,78.25039672851562,61.4807014465332,63.31800079345703
393.6995849609375,78.11250305175781,63.55849838256836,63.864601135253906
393.20831298828125,78.42749786376953,61.12779998779297,62.79010009765625
391.952392578125,78.20379638671875,62.065799713134766,63.31610107421875
393.23028564453125,79.41510009765625,61.82170104980469,62.93600082397461
396.1431884765625,79.14920043945312,57.74150085449219,63.14849853515625
393.3778076171875,80.18830108642578,59.197601318359375,60.66680145263672
393.1177978515625,80.38529968261719,58.90620040893555,60.89609909057617
392.8606872558594,80.20600128173828,58.589298248291016,61.11840057373047
393.480712890625,80.82150268554688,59.127498626708984,61.23189926147461
391.94488525390625,82.3823013305664,59.43920135498047,60.971099853515625
393.1499938964844,82.30039978027344,58.536800384521484,61.51369857788086
391.3854064941406,81.777099609375,60.12810134887695,61.999900817871094
390.9888000488281,84.3541030883789,59.489498138427734,60.86650085449219
391.864990234375,84.07520294189453,57.868499755859375,61.27510070800781
390.8788146972656,84.41950225830078,58.03499984741211,60.426700592041016
391.4231872558594,84.19229888916016,58.433998107910156,61.826499938964844
390.0101013183594,84.2771987915039,59.58580017089844,60.03239822387695
389.2597961425781,84.15249633789062,59.37620162963867,61.042198181152344
389.4578857421875,83.18579864501953,60.337398529052734,62.29389953613281
388.3550109863281,84.93820190429688,63.00979995727539,62.58259963989258
389.3471984863281,81.818603515625,62.04840087890625,61.6067008972168
388.72918701171875,81.14440155029297,62.590301513671875,62.87480163574219
389.94061279296875,81.96820068359375,61.06740188598633,64.61530303955078
391.1968994140625,82.16000366210938,62.36869812011719,61.177101135253906
392.28070068359375,82.11000061035156,61.26089859008789,64.84600067138672
392.3439025878906,80.04989624023438,62.03110122680664,63.604000091552734
394.1502990722656,82.25420379638672,62.10660171508789,63.57979965209961
395.4619140625,82.09750366210938,60.49369812011719,62.99610137939453
396.47039794921875,82.61910247802734,59.58369827270508,63.08879852294922
396.1766052246094,80.61260223388672,61.33829879760742,66.4552993774414
396.6653137207031,81.14230346679688,61.11759948730469,59.29840087890625
397.0797119140625,82.5552978515625,60.18730163574219,61.451900482177734
397.97210693359375,80.67970275878906,59.852298736572266,63.35649871826172
396.72930908203125,81.2218017578125,60.11790084838867,60.66999816894531
396.7521057128906,80.91310119628906,59.10150146484375,61.05149841308594
396.1122131347656,80.90599822998047,58.84120178222656,61.276798248291016
396.720703125,80.47979736328125,61.02920150756836,64.03949737548828
395.87908935546875,82.16190338134766,59.41699981689453,59.276798248291016
394.1693115234375,81.49079895019531,62.32640075683594,61.7765998840332
395.9101867675781,81.00700378417969,56.88029861450195,61.09040069580078
395.83740234375,80.37789916992188,58.76679992675781,61.564701080322266
395.24029541015625,80.97209930419922,59.02410125732422,60.69269943237305
394.53271484375,82.02169799804688,58.591400146484375,60.983001708984375
395.1044921875,80.3447036743164,58.44960021972656,62.37810134887695
395.1047058105469,81.49749755859375,58.49369812011719,61.23659896850586
394.63958740234375,82.29170227050781,58.82389831542969,61.212799072265625
393.7341003417969,81.89659881591797,58.160499572753906,61.704200744628906
393.2330017089844,82.41590118408203,58.56010055541992,61.67539978027344
393.80010986328125,82.89900207519531,58.44430160522461,61.01369857788086
393.0002136230469,82.86270141601562,58.50450134277344,61.704498291015625
393.0271911621094,82.86160278320312,58.43560028076172,61.589599609375
393.5924072265625,83.43879699707031,58.453399658203125,61.46160125732422
391.0195007324219,83.99030303955078,61.46630096435547,60.67060089111328
392.9237976074219,82.5239028930664,59.608001708984375,62.97949981689453
391.223388671875,84.39510345458984,60.449501037597656,59.454898834228516
392.277587890625,84.56929779052734,59.13560104370117,58.91899871826172
390.81890869140625,82.91210174560547,60.939701080322266,61.06340026855469
391.4007873535156,84.02899932861328,60.668800354003906,59.480098724365234
390.9372863769531,82.89630126953125,60.44200134277344,63.12540054321289
392.6361999511719,82.91709899902344,58.3942985534668,61.949100494384766
390.00640869140625,84.35070037841797,59.80619812011719,60.89950180053711
389.4755859375,82.4613037109375,60.28950119018555,62.75149917602539
390.472412109375,83.5,60.69430160522461,62.27450180053711
389.56829833984375,84.52059936523438,58.579498291015625,60.400299072265625
388.5190124511719,82.50789642333984,61.326900482177734,62.61709976196289
389.1318054199219,82.53759765625,61.976200103759766,60.151100158691406
387.99578857421875,83.56439971923828,62.11640167236328,58.3848991394043
389.4053955078125,83.93199920654297,59.4906005859375,61.69960021972656
387.5907897949219,83.06849670410156,58.95589828491211,61.7765998840332
388.3431091308594,81.63909912109375,60.19049835205078,62.08700180053711
389.3086853027344,82.64669799804688,59.61119842529297,60.29629898071289
388.7228088378906,81.46829986572266,61.309600830078125,63.96989822387695
389.7583923339844,82.64839935302734,59.744300842285156,60.671600341796875
388.64520263671875,83.46060180664062,59.54240036010742,61.8650016784668
390.13140869140625,82.03189849853516,57.782798767089844,61.8931999206543
388.8160095214844,81.81839752197266,62.61009979248047,64.5280990600586
389.3006896972656,82.4092025756836,57.58409881591797,59.962501525878906
387.4042053222656,82.78179931640625,61.998600006103516,63.3672981262207
389.4607849121094,82.0551986694336,59.390201568603516,59.82699966430664
387.99481201171875,83.55280303955078,60.529598236083984,62.01860046386719
389.07159423828125,83.9135971069336,58.787899017333984,59.950401306152344
388.551513671875,82.08219909667969,60.00360107421875,62.85340118408203
388.90179443359375,82.69380187988281,58.855499267578125,61.7677001953125
389.3960876464844,81.76139831542969,59.5807991027832,62.08319854736328
389.22979736328125,82.39029693603516,59.97909927368164,63.19710159301758
389.2597961425781,84.54979705810547,58.4276008605957,56.74720001220703
388.6695861816406,83.67140197753906,58.92639923095703,60.867698669433594
389.9389953613281,83.53230285644531,57.87810134887695,60.118900299072266
389.01690673828125,83.29399871826172,58.424598693847656,60.263999938964844
389.4565124511719,83.4916000366211,58.24639892578125,60.794700622558594
389.65740966796875,83.15750122070312,57.44540023803711,60.841800689697266
389.41241455078125,83.34770202636719,58.71160125732422,60.35599899291992
389.8424072265625,82.5968017578125,58.46659851074219,60.463401794433594
389.84521484375,82.85009765625,58.35210037231445,60.742401123046875
389.4554138183594,82.9928970336914,57.55009841918945,59.732398986816406
388.5762939453125,83.07679748535156,58.055301666259766,61.47570037841797
388.5885925292969,83.13159942626953,58.402099609375,60.92219924926758
388.0758056640625,82.60299682617188,58.6693000793457,61.30799865722656
388.8623046875,83.41179656982422,57.64649963378906,61.20840072631836
386.5105895996094,82.95439910888672,57.957298278808594,61.325801849365234
387.4525146484375,83.46700286865234,58.35770034790039,61.63949966430664
385.8208923339844,83.66130065917969,59.234798431396484,61.75270080566406
386.79278564453125,82.02230072021484,61.77289962768555,63.124298095703125
385.9277038574219,82.98429870605469,59.5900993347168,61.70090103149414
386.42498779296875,81.7699966430664,60.46659851074219,65.2833023071289
387.1000061035156,83.22200012207031,59.19919967651367,63.03030014038086
387.4653015136719,82.73259735107422,61.12910079956055,62.159400939941406
389.65771484375,85.15799713134766,55.924800872802734,61.490501403808594
387.1662902832031,84.83789825439453,59.954898834228516,61.36759948730469
386.51190185546875,83.92839813232422,59.14860153198242,60.33570098876953
387.3370056152344,83.2041015625,60.28110122680664,61.709598541259766
388.2412109375,82.90039825439453,58.95130157470703,61.6432991027832
386.51910400390625,83.01180267333984,59.43880081176758,63.37300109863281
386.710693359375,81.43260192871094,61.56769943237305,62.797698974609375
386.4399108886719,83.21710205078125,59.9635009765625,62.63869857788086
386.0335998535156,82.8572998046875,60.64360046386719,59.582698822021484
386.68951416015625,82.64309692382812,60.6619987487793,62.60219955444336
385.6532897949219,83.5093002319336,60.052799224853516,62.154998779296875
386.908203125,82.29900360107422,60.513099670410156,60.1609992980957
385.02899169921875,82.55259704589844,62.01580047607422,63.91450119018555
388.6437072753906,80.69879913330078,58.17490005493164,59.609798431396484
385.40899658203125,83.17539978027344,61.705299377441406,62.24489974975586
387.0517883300781,82.8009033203125,57.1416015625,60.13629913330078
387.1285095214844,81.8550033569336,56.91339874267578,61.100399017333984
385.66558837890625,82.38870239257812,58.80009841918945,60.944698333740234
386.1702880859375,81.80809783935547,57.99420166015625,61.543800354003906
385.82861328125,80.98899841308594,57.78379821777344,61.47760009765625
386.48260498046875,81.27860260009766,57.62990188598633,60.813899993896484
386.54998779296875,81.69020080566406,57.625701904296875,60.200599670410156
386.87530517578125,82.4574966430664,58.013099670410156,60.97819900512695
386.4523010253906,82.51899719238281,57.97060012817383,60.33660125732422
387.1918029785156,81.543701171875,57.463600158691406,61.543800354003906
386.4580993652344,81.9009017944336,58.37220001220703,60.61940002441406
386.9924011230469,82.1781997680664,57.846099853515625,60.81610107421875
386.6867980957031,81.4104995727539,58.19049835205078,61.266700744628906
387.64471435546875,81.86419677734375,58.18410110473633,61.41019821166992
386.87188720703125,81.86710357666016,58.202598571777344,61.797698974609375
385.7641906738281,81.48880004882812,61.635799407958984,63.52429962158203
387.9652099609375,81.04109954833984,59.70209884643555,62.51020050048828
388.28460693359375,81.20149993896484,58.82899856567383,61.458900451660156
387.17401123046875,82.81880187988281,60.596500396728516,61.56399917602539
387.4259033203125,82.16100311279297,58.86429977416992,61.99549865722656
387.8122863769531,81.40640258789062,58.45909881591797,61.774898529052734
388.85931396484375,81.90149688720703,57.12730026245117,62.242401123046875
388.4649963378906,79.32980346679688,59.951900482177734,61.64609909057617
389.23419189453125,81.28849792480469,58.504398345947266,62.62950134277344
390.4710998535156,79.61119842529297,58.972801208496094,60.66579818725586
390.2665100097656,78.98359680175781,58.964599609375,61.484798431396484
391.9796142578125,79.6436996459961,57.4734992980957,61.21620178222656
390.6452941894531,79.46769714355469,58.6593017578125,62.17829895019531
391.1719055175781,77.65080261230469,60.929901123046875,63.26900100708008
392.7278137207031,79.3781967163086,58.314701080322266,59.54880142211914
390.4534912109375,77.8323974609375,61.088199615478516,62.46540069580078
392.17950439453125,78.45500183105469,60.06829833984375,62.340999603271484
390.7254943847656,77.96640014648438,59.55670166015625,61.186500549316406
390.8810119628906,76.80159759521484,60.010398864746094,63.02330017089844
391.0177001953125,78.11589813232422,60.94409942626953,62.470298767089844
391.54071044921875,77.80329895019531,60.91360092163086,61.89469909667969
390.2911071777344,77.21150207519531,61.445701599121094,63.08610153198242
392.62060546875,78.59020233154297,58.43190002441406,62.11830139160156
391.83441162109375,76.97989654541016,58.789798736572266,61.42599868774414
391.1802978515625,77.92620086669922,58.28120040893555,60.782901763916016
391.6455993652344,76.6072006225586,58.23699951171875,61.64179992675781
390.97369384765625,78.34500122070312,57.93510055541992,61.55730056762695
391.6853942871094,78.11990356445312,57.334598541259766,60.51620101928711
