1
213.881103515625,5.9319000244140625,89.63279724121094,71.2136001586914
215.65550231933594,6.991199970245361,90.20960235595703,76.95330047607422
221.34519958496094,9.349599838256836,89.19159698486328,81.9364013671875
224.3231964111328,15.093199729919434,89.08399963378906,82.67440032958984
228.76719665527344,24.273000717163086,88.0115966796875,84.93509674072266
233.0876007080078,35.30649948120117,89.78980255126953,86.95390319824219
236.59950256347656,43.70790100097656,92.30359649658203,82.85260009765625
238.2906036376953,45.28340148925781,92.3604965209961,88.697998046875
239.35940551757812,53.4567985534668,87.27770233154297,83.9999008178711
243.50010681152344,63.074501037597656,81.92669677734375,87.55020141601562
245.48800659179688,72.92389678955078,78.70659637451172,85.63729858398438
246.6956024169922,72.01110076904297,81.40070343017578,89.5198974609375
246.80490112304688,71.98370361328125,82.81379699707031,90.56770324707031
245.8155059814453,84.54309844970703,87.50389862060547,82.8280029296875
249.99839782714844,92.09860229492188,88.33830261230469,80.58209991455078
254.55569458007812,101.11409759521484,94.76439666748047,80.21980285644531
261.4090881347656,106.53970336914062,95.03070068359375,82.02169799804688
264.7875061035156,114.1500015258789,99.8363037109375,81.9343032836914
270.8857116699219,124.802001953125,99.73259735107422,80.0542984008789
279.6861877441406,132.77980041503906,100.66110229492188,76.11799621582031
284.8908996582031,139.9862060546875,107.10880279541016,75.16280364990234
295.6282958984375,148.1298065185547,108.42030334472656,74.62969970703125
304.1799011230469,157.1239013671875,112.6675033569336,72.96769714355469
313.59991455078125,159.5738983154297,116.69750213623047,77.143798828125
326.0409851074219,169.1488037109375,114.27519989013672,73.46099853515625
335.9453125,175.5854949951172,108.45359802246094,72.44439697265625
342.8699035644531,178.39309692382812,108.69999694824219,76.70539855957031
354.2721862792969,181.2554931640625,110.35659790039062,74.68309783935547
364.5575866699219,181.8896942138672,113.61289978027344,74.1011962890625
374.4356994628906,178.4998016357422,118.4365005493164,77.47650146484375
381.9068908691406,175.42520141601562,121.67849731445312,77.5696029663086
389.6318054199219,177.36619567871094,121.91100311279297,75.63749694824219
393.9981994628906,175.0550994873047,124.76200103759766,80.16790008544922
403.5663146972656,176.13470458984375,115.6417007446289,80.5625991821289
400.9483947753906,178.69180297851562,114.64360046386719,76.83619689941406
400.5716857910156,173.25770568847656,119.66950225830078,75.39949798583984
397.02069091796875,171.82859802246094,129.9741973876953,77.06600189208984
399.3605041503906,173.13189697265625,133.0865020751953,76.49919891357422
404.08599853515625,179.0395050048828,132.12030029296875,73.53160095214844
408.4236145019531,179.24099731445312,133.0872039794922,77.33350372314453
413.6318054199219,178.05979919433594,122.86869812011719,81.6802978515625
412.31671142578125,183.2386016845703,120.87950134277344,71.02739715576172
406.16778564453125,180.90069580078125,129.16140747070312,71.87889862060547
404.3736877441406,179.97869873046875,132.32679748535156,74.41089630126953
410.2672119140625,179.08050537109375,128.1990966796875,69.11830139160156
400.6783142089844,181.72250366210938,128.62939453125,66.11309814453125
396.8691101074219,183.5634002685547,117.25270080566406,65.69059753417969
389.285888671875,185.74130249023438,113.09030151367188,60.73680114746094
382.939697265625,183.29800415039062,112.88369750976562,66.74349975585938
370.122314453125,181.98989868164062,125.81430053710938,69.22869873046875
365.9382019042969,180.0489044189453,127.7603988647461,72.55690002441406
355.1632080078125,184.58599853515625,122.61530303955078,65.74430084228516
351.6676940917969,176.86489868164062,121.94159698486328,76.23380279541016
359.20050048828125,173.52659606933594,96.697998046875,74.32710266113281
345.50311279296875,177.32000732421875,98.16020202636719,69.69609832763672
340.42919921875,179.2884063720703,100.70929718017578,69.50640106201172
342.69219970703125,179.42759704589844,95.9552993774414,67.48870086669922
321.60211181640625,175.20590209960938,111.09089660644531,70.90440368652344
324.9372863769531,169.86509704589844,105.44770050048828,80.0864028930664
318.5903015136719,171.07420349121094,101.26589965820312,69.89080047607422
312.5437927246094,162.96029663085938,103.72000122070312,74.97889709472656
311.7204895019531,165.14630126953125,103.83450317382812,69.18900299072266
308.4049987792969,163.3448944091797,110.3136978149414,73.04319763183594
300.1964111328125,158.28610229492188,125.9718017578125,77.1521987915039
297.28570556640625,161.6363983154297,130.77679443359375,73.97669982910156
297.8074035644531,157.84469604492188,114.29070281982422,74.24330139160156
294.4215087890625,162.1230926513672,107.41490173339844,71.64520263671875
290.1856994628906,158.14309692382812,102.32119750976562,73.10130310058594
288.8996887207031,155.9438018798828,103.60099792480469,70.7074966430664
281.5299072265625,158.86270141601562,111.31610107421875,67.50849914550781
279.43231201171875,156.15699768066406,114.62840270996094,70.86609649658203
232.79209899902344,166.02670288085938,159.8509979248047,104.33719635009766
244.01119995117188,160.94410705566406,138.74459838867188,92.05460357666016
267.54681396484375,158.90390014648438,111.043701171875,66.07769775390625
267.49639892578125,158.63619995117188,106.70989990234375,71.92289733886719
258.22430419921875,156.15260314941406,108.16510009765625,64.81919860839844
218.1927032470703,158.53640747070312,139.37109375,126.90840148925781
141.789794921875,198.3195037841797,183.09390258789062,150.1376953125
241.2375946044922,151.8957977294922,126.10579681396484,71.82260131835938
241.87620544433594,148.8206024169922,126.23880004882812,75.89969635009766
240.1934051513672,148.9239959716797,117.92150115966797,76.39790344238281
238.1291961669922,143.61590576171875,108.15840148925781,73.46209716796875
231.7646026611328,143.2158966064453,108.45159912109375,76.25789642333984
231.68209838867188,145.12899780273438,105.2979965209961,73.19779968261719
227.17529296875,147.8238983154297,107.73739624023438,67.60089874267578
222.8061981201172,147.58670043945312,112.43599700927734,71.10639953613281
219.1656951904297,150.52349853515625,116.6281967163086,69.8386001586914
209.61790466308594,151.66490173339844,126.6187973022461,70.74310302734375
209.0157012939453,154.31500244140625,120.72470092773438,66.94100189208984
205.7646942138672,153.95579528808594,111.39530181884766,68.5062026977539
200.72549438476562,155.9449005126953,107.2384033203125,67.28269958496094
191.8076934814453,148.03819274902344,116.54550170898438,87.68009948730469
185.0518035888672,172.72869873046875,138.6865997314453,117.79650115966797
188.31930541992188,165.48779296875,140.33680725097656,117.10990142822266
190.00399780273438,151.10450744628906,118.48480224609375,77.05130004882812
190.8677978515625,151.77459716796875,118.25630187988281,75.63849639892578
184.01339721679688,156.0054931640625,121.94920349121094,76.55919647216797
