1
105.12570190429688,116.10790252685547,24.68440055847168,28.085599899291992
113.75469970703125,95.54329681396484,27.627300262451172,30.8656005859375
124.73989868164062,76.86090087890625,26.1924991607666,30.081100463867188
136.57989501953125,63.838600158691406,24.57349967956543,25.72760009765625
145.39649963378906,52.4989013671875,25.809200286865234,26.248600006103516
154.9033966064453,45.05720138549805,25.188100814819336,25.074199676513672
164.04469299316406,41.743099212646484,25.253799438476562,24.132699966430664
173.39559936523438,41.256900787353516,23.87310028076172,23.14859962463379
181.45260620117188,42.94309997558594,23.441499710083008,23.316099166870117
189.82870483398438,47.397499084472656,24.22570037841797,23.445199966430664
197.36380004882812,55.11259841918945,24.389299392700195,24.708200454711914
205.37350463867188,66.21659851074219,25.195199966430664,25.917999267578125
213.4542999267578,79.47979736328125,25.13479995727539,27.03459930419922
220.22970581054688,97.94609832763672,25.34939956665039,28.562700271606445
228.99609375,117.15730285644531,24.392000198364258,28.1560001373291
239.6221923828125,139.94039916992188,21.957799911499023,30.45509910583496
243.35609436035156,165.41160583496094,25.548999786376953,33.49589920043945
253.8876953125,199.33070373535156,24.760799407958984,33.659000396728516
262.9841003417969,239.0023956298828,23.43280029296875,29.892099380493164
269.59979248046875,269.83648681640625,24.116600036621094,30.668699264526367
277.28271484375,290.3511962890625,20.37030029296875,19.937599182128906
281.2434997558594,299.78271484375,19.422199249267578,12.393899917602539
282.7218017578125,293.1867980957031,21.945100784301758,18.158000946044922
286.6610107421875,274.50689697265625,22.09950065612793,26.95789909362793
292.2261962890625,252.52540588378906,22.89550018310547,25.84309959411621
295.6769104003906,234.45399475097656,25.34149932861328,24.615800857543945
299.01849365234375,212.35409545898438,23.70840072631836,21.3700008392334
299.44061279296875,191.24099731445312,20.898500442504883,21.595500946044922
302.9576110839844,176.68890380859375,23.73150062561035,20.847700119018555
303.86749267578125,144.41580200195312,23.713699340820312,31.227399826049805
302.5091857910156,122.68920135498047,23.25749969482422,29.74679946899414
300.5255126953125,92.10579681396484,23.271099090576172,29.216999053955078
299.51300048828125,74.84660339355469,22.38409996032715,28.879199981689453
297.6496887207031,57.91120147705078,22.342199325561523,27.25
297.0585021972656,44.39500045776367,20.75659942626953,23.24920082092285
295.1689147949219,33.279300689697266,21.776100158691406,24.259300231933594
293.43719482421875,27.07699966430664,21.679100036621094,23.32469940185547
291.8525085449219,22.558799743652344,22.11590003967285,23.847000122070312
289.3891906738281,22.650100708007812,22.45490074157715,23.453100204467773
287.06439208984375,24.5846004486084,22.717100143432617,24.072399139404297
285.4302062988281,28.839000701904297,23.541799545288086,24.502899169921875
282.3888854980469,35.96820068359375,24.412200927734375,26.84939956665039
280.5166015625,47.96070098876953,24.397499084472656,26.528200149536133
277.99578857421875,60.72439956665039,24.217100143432617,29.665300369262695
276.9396057128906,78.03199768066406,23.023099899291992,27.5137996673584
260.9042053222656,85.99600219726562,26.27359962463379,27.110599517822266
249.67050170898438,72.17040252685547,49.942100524902344,40.75699996948242
268.9718017578125,77.2345962524414,21.69409942626953,22.67970085144043
272.6767883300781,77.95850372314453,22.314199447631836,22.550500869750977
276.08551025390625,81.1604995727539,22.211999893188477,23.41659927368164
279.8758850097656,87.0322036743164,22.342599868774414,24.419099807739258
283.55218505859375,96.88510131835938,21.85110092163086,24.347900390625
289.9209899902344,125.35810089111328,24.253000259399414,25.268999099731445
295.68450927734375,143.15789794921875,23.549800872802734,29.93720054626465
295.8326110839844,168.0496063232422,27.325899124145508,35.275699615478516
300.1929016113281,195.80149841308594,26.122499465942383,34.874298095703125
304.15728759765625,235.03619384765625,26.280799865722656,28.135799407958984
302.99578857421875,257.9798889160156,31.519699096679688,28.750600814819336
306.8901062011719,275.6473083496094,30.156999588012695,28.23430061340332
308.11041259765625,288.9273986816406,26.086999893188477,21.42490005493164
303.02679443359375,291.28570556640625,25.317100524902344,19.273799896240234
295.7674865722656,277.1795959472656,26.535600662231445,23.25950050354004
288.597900390625,248.63619995117188,27.111000061035156,29.840599060058594
283.627685546875,228.56080627441406,25.42169952392578,28.17449951171875
278.62811279296875,217.17849731445312,24.373199462890625,21.324899673461914
270.2969055175781,194.75840759277344,25.199399948120117,25.453899383544922
234.6956024169922,171.59710693359375,22.55139923095703,21.329500198364258
237.14849853515625,163.51280212402344,22.395700454711914,20.250200271606445
239.3874053955078,158.1696014404297,22.055200576782227,20.002300262451172
240.5467071533203,156.5579071044922,21.6825008392334,21.069299697875977
241.72320556640625,156.95919799804688,21.043500900268555,20.861499786376953
240.20339965820312,158.81759643554688,20.486000061035156,19.970199584960938
235.76759338378906,161.53480529785156,20.777299880981445,18.529199600219727
229.4550018310547,166.23260498046875,20.830799102783203,19.265399932861328
222.9152069091797,171.66690063476562,22.016000747680664,20.242700576782227
217.58399963378906,177.3090057373047,21.867799758911133,19.62529945373535
212.93409729003906,181.26930236816406,21.343399047851562,18.904600143432617
208.87429809570312,184.69920349121094,20.31999969482422,18.75079917907715
204.58419799804688,184.9741973876953,19.746200561523438,18.823400497436523
201.62069702148438,185.43170166015625,19.974199295043945,18.800399780273438
198.54229736328125,183.73959350585938,19.7283992767334,18.479700088500977
197.7563018798828,183.1555938720703,19.332399368286133,18.90719985961914
197.39199829101562,181.28709411621094,19.041500091552734,18.391599655151367
197.91949462890625,181.164306640625,18.84600067138672,18.468700408935547
197.4813995361328,180.28880310058594,19.127399444580078,18.590599060058594
197.95530700683594,179.93820190429688,18.666000366210938,18.297000885009766
200.40310668945312,180.14210510253906,18.723499298095703,17.803300857543945
202.818603515625,179.57960510253906,18.725099563598633,17.613100051879883
205.639404296875,179.34719848632812,18.818099975585938,17.68790054321289
208.77569580078125,179.1239013671875,19.32309913635254,17.895999908447266
212.9658966064453,179.23269653320312,19.908100128173828,18.022899627685547
217.2344970703125,180.37559509277344,19.62220001220703,17.361099243164062
221.77090454101562,179.45140075683594,20.98590087890625,17.660600662231445
228.0684051513672,178.07029724121094,20.64080047607422,17.13279914855957
233.10899353027344,175.24630737304688,19.078800201416016,17.125200271606445
233.54319763183594,170.4741973876953,18.9606990814209,18.36750030517578
230.18380737304688,164.5771026611328,19.377399444580078,18.114900588989258
229.13980102539062,156.681396484375,19.287099838256836,19.084400177001953
228.5413055419922,146.45150756835938,19.836700439453125,20.333499908447266
229.82460021972656,137.03640747070312,20.9197998046875,21.808000564575195
233.47970581054688,130.20889282226562,20.922500610351562,20.784299850463867
239.32310485839844,109.08390045166016,21.099700927734375,22.701099395751953
243.35560607910156,86.95240020751953,21.90730094909668,29.123600006103516
248.8332061767578,66.0979995727539,22.141300201416016,28.3218994140625
253.69140625,51.31100082397461,22.474599838256836,26.42009925842285
257.6875,37.40480041503906,22.09309959411621,24.702899932861328
262.64080810546875,25.444900512695312,21.89929962158203,24.302400588989258
268.002685546875,18.650100708007812,21.941099166870117,22.489999771118164
272.8959045410156,13.39330005645752,21.534799575805664,22.9950008392334
276.5331115722656,10.998800277709961,21.518199920654297,22.56089973449707
281.28460693359375,11.433799743652344,21.173900604248047,22.37310028076172
285.8203125,14.453800201416016,21.82670021057129,23.22209930419922
290.3916931152344,20.74880027770996,22.35919952392578,24.16160011291504
294.4049987792969,30.420400619506836,22.839599609375,25.733699798583984
298.9966125488281,44.050498962402344,21.57710075378418,24.871000289916992
303.4455871582031,62.44300079345703,24.201200485229492,26.526599884033203
307.287109375,78.9529037475586,24.35409927368164,29.690099716186523
313.1413879394531,102.99600219726562,24.853099822998047,32.17720031738281
317.12811279296875,131.23770141601562,26.525299072265625,27.112499237060547
322.6991882324219,159.54820251464844,27.143600463867188,33.565799713134766
329.69549560546875,191.8719024658203,26.52989959716797,31.029399871826172
337.0994873046875,218.88279724121094,26.450899124145508,25.391000747680664
342.630615234375,229.10740661621094,26.452600479125977,25.496999740600586
345.95318603515625,233.4506072998047,27.480100631713867,24.67009925842285
350.03350830078125,230.72779846191406,28.426799774169922,26.808000564575195
354.9584045410156,221.3607940673828,26.489299774169922,26.364700317382812
357.75048828125,210.99240112304688,26.318099975585938,25.1476993560791
360.01251220703125,201.4564971923828,25.350900650024414,26.069000244140625
361.6355895996094,193.64230346679688,25.013900756835938,25.922800064086914
362.01971435546875,187.59869384765625,25.08289909362793,26.13990020751953
363.5181884765625,184.7052001953125,25.46649932861328,27.072200775146484
365.2110900878906,182.87550354003906,25.687000274658203,26.522300720214844
366.25439453125,181.71820068359375,26.0398006439209,25.739700317382812
369.0787048339844,181.5269012451172,25.658300399780273,26.214599609375
370.1863098144531,182.5048065185547,25.858400344848633,26.542800903320312
371.5549011230469,183.82029724121094,26.031400680541992,27.66659927368164
373.2066955566406,184.718505859375,26.234800338745117,27.080299377441406
374.72210693359375,185.88290405273438,26.336999893188477,27.249000549316406
375.49310302734375,186.4481964111328,26.161399841308594,27.87929916381836
375.7178955078125,187.98260498046875,26.28569984436035,27.83139991760254
375.2146911621094,189.08349609375,26.173900604248047,27.847999572753906
374.0367126464844,188.9022979736328,26.16069984436035,27.753000259399414
372.1087951660156,187.9980926513672,26.410499572753906,28.095300674438477
369.4331970214844,186.34730529785156,26.55699920654297,27.97909927368164
367.06671142578125,185.9853973388672,26.631200790405273,28.20159912109375
366.0389099121094,183.33700561523438,26.38450050354004,28.468399047851562
364.24578857421875,179.9846954345703,26.199899673461914,28.56730079650879
362.0559997558594,178.4947967529297,26.54360008239746,27.863300323486328
360.37890625,176.26739501953125,25.96780014038086,27.745399475097656
358.72430419921875,174.8769989013672,26.353200912475586,27.594999313354492
356.0445861816406,173.8925018310547,26.19219970703125,27.643299102783203
354.0658874511719,173.95140075683594,25.748600006103516,27.339399337768555
351.8100891113281,174.06100463867188,25.785200119018555,27.525400161743164
348.03839111328125,173.4949951171875,25.8617000579834,27.68440055847168
343.8223876953125,173.34410095214844,26.62540054321289,27.807100296020508
340.5260009765625,173.94129943847656,25.440500259399414,27.05769920349121
339.5198974609375,175.74130249023438,25.62019920349121,27.442899703979492
337.21429443359375,179.30230712890625,26.27440071105957,27.3356990814209
333.552001953125,184.8314971923828,25.023799896240234,25.239700317382812
329.0754089355469,186.9915008544922,23.63279914855957,24.83530044555664
324.4656066894531,190.32130432128906,24.117700576782227,24.756500244140625
317.71978759765625,193.40159606933594,24.61680030822754,24.44930076599121
313.0470886230469,199.32009887695312,23.371599197387695,21.698699951171875
309.768310546875,204.37289428710938,21.436199188232422,19.255399703979492
306.4974060058594,211.3428955078125,22.03459930419922,17.650999069213867
301.2431945800781,219.73829650878906,21.686800003051758,17.925899505615234
294.0237121582031,226.9542999267578,22.120899200439453,20.53730010986328
284.76690673828125,229.58619689941406,23.92490005493164,20.470500946044922
275.3728942871094,223.64059448242188,23.507699966430664,20.38010025024414
267.7301940917969,210.2895050048828,24.072799682617188,22.289100646972656
264.197998046875,191.34970092773438,22.000200271606445,23.419599533081055
260.177490234375,158.918701171875,23.02829933166504,36.806400299072266
260.9643859863281,135.97410583496094,25.891700744628906,29.795400619506836
261.2668151855469,101.7761001586914,24.900299072265625,24.689899444580078
260.9307861328125,75.87159729003906,24.65399932861328,34.199798583984375
260.6711120605469,56.581600189208984,24.75979995727539,32.65290069580078
261.14410400390625,41.53770065307617,24.684099197387695,29.576099395751953
260.1986083984375,27.017099380493164,24.91900062561035,29.725500106811523
259.87078857421875,19.54840087890625,24.8794002532959,27.681900024414062
258.845703125,13.63129997253418,25.21540069580078,27.8080997467041
258.98089599609375,11.992199897766113,24.849700927734375,26.98590087890625
257.9172058105469,13.924099922180176,25.1658992767334,27.347000122070312
256.05938720703125,17.260299682617188,26.113800048828125,28.712400436401367
254.9873046875,24.2814998626709,26.477500915527344,29.484800338745117
254.0832061767578,35.06669998168945,26.63920021057129,31.831600189208984
251.20640563964844,53.154701232910156,28.164100646972656,32.00600051879883
250.65980529785156,70.68099975585938,27.421100616455078,30.997600555419922
247.34609985351562,93.34249877929688,30.284900665283203,35.18360137939453
242.5928955078125,122.88189697265625,32.32699966430664,38.61920166015625
237.5251007080078,154.84800720214844,36.47779846191406,42.41490173339844
232.64230346679688,194.39100646972656,35.506099700927734,36.865501403808594
221.41580200195312,231.2657928466797,35.27439880371094,35.05270004272461
204.7843017578125,258.79150390625,36.924198150634766,30.166799545288086
183.5718994140625,276.2514953613281,41.2947998046875,31.04800033569336
147.37649536132812,290.4154052734375,52.86130142211914,28.039499282836914
115.00890350341797,283.4872131347656,47.19929885864258,33.14670181274414
95.10230255126953,261.0310974121094,40.21780014038086,40.05670166015625
66.13619995117188,222.2489013671875,41.583099365234375,45.309898376464844
58.22990036010742,188.08349609375,35.036399841308594,41.266700744628906
51.081298828125,162.33180236816406,34.2067985534668,36.36330032348633
51.81159973144531,140.89700317382812,29.313400268554688,32.66210174560547
51.80059814453125,126.37889862060547,27.395000457763672,29.762500762939453
55.12070083618164,117.5386962890625,24.17959976196289,26.087299346923828
52.54859924316406,109.5780029296875,25.44070053100586,26.386999130249023
42.945499420166016,103.65859985351562,29.034400939941406,26.476200103759766
41.21649932861328,103.46269989013672,28.536699295043945,26.072900772094727
32.170799255371094,98.81539916992188,29.111900329589844,26.274499893188477
31.668800354003906,98.84940338134766,28.602800369262695,26.868900299072266
40.88880157470703,98.72250366210938,29.93779945373535,26.438100814819336
56.64580154418945,90.45760345458984,31.684099197387695,34.24549865722656
70.33519744873047,63.60850143432617,31.016799926757812,33.25469970703125
80.26290130615234,44.92449951171875,30.626699447631836,32.200801849365234
91.08080291748047,29.31999969482422,28.64419937133789,30.275100708007812
101.98179626464844,18.338699340820312,28.089399337768555,28.881999969482422
110.26439666748047,10.409899711608887,28.015600204467773,27.58609962463379
119.34829711914062,6.898200035095215,27.76569938659668,26.31060028076172
126.739501953125,4.930099964141846,26.839500427246094,25.603200912475586
134.46389770507812,7.4984002113342285,26.524900436401367,26.05970001220703
141.0930938720703,12.16510009765625,26.49340057373047,26.114900588989258
148.61019897460938,20.40519905090332,26.724300384521484,27.726299285888672
155.08509826660156,31.290700912475586,27.278400421142578,28.809200286865234
161.4293975830078,46.77429962158203,27.60580062866211,30.052400588989258
167.6717071533203,63.422401428222656,27.976200103759766,33.72090148925781
173.90049743652344,83.67510223388672,26.9153995513916,34.53200149536133
180.014892578125,111.88099670410156,28.141000747680664,34.94139862060547
185.75979614257812,139.7606964111328,28.136999130249023,34.48270034790039
192.09410095214844,169.5948944091797,28.681900024414062,36.79010009765625
196.95449829101562,205.57850646972656,26.86870002746582,34.79079818725586
205.1750030517578,245.44039916992188,25.559499740600586,35.5276985168457
214.72239685058594,276.5498046875,27.503599166870117,35.069801330566406
221.94850158691406,303.4989013671875,28.715599060058594,32.471099853515625
232.25799560546875,325.3042907714844,27.03969955444336,26.981199264526367
242.26539611816406,334.4513854980469,25.443599700927734,24.328899383544922
247.86390686035156,337.5443115234375,24.599300384521484,21.0403995513916
250.74200439453125,334.1415100097656,24.54400062561035,23.694799423217773
249.7550048828125,329.02239990234375,20.747100830078125,22.572500228881836
250.5487060546875,296.7095031738281,22.659000396728516,14.594200134277344
248.3350067138672,268.0389099121094,24.043699264526367,28.666400909423828
245.9467010498047,244.74830627441406,25.149099349975586,30.916900634765625
242.28970336914062,224.4656982421875,26.151599884033203,27.187299728393555
240.10899353027344,204.3563995361328,23.102399826049805,22.69499969482422
236.42559814453125,182.15139770507812,22.303699493408203,24.13129997253418
231.5673065185547,166.15249633789062,24.30109977722168,24.5718994140625
223.83380126953125,156.10850524902344,25.15019989013672,25.449800491333008
218.45449829101562,148.12460327148438,27.603099822998047,26.65060043334961
214.27999877929688,113.35289764404297,26.03260040283203,31.369199752807617
210.33529663085938,89.75029754638672,27.063100814819336,32.23189926147461
207.52810668945312,73.49430084228516,26.25160026550293,29.341899871826172
203.24659729003906,60.01110076904297,26.67690086364746,28.242300033569336
199.7353973388672,51.4838981628418,26.149099349975586,27.00659942626953
196.4420928955078,45.78950119018555,26.38629913330078,27.2992000579834
192.59030151367188,44.66619873046875,25.53420066833496,26.190200805664062
189.1186981201172,45.683101654052734,25.898399353027344,25.783700942993164
184.55560302734375,50.179298400878906,25.773099899291992,25.969900131225586
180.5688934326172,58.516300201416016,25.72640037536621,26.79199981689453
175.7093048095703,68.9708023071289,26.331899642944336,28.226999282836914
169.39840698242188,84.07959747314453,27.477699279785156,30.264799118041992
164.12460327148438,102.82640075683594,27.75309944152832,31.34869956970215
157.5164031982422,124.81009674072266,27.96299934387207,33.66189956665039
152.31190490722656,149.4633026123047,27.158599853515625,35.55820083618164
144.5048065185547,178.83889770507812,29.141399383544922,33.88560104370117
137.65530395507812,209.6815948486328,29.677600860595703,34.62630081176758
126.6447982788086,249.6407928466797,31.516599655151367,28.989599227905273
122.40969848632812,270.7784118652344,28.010299682617188,29.969900131225586
120.17639923095703,289.43939208984375,26.851999282836914,25.695600509643555
117.01210021972656,300.7334899902344,26.736900329589844,22.166000366210938
113.48560333251953,300.1852111816406,27.81679916381836,22.621400833129883
106.10870361328125,292.41119384765625,28.573400497436523,25.930999755859375
98.0988998413086,281.7701110839844,28.79400062561035,26.454999923706055
96.23380279541016,268.818115234375,27.350500106811523,26.916500091552734
94.02629852294922,248.89100646972656,29.230600357055664,28.58449935913086
95.63520050048828,231.10400390625,26.95549964904785,28.630199432373047
98.65029907226562,209.5655975341797,29.12019920349121,29.488000869750977
106.3948974609375,188.9833984375,25.159900665283203,29.654499053955078
107.8281021118164,175.23399353027344,25.452899932861328,25.503299713134766
105.96530151367188,163.88589477539062,26.239200592041016,24.436399459838867
103.32980346679688,155.11300659179688,26.288000106811523,22.977500915527344
97.34349822998047,146.22340393066406,28.980199813842773,24.63159942626953
105.76360321044922,125.36319732666016,27.52440071105957,33.27080154418945
113.52980041503906,103.7739028930664,29.702499389648438,34.2484016418457
124.59529876708984,86.42250061035156,28.837200164794922,31.466100692749023
135.9759979248047,72.93199920654297,26.1028995513916,27.700899124145508
145.35220336914062,62.50419998168945,26.2283992767334,27.718599319458008
155.00869750976562,57.308101654052734,25.649799346923828,25.087600708007812
162.9873046875,54.28379821777344,25.69849967956543,24.395299911499023
171.8592987060547,54.597801208496094,24.28179931640625,24.30299949645996
178.67489624023438,57.24570083618164,24.461599349975586,24.478099822998047
186.2957000732422,64.27960205078125,24.58340072631836,24.54949951171875
193.7808074951172,72.67859649658203,24.550800323486328,25.712400436401367
199.88890075683594,84.7332992553711,25.416000366210938,26.21809959411621
206.92230224609375,98.98680114746094,25.067699432373047,28.387300491333008
214.30430603027344,117.37830352783203,24.884700775146484,29.60379981994629
220.8072052001953,137.2799072265625,23.25029945373535,25.5403995513916
228.5131072998047,165.3804931640625,27.296600341796875,32.49549865722656
235.0626983642578,196.05099487304688,26.75200080871582,31.260299682617188
244.10220336914062,231.59280395507812,23.352699279785156,27.90999984741211
251.56239318847656,261.64129638671875,25.59469985961914,27.55430030822754
259.51361083984375,285.43438720703125,24.590200424194336,23.781600952148438
