1
113.464599609375,190.41990661621094,75.93319702148438,73.61930084228516
114.72440338134766,191.3437042236328,72.15180206298828,72.10579681396484
109.66239929199219,191.3437957763672,74.45130157470703,73.05799865722656
105.42890167236328,191.99130249023438,76.32460021972656,72.6603012084961
103.88240051269531,192.69419860839844,74.56559753417969,71.93779754638672
101.09619903564453,190.9019012451172,75.91449737548828,73.06580352783203
102.7490005493164,191.96640014648438,72.05490112304688,71.231201171875
97.36740112304688,191.37710571289062,75.66560363769531,72.1417007446289
98.25039672851562,190.64649963378906,73.36540222167969,72.018798828125
93.16079711914062,190.04400634765625,77.01689910888672,72.63020324707031
96.23159790039062,190.6956024169922,71.53600311279297,71.78690338134766
90.81300354003906,189.32359313964844,76.6852035522461,72.60900115966797
93.01010131835938,190.50039672851562,71.57460021972656,70.95149993896484
89.02799987792969,188.76890563964844,74.54299926757812,72.16310119628906
87.99859619140625,189.46510314941406,73.64910125732422,72.99739837646484
83.94020080566406,190.13800048828125,74.21839904785156,70.6500015258789
80.47979736328125,189.37359619140625,75.51119995117188,71.70320129394531
77.10440063476562,188.1302947998047,75.83000183105469,72.05280303955078
74.67369842529297,188.33299255371094,74.92340087890625,71.31050109863281
69.42019653320312,188.33419799804688,75.66110229492188,71.95339965820312
69.49970245361328,187.4071044921875,73.85009765625,72.04049682617188
63.81930160522461,188.2010040283203,77.09369659423828,71.2311019897461
63.08440017700195,187.37109375,75.6624984741211,72.22419738769531
63.50149917602539,187.50039672851562,73.81770324707031,72.12969970703125
64.2594985961914,186.514892578125,72.74510192871094,72.1978988647461
60.86399841308594,186.75489807128906,74.77339935302734,72.94560241699219
63.15829849243164,187.56900024414062,72.92549896240234,71.79149627685547
63.387001037597656,187.6529998779297,73.68609619140625,72.61370086669922
64.7667007446289,186.90040588378906,73.41429901123047,72.62370300292969
67.38150024414062,186.35659790039062,72.1852035522461,73.00029754638672
69.86329650878906,187.85189819335938,66.76920318603516,72.85669708251953
71.68900299072266,188.53819274902344,69.73970031738281,71.30870056152344
75.1592025756836,187.947998046875,67.4583969116211,72.5625991821289
74.31410217285156,187.31849670410156,68.77559661865234,74.36720275878906
78.46800231933594,188.0845947265625,64.73629760742188,72.35530090332031
74.8196029663086,188.74949645996094,70.49870300292969,71.00469970703125
80.10579681396484,188.52520751953125,64.37349700927734,71.35679626464844
75.52339935302734,188.0012969970703,70.6344985961914,71.21820068359375
79.98390197753906,187.9429931640625,65.9448013305664,70.4635009765625
76.20780181884766,187.46290588378906,69.62200164794922,71.50650024414062
81.78389739990234,187.6656951904297,63.60169982910156,71.05390167236328
83.57749938964844,187.88870239257812,62.97650146484375,71.40609741210938
78.40229797363281,187.556396484375,68.3864974975586,72.22149658203125
80.85279846191406,188.70790100097656,66.0322036743164,70.36119842529297
82.27870178222656,189.656494140625,64.76100158691406,70.19850158691406
78.83429718017578,188.97479248046875,68.51789855957031,70.73690032958984
84.0198974609375,189.39930725097656,63.054298400878906,69.96219635009766
81.34089660644531,188.9055938720703,65.6073989868164,71.631103515625
84.4041976928711,190.63400268554688,61.938201904296875,68.79440307617188
84.31539916992188,189.21229553222656,64.07980346679688,69.35130310058594
83.94779968261719,190.68260192871094,63.73440170288086,68.11900329589844
86.6604995727539,189.8574981689453,60.72679901123047,67.0156021118164
81.87370300292969,190.00540161132812,65.30069732666016,67.3458023071289
87.06420135498047,190.45249938964844,59.35129928588867,65.52739715576172
80.91429901123047,188.7761993408203,65.04229736328125,66.17019653320312
82.17539978027344,190.01480102539062,64.6688003540039,65.70159912109375
82.743896484375,190.89259338378906,65.11479949951172,64.66200256347656
89.48429870605469,193.74639892578125,58.307098388671875,61.18320083618164
84.25379943847656,191.10389709472656,64.3634033203125,62.381500244140625
90.10389709472656,194.26980590820312,59.1427001953125,60.11360168457031
83.5374984741211,191.96969604492188,63.266998291015625,61.47100067138672
87.10690307617188,193.61289978027344,60.52149963378906,59.11709976196289
83.72979736328125,194.906005859375,63.32469940185547,57.939300537109375
83.08390045166016,194.59640502929688,63.42319869995117,58.72520065307617
83.98770141601562,195.4058074951172,62.54930114746094,56.76580047607422
82.74510192871094,195.68739318847656,62.7494010925293,56.83720016479492
87.1488037109375,197.3365936279297,57.197601318359375,54.96900177001953
82.29070281982422,197.35020446777344,62.24850082397461,55.73400115966797
85.44329833984375,198.16319274902344,58.73759841918945,54.07229995727539
82.92659759521484,199.4329071044922,60.5536003112793,53.58089828491211
83.7156982421875,199.65249633789062,60.02259826660156,53.81269836425781
82.43309783935547,200.6916046142578,59.84880065917969,51.45800018310547
85.34439849853516,202.97219848632812,58.62910079956055,49.66189956665039
83.47859954833984,202.78970336914062,59.89059829711914,49.83620071411133
84.17109680175781,204.66900634765625,59.16830062866211,48.76620101928711
84.54740142822266,203.93890380859375,59.0442008972168,48.4567985534668
85.87020111083984,205.6804962158203,58.20140075683594,46.216800689697266
85.1104965209961,205.08309936523438,58.79130172729492,46.11429977416992
87.10859680175781,205.84840393066406,56.62110137939453,43.49440002441406
85.37860107421875,207.4246063232422,57.63690185546875,41.89609909057617
86.87039947509766,207.42059326171875,56.174198150634766,40.85580062866211
85.40609741210938,207.76559448242188,58.25389862060547,39.52050018310547
85.2750015258789,207.80169677734375,57.59469985961914,37.722999572753906
84.63780212402344,209.63699340820312,59.18109893798828,36.85029983520508
85.91999816894531,209.33079528808594,58.178199768066406,36.87739944458008
86.35179901123047,209.6851043701172,58.40719985961914,38.18790054321289
86.23320007324219,208.68260192871094,59.75669860839844,40.55780029296875
87.152099609375,208.87359619140625,60.508399963378906,41.43629837036133
85.86190032958984,207.63890075683594,63.763099670410156,43.1797981262207
89.29720306396484,205.30520629882812,61.56439971923828,47.75510025024414
91.99330139160156,205.493896484375,60.26810073852539,47.75979995727539
90.67569732666016,204.20449829101562,61.40620040893555,49.04100036621094
90.08200073242188,204.97650146484375,61.10300064086914,48.148101806640625
90.40380096435547,203.81590270996094,60.69490051269531,48.665401458740234
86.2406997680664,202.55450439453125,63.30039978027344,49.79679870605469
86.16919708251953,201.38279724121094,63.479801177978516,51.345001220703125
87.2886962890625,203.4929962158203,62.535499572753906,49.976200103759766
88.49420166015625,205.6376953125,59.77399826049805,49.44599914550781
89.3906021118164,203.50729370117188,60.99679946899414,51.29159927368164
88.00289916992188,201.41729736328125,62.217098236083984,54.066001892089844
88.26490020751953,201.86940002441406,61.77050018310547,55.407501220703125
89.7603988647461,201.26669311523438,60.70830154418945,55.36240005493164
89.39839935302734,201.11289978027344,60.97740173339844,56.31010055541992
91.76840209960938,202.27890014648438,59.013099670410156,55.13880157470703
88.3406982421875,199.65589904785156,60.94779968261719,59.47330093383789
87.09629821777344,199.60499572753906,62.51430130004883,60.54650115966797
88.99089813232422,202.6416015625,60.10179901123047,58.84049987792969
88.13059997558594,197.7794952392578,60.73630142211914,63.15299987792969
87.36650085449219,201.0977020263672,62.036399841308594,62.551700592041016
87.42340087890625,201.15049743652344,59.54330062866211,66.44560241699219
91.52519989013672,204.57510375976562,56.104400634765625,67.44660186767578
92.8010025024414,205.98939514160156,54.7958984375,64.21530151367188
88.03099822998047,203.235107421875,59.92449951171875,68.1792984008789
89.62920379638672,206.1645965576172,57.654300689697266,66.1218032836914
90.51820373535156,205.8050994873047,56.98160171508789,66.21720123291016
90.77459716796875,206.7241973876953,55.6150016784668,65.96859741210938
89.45870208740234,208.75450134277344,56.54759979248047,65.48619842529297
88.8490982055664,209.51060485839844,56.326698303222656,65.79109954833984
87.93689727783203,205.39830017089844,57.123199462890625,70.03070068359375
91.8134994506836,211.06210327148438,52.643798828125,65.87989807128906
82.86319732666016,200.13670349121094,60.66699981689453,80.11170196533203
86.80030059814453,210.06109619140625,55.017398834228516,68.37409973144531
87.81269836425781,210.86410522460938,55.4818000793457,69.16179656982422
86.83170318603516,209.74200439453125,55.41109848022461,71.0791015625
92.3145980834961,209.98890686035156,51.08919906616211,70.18299865722656
82.94629669189453,202.92349243164062,62.454898834228516,79.79319763183594
87.1146011352539,211.96510314941406,56.127498626708984,68.98159790039062
94.80349731445312,213.10389709472656,50.15169906616211,68.0988998413086
94.72640228271484,207.57679748535156,49.27560043334961,73.47949981689453
93.44840240478516,207.85110473632812,51.01810073852539,73.40290069580078
96.38839721679688,209.43389892578125,47.927101135253906,71.03510284423828
93.35549926757812,211.44769287109375,51.563899993896484,69.05860137939453
95.67009735107422,212.21409606933594,49.315799713134766,67.03890228271484
88.60289764404297,207.73330688476562,56.86109924316406,69.5103988647461
95.6603012084961,208.23440551757812,51.83060073852539,69.29280090332031
96.76509857177734,207.3404998779297,51.133201599121094,69.26139831542969
92.94519805908203,206.2873992919922,55.42530059814453,72.70690155029297
97.44940185546875,204.74969482421875,51.596500396728516,72.3042984008789
93.18499755859375,206.6688995361328,56.37459945678711,69.92500305175781
100.72360229492188,205.32400512695312,50.94329833984375,69.78489685058594
97.53610229492188,207.2738037109375,53.48640060424805,66.58439636230469
103.45950317382812,207.55490112304688,49.0099983215332,65.47650146484375
104.34100341796875,206.53500366210938,49.60960006713867,66.6240005493164
105.0145034790039,206.914306640625,47.97079849243164,65.372802734375
105.10890197753906,207.36129760742188,48.276100158691406,64.53070068359375
104.91320037841797,205.17230224609375,49.86439895629883,66.29869842529297
104.86530303955078,204.81190490722656,49.597900390625,65.39920043945312
103.97599792480469,204.14149475097656,51.43109893798828,64.71640014648438
106.17659759521484,203.39779663085938,50.897098541259766,64.89450073242188
108.28739929199219,202.94039916992188,47.89630126953125,63.980098724365234
109.1449966430664,203.20419311523438,48.97529983520508,62.74089813232422
111.83719635009766,201.54100036621094,44.47809982299805,62.62049865722656
108.44090270996094,200.85809326171875,49.66239929199219,64.31770324707031
110.24299621582031,200.7949981689453,47.05550003051758,61.777801513671875
102.97319793701172,197.38780212402344,56.221900939941406,65.0647964477539
110.3405990600586,200.4459991455078,49.4390983581543,61.89550018310547
107.60469818115234,198.1602020263672,52.20989990234375,64.7822036743164
112.0114974975586,200.21009826660156,47.96269989013672,63.623600006103516
114.11969757080078,197.29420471191406,44.65800094604492,67.38059997558594
115.23030090332031,198.63180541992188,44.137699127197266,64.60299682617188
109.34829711914062,196.58700561523438,49.92300033569336,66.47019958496094
113.52899932861328,196.77969360351562,44.557899475097656,66.48770141601562
111.92430114746094,194.9550018310547,45.26470184326172,67.3501968383789
111.40270233154297,194.53860473632812,47.253299713134766,68.0781021118164
113.0425033569336,195.16329956054688,44.26860046386719,67.3009033203125
106.66120147705078,194.41360473632812,50.83729934692383,67.02020263671875
109.58370208740234,195.89320373535156,49.75120162963867,64.58769989013672
110.42500305175781,193.4824981689453,48.56340026855469,67.51309967041016
113.57720184326172,194.777099609375,45.24480056762695,66.31890106201172
108.14579772949219,194.31410217285156,52.685001373291016,67.64070129394531
112.06829833984375,193.00650024414062,48.75080108642578,66.53520202636719
116.18070220947266,192.54840087890625,46.2150993347168,67.38919830322266
112.83439636230469,191.69729614257812,50.43830108642578,67.81590270996094
116.14070129394531,190.7602996826172,47.703800201416016,66.4894027709961
115.25250244140625,191.2908935546875,51.20050048828125,66.77519989013672
116.70020294189453,191.364501953125,47.39459991455078,67.5719985961914
115.09590148925781,191.92160034179688,52.04560089111328,66.9813003540039
116.16120147705078,191.71890258789062,51.617401123046875,66.07689666748047
115.48789978027344,191.13250732421875,53.152801513671875,65.95909881591797
117.51319885253906,190.5565948486328,51.84489822387695,65.56909942626953
123.57530212402344,191.0041961669922,45.27259826660156,65.10040283203125
124.3593978881836,191.34609985351562,44.68619918823242,65.0177001953125
123.57279968261719,190.65280151367188,45.40340042114258,64.53279876708984
127.22370147705078,191.06350708007812,42.57429885864258,63.64609909057617
124.93820190429688,191.1634063720703,45.25669860839844,64.05670166015625
125.46240234375,191.02369689941406,43.77880096435547,63.14059829711914
126.52790069580078,190.34039306640625,42.099998474121094,62.382999420166016
124.47969818115234,188.41949462890625,43.5093994140625,62.20249938964844
124.3147964477539,187.50180053710938,43.2588996887207,62.278900146484375
121.0906982421875,185.5496063232422,45.109798431396484,62.942298889160156
115.31700134277344,184.76339721679688,50.33689880371094,63.32229995727539
122.38690185546875,184.33529663085938,42.15700149536133,62.70819854736328
115.62989807128906,181.32589721679688,47.620601654052734,62.432899475097656
118.52400207519531,178.2082061767578,44.29759979248047,63.80820083618164
112.49369812011719,174.4508056640625,49.590999603271484,63.063499450683594
116.0885009765625,170.83680725097656,46.372501373291016,63.588199615478516
113.4386978149414,165.1833953857422,50.074100494384766,62.991600036621094
116.1052017211914,159.02090454101562,47.500301361083984,64.70120239257812
115.62529754638672,152.81219482421875,49.43470001220703,64.90799713134766
116.88580322265625,146.06460571289062,50.38589859008789,65.50039672851562
117.59709930419922,138.4853973388672,53.12350082397461,66.74400329589844
115.99639892578125,131.2631072998047,58.58420181274414,68.95539855957031
117.84140014648438,123.46019744873047,61.015201568603516,71.18939971923828
120.53269958496094,116.23999786376953,63.355098724365234,72.37439727783203
123.43550109863281,109.9990005493164,64.19450378417969,72.17559814453125
126.31600189208984,104.814697265625,64.7843017578125,73.3030014038086
130.13259887695312,101.19450378417969,64.20059967041016,73.90969848632812
132.96470642089844,97.46980285644531,65.893798828125,75.61229705810547
137.19960021972656,94.36820220947266,65.86869812011719,74.68440246582031
140.69580078125,92.55919647216797,64.6978988647461,73.96929931640625
142.63870239257812,90.19059753417969,66.27570343017578,73.68840026855469
145.75860595703125,89.17379760742188,66.12139892578125,73.08679962158203
148.42230224609375,87.14330291748047,66.70379638671875,73.99369812011719
150.7877960205078,83.9563980102539,66.28399658203125,74.58350372314453
153.17080688476562,81.78800201416016,66.45020294189453,74.55860137939453
156.43699645996094,78.72589874267578,68.12069702148438,75.47550201416016
159.9821014404297,74.564697265625,68.14450073242188,75.318603515625
163.67990112304688,72.03929901123047,68.15899658203125,74.30359649658203
166.70970153808594,66.10399627685547,71.07270050048828,76.10929870605469
171.42039489746094,63.2932014465332,69.84369659423828,74.10530090332031
177.4709930419922,59.52330017089844,70.16840362548828,75.00849914550781
183.95750427246094,54.41419982910156,68.91850280761719,75.36479949951172
189.00729370117188,50.154998779296875,69.78040313720703,75.46389770507812
195.66510009765625,46.75849914550781,69.28780364990234,75.18659973144531
200.53579711914062,42.748199462890625,69.69419860839844,75.2323989868164
207.5408935546875,41.097198486328125,68.81220245361328,74.06670379638672
212.45530700683594,37.214500427246094,69.18800354003906,74.84629821777344
217.36410522460938,33.450801849365234,69.09960174560547,75.12670135498047
223.54800415039062,30.825000762939453,68.20600128173828,74.22799682617188
229.13780212402344,30.287200927734375,67.99810028076172,73.21399688720703
233.3029022216797,28.03580093383789,67.93060302734375,73.90180206298828
239.03790283203125,24.93000030517578,67.30780029296875,73.95069885253906
243.24569702148438,25.122299194335938,68.03679656982422,71.69969940185547
247.97030639648438,20.617000579833984,68.0426025390625,73.97630310058594
252.46409606933594,20.12070083618164,68.77400207519531,72.19640350341797
256.2442932128906,15.837699890136719,70.16110229492188,74.95040130615234
261.7500915527344,13.565999984741211,69.82990264892578,74.43720245361328
266.74920654296875,11.703300476074219,70.50479888916016,75.04750061035156
271.2124938964844,9.127599716186523,70.76300048828125,76.35780334472656
278.6357116699219,9.2431001663208,67.95880126953125,74.69969940185547
283.6785888671875,7.116499900817871,68.52130126953125,75.93440246582031
287.77398681640625,6.216400146484375,70.91419982910156,74.87110137939453
292.42230224609375,5.157100200653076,71.39299774169922,75.40750122070312
297.0791015625,2.7588999271392822,73.68499755859375,76.45610046386719
304.3631896972656,5.3155999183654785,72.72219848632812,73.1686019897461
305.24371337890625,0.7752000093460083,75.83439636230469,77.88819885253906
311.0132141113281,0.49959999322891235,77.07559967041016,74.98200225830078
316.6802978515625,0.8871999979019165,75.0718002319336,72.16300201416016
318.3127136230469,1.1216000318527222,76.2426986694336,70.61470031738281
325.5557861328125,1.0988999605178833,71.98040008544922,68.09369659423828
324.5719909667969,0.0,76.864501953125,67.85970306396484
329.0203857421875,0.8514999747276306,75.98400115966797,65.9520034790039
331.6966857910156,0.2897000014781952,74.8718032836914,62.95669937133789
335.8039855957031,0.6388000249862671,73.58719635009766,63.16230010986328
337.315185546875,0.0,74.5166015625,60.27220153808594
339.87109375,0.0,74.30690002441406,60.858299255371094
340.2013854980469,0.0,74.35810089111328,58.750701904296875
346.0357971191406,0.9064000248908997,71.00389862060547,57.220001220703125
345.3716125488281,0.23759999871253967,72.7384033203125,58.6161994934082
350.1947937011719,0.0,69.01689910888672,57.010799407958984
346.39678955078125,0.28439998626708984,73.95939636230469,57.82170104980469
351.74530029296875,0.4449000060558319,68.86820220947266,56.45370101928711
348.6506042480469,0.0,72.3678970336914,54.81719970703125
351.59381103515625,1.052899956703186,68.80280303955078,56.449501037597656
348.4717102050781,0.6096000075340271,73.02279663085938,56.280799865722656
352.6617126464844,1.5204999446868896,68.8373031616211,56.363800048828125
348.54681396484375,0.0,72.81929779052734,57.060001373291016
347.0314025878906,0.0,73.7781982421875,58.59299850463867
352.468505859375,0.2759999930858612,69.4541015625,57.52640151977539
347.6210021972656,0.17180000245571136,73.2239990234375,57.11090087890625
349.677001953125,1.5329999923706055,69.67949676513672,56.96390151977539
347.27880859375,0.0,72.73249816894531,58.364898681640625
348.7668151855469,0.0,71.66739654541016,57.46760177612305
346.91070556640625,0.6931999921798706,72.25550079345703,58.053199768066406
347.0163879394531,0.0,70.91639709472656,57.88420104980469
346.1134033203125,0.5906000137329102,72.35559844970703,58.61899948120117
345.0096130371094,0.3637999892234802,73.05740356445312,59.16529846191406
345.472900390625,0.728600025177002,71.80139923095703,57.416500091552734
345.3008117675781,0.11110000312328339,70.61309814453125,57.87779998779297
345.5404968261719,0.25609999895095825,69.30249786376953,57.75170135498047
348.6802062988281,0.552299976348877,66.6229019165039,58.690399169921875
345.81170654296875,0.7648000121116638,67.81990051269531,58.20320129394531
344.8085021972656,0.512499988079071,68.1353988647461,59.9213981628418
343.498291015625,1.136199951171875,68.6594009399414,59.41600036621094
343.1954040527344,0.46869999170303345,67.56449890136719,60.24190139770508
345.0823059082031,0.0,65.68939971923828,60.395999908447266
344.2408142089844,0.45080000162124634,65.59339904785156,59.695899963378906
346.6144104003906,0.29089999198913574,61.43360137939453,60.145999908447266
344.46429443359375,0.8367000222206116,63.75080108642578,60.62179946899414
343.668701171875,0.0,62.96590042114258,61.71649932861328
345.11590576171875,0.0,62.31549835205078,62.79439926147461
342.1174011230469,0.1500999927520752,64.40850067138672,62.4213981628418
341.849609375,0.4352000057697296,64.16449737548828,62.80440139770508
339.835205078125,0.0,65.70880126953125,63.293701171875
336.939697265625,0.16429999470710754,67.24109649658203,65.18409729003906
341.6871032714844,2.7284998893737793,62.189300537109375,64.52130126953125
339.99371337890625,2.748500108718872,63.75519943237305,64.39790344238281
338.1661071777344,1.3432999849319458,66.00980377197266,67.66179656982422
335.6429138183594,2.662600040435791,66.57420349121094,67.42559814453125
337.72259521484375,2.3413000106811523,64.75489807128906,68.15339660644531
336.78009033203125,4.113699913024902,67.19640350341797,66.91519927978516
336.12188720703125,5.66379976272583,68.09639739990234,64.79769897460938
337.2528991699219,3.6607000827789307,66.7166976928711,69.2300033569336
336.122314453125,4.817599773406982,66.89579772949219,69.25029754638672
334.8970031738281,3.5332999229431152,67.08070373535156,67.84140014648438
334.9721984863281,5.835599899291992,68.31620025634766,66.56230163574219
333.4176025390625,4.984300136566162,69.63600158691406,67.2051010131836
334.2528991699219,6.273600101470947,68.72049713134766,65.44490051269531
331.1337890625,7.454500198364258,72.77439880371094,68.07859802246094
331.5743103027344,9.970999717712402,70.32879638671875,65.44750213623047
331.3363037109375,8.555500030517578,71.71189880371094,66.53559875488281
330.4563903808594,10.547699928283691,72.56500244140625,65.82939910888672
330.66680908203125,10.347100257873535,74.53739929199219,66.50920104980469
331.00311279296875,10.401000022888184,74.24120330810547,67.03040313720703
331.1170959472656,11.178799629211426,74.39710235595703,66.22989654541016
331.8504943847656,12.547599792480469,73.7385025024414,64.010498046875
330.83758544921875,14.13379955291748,75.49210357666016,65.37640380859375
329.37298583984375,13.266599655151367,75.56880187988281,65.07360076904297
329.3193054199219,14.865300178527832,73.88909912109375,65.2686996459961
329.54229736328125,16.923799514770508,76.01490020751953,65.02159881591797
328.41900634765625,16.313499450683594,75.12339782714844,64.9697036743164
327.5945129394531,17.130800247192383,74.4292984008789,64.37079620361328
328.15289306640625,17.249900817871094,76.8469009399414,64.04730224609375
329.2513122558594,19.608999252319336,71.54299926757812,61.09000015258789
328.91119384765625,18.901899337768555,73.69770050048828,63.29050064086914
329.5857849121094,19.635099411010742,73.77940368652344,63.06460189819336
329.7268981933594,21.19580078125,76.98670196533203,64.56060028076172
329.7752990722656,21.932100296020508,75.68250274658203,65.46089935302734
330.2576904296875,23.099599838256836,77.19920349121094,65.38919830322266
330.93121337890625,25.572999954223633,74.91549682617188,62.319400787353516
329.9949035644531,25.164600372314453,76.1708984375,63.08369827270508
328.26361083984375,24.749500274658203,77.2031021118164,65.3927001953125
329.0575866699219,27.094100952148438,73.58619689941406,63.504798889160156
328.67138671875,27.75909996032715,70.85800170898438,56.68479919433594
329.2336120605469,28.415199279785156,61.06639862060547,50.29679870605469
328.4256896972656,27.81529998779297,74.9478988647461,61.569801330566406
327.4242858886719,28.588300704956055,73.49330139160156,58.96419906616211
328.4848937988281,29.886199951171875,72.79450225830078,60.148399353027344
328.3703918457031,30.041400909423828,73.3104019165039,61.74330139160156
327.5328063964844,29.412700653076172,74.33869934082031,63.46099853515625
327.56451416015625,29.730600357055664,71.50029754638672,59.0817985534668
327.87188720703125,31.822999954223633,68.09020233154297,53.412899017333984
326.1471862792969,30.44219970703125,76.4469985961914,64.76899719238281
326.1488952636719,31.897600173950195,76.97699737548828,62.88589859008789
325.7681884765625,33.05670166015625,76.28569793701172,60.736698150634766
325.28729248046875,31.950300216674805,80.59049987792969,67.26339721679688
324.6341857910156,34.19599914550781,81.93399810791016,72.78469848632812
323.9740905761719,34.50270080566406,79.48480224609375,68.8396987915039
323.4187927246094,34.53950119018555,74.32160186767578,65.15859985351562
324.2677001953125,33.18709945678711,77.72699737548828,64.410400390625
322.822509765625,33.73590087890625,70.81849670410156,65.22339630126953
325.4111022949219,34.45249938964844,77.94770050048828,71.43930053710938
323.372802734375,33.92179870605469,65.93599700927734,60.70249938964844
323.1427917480469,34.470401763916016,68.86759948730469,68.02030181884766
323.056884765625,35.12070083618164,70.91239929199219,63.141300201416016
323.6296081542969,34.09130096435547,71.15709686279297,63.106998443603516
323.8027038574219,34.58700180053711,76.42769622802734,71.95480346679688
323.82379150390625,35.46670150756836,68.70790100097656,60.568199157714844
323.22979736328125,34.410499572753906,73.84310150146484,67.302001953125
324.8045959472656,36.158599853515625,74.82080078125,62.094600677490234
326.5456848144531,35.63209915161133,74.6072006225586,62.47890090942383
327.32470703125,35.865699768066406,73.84190368652344,59.031898498535156
328.2409973144531,35.082698822021484,79.48069763183594,59.9375
329.3731994628906,35.94340133666992,74.41470336914062,54.3911018371582
328.877685546875,36.127899169921875,73.8772964477539,65.50469970703125
330.2497863769531,38.059200286865234,73.52079772949219,54.02920150756836
328.1202087402344,39.096900939941406,74.8936996459961,65.37020111083984
327.18939208984375,40.791099548339844,77.29060363769531,61.21110153198242
328.62359619140625,42.492698669433594,75.31210327148438,61.98680114746094
323.7744140625,42.6515007019043,82.72010040283203,66.2228012084961
325.0024108886719,44.01559829711914,78.86399841308594,60.230899810791016
322.2080078125,46.926700592041016,79.68289947509766,58.984901428222656
320.0956115722656,47.32460021972656,82.70600128173828,59.96780014038086
322.2991027832031,48.210899353027344,86.27179718017578,68.88379669189453
321.65411376953125,48.38719940185547,80.24839782714844,61.99639892578125
321.5574035644531,50.6505012512207,79.48760223388672,60.419498443603516
319.6789855957031,51.204200744628906,84.83049774169922,59.8765983581543
320.5609130859375,52.28419876098633,83.68419647216797,60.13010025024414
320.0780944824219,54.37099838256836,83.60369873046875,61.069000244140625
318.7864990234375,54.4541015625,85.2739028930664,58.56449890136719
319.53350830078125,54.815101623535156,85.06880187988281,60.29840087890625
319.43328857421875,57.34709930419922,84.28559875488281,55.409000396728516
318.0492858886719,54.75360107421875,84.69000244140625,59.83760070800781
317.6997985839844,56.851898193359375,84.58450317382812,58.54869842529297
320.7596130371094,57.53960037231445,82.68350219726562,59.135501861572266
320.3550109863281,60.11069869995117,83.50050354003906,56.024898529052734
320.497314453125,59.38819885253906,81.29750061035156,56.48979949951172
320.7557067871094,57.61439895629883,80.4916000366211,57.92620086669922
322.6398010253906,58.68949890136719,80.45870208740234,55.82350158691406
324.77978515625,60.71969985961914,80.4259033203125,54.87009811401367
326.9607849121094,60.37269973754883,78.55709838867188,55.01750183105469
327.9036865234375,61.270999908447266,77.16500091552734,54.427398681640625
327.9502868652344,61.056800842285156,78.14440155029297,54.60390090942383
328.45831298828125,61.367698669433594,77.81839752197266,54.159698486328125
329.2557067871094,61.895599365234375,77.05010223388672,53.604000091552734
327.54278564453125,61.23160171508789,78.90609741210938,52.274200439453125
330.4399108886719,61.6526985168457,74.16069793701172,53.435001373291016
329.089599609375,63.05860137939453,74.5022964477539,52.20859909057617
329.7287902832031,63.743900299072266,74.86109924316406,51.049800872802734
329.7349853515625,63.639198303222656,74.73210144042969,51.17100143432617
330.474609375,64.29859924316406,73.44049835205078,50.01810073852539
329.5870056152344,62.95320129394531,74.00379943847656,51.452301025390625
330.72210693359375,63.47159957885742,73.72760009765625,51.294498443603516
330.92230224609375,62.98210144042969,73.56320190429688,51.929901123046875
331.38140869140625,62.581298828125,73.6803970336914,51.28929901123047
331.9862976074219,62.444400787353516,73.75420379638672,52.22800064086914
332.7380065917969,61.997100830078125,73.36810302734375,51.980899810791016
331.92620849609375,61.229801177978516,74.60140228271484,53.942901611328125
332.32049560546875,60.89759826660156,73.44730377197266,54.88100051879883
332.418212890625,61.00090026855469,73.26309967041016,56.7599983215332
331.28338623046875,60.62139892578125,74.23699951171875,54.159698486328125
330.5519104003906,59.026798248291016,74.72470092773438,57.1952018737793
330.0542907714844,58.055301666259766,76.32279968261719,56.00790023803711
330.9278869628906,58.70429992675781,74.80120086669922,55.804500579833984
330.7554016113281,58.013999938964844,76.87349700927734,58.235599517822266
332.27239990234375,57.46220016479492,75.28690338134766,59.14950180053711
332.6684875488281,55.87590026855469,76.98750305175781,57.371299743652344
334.1039123535156,55.66170120239258,75.86699676513672,67.86750030517578
333.31048583984375,56.50090026855469,76.47669982910156,52.81840133666992
334.9305114746094,56.332401275634766,75.54209899902344,57.301300048828125
335.9142150878906,54.0640983581543,77.44439697265625,74.37979888916016
333.9862976074219,54.90169906616211,77.96900177001953,56.97600173950195
336.6382141113281,55.2692985534668,76.81500244140625,52.119598388671875
337.4469909667969,56.09640121459961,74.23090362548828,51.26219940185547
338.8161926269531,55.96549987792969,73.53600311279297,56.00699996948242
337.16180419921875,56.02840042114258,75.70030212402344,56.52840042114258
336.3432922363281,55.67940139770508,77.43150329589844,62.268001556396484
337.3138122558594,54.551998138427734,77.62750244140625,57.773399353027344
336.83758544921875,54.190399169921875,77.85929870605469,51.00709915161133
339.64691162109375,53.643001556396484,73.31700134277344,54.73550033569336
335.6488037109375,54.36249923706055,79.4032974243164,53.027198791503906
337.3595886230469,54.17919921875,77.64790344238281,54.56629943847656
336.7701110839844,54.58980178833008,80.0386962890625,52.437599182128906
338.5806884765625,54.16849899291992,76.51490020751953,52.2327995300293
339.1322937011719,54.449501037597656,75.20819854736328,53.71390151977539
338.48919677734375,54.98030090332031,74.76679992675781,52.351600646972656
340.4119873046875,56.41790008544922,72.8770980834961,55.30139923095703
338.7369079589844,56.503299713134766,74.19580078125,51.63990020751953
338.3905029296875,56.61640167236328,73.89209747314453,52.48789978027344
341.11529541015625,58.31949996948242,72.4115982055664,49.17279815673828
338.34698486328125,58.01639938354492,73.2052993774414,50.99570083618164
338.1380920410156,60.42850112915039,81.67279815673828,49.192501068115234
339.5987854003906,61.68220138549805,72.18270111083984,47.97610092163086
338.1619873046875,60.85660171508789,72.47799682617188,44.197601318359375
338.4577941894531,62.29079818725586,73.53559875488281,42.59239959716797
338.5555114746094,60.923099517822266,72.82029724121094,45.915199279785156
337.7583923339844,60.6515998840332,75.15350341796875,43.74769973754883
336.6285095214844,59.873199462890625,77.55979919433594,42.698699951171875
336.852294921875,58.75849914550781,74.19490051269531,49.337398529052734
336.9266052246094,58.52980041503906,79.19770050048828,55.346099853515625
331.1482849121094,56.289398193359375,87.9719009399414,57.993900299072266
333.9432067871094,56.31869888305664,93.59429931640625,59.379798889160156
334.2561950683594,55.15850067138672,106.3279037475586,67.45439910888672
338.03619384765625,56.32939910888672,86.47730255126953,76.27310180664062
337.6600036621094,57.15010070800781,95.54840087890625,57.43830108642578
336.6590881347656,57.73619842529297,83.17340087890625,56.80270004272461
336.2257995605469,56.44710159301758,88.88760375976562,54.843299865722656
334.54681396484375,56.60580062866211,105.50370025634766,59.43790054321289
336.11981201171875,57.24580001831055,99.0470962524414,64.24810028076172
335.9596862792969,57.16600036621094,101.33570098876953,62.7760009765625
337.4809875488281,58.027400970458984,96.53880310058594,68.2437973022461
340.8629150390625,58.862098693847656,101.95980072021484,59.870399475097656
342.1600036621094,61.49250030517578,94.48320007324219,57.51959991455078
340.1412048339844,63.40340042114258,97.69219970703125,51.523101806640625
341.79669189453125,63.18170166015625,96.09200286865234,56.176300048828125
341.70880126953125,63.239498138427734,100.5562973022461,56.21099853515625
342.36810302734375,62.58140182495117,93.68699645996094,53.753501892089844
341.9242858886719,64.43260192871094,94.82599639892578,50.4093017578125
340.7533874511719,64.00910186767578,94.46119689941406,50.141300201416016
340.9295959472656,62.96139907836914,103.25830078125,58.47520065307617
339.3080139160156,62.96630096435547,88.4718017578125,51.63740158081055
338.3291931152344,64.29519653320312,78.87870025634766,68.61920166015625
341.430908203125,63.483699798583984,69.40730285644531,54.68619918823242
337.40350341796875,65.00469970703125,85.21630096435547,49.67770004272461
336.6706848144531,63.81340026855469,76.12989807128906,56.80910110473633
340.37799072265625,65.67230224609375,86.56420135498047,47.806800842285156
338.90899658203125,63.59360122680664,76.21880340576172,65.78720092773438
338.8486022949219,66.65609741210938,75.01740264892578,54.7046012878418
335.7018127441406,64.1238021850586,79.14440155029297,53.347599029541016
339.1423034667969,66.72650146484375,102.70140075683594,52.8218994140625
339.8041076660156,65.89450073242188,78.02179718017578,63.194000244140625
336.37969970703125,63.47560119628906,76.96080017089844,58.49850082397461
340.8026123046875,65.77310180664062,74.07720184326172,53.035301208496094
338.7362976074219,64.33270263671875,76.1990966796875,54.68040084838867
341.0986022949219,65.41380310058594,88.59110260009766,53.186500549316406
338.93438720703125,65.0374984741211,91.14119720458984,55.6869010925293
337.51239013671875,65.51950073242188,85.75669860839844,55.885101318359375
340.1754150390625,67.08190155029297,74.96070098876953,55.090599060058594
339.69378662109375,66.57759857177734,75.44490051269531,55.08449935913086
341.9299011230469,67.61270141601562,77.00070190429688,52.722999572753906
340.1453857421875,66.53829956054688,76.84320068359375,57.48939895629883
342.685791015625,68.5988998413086,71.89779663085938,57.51750183105469
341.05810546875,67.69560241699219,76.02629852294922,56.87820053100586
343.3966979980469,68.9718017578125,75.25900268554688,54.039398193359375
343.9200134277344,68.7040023803711,72.81079864501953,56.61370086669922
341.3157043457031,67.36160278320312,78.06610107421875,56.857200622558594
344.4256896972656,68.206298828125,73.33460235595703,55.042301177978516
343.79998779296875,67.70010375976562,73.83070373535156,57.07440185546875
345.1777038574219,69.10870361328125,72.7323989868164,56.52579879760742
345.4590148925781,67.5364990234375,87.37449645996094,57.08530044555664
344.1708068847656,65.36579895019531,81.21649932861328,66.44200134277344
345.6546936035156,66.6572036743164,76.37879943847656,61.56760025024414
344.8204040527344,67.32479858398438,77.50450134277344,58.13159942626953
345.5711975097656,68.95850372314453,74.7134017944336,56.09960174560547
346.2087097167969,66.25420379638672,71.29879760742188,58.59170150756836
349.456787109375,67.94850158691406,70.62110137939453,59.917999267578125
347.914306640625,68.37699890136719,72.11589813232422,56.523799896240234
349.01220703125,66.57350158691406,72.90370178222656,59.0900993347168
348.9735107421875,68.5823974609375,71.38269805908203,56.36989974975586
349.302490234375,65.22650146484375,73.8291015625,60.75579833984375
352.36419677734375,66.71309661865234,71.63580322265625,56.163299560546875
352.6440124511719,64.65229797363281,71.05490112304688,58.48979949951172
353.1755065917969,67.568603515625,73.46900177001953,56.18299865722656
353.8454895019531,66.2748031616211,72.26909637451172,57.11589813232422
353.4938049316406,65.3738021850586,72.58300018310547,58.19620132446289
355.1575012207031,69.49800109863281,68.7385025024414,53.32749938964844
353.6842956542969,62.040401458740234,70.17410278320312,59.0181999206543
353.5185852050781,63.76219940185547,72.64070129394531,58.2140998840332
353.6471862792969,64.77760314941406,71.36499786376953,56.11800003051758
352.5893859863281,62.530601501464844,73.6801986694336,58.0359001159668
351.3290100097656,62.33620071411133,74.9552993774414,59.55830001831055
350.0697021484375,63.2327995300293,76.15080261230469,59.23740005493164
348.7410888671875,64.25920104980469,75.0989990234375,58.0703010559082
347.27740478515625,63.60309982299805,75.27940368652344,58.73929977416992
345.3169860839844,62.12409973144531,77.13529968261719,60.089698791503906
345.4587097167969,62.487701416015625,76.19329833984375,59.4463005065918
341.6748962402344,63.91339874267578,79.56109619140625,57.549400329589844
340.23388671875,64.46170043945312,77.93209838867188,57.30009841918945
341.2856140136719,61.420799255371094,77.75409698486328,60.174598693847656
342.3765869140625,59.88090133666992,76.18509674072266,60.00640106201172
343.6911926269531,61.06439971923828,75.21990203857422,59.162601470947266
342.0726013183594,59.436500549316406,77.48919677734375,59.81840133666992
340.345703125,59.17660140991211,76.12159729003906,57.99919891357422
341.480712890625,58.41170120239258,72.4832992553711,60.604698181152344
336.62310791015625,59.14139938354492,76.19200134277344,58.404701232910156
338.4299011230469,59.618499755859375,74.85060119628906,57.64540100097656
336.9277038574219,58.301300048828125,73.29239654541016,60.07680130004883
335.16900634765625,58.892799377441406,73.53939819335938,60.346099853515625
335.18951416015625,57.99480056762695,73.76599884033203,58.864200592041016
334.8013000488281,58.87620162963867,79.35089874267578,60.77429962158203
333.6968994140625,57.78969955444336,73.1863021850586,60.3203010559082
331.2254943847656,56.9828987121582,77.03780364990234,60.88209915161133
329.6379089355469,57.872100830078125,74.26249694824219,58.42300033569336
332.3236083984375,55.894798278808594,78.06950378417969,62.818599700927734
329.0979919433594,56.057098388671875,74.75340270996094,60.0265998840332
328.07281494140625,56.33940124511719,85.01940155029297,64.04399871826172
328.2641906738281,56.64390182495117,75.93810272216797,61.49580001831055
329.9296875,56.7234001159668,74.74030303955078,62.30929946899414
328.0585021972656,56.14739990234375,75.00299835205078,61.53459930419922
323.8818054199219,56.55720138549805,79.91179656982422,62.36109924316406
333.0205078125,57.135501861572266,70.58059692382812,61.96620178222656
326.1673889160156,54.9640998840332,75.78240203857422,62.14849853515625
329.6846923828125,56.34120178222656,72.68370056152344,62.13349914550781
324.59521484375,55.19940185546875,79.24459838867188,65.0322036743164
329.26611328125,55.57509994506836,72.47370147705078,61.74259948730469
323.00799560546875,56.135799407958984,82.28919982910156,65.77300262451172
330.8475036621094,55.514198303222656,70.62870025634766,61.5281982421875
328.6626892089844,56.84749984741211,74.5198974609375,64.75980377197266
327.71380615234375,56.74660110473633,75.65450286865234,61.15879821777344
327.4490051269531,55.89459991455078,78.19740295410156,66.39620208740234
333.4021911621094,55.760501861572266,73.03780364990234,62.89569854736328
333.0260925292969,57.44020080566406,78.8511962890625,68.62249755859375
332.2170104980469,56.52090072631836,76.75689697265625,64.98069763183594
337.2666015625,57.28519821166992,75.70120239257812,66.91690063476562
333.36761474609375,59.14899826049805,80.31809997558594,64.89089965820312
339.3760986328125,58.06269836425781,76.39080047607422,64.8904037475586
339.5747985839844,58.96879959106445,77.59089660644531,67.20649719238281
341.1953125,60.168701171875,78.16549682617188,68.45690155029297
342.7626037597656,60.62049865722656,79.72059631347656,67.3821029663086
344.8559875488281,60.899600982666016,80.7781982421875,70.25330352783203
351.44891357421875,60.64120101928711,76.60469818115234,66.92630004882812
353.29901123046875,61.756099700927734,82.10389709472656,73.87779998779297
356.0174865722656,60.90399932861328,81.76920318603516,74.47570037841797
360.0762939453125,63.17639923095703,79.69249725341797,67.3156967163086
364.39349365234375,65.09739685058594,77.9990005493164,70.65850067138672
366.7701110839844,65.31629943847656,78.20169830322266,67.82589721679688
369.02398681640625,64.63600158691406,77.94180297851562,67.27780151367188
372.94549560546875,64.94139862060547,76.67669677734375,68.14129638671875
374.94659423828125,64.8396987915039,78.64790344238281,74.0105972290039
376.9443054199219,64.98770141601562,78.66709899902344,73.2510986328125
378.119384765625,64.95249938964844,77.53630065917969,73.26190185546875
378.9722900390625,64.69010162353516,77.86470031738281,72.14710235595703
380.3128967285156,65.377197265625,78.6957015991211,71.05560302734375
380.8544006347656,65.5094985961914,81.61589813232422,73.94889831542969
382.9410095214844,65.81289672851562,77.1395034790039,74.14600372314453
382.7347106933594,65.5156021118164,82.82669830322266,72.93309783935547
382.97918701171875,65.5718994140625,78.98860168457031,78.76119995117188
384.52850341796875,64.40750122070312,80.26339721679688,75.5271987915039
383.3457946777344,65.83550262451172,78.3823013305664,81.2313003540039
383.49420166015625,65.53500366210938,80.10549926757812,76.25330352783203
383.9169921875,62.7661018371582,78.20469665527344,76.97930145263672
382.6368103027344,63.810298919677734,79.23970031738281,79.71279907226562
382.2492980957031,62.766700744628906,81.30079650878906,77.25330352783203
381.3747863769531,62.19779968261719,79.35279846191406,82.17440032958984
383.44940185546875,64.65339660644531,76.82659912109375,75.38610076904297
381.0732116699219,62.20000076293945,82.40339660644531,81.23429870605469
384.3830871582031,63.151100158691406,77.95780181884766,77.62840270996094
383.0011901855469,61.850101470947266,77.14409637451172,82.15809631347656
382.5367126464844,60.682899475097656,76.69920349121094,86.731201171875
384.23089599609375,61.81700134277344,76.63200378417969,78.79129791259766
381.7840881347656,59.726898193359375,81.61019897460938,83.16059875488281
383.5429992675781,59.776798248291016,81.07820129394531,81.28359985351562
382.14678955078125,60.69929885864258,79.75070190429688,79.30919647216797
381.0039978027344,59.602500915527344,80.30809783935547,84.0469970703125
383.7781066894531,59.434600830078125,77.52680206298828,82.50920104980469
381.96258544921875,60.56909942626953,78.44149780273438,84.75150299072266
382.277099609375,60.503700256347656,79.78479766845703,89.10639953613281
384.5538024902344,62.61579895019531,78.6166000366211,85.76799774169922
385.61029052734375,63.979801177978516,79.42630004882812,81.5625
382.80938720703125,63.90420150756836,81.47920227050781,76.7155990600586
384.4119873046875,65.04299926757812,78.29039764404297,79.65550231933594
384.5129089355469,64.23259735107422,79.28450012207031,78.69080352783203
385.3898010253906,64.65879821777344,78.58679962158203,78.7219009399414
384.66339111328125,64.00779724121094,78.08679962158203,77.55449676513672
385.4950866699219,66.08910369873047,81.17469787597656,80.39939880371094
385.5932922363281,65.9457015991211,78.38480377197266,82.26850128173828
387.3829040527344,66.02989959716797,78.38880157470703,77.60569763183594
387.0835876464844,64.94490051269531,86.3114013671875,81.17310333251953
389.8330993652344,65.59719848632812,77.8904037475586,82.77200317382812
390.681884765625,64.76490020751953,75.83280181884766,85.67359924316406
391.57470703125,64.5833969116211,77.27570343017578,86.41400146484375
391.32598876953125,65.11900329589844,75.84210205078125,83.61940002441406
391.7113037109375,64.99340057373047,76.19619750976562,79.79869842529297
392.8304138183594,65.71379852294922,75.87550354003906,74.98509979248047
392.56219482421875,67.12429809570312,77.48750305175781,73.69969940185547
393.30218505859375,66.37259674072266,80.9729995727539,75.92669677734375
395.50421142578125,67.64179992675781,77.6238021850586,77.11540222167969
397.3522033691406,66.83989715576172,82.20259857177734,80.9990005493164
398.2488098144531,67.58309936523438,81.63240051269531,89.76270294189453
400.5517883300781,67.75479888916016,79.93070220947266,87.127197265625
404.6509094238281,69.86409759521484,82.52369689941406,83.80750274658203
407.0528869628906,69.70379638671875,78.96389770507812,89.01029968261719
409.0127868652344,70.40180206298828,78.0907974243164,84.29149627685547
413.5462951660156,72.54820251464844,77.41470336914062,75.91500091552734
417.42608642578125,73.30789947509766,76.9573974609375,76.01619720458984
421.6081848144531,74.93589782714844,76.3750991821289,74.38379669189453
424.63018798828125,75.42379760742188,78.01229858398438,75.31430053710938
428.4154968261719,76.84549713134766,77.34429931640625,71.84860229492188
432.368896484375,78.30750274658203,77.69349670410156,84.6167984008789
436.70550537109375,81.05590057373047,79.96910095214844,73.74510192871094
439.894287109375,81.76319885253906,80.4292984008789,73.70369720458984
443.6235046386719,81.756103515625,82.57140350341797,77.14009857177734
447.135498046875,83.83219909667969,80.02780151367188,79.91999816894531
450.63848876953125,83.37359619140625,76.9469985961914,83.20929718017578
453.9837951660156,86.81900024414062,76.4740982055664,75.21730041503906
457.80670166015625,86.42669677734375,76.27780151367188,77.83039855957031
461.5697937011719,85.8905029296875,76.21240234375,82.68830108642578
464.2604064941406,87.27290344238281,72.53099822998047,81.53959655761719
465.3114929199219,86.97820281982422,75.15740203857422,85.29460144042969
467.9223937988281,87.61759948730469,72.95120239257812,88.1355972290039
470.4578857421875,89.02349853515625,71.92569732666016,82.24620056152344
472.05938720703125,88.9437026977539,73.20790100097656,74.09159851074219
473.4126892089844,88.52690124511719,74.42259979248047,70.07569885253906
473.6091003417969,87.80960083007812,75.49400329589844,87.26319885253906
475.9652099609375,88.99649810791016,73.65460205078125,76.6709976196289
478.0549011230469,89.20110321044922,74.02420043945312,81.84839630126953
480.44659423828125,88.57669830322266,75.69100189208984,86.77120208740234
483.9999084472656,90.05490112304688,73.65889739990234,85.40149688720703
487.523193359375,91.56670379638672,77.57749938964844,85.03949737548828
492.03851318359375,91.45269775390625,75.12439727783203,87.51609802246094
497.5069885253906,93.30999755859375,73.61920166015625,87.31410217285156
502.548095703125,96.42960357666016,76.00379943847656,82.84140014648438
508.8765869140625,96.23190307617188,74.681396484375,82.38970184326172
514.6234741210938,99.0020980834961,74.46080017089844,81.78730010986328
521.1370849609375,100.79850006103516,71.9291000366211,86.61280059814453
526.4108276367188,100.67759704589844,70.93329620361328,80.84020233154297
531.08642578125,102.87300109863281,72.91899871826172,76.06629943847656
534.5565185546875,105.21810150146484,74.20050048828125,84.74459838867188
539.1934814453125,106.5635986328125,78.38050079345703,86.46070098876953
545.7744140625,111.09239959716797,76.40650177001953,85.58209991455078
550.9149169921875,113.46739959716797,74.08809661865234,85.21890258789062
555.94921875,118.91349792480469,76.04879760742188,77.4531021118164
561.575927734375,123.59359741210938,75.58370208740234,79.31849670410156
567.7136840820312,128.79100036621094,72.82730102539062,83.15540313720703
573.5211181640625,133.73390197753906,69.21920013427734,77.1261978149414
576.9984130859375,138.76780700683594,65.74030303955078,81.2655029296875
582.7017822265625,147.3123016357422,67.06269836425781,75.51270294189453
586.993408203125,152.17640686035156,62.294898986816406,74.10340118408203
590.260986328125,159.93099975585938,62.397499084472656,74.0958023071289
593.286376953125,167.75509643554688,61.12220001220703,71.82050323486328
595.0983276367188,173.83990478515625,56.09590148925781,68.88600158691406
596.1112060546875,181.05349731445312,56.46540069580078,72.5999984741211
593.1348876953125,191.37750244140625,63.970298767089844,71.07520294189453
585.4699096679688,201.29490661621094,70.88919830322266,68.04180145263672
556.9244995117188,208.1221923828125,97.63469696044922,70.2488021850586
554.9569702148438,216.32020568847656,95.16419982910156,68.35099792480469
545.8897705078125,228.13780212402344,96.8386001586914,65.30490112304688
544.0244750976562,239.13389587402344,92.86299896240234,71.5916976928711
535.6956787109375,248.8292999267578,93.92120361328125,68.20189666748047
530.9196166992188,257.906494140625,96.47039794921875,62.86370086669922
517.19140625,266.2189025878906,99.08999633789062,74.78079986572266
514.9951782226562,278.01708984375,94.05989837646484,65.37580108642578
515.4932250976562,285.49578857421875,84.29820251464844,65.1666030883789
499.26800537109375,297.027587890625,88.66570281982422,66.83090209960938
475.67120361328125,309.38330078125,80.23899841308594,65.8582992553711
484.69110107421875,316.1611022949219,82.28820037841797,69.93180084228516
481.7484130859375,324.2161865234375,77.73519897460938,68.26239776611328
479.69940185546875,332.1073913574219,79.089599609375,67.16480255126953
478.8414001464844,328.81170654296875,80.64330291748047,79.01850128173828
476.49688720703125,331.7749938964844,79.9645004272461,89.21640014648438
476.1689147949219,333.3734130859375,83.25830078125,88.94029998779297
480.6285095214844,336.8500061035156,83.05729675292969,94.55729675292969
479.8713073730469,340.03839111328125,85.45480346679688,89.55899810791016
477.8821105957031,344.9801025390625,90.80960083007812,85.68419647216797
477.97760009765625,345.68011474609375,109.82710266113281,84.01339721679688
472.20928955078125,358.0635070800781,99.36940002441406,72.95909881591797
469.65460205078125,363.4884948730469,100.54989624023438,66.75759887695312
467.0531005859375,369.93719482421875,104.93329620361328,59.945899963378906
463.5837097167969,375.5303955078125,103.89530181884766,55.03620147705078
464.85040283203125,381.501708984375,99.09500122070312,48.61370086669922
