1
246.08999633789062,150.0146026611328,166.10060119628906,62.42399978637695
247.70669555664062,150.3704071044922,165.51870727539062,64.34369659423828
246.80320739746094,149.8917999267578,166.5428009033203,65.01390075683594
241.2445068359375,148.0592041015625,172.3094024658203,66.2583999633789
246.77369689941406,148.03489685058594,166.88729858398438,68.3781967163086
241.81640625,146.11099243164062,170.56179809570312,70.14700317382812
244.04010009765625,145.6313018798828,167.40020751953125,71.6707992553711
241.21519470214844,141.9156036376953,168.7686004638672,75.1697006225586
245.0543975830078,140.60549926757812,162.18429565429688,77.8551025390625
240.33909606933594,138.9510040283203,166.82879638671875,79.84870147705078
245.62640380859375,137.654296875,159.26010131835938,81.34809875488281
240.21449279785156,138.9586944580078,164.97039794921875,80.89199829101562
234.32530212402344,137.50360107421875,169.12109375,82.20030212402344
234.31500244140625,137.30369567871094,168.0666046142578,82.06159973144531
232.07650756835938,136.36439514160156,169.4019012451172,83.87090301513672
232.8719940185547,137.32400512695312,167.49830627441406,83.1957015991211
234.54379272460938,138.77890014648438,164.8614044189453,82.10179901123047
227.54739379882812,131.53990173339844,172.03640747070312,89.34719848632812
236.3072052001953,138.2967071533203,161.49679565429688,82.48190307617188
229.33749389648438,133.1909942626953,169.84140014648438,87.93190002441406
230.5281982421875,131.9290008544922,166.56700134277344,89.34100341796875
225.72019958496094,131.4748992919922,171.91839599609375,89.91719818115234
225.49659729003906,129.88340759277344,171.9019012451172,93.71540069580078
224.98880004882812,132.23089599609375,173.04710388183594,92.35569763183594
224.64329528808594,133.65460205078125,172.70889282226562,91.64620208740234
224.23060607910156,134.7646026611328,173.497802734375,95.1458969116211
229.3455047607422,140.69349670410156,167.49110412597656,91.5354995727539
230.2552032470703,142.593505859375,171.1956024169922,90.1760025024414
231.27749633789062,143.15679931640625,167.60899353027344,93.58190155029297
228.26849365234375,148.27879333496094,168.49949645996094,94.12680053710938
230.22760009765625,152.59759521484375,166.722900390625,92.58529663085938
230.78469848632812,156.53140258789062,167.97720336914062,92.77960205078125
227.32589721679688,158.38360595703125,172.90390014648438,94.68710327148438
231.38360595703125,162.27589416503906,170.0487060546875,91.88420104980469
231.99729919433594,166.45860290527344,168.86390686035156,94.58670043945312
236.4394989013672,168.55670166015625,164.08120727539062,90.83879852294922
242.18519592285156,171.64630126953125,161.15859985351562,90.46479797363281
238.1013946533203,166.9011993408203,165.89990234375,96.44840240478516
236.7825927734375,157.5386962890625,163.73910522460938,107.54889678955078
231.63580322265625,158.85890197753906,170.7559051513672,107.9406967163086
236.90919494628906,173.6708984375,163.2532958984375,92.95980072021484
253.7613983154297,174.92550659179688,143.97569274902344,94.2020034790039
257.2618103027344,176.76210021972656,139.99180603027344,92.47699737548828
260.5220031738281,178.70399475097656,136.59840393066406,90.51820373535156
263.7344970703125,179.38670349121094,133.17990112304688,89.4822006225586
267.4100036621094,177.95440673828125,125.90989685058594,89.48680114746094
273.0118103027344,178.60110473632812,120.5250015258789,91.15869903564453
276.4845886230469,178.04800415039062,115.81099700927734,91.80169677734375
287.8393859863281,175.02389526367188,101.72630310058594,95.39700317382812
286.9219055175781,177.27699279785156,100.59629821777344,93.67340087890625
289.0636901855469,172.4875030517578,94.2844009399414,99.31189727783203
294.5721130371094,169.80560302734375,86.51139831542969,101.88619995117188
296.88128662109375,163.07249450683594,78.18399810791016,108.49089813232422
302.980712890625,173.4998016357422,68.5647964477539,98.43119812011719
303.6518859863281,174.1678924560547,62.28340148925781,99.11070251464844
312.41180419921875,174.9792938232422,50.421199798583984,99.21260070800781
312.5072021484375,163.5594024658203,44.48469924926758,109.74829864501953
309.7789001464844,178.9532012939453,39.7588005065918,96.14550018310547
305.751708984375,182.9423065185547,37.957801818847656,89.33209991455078
300.7840881347656,171.17379760742188,39.76850128173828,102.75910186767578
295.0982971191406,177.03700256347656,39.880001068115234,92.46219635009766
287.78021240234375,171.00149536132812,63.17720031738281,96.53900146484375
286.6814880371094,169.68890380859375,71.33270263671875,98.08920288085938
283.2651062011719,166.61500549316406,78.73739624023438,100.07489776611328
277.2464904785156,165.26600646972656,86.44419860839844,100.89129638671875
270.644287109375,165.4468994140625,96.00879669189453,101.0530014038086
265.3075866699219,166.97230529785156,105.84449768066406,99.98159790039062
266.855712890625,163.9718017578125,109.11029815673828,101.3864974975586
263.414794921875,165.7075958251953,116.39080047607422,101.49620056152344
258.4703063964844,163.65420532226562,127.03620147705078,104.5165023803711
252.99940490722656,162.17030334472656,135.2445068359375,106.70079803466797
248.2758026123047,159.86329650878906,144.71800231933594,107.99120330810547
242.39129638671875,157.34320068359375,153.51400756835938,108.61650085449219
236.35679626464844,157.71080017089844,161.93209838867188,109.01689910888672
230.08880615234375,152.18060302734375,170.19940185546875,112.74569702148438
229.71170043945312,160.07029724121094,170.22779846191406,106.63379669189453
229.57760620117188,158.9748992919922,169.39120483398438,100.9729995727539
231.89309692382812,163.2646026611328,168.43780517578125,97.71399688720703
235.64869689941406,162.74119567871094,160.8209991455078,92.3687973022461
237.09190368652344,164.4268035888672,160.3408966064453,92.64510345458984
235.4237060546875,164.61720275878906,158.8874053955078,88.94110107421875
236.2283935546875,165.7346954345703,159.51449584960938,86.7770004272461
232.95680236816406,165.1365966796875,160.75950622558594,86.03500366210938
234.54930114746094,165.2156982421875,157.92640686035156,85.06909942626953
232.9510040283203,162.48629760742188,161.53579711914062,87.06809997558594
236.02749633789062,161.4720001220703,157.029296875,87.8938980102539
234.77029418945312,159.8343963623047,157.91879272460938,88.88880157470703
234.439697265625,158.5970001220703,161.39630126953125,90.48670196533203
242.1822052001953,157.72169494628906,149.46420288085938,90.74970245361328
243.3737030029297,156.51539611816406,151.58889770507812,92.43229675292969
246.86050415039062,155.04739379882812,143.66079711914062,89.9166030883789
221.3563995361328,117.060302734375,167.74490356445312,125.1884994506836
220.83779907226562,115.55120086669922,171.86740112304688,127.49530029296875
231.42970275878906,125.00849914550781,160.60450744628906,116.7822036743164
272.9783935546875,149.98899841308594,114.66570281982422,90.73169708251953
271.4220886230469,147.86959838867188,118.5197982788086,96.05359649658203
275.3163146972656,144.9951934814453,114.96620178222656,97.20159912109375
277.78851318359375,143.6123046875,112.58529663085938,100.70890045166016
281.9413146972656,136.0290069580078,101.82029724121094,107.66500091552734
287.7611999511719,136.97459411621094,105.1509017944336,111.27570343017578
292.6838073730469,132.4705047607422,91.51139831542969,113.48629760742188
297.1119079589844,133.57789611816406,92.94960021972656,114.07939910888672
300.6947021484375,134.31570434570312,88.14559936523438,112.86720275878906
301.5929870605469,134.8686981201172,87.16600036621094,114.13990020751953
305.4346008300781,136.00650024414062,82.98049926757812,113.76119995117188
302.7662048339844,134.4687957763672,81.44190216064453,113.71720123291016
310.4906921386719,136.06689453125,70.24340057373047,111.28399658203125
318.5649108886719,132.04949951171875,61.57400131225586,104.73380279541016
319.1023864746094,134.45350646972656,57.852500915527344,98.49169921875
319.5419006347656,129.73150634765625,53.60150146484375,103.35189819335938
319.6754150390625,128.60079956054688,51.72010040283203,109.82209777832031
317.1986083984375,129.68190002441406,52.48149871826172,106.35690307617188
317.00860595703125,137.9940948486328,51.88309860229492,97.095703125
315.3559875488281,136.360107421875,53.67100143432617,96.96920013427734
313.279296875,139.03680419921875,55.099300384521484,97.42769622802734
312.40869140625,137.05569458007812,61.872501373291016,109.08789825439453
312.10809326171875,140.72430419921875,64.92980194091797,105.22480010986328
311.4143981933594,140.69949340820312,61.91360092163086,98.28369903564453
307.1960144042969,145.13720703125,63.71620178222656,92.68669891357422
308.1961975097656,143.30670166015625,52.32780075073242,91.864501953125
307.19781494140625,145.6446990966797,56.400901794433594,89.91020202636719
304.7195129394531,146.13189697265625,55.324100494384766,88.52619934082031
304.84588623046875,148.47450256347656,55.98749923706055,87.07759857177734
302.7601013183594,148.28919982910156,56.89080047607422,87.08319854736328
301.9110107421875,149.7718048095703,55.772098541259766,85.88400268554688
296.7793884277344,148.7021942138672,73.45240020751953,88.69940185546875
299.6578063964844,149.7740936279297,105.96549987792969,86.40910339355469
296.07659912109375,148.90269470214844,115.50959777832031,89.80580139160156
298.83221435546875,146.13580322265625,111.58419799804688,93.60690307617188
294.57269287109375,145.59750366210938,119.16780090332031,95.93009948730469
294.9731140136719,142.11610412597656,119.52899932861328,99.77429962158203
294.823486328125,137.9221954345703,117.37000274658203,104.41259765625
291.8211975097656,134.12820434570312,118.46900177001953,107.22119903564453
287.5201110839844,133.4822998046875,119.77230072021484,108.30049896240234
283.5907897949219,130.29190063476562,125.72899627685547,109.81710052490234
277.77069091796875,128.6112060546875,129.52499389648438,111.36309814453125
271.6885986328125,128.37770080566406,131.92799377441406,108.6958999633789
266.7132873535156,128.50689697265625,132.92689514160156,110.12760162353516
249.1540985107422,129.91009521484375,149.15750122070312,110.47689819335938
256.1720886230469,132.34930419921875,136.92950439453125,98.71849822998047
236.53590393066406,132.58529663085938,154.5760955810547,107.79640197753906
244.92539978027344,134.32350158691406,142.6116943359375,96.10970306396484
239.97349548339844,135.65179443359375,143.61439514160156,100.10780334472656
228.6605987548828,135.30079650878906,153.52520751953125,99.72959899902344
221.2259063720703,134.9842987060547,160.2082977294922,99.65959930419922
201.57550048828125,131.09060668945312,179.31539916992188,101.58609771728516
194.98629760742188,122.87059783935547,184.16310119628906,108.90869903564453
228.2113037109375,131.87049865722656,150.29730224609375,95.62879943847656
228.91830444335938,133.20530700683594,150.4665985107422,98.64559936523438
226.50360107421875,131.4781951904297,155.21170043945312,97.55740356445312
227.89349365234375,130.73289489746094,152.9654998779297,96.42130279541016
228.06019592285156,128.67840576171875,154.17990112304688,98.08570098876953
225.08349609375,127.92530059814453,158.48789978027344,99.09459686279297
221.38250732421875,127.66130065917969,161.13290405273438,96.78620147705078
220.91949462890625,125.51419830322266,158.4040985107422,96.82240295410156
220.6313934326172,127.31990051269531,158.00909423828125,97.75769805908203
218.6634979248047,129.45010375976562,159.97120666503906,95.06839752197266
214.63450622558594,130.5908966064453,161.4626007080078,94.09519958496094
212.54859924316406,132.4113006591797,160.22779846191406,91.96810150146484
209.0865020751953,134.51930236816406,160.03750610351562,95.77780151367188
204.52879333496094,136.4246063232422,162.51080322265625,90.27359771728516
198.8914031982422,138.40589904785156,165.94369506835938,90.17659759521484
190.69039916992188,138.07460021972656,169.89210510253906,95.77469635009766
186.3061065673828,139.74490356445312,171.86459350585938,98.42680358886719
180.08680725097656,141.98069763183594,172.2716064453125,98.69450378417969
174.80059814453125,140.47210693359375,175.74400329589844,107.81520080566406
169.15139770507812,139.6468048095703,178.3428955078125,109.19429779052734
162.93710327148438,139.44630432128906,181.14309692382812,113.75029754638672
157.20620727539062,139.5550994873047,184.37449645996094,115.00080108642578
153.2115020751953,139.1060028076172,187.89649963378906,119.68360137939453
149.0063018798828,139.1992950439453,189.28199768066406,122.40989685058594
145.83680725097656,138.94119262695312,191.88319396972656,126.51499938964844
145.4488067626953,141.4261016845703,192.16329956054688,125.59269714355469
143.07809448242188,142.85220336914062,194.70089721679688,130.43490600585938
144.50250244140625,144.77560424804688,193.04559326171875,122.84020233154297
143.04469299316406,145.35060119628906,195.7819061279297,133.20379638671875
140.20730590820312,147.7740020751953,200.85989379882812,133.44189453125
138.0751953125,145.44400024414062,203.79440307617188,130.47659301757812
138.4705047607422,144.91090393066406,202.0019989013672,131.35459899902344
136.07699584960938,142.68850708007812,209.66610717773438,128.50709533691406
136.86729431152344,138.793701171875,208.1125946044922,130.2613983154297
138.19259643554688,131.79849243164062,205.7303009033203,141.23269653320312
138.73959350585938,134.11129760742188,202.977294921875,132.74510192871094
136.25929260253906,134.28599548339844,199.50689697265625,137.72549438476562
129.7864990234375,130.84979248046875,205.20269775390625,135.38429260253906
128.80990600585938,129.91990661621094,205.60240173339844,133.87969970703125
127.70709991455078,128.60470581054688,202.99240112304688,138.83709716796875
123.97100067138672,130.4595947265625,209.14540100097656,135.40460205078125
120.2394027709961,133.09730529785156,211.09910583496094,140.54319763183594
120.3104019165039,121.28970336914062,215.98489379882812,145.61500549316406
116.41419982910156,120.7760009765625,214.00900268554688,152.95700073242188
114.14929962158203,120.68460083007812,217.52569580078125,146.51820373535156
112.22350311279297,119.25260162353516,218.95379638671875,150.1887969970703
108.67680358886719,120.73919677734375,221.62120056152344,147.61109924316406
106.52050018310547,123.34230041503906,223.15440368652344,142.88760375976562
103.20279693603516,120.66960144042969,230.2281951904297,148.45579528808594
103.3998031616211,121.00489807128906,230.12770080566406,149.5178985595703
102.8104019165039,122.22969818115234,230.0847930908203,146.11740112304688
106.55750274658203,122.89009857177734,229.04269409179688,148.65969848632812
107.35890197753906,115.66010284423828,233.07789611816406,154.47239685058594
113.24800109863281,121.44319915771484,217.37109375,144.97169494628906
117.18609619140625,118.67620086669922,224.5269012451172,153.77529907226562
119.76460266113281,114.7822036743164,223.20550537109375,157.25149536132812
120.91190338134766,105.09919738769531,224.5131072998047,173.91290283203125
118.36219787597656,102.56839752197266,235.20480346679688,169.88189697265625
119.89839935302734,101.37670135498047,230.0153045654297,168.5299072265625
120.52230072021484,96.22450256347656,233.4687042236328,169.25579833984375
123.32879638671875,93.81620025634766,235.1571044921875,165.95030212402344
124.18720245361328,95.40450286865234,236.63999938964844,159.60060119628906
120.38580322265625,92.3905029296875,239.56719970703125,160.35240173339844
120.84010314941406,90.80000305175781,238.0467987060547,157.97630310058594
116.72229766845703,90.0645980834961,236.1909942626953,157.00680541992188
113.42379760742188,90.65039825439453,235.75250244140625,155.13909912109375
110.38919830322266,92.83110046386719,250.69349670410156,155.56700134277344
113.08260345458984,92.58480072021484,234.0341033935547,167.53579711914062
106.82330322265625,90.09020233154297,236.72250366210938,170.8769073486328
104.43710327148438,94.5427017211914,260.14569091796875,173.5052947998047
107.44159698486328,95.53790283203125,234.3466033935547,174.6562957763672
99.20240020751953,90.12319946289062,239.60049438476562,181.41949462890625
97.5177993774414,95.85009765625,242.57420349121094,180.62939453125
88.54509735107422,101.32530212402344,243.9113006591797,175.04660034179688
77.29769897460938,99.44609832763672,255.4268035888672,175.56809997558594
72.29139709472656,97.77279663085938,266.59039306640625,177.15719604492188
65.24909973144531,94.21749877929688,266.85150146484375,179.1905059814453
63.062599182128906,93.61080169677734,270.17138671875,178.8072967529297
59.13130187988281,85.8740005493164,271.0365905761719,183.6450958251953
63.79169845581055,84.1239013671875,261.2244873046875,182.0218963623047
50.77840042114258,81.47309875488281,279.9097900390625,179.40480041503906
45.64339828491211,80.20500183105469,287.6388854980469,180.72889709472656
37.71780014038086,79.08679962158203,292.6619873046875,175.69520568847656
32.9921989440918,77.69730377197266,294.61639404296875,171.6226043701172
26.468000411987305,77.54309844970703,298.2113952636719,166.77459716796875
18.167999267578125,73.45459747314453,290.9226989746094,174.61309814453125
14.087699890136719,71.46540069580078,305.8039855957031,184.08680725097656
12.359999656677246,71.65779876708984,303.4454040527344,190.94529724121094
5.257299900054932,74.9845962524414,307.720703125,179.085693359375
3.02620005607605,78.38240051269531,299.0,174.2716064453125
0.0,81.06009674072266,301.94061279296875,171.91729736328125
0.0,88.59030151367188,304.2283935546875,165.2097930908203
0.0,89.49150085449219,292.8411865234375,162.12120056152344
0.0,89.12840270996094,304.36968994140625,161.92230224609375
0.0,87.54979705810547,314.7939147949219,161.33889770507812
0.0,92.6572036743164,291.71429443359375,153.39720153808594
0.0,93.22149658203125,290.37249755859375,149.8867950439453
0.430400013923645,93.57869720458984,274.15380859375,144.07620239257812
0.0,96.62860107421875,270.38519287109375,129.4777069091797
0.0,102.01280212402344,271.90478515625,111.5011978149414
0.0,97.15299987792969,286.0762023925781,109.13289642333984
0.0,98.33679962158203,274.52679443359375,108.0624008178711
0.0,97.84880065917969,278.9100036621094,108.52680206298828
0.0,100.00019836425781,291.20770263671875,104.06500244140625
0.0,96.70880126953125,290.9920959472656,108.1957015991211
0.0,99.87419891357422,302.1496887207031,107.84429931640625
0.0,104.59559631347656,306.2442932128906,107.65709686279297
0.0,100.80030059814453,311.106201171875,114.30670166015625
0.0,102.69629669189453,316.00738525390625,122.69419860839844
0.0,103.03070068359375,330.9869079589844,134.18069458007812
5.018700122833252,106.92680358886719,325.64080810546875,133.86109924316406
7.894100189208984,105.40010070800781,332.0184020996094,145.24569702148438
15.375900268554688,105.1729965209961,331.1216125488281,151.3946075439453
24.29520034790039,107.21170043945312,317.0971984863281,153.96099853515625
37.07109832763672,106.19599914550781,302.5599060058594,160.97019958496094
46.8567008972168,105.67289733886719,289.3100891113281,164.44580078125
45.097198486328125,103.80979919433594,293.3854064941406,169.9405059814453
57.04180145263672,104.50140380859375,281.3666076660156,170.52890014648438
58.354698181152344,98.10459899902344,279.4122009277344,177.03379821777344
52.91630172729492,102.20159912109375,285.1986999511719,172.64259338378906
50.002601623535156,103.27339935302734,287.53369140625,171.10719299316406
53.26300048828125,106.83689880371094,284.4285888671875,170.1457977294922
58.74140167236328,105.06539916992188,283.8457946777344,175.4904022216797
59.87929916381836,109.70059967041016,282.1639099121094,166.1416015625
64.29840087890625,107.81400299072266,274.6256103515625,171.18490600585938
69.52330017089844,106.39839935302734,267.9761962890625,169.1472930908203
63.307701110839844,100.69180297851562,271.40478515625,174.65020751953125
60.872501373291016,104.3823013305664,272.923095703125,165.23480224609375
65.46399688720703,100.52420043945312,267.8872985839844,168.089599609375
70.95919799804688,92.13420104980469,264.3622131347656,175.81069946289062
71.0770034790039,85.0873031616211,269.6647033691406,178.41610717773438
75.93419647216797,89.10929870605469,251.99229431152344,174.06719970703125
80.8822021484375,72.12319946289062,247.8822021484375,193.26890563964844
84.23380279541016,75.59390258789062,244.4781036376953,193.2418975830078
84.42050170898438,64.57489776611328,248.57139587402344,213.28419494628906
79.03410339355469,56.830101013183594,254.9508056640625,229.5388946533203
72.62920379638672,52.75849914550781,261.7742004394531,235.09939575195312
68.39949798583984,50.060001373291016,262.3536071777344,238.19239807128906
62.450599670410156,48.93280029296875,273.2002868652344,246.00709533691406
56.54819869995117,35.54199981689453,294.2981872558594,266.5469970703125
58.995399475097656,22.546499252319336,280.3590087890625,279.46240234375
57.36589813232422,18.301300048828125,281.818115234375,289.8240051269531
58.36899948120117,13.40779972076416,280.95989990234375,301.9790954589844
60.75659942626953,16.455799102783203,283.53790283203125,299.6697082519531
56.21820068359375,9.218199729919434,295.06170654296875,311.0339050292969
54.850799560546875,15.493200302124023,279.1336975097656,302.0191955566406
59.08430099487305,6.185500144958496,277.7431945800781,318.8157958984375
57.7421989440918,13.032500267028809,274.92059326171875,309.2929992675781
62.419898986816406,10.254799842834473,256.93560791015625,311.393798828125
61.36199951171875,20.47559928894043,250.5117950439453,308.3465881347656
66.40799713134766,15.891599655151367,242.59669494628906,318.89959716796875
73.90370178222656,26.32110023498535,230.36219787597656,311.79339599609375
80.48200225830078,23.493200302124023,211.45970153808594,310.3302001953125
102.05249786376953,10.953200340270996,194.0843963623047,322.2955017089844
113.70690155029297,36.51940155029297,162.89329528808594,286.4989929199219
109.66390228271484,8.437999725341797,186.3437042236328,306.13409423828125
97.50920104980469,30.81279945373535,182.57809448242188,289.92010498046875
117.5740966796875,15.460700035095215,180.94979858398438,297.28228759765625
80.2249984741211,23.402599334716797,209.05650329589844,295.2185974121094
69.0614013671875,14.173500061035156,230.30340576171875,306.08538818359375
68.92340087890625,19.969100952148438,267.7449951171875,301.00531005859375
57.9015998840332,23.579299926757812,260.09649658203125,310.8870849609375
50.75529861450195,19.472999572753906,258.55780029296875,305.714111328125
44.29389953613281,22.782400131225586,273.1465148925781,306.4385986328125
44.83399963378906,30.05459976196289,288.0180969238281,299.6748962402344
46.565101623535156,33.070499420166016,279.80938720703125,292.8953857421875
43.24399948120117,33.81050109863281,283.5603942871094,294.7237854003906
40.392398834228516,38.6510009765625,294.6921081542969,292.6261901855469
42.04669952392578,47.49409866333008,307.03759765625,282.9554138183594
42.117000579833984,53.832401275634766,308.15289306640625,271.4512939453125
44.36909866333008,56.17070007324219,321.67340087890625,273.0596923828125
48.25379943847656,55.22840118408203,319.09478759765625,268.7200927734375
54.201900482177734,62.4822998046875,326.1394958496094,256.130615234375
54.43539810180664,61.1077995300293,331.8363952636719,251.25979614257812
65.90560150146484,66.56829833984375,327.69439697265625,235.05499267578125
72.3395004272461,67.98909759521484,323.24200439453125,227.6875
79.0459976196289,75.22930145263672,318.4840087890625,218.26280212402344
86.84420013427734,78.13770294189453,309.2515869140625,202.49169921875
88.09040069580078,85.6135025024414,312.8077087402344,195.4936065673828
93.32319641113281,89.86360168457031,308.6960144042969,185.44320678710938
101.93309783935547,94.47589874267578,297.4801025390625,173.46189880371094
107.56330108642578,97.33589935302734,293.39129638671875,168.4884033203125
113.95349884033203,98.8467025756836,288.2033996582031,166.5623016357422
113.76419830322266,102.48770141601562,288.626708984375,166.56089782714844
113.68190002441406,105.71420288085938,291.160888671875,163.9403076171875
110.72270202636719,106.49230194091797,295.39410400390625,163.55189514160156
114.79669952392578,108.44409942626953,287.80419921875,162.96389770507812
108.24929809570312,109.97119903564453,292.80718994140625,164.20339965820312
109.39540100097656,111.25700378417969,290.22918701171875,163.06199645996094
109.66899871826172,111.26119995117188,292.260498046875,165.0467071533203
108.54759979248047,111.09750366210938,294.6459045410156,166.26300048828125
106.86419677734375,112.53199768066406,293.7587890625,166.04660034179688
101.45800018310547,112.20860290527344,298.7001037597656,166.5579071044922
101.20939636230469,112.42500305175781,295.9119873046875,167.26089477539062
95.94490051269531,111.32730102539062,300.127685546875,168.0290069580078
93.65499877929688,111.61209869384766,291.4986877441406,167.10629272460938
88.23210144042969,113.4738998413086,290.3457946777344,166.00509643554688
84.13359832763672,113.36499786376953,293.6341857910156,167.1490936279297
78.73100280761719,115.52210235595703,294.39068603515625,162.7716064453125
74.59660339355469,113.92220306396484,295.0080871582031,164.49920654296875
68.55259704589844,111.8833999633789,289.2181091308594,163.83990478515625
62.58919906616211,107.7240982055664,293.98748779296875,163.19760131835938
57.56019973754883,104.64070129394531,295.3750915527344,162.63290405273438
53.54899978637695,95.92610168457031,298.2345886230469,164.59300231933594
50.30580139160156,88.86219787597656,304.38140869140625,169.00320434570312
45.657798767089844,86.73049926757812,302.3505859375,168.72889709472656
39.093101501464844,81.61319732666016,309.2760925292969,169.67630004882812
41.34939956665039,75.90599822998047,308.2049865722656,175.11639404296875
37.77239990234375,70.45169830322266,305.3778991699219,180.36410522460938
31.298599243164062,63.734100341796875,312.7301940917969,184.23159790039062
35.97679901123047,57.40650177001953,308.32501220703125,187.8782958984375
29.92799949645996,49.24610137939453,308.63299560546875,194.9300994873047
34.39500045776367,44.997100830078125,309.6423034667969,192.8845977783203
32.88180160522461,32.4734001159668,308.78228759765625,200.41749572753906
33.36259841918945,27.647600173950195,307.2503967285156,210.93310546875
35.1088981628418,29.812700271606445,306.2607116699219,202.6195068359375
34.12080001831055,20.84149932861328,305.7679138183594,215.2830047607422
35.71649932861328,14.950499534606934,303.5076904296875,218.77529907226562
42.37139892578125,11.798399925231934,298.4241027832031,223.14759826660156
43.51679992675781,7.90369987487793,297.7025146484375,241.53819274902344
47.97629928588867,5.116600036621094,287.4324035644531,237.82000732421875
47.00870132446289,5.014999866485596,290.1520080566406,227.52059936523438
48.99250030517578,1.3641999959945679,291.0813903808594,236.902099609375
52.76340103149414,2.705699920654297,285.260986328125,237.26699829101562
55.21269989013672,7.396500110626221,276.7748107910156,227.41709899902344
59.98360061645508,6.9664998054504395,272.2488098144531,219.26609802246094
59.566001892089844,10.467499732971191,272.1151123046875,207.13690185546875
60.61479949951172,12.792900085449219,271.0537109375,206.82150268554688
65.38960266113281,20.55389976501465,272.6673889160156,202.83740234375
73.25810241699219,18.289199829101562,268.4270935058594,199.23480224609375
74.01390075683594,21.862300872802734,274.2044982910156,198.09689331054688
79.97270202636719,34.582801818847656,265.5321960449219,188.16050720214844
90.20700073242188,48.17649841308594,256.7218017578125,174.2176055908203
95.26439666748047,57.93790054321289,251.14959716796875,167.21499633789062
103.80580139160156,66.7072982788086,244.6013946533203,161.3751983642578
104.12310028076172,75.20850372314453,241.94110107421875,157.2335968017578
108.58090209960938,78.69599914550781,237.79150390625,155.1638946533203
106.19819641113281,82.37079620361328,242.17849731445312,158.3887939453125
115.0656967163086,84.97000122070312,238.0836944580078,159.8813018798828
128.59140014648438,98.12629699707031,226.7342987060547,152.3802032470703
119.75029754638672,95.131103515625,235.14349365234375,160.6179962158203
124.55400085449219,95.39990234375,236.79580688476562,164.81849670410156
138.17140197753906,102.6510009765625,219.37229919433594,156.23159790039062
145.07620239257812,111.46489715576172,217.74789428710938,151.03819274902344
140.05389404296875,114.33409881591797,218.83920288085938,151.00599670410156
150.0780029296875,111.62750244140625,211.69140625,155.50379943847656
147.2718963623047,110.90170288085938,210.30690002441406,155.99310302734375
157.9864044189453,111.28070068359375,201.99710083007812,155.50390625
165.11549377441406,109.51020050048828,197.66949462890625,160.08810424804688
172.4866943359375,108.15350341796875,193.8863983154297,158.06959533691406
168.77130126953125,106.71240234375,197.93359375,155.65310668945312
171.0308074951172,106.50469970703125,204.27960205078125,152.63670349121094
172.9492950439453,103.27790069580078,203.0207977294922,156.32470703125
167.67160034179688,97.83999633789062,210.1479949951172,158.31739807128906
174.11270141601562,95.53630065917969,210.1168975830078,157.38180541992188
175.24240112304688,96.06400299072266,210.3323974609375,149.6793975830078
180.94090270996094,93.45179748535156,210.48719787597656,145.5572052001953
193.9853057861328,104.59249877929688,199.7843017578125,131.20199584960938
185.5572052001953,87.23179626464844,217.76480102539062,147.90310668945312
201.75869750976562,114.46320343017578,204.43150329589844,110.96759796142578
212.468994140625,110.13870239257812,197.18870544433594,115.06629943847656
216.00999450683594,107.82240295410156,197.65829467773438,115.5385971069336
214.86459350585938,102.96299743652344,201.6051025390625,120.71549987792969
217.65020751953125,102.51719665527344,201.9257049560547,123.0801010131836
213.0052032470703,95.97489929199219,206.32440185546875,124.95089721679688
217.98289489746094,99.2260971069336,203.97850036621094,131.0048065185547
217.23179626464844,98.52909851074219,208.7718048095703,124.96040344238281
213.85000610351562,81.74579620361328,214.70159912109375,141.53810119628906
215.61810302734375,87.27510070800781,219.0323028564453,135.36929321289062
218.74549865722656,71.57039642333984,213.23410034179688,154.81759643554688
219.5637969970703,97.8324966430664,213.0570068359375,130.9416961669922
220.84060668945312,77.70059967041016,211.47569274902344,147.29559326171875
222.1613006591797,82.00440216064453,209.7218017578125,141.02830505371094
224.25439453125,95.70210266113281,211.62770080566406,133.31199645996094
226.46009826660156,90.17970275878906,213.39950561523438,138.618896484375
232.15220642089844,92.2177963256836,209.62840270996094,131.91799926757812
225.1759033203125,89.88569641113281,219.34010314941406,132.07789611816406
230.41749572753906,90.01740264892578,225.80349731445312,130.86990356445312
236.2342987060547,91.4917984008789,227.91720581054688,130.31520080566406
236.7458953857422,94.16120147705078,227.69200134277344,126.85430145263672
235.02870178222656,93.57540130615234,234.99749755859375,130.4864044189453
240.32139587402344,98.53790283203125,228.34759521484375,126.24710083007812
176.88729858398438,95.87229919433594,301.5032043457031,129.65809631347656
243.9221954345703,102.18479919433594,233.7498016357422,126.3593978881836
237.64149475097656,104.12920379638672,234.368896484375,123.75180053710938
242.48269653320312,105.52980041503906,218.42120361328125,126.78240203857422
248.0605010986328,110.69889831542969,202.8188018798828,122.45169830322266
245.80880737304688,111.68820190429688,210.09170532226562,126.00789642333984
244.60470581054688,113.0740966796875,205.1278076171875,126.29499816894531
241.9075927734375,115.2863998413086,205.75979614257812,126.10449981689453
237.02830505371094,113.8895034790039,214.43719482421875,132.26980590820312
202.32159423828125,109.76319885253906,248.43350219726562,140.12049865722656
236.60470581054688,118.50599670410156,214.16610717773438,130.31289672851562
230.17550659179688,113.55770111083984,219.9739990234375,141.02529907226562
222.63780212402344,117.63569641113281,231.03660583496094,138.99679565429688
244.720703125,117.20500183105469,209.67860412597656,138.9429931640625
242.802001953125,121.55449676513672,211.3896942138672,139.15480041503906
232.33120727539062,118.92790222167969,218.70350646972656,141.93299865722656
223.2333984375,122.80039978027344,229.2633056640625,138.05490112304688
219.01400756835938,114.681396484375,227.8424072265625,148.38040161132812
210.64010620117188,111.98419952392578,234.7427978515625,153.0070037841797
205.7436981201172,109.95800018310547,238.9138946533203,159.6248016357422
205.31829833984375,107.98040008544922,227.17030334472656,160.50680541992188
202.06590270996094,108.18109893798828,222.4698944091797,169.4593963623047
194.67520141601562,109.5802001953125,222.35980224609375,163.63560485839844
191.28329467773438,109.15390014648438,225.6221923828125,174.57240295410156
184.0489044189453,109.77539825439453,227.1903076171875,173.66709899902344
182.40379333496094,112.28009796142578,226.12600708007812,176.39869689941406
184.6488037109375,108.75440216064453,220.91380310058594,188.49830627441406
184.81869506835938,110.21759796142578,221.82220458984375,192.69920349121094
188.768798828125,116.01129913330078,220.05230712890625,191.62030029296875
191.7794952392578,117.09750366210938,211.0579071044922,198.78619384765625
192.28689575195312,113.66560363769531,206.34010314941406,210.6898956298828
193.26220703125,117.25669860839844,202.13250732421875,208.98519897460938
186.860595703125,117.26100158691406,202.9304962158203,212.2375030517578
190.01319885253906,115.36869812011719,197.95179748535156,210.4219970703125
189.43150329589844,121.3468017578125,198.7440948486328,209.7711944580078
180.17909240722656,108.80699920654297,211.48129272460938,221.6199951171875
209.76600646972656,138.43690490722656,174.2366943359375,184.30990600585938
207.24319458007812,140.81129455566406,173.981201171875,189.2509002685547
199.03500366210938,125.50370025634766,179.4049072265625,207.19679260253906
185.86309814453125,131.93629455566406,186.9029998779297,193.56390380859375
186.73680114746094,123.01210021972656,183.47149658203125,205.38929748535156
182.3972930908203,128.0511016845703,182.20440673828125,212.922607421875
176.27279663085938,118.46119689941406,182.1949005126953,214.033203125
167.95730590820312,111.372802734375,180.3970947265625,221.0240936279297
166.9846954345703,111.19920349121094,171.28050231933594,223.69000244140625
157.96839904785156,108.44129943847656,174.4384002685547,240.39120483398438
150.89010620117188,112.04940032958984,168.15060424804688,223.29859924316406
143.47569274902344,112.3364028930664,177.07650756835938,214.8773956298828
138.0552978515625,113.1792984008789,185.72410583496094,243.32330322265625
137.53619384765625,112.43499755859375,181.65159606933594,233.24020385742188
132.1219024658203,110.49579620361328,185.99139404296875,245.35679626464844
134.6436004638672,103.39350128173828,177.4138946533203,240.7064971923828
123.55789947509766,111.9114990234375,182.00270080566406,242.61700439453125
125.87960052490234,98.64140319824219,193.6363067626953,260.11309814453125
123.16510009765625,112.70700073242188,191.618896484375,243.6179962158203
114.00150299072266,95.78910064697266,187.25360107421875,256.7908020019531
110.92859649658203,98.8936996459961,190.27020263671875,254.30929565429688
104.98999786376953,100.48190307617188,201.20880126953125,256.2344055175781
103.4740982055664,97.50340270996094,201.27980041503906,257.7131042480469
94.82769775390625,95.69550323486328,208.68919372558594,259.3673095703125
93.00509643554688,94.61710357666016,209.43809509277344,262.50030517578125
86.59380340576172,95.12539672851562,224.216796875,264.4991149902344
84.41649627685547,92.28700256347656,226.41600036621094,266.14520263671875
82.94730377197266,93.80470275878906,234.45590209960938,266.1332092285156
82.35260009765625,92.85240173339844,236.15379333496094,258.0133056640625
81.7061996459961,98.05030059814453,238.68699645996094,256.9960021972656
79.22530364990234,95.43560028076172,238.8603973388672,259.5722961425781
78.94000244140625,97.29879760742188,249.79910278320312,261.7445983886719
79.71170043945312,112.56649780273438,250.27560424804688,236.00270080566406
78.4030990600586,98.87200164794922,251.2053985595703,250.19410705566406
70.97019958496094,100.1937026977539,254.35769653320312,247.5605926513672
70.33429718017578,111.7615966796875,256.9314880371094,235.0402069091797
70.97969818115234,120.3230972290039,251.0345001220703,226.75059509277344
68.99610137939453,110.61609649658203,257.7997131347656,235.91830444335938
66.43000030517578,127.72969818115234,256.10369873046875,217.57960510253906
67.35150146484375,129.398193359375,256.5575866699219,213.11019897460938
65.29660034179688,127.61979675292969,256.0546875,218.9062042236328
69.66329956054688,133.4718017578125,247.77720642089844,210.1428985595703
71.41790008544922,132.76480102539062,247.17739868164062,215.8271026611328
71.57029724121094,134.48980712890625,244.25250244140625,210.6717071533203
73.34760284423828,134.52490234375,244.09840393066406,211.70860290527344
78.94539642333984,139.36599731445312,242.84190368652344,209.8509063720703
87.08499908447266,138.84100341796875,223.9832000732422,208.09129333496094
93.77269744873047,146.3096923828125,207.64810180664062,199.2528076171875
108.81169891357422,147.71400451660156,196.3092041015625,188.10060119628906
114.39540100097656,152.90589904785156,181.8175048828125,195.49429321289062
122.34619903564453,157.52479553222656,161.19630432128906,177.4698944091797
135.002197265625,158.03160095214844,143.04730224609375,197.0258026123047
156.24839782714844,106.20330047607422,107.73680114746094,192.86700439453125
164.5970001220703,166.83489990234375,102.68659973144531,181.8061981201172
252.47169494628906,137.88980102539062,80.07530212402344,99.14099884033203
301.48040771484375,127.05419921875,35.986900329589844,74.73049926757812
215.46240234375,171.97349548339844,31.901599884033203,96.7333984375
132.93179321289062,172.00869750976562,124.75849914550781,160.39920043945312
124.4312973022461,177.12460327148438,132.53550720214844,178.5491943359375
108.50550079345703,168.29200744628906,196.16549682617188,190.59390258789062
104.56400299072266,184.5316925048828,200.5399932861328,174.99920654296875
102.35900115966797,191.1685028076172,194.39669799804688,168.8314971923828
98.38050079345703,181.34559631347656,206.7852020263672,178.65440368652344
94.56719970703125,180.28919982910156,219.8345947265625,179.71080017089844
94.1104965209961,176.71400451660156,227.25799560546875,183.28599548339844
92.53089904785156,179.32260131835938,237.1049041748047,180.67739868164062
233.4835968017578,109.62139892578125,132.72520446777344,83.43830108642578
101.46410369873047,186.97500610351562,230.35470581054688,169.02169799804688
118.6177978515625,61.11410140991211,315.1236877441406,251.96800231933594
108.99659729003906,182.99459838867188,224.5063934326172,171.04750061035156
134.41929626464844,105.62319946289062,246.72950744628906,215.1802978515625
121.77179718017578,182.60560607910156,228.65179443359375,164.076904296875
233.406005859375,114.41439819335938,151.1374053955078,81.09660339355469
130.50709533691406,191.13729858398438,223.45339965820312,155.52439880371094
136.0175018310547,198.14059448242188,221.23240661621094,155.53030395507812
136.96189880371094,185.13389587402344,224.31149291992188,167.89199829101562
137.95889282226562,185.53610229492188,229.94520568847656,172.11399841308594
141.6436004638672,184.28709411621094,233.18800354003906,165.2519073486328
146.27130126953125,179.92799377441406,233.98629760742188,174.3560028076172
150.78359985351562,175.30870056152344,244.38160705566406,179.0966033935547
154.19619750976562,177.15460205078125,248.2884063720703,175.51629638671875
158.34339904785156,170.40159606933594,252.34689331054688,182.3426971435547
162.66029357910156,168.460205078125,248.918701171875,166.43890380859375
166.32679748535156,163.9145050048828,242.66259765625,190.3271026611328
166.35470581054688,163.79029846191406,248.36570739746094,189.51609802246094
168.86549377441406,159.58900451660156,248.33120727539062,190.28419494628906
169.8404998779297,152.17709350585938,247.1197052001953,207.82290649414062
167.10719299316406,153.1566925048828,253.2270050048828,195.32009887695312
239.65570068359375,146.91949462890625,180.2666015625,184.8762969970703
171.0540008544922,145.052001953125,247.36630249023438,200.94610595703125
167.80859375,140.02650451660156,246.15240478515625,199.76220703125
163.83779907226562,124.01249694824219,251.9822998046875,226.60780334472656
159.0968017578125,120.4583969116211,254.70530700683594,227.37049865722656
157.41409301757812,122.59660339355469,255.0467071533203,224.064697265625
156.86160278320312,121.37789916992188,253.59609985351562,222.49029541015625
157.7534942626953,112.99870300292969,251.13690185546875,230.3126983642578
153.45680236816406,109.5697021484375,253.48779296875,224.3336944580078
154.99859619140625,113.27030181884766,254.7010040283203,220.25909423828125
150.58059692382812,119.60590362548828,255.7906036376953,210.39259338378906
153.93350219726562,116.94219970703125,254.42529296875,204.06869506835938
151.18739318847656,117.60859680175781,254.61920166015625,206.40769958496094
150.41400146484375,119.81079864501953,252.90699768066406,197.83819580078125
148.05430603027344,116.13800048828125,255.35830688476562,204.82110595703125
149.46560668945312,123.00830078125,247.98890686035156,190.49020385742188
152.25469970703125,114.53469848632812,242.28610229492188,199.4799041748047
151.16700744628906,122.2437973022461,245.2812957763672,192.59469604492188
142.8498992919922,110.74919891357422,253.06939697265625,192.0592041015625
159.6221923828125,120.03820037841797,234.65829467773438,191.33920288085938
150.1356964111328,104.82260131835938,249.0012969970703,206.19119262695312
167.3076934814453,104.8031997680664,229.64739990234375,203.658203125
183.13409423828125,103.4364013671875,207.57989501953125,201.9467010498047
194.91380310058594,107.88490295410156,193.75750732421875,195.33779907226562
197.9694061279297,103.61370086669922,182.92129516601562,196.9145965576172
198.30929565429688,108.60459899902344,175.47940063476562,190.84219360351562
200.13250732421875,104.10890197753906,169.10360717773438,192.02169799804688
202.75140380859375,104.51499938964844,160.8321990966797,192.3426055908203
200.82479858398438,105.65070343017578,163.78759765625,194.74180603027344
205.88839721679688,105.19319915771484,160.71249389648438,187.4698028564453
203.69679260253906,106.98400115966797,149.47109985351562,199.49929809570312
205.53109741210938,106.71929931640625,150.302001953125,198.53770446777344
168.03439331054688,104.05770111083984,183.35330200195312,208.61390686035156
142.50439453125,110.00379943847656,205.0811004638672,193.9447021484375
234.42239379882812,112.53269958496094,105.63169860839844,102.77580261230469
189.3498992919922,105.53289794921875,137.87069702148438,214.80050659179688
189.85389709472656,106.2938003540039,135.9188995361328,208.8227996826172
168.0980987548828,104.0343017578125,158.89599609375,145.02520751953125
187.04010009765625,103.80069732666016,136.9897003173828,222.3553924560547
195.39280700683594,106.60350036621094,129.0229034423828,86.86170196533203
186.15899658203125,103.04440307617188,135.03379821777344,140.22509765625
187.7469940185547,110.62300109863281,123.74349975585938,226.0753936767578
155.14280700683594,102.70379638671875,146.01170349121094,212.2292022705078
148.0290985107422,106.92539978027344,179.7592010498047,209.32749938964844
146.46319580078125,106.31939697265625,161.77980041503906,211.40640258789062
154.97610473632812,106.67489624023438,182.502197265625,214.99319458007812
145.99729919433594,103.4645004272461,185.5623016357422,182.80889892578125
146.61439514160156,103.73300170898438,127.7238998413086,90.90779876708984
184.51849365234375,105.75289916992188,114.71620178222656,235.53880310058594
159.41819763183594,104.06060028076172,144.69320678710938,232.22579956054688
151.6793975830078,101.58769989013672,123.49819946289062,114.32469940185547
171.89739990234375,108.5886001586914,127.470703125,239.85130310058594
149.02310180664062,103.12950134277344,127.35379791259766,148.3280029296875
144.831298828125,107.47010040283203,132.7613983154297,150.5511016845703
144.5570068359375,107.19940185546875,144.95770263671875,221.8939971923828
146.0399932861328,105.10919952392578,148.5778045654297,232.18589782714844
147.22579956054688,108.16329956054688,153.0449981689453,219.66700744628906
162.51409912109375,106.63300323486328,126.70950317382812,203.7895050048828
143.40750122070312,106.4364013671875,148.11920166015625,244.9468994140625
134.3052978515625,112.74939727783203,170.73190307617188,209.5406951904297
128.381103515625,106.10929870605469,199.94369506835938,205.139892578125
128.1949005126953,117.07569885253906,174.80979919433594,238.58709716796875
117.07959747314453,117.3561019897461,183.22430419921875,227.73410034179688
109.42120361328125,119.05359649658203,189.38909912109375,223.89109802246094
99.44670104980469,114.53130340576172,194.343505859375,242.6009979248047
95.61499786376953,116.64070129394531,182.01449584960938,211.3468017578125
84.17610168457031,118.71990203857422,215.45970153808594,233.25880432128906
80.03880310058594,116.52130126953125,189.7393035888672,215.8105010986328
74.2208023071289,129.44129943847656,235.4987030029297,220.76669311523438
173.38580322265625,101.55049896240234,147.10409545898438,104.94329833984375
62.078800201416016,136.2032928466797,243.87620544433594,214.4199981689453
59.355899810791016,135.60850524902344,243.15890502929688,219.3730926513672
57.28730010986328,144.9351043701172,246.3607940673828,210.56370544433594
54.18069839477539,145.19439697265625,254.49929809570312,212.21800231933594
50.43370056152344,156.89019775390625,257.4786071777344,198.3780975341797
45.549598693847656,155.68600463867188,265.23028564453125,199.31719970703125
44.34280014038086,163.25369262695312,265.6431884765625,190.90109252929688
42.96860122680664,161.1230010986328,271.5828857421875,195.3444061279297
41.685699462890625,163.20359802246094,273.5663146972656,194.10830688476562
45.76279830932617,163.46319580078125,273.43328857421875,193.7032012939453
46.018798828125,160.76089477539062,271.154296875,197.26719665527344
48.950401306152344,165.4300994873047,270.83648681640625,192.53289794921875
52.32699966430664,161.1768035888672,274.3583984375,192.4062957763672
60.04890060424805,163.17230224609375,264.00628662109375,195.63429260253906
67.5261001586914,165.77650451660156,265.4713134765625,182.00250244140625
81.60230255126953,168.49159240722656,253.73390197753906,177.08140563964844
90.70980072021484,168.29580688476562,264.8122863769531,181.51759338378906
101.77230072021484,169.7718963623047,258.5458068847656,171.94760131835938
114.46060180664062,174.16319274902344,259.6300964355469,168.7082061767578
131.3195037841797,178.82960510253906,250.38369750976562,158.39830017089844
147.3195037841797,183.39210510253906,244.81759643554688,147.08389282226562
212.93899536132812,202.8916015625,194.27000427246094,122.04399871826172
178.48779296875,199.7082977294922,231.2958984375,122.8239974975586
184.41949462890625,197.7825927734375,230.5343017578125,124.41929626464844
194.11959838867188,194.3708953857422,229.1345977783203,138.89320373535156
191.53619384765625,189.94700622558594,233.74749755859375,150.73269653320312
195.47450256347656,191.22300720214844,230.91940307617188,161.3946075439453
194.431396484375,195.33009338378906,239.9552001953125,158.04949951171875
192.40919494628906,196.78140258789062,240.71319580078125,159.93409729003906
183.9868927001953,201.7010040283203,244.8885955810547,156.48240661621094
175.64630126953125,215.4208984375,245.8206024169922,143.78250122070312
167.18919372558594,232.6239013671875,233.25790405273438,125.34269714355469
166.44009399414062,251.0615997314453,224.52850341796875,108.93840026855469
157.50559997558594,266.8411865234375,209.8582000732422,92.65589904785156
150.7624969482422,274.9276123046875,208.62139892578125,85.07240295410156
143.77960205078125,273.0274963378906,200.53750610351562,86.97250366210938
132.24630737304688,268.63189697265625,201.16709899902344,91.36810302734375
90.09449768066406,260.91790771484375,233.22239685058594,99.08209991455078
93.0470962524414,259.14111328125,192.35069274902344,100.85900115966797
74.0009994506836,254.9167938232422,196.83810424804688,105.08319854736328
59.787200927734375,252.50059509277344,190.66119384765625,107.49939727783203
55.76390075683594,247.09359741210938,180.66299438476562,112.90640258789062
55.8567008972168,238.77499389648438,163.6165008544922,120.71849822998047
52.136199951171875,236.0404052734375,178.8603973388672,123.95960235595703
51.023399353027344,231.4720001220703,170.69189453125,128.3607940673828
58.13059997558594,226.61900329589844,184.7545928955078,133.38099670410156
57.83449935913086,226.78610229492188,181.431396484375,130.79139709472656
66.80419921875,216.4239044189453,188.9842987060547,143.40269470214844
80.67479705810547,217.46910095214844,182.87550354003906,142.53089904785156
87.52469635009766,215.42990112304688,176.7346954345703,137.31939697265625
88.62349700927734,219.6571044921875,180.53289794921875,140.3428955078125
89.69329833984375,197.80889892578125,191.25230407714844,138.47340393066406
93.70259857177734,166.77850341796875,180.66119384765625,161.70379638671875
104.55419921875,137.61659240722656,182.2415008544922,194.44869995117188
113.92829895019531,104.76619720458984,189.25369262695312,207.30419921875
120.35310363769531,90.14659881591797,190.0594940185547,201.03419494628906
132.7425994873047,77.74949645996094,183.72410583496094,205.6157989501953
149.0655059814453,70.46150207519531,177.09410095214844,197.2696990966797
181.30490112304688,61.024600982666016,143.05320739746094,195.51510620117188
170.4875946044922,37.77080154418945,166.30430603027344,232.70480346679688
187.7375946044922,33.42259979248047,150.25880432128906,244.50599670410156
193.36399841308594,35.82360076904297,160.88519287109375,235.4691925048828
203.78269958496094,42.62739944458008,163.5948944091797,231.72540283203125
197.32569885253906,46.163299560546875,187.50999450683594,234.2458953857422
226.1024932861328,63.488399505615234,180.73500061035156,218.03379821777344
210.20799255371094,85.43930053710938,209.3856964111328,215.0218963623047
219.5780029296875,106.8727035522461,211.94189453125,199.76820373535156
205.52049255371094,134.15379333496094,218.66290283203125,187.5355987548828
187.58360290527344,158.789794921875,235.47259521484375,165.439697265625
184.95269775390625,183.95590209960938,232.42730712890625,147.6855926513672
185.86489868164062,199.82760620117188,220.55349731445312,125.79309844970703
198.17849731445312,221.78880310058594,198.87579345703125,110.61599731445312
233.9720001220703,227.1165008544922,152.79339599609375,114.49030303955078
174.3647003173828,225.66799926757812,215.0980987548828,122.4458999633789
176.1416015625,223.1298065185547,206.57699584960938,135.1466064453125
169.3385009765625,225.5605926513672,218.18739318847656,122.61180114746094
203.4167022705078,229.5175018310547,174.9561004638672,123.97869873046875
153.59230041503906,219.34930419921875,220.3607940673828,115.79280090332031
155.00799560546875,213.59170532226562,223.05909729003906,114.66329956054688
153.68280029296875,207.5137939453125,217.77560424804688,152.4862060546875
153.35450744628906,209.15969848632812,219.4759063720703,146.4304962158203
146.49049377441406,201.52020263671875,224.47689819335938,145.40750122070312
153.05039978027344,198.69020080566406,207.71270751953125,150.57359313964844
151.25439453125,198.8896942138672,209.27279663085938,133.810302734375
146.42340087890625,196.26220703125,216.80140686035156,137.03579711914062
143.35009765625,195.90069580078125,221.5657958984375,134.2259063720703
143.52059936523438,189.58380126953125,220.93370056152344,132.39700317382812
153.91180419921875,185.22560119628906,204.60000610351562,128.47720336914062
139.35130310058594,179.92239379882812,218.72239685058594,122.20459747314453
169.24899291992188,186.55299377441406,196.12429809570312,116.9719009399414
142.38600158691406,173.19509887695312,216.75,127.74310302734375
160.98880004882812,172.53390502929688,199.8592071533203,125.67880249023438
156.38009643554688,166.1479949951172,205.18710327148438,127.21420288085938
152.53070068359375,161.33529663085938,206.30929565429688,128.17550659179688
160.5601043701172,169.4250030517578,187.86459350585938,115.24610137939453
139.1450958251953,160.46580505371094,208.0511016845703,122.7677001953125
138.75270080566406,160.8092041015625,204.2718048095703,123.28199768066406
143.9949951171875,154.227294921875,194.5135040283203,130.535400390625
151.15040588378906,153.70660400390625,185.93739318847656,136.73910522460938
160.50900268554688,154.4636993408203,175.02450561523438,137.95339965820312
144.73370361328125,120.93360137939453,188.6024932861328,172.69259643554688
164.55389404296875,142.01319885253906,168.7821044921875,161.15440368652344
124.48069763183594,108.42939758300781,201.54449462890625,189.9210968017578
127.5020980834961,108.25090026855469,200.43930053710938,197.98800659179688
125.32009887695312,109.68229675292969,192.37379455566406,182.32229614257812
119.65360260009766,111.91069793701172,199.22659301757812,185.1699981689453
120.443603515625,113.23560333251953,198.90550231933594,184.81300354003906
119.62059783935547,114.10649871826172,196.41470336914062,183.07139587402344
158.2373046875,128.8914031982422,161.076904296875,174.64830017089844
132.2637939453125,117.0156021118164,192.32859802246094,188.60940551757812
142.4510040283203,124.77239990234375,190.57009887695312,187.2633056640625
150.53329467773438,132.96290588378906,167.3802032470703,168.04110717773438
183.29229736328125,193.81039428710938,137.2156982421875,113.09349822998047
156.37120056152344,130.96060180664062,166.43089294433594,173.95579528808594
154.91639709472656,123.19599914550781,163.48489379882812,176.80409240722656
158.20599365234375,130.9488983154297,166.24270629882812,170.3197021484375
157.0684051513672,118.05460357666016,158.56219482421875,175.7801971435547
146.24630737304688,125.22100067138672,174.03399658203125,168.59120178222656
146.71310424804688,123.7822036743164,178.89720153808594,161.24049377441406
146.789794921875,126.97899627685547,177.38079833984375,158.5128936767578
144.33839416503906,126.28199768066406,179.06619262695312,154.42669677734375
141.80209350585938,125.78800201416016,181.26429748535156,147.58590698242188
143.98199462890625,128.81900024414062,181.47019958496094,141.1392059326172
142.4302978515625,125.37999725341797,180.85659790039062,142.9705047607422
145.79010009765625,130.66329956054688,178.87570190429688,134.89830017089844
134.6147003173828,127.49870300292969,187.3509979248047,147.64480590820312
137.977294921875,128.8957977294922,181.2382049560547,142.8990020751953
135.31109619140625,129.3748016357422,184.29339599609375,140.22650146484375
136.03790283203125,130.085693359375,184.3903045654297,144.8406982421875
137.11680603027344,132.1544952392578,177.91380310058594,142.97410583496094
135.99339294433594,132.38270568847656,177.95989990234375,132.80630493164062
131.85189819335938,126.48519897460938,181.34219360351562,152.96380615234375
130.2550048828125,132.4394989013672,185.96359252929688,147.58079528808594
130.64590454101562,127.5282974243164,184.3426971435547,160.05479431152344
178.9136962890625,128.51829528808594,142.5574951171875,154.48399353027344
137.74130249023438,123.28489685058594,183.9759063720703,161.4871063232422
146.8800048828125,130.3625946044922,184.68370056152344,153.6815948486328
138.375,119.38150024414062,195.86309814453125,173.24879455566406
165.5498046875,123.5553970336914,171.02549743652344,161.0142059326172
140.01919555664062,117.78459930419922,198.01820373535156,175.07859802246094
148.9174041748047,122.50389862060547,187.57510375976562,163.80459594726562
141.48590087890625,112.8019027709961,196.6448974609375,177.99130249023438
146.65440368652344,120.14360046386719,191.80870056152344,170.83470153808594
166.65359497070312,118.95939636230469,167.2183074951172,169.6134033203125
148.26710510253906,122.7426986694336,179.5635986328125,172.29640197753906
155.2729949951172,113.45500183105469,170.52859497070312,179.27389526367188
158.28590393066406,124.11959838867188,165.35740661621094,168.9542999267578
165.92919921875,126.01830291748047,161.92660522460938,162.7299041748047
159.84320068359375,133.07069396972656,161.74949645996094,156.09249877929688
158.0229034423828,128.97430419921875,164.8571014404297,154.80130004882812
163.497802734375,135.28880310058594,159.71389770507812,156.779296875
154.7310028076172,131.64419555664062,167.16700744628906,152.97569274902344
155.06910705566406,134.38429260253906,171.2512969970703,151.7957000732422
148.2071075439453,129.76840209960938,183.5644989013672,155.36109924316406
142.76280212402344,131.28799438476562,186.66610717773438,151.47349548339844
140.7501983642578,138.13400268554688,190.8238067626953,141.55250549316406
136.7082977294922,144.718505859375,192.97030639648438,133.69549560546875
129.966796875,141.87440490722656,197.01449584960938,131.82839965820312
133.7667999267578,146.47230529785156,201.0552978515625,128.61610412597656
137.8007049560547,148.45010375976562,204.69610595703125,120.54029846191406
151.88169860839844,150.22279357910156,185.3354034423828,116.44120025634766
115.75499725341797,149.7812957763672,223.55679321289062,114.7748031616211
127.74909973144531,155.2624969482422,214.57009887695312,106.47599792480469
107.36109924316406,158.68569946289062,234.6573028564453,98.07569885253906
104.5436019897461,168.37159729003906,243.37249755859375,88.3156967163086
155.02029418945312,175.12969970703125,191.9091033935547,81.22889709472656
103.89720153808594,173.94119262695312,236.7760009765625,75.55609893798828
103.23429870605469,175.42820739746094,238.164306640625,81.30359649658203
102.27970123291016,177.67919921875,236.39540100097656,75.027099609375
193.33009338378906,191.13839721679688,144.60220336914062,68.07209777832031
100.55419921875,185.8144989013672,165.99859619140625,63.034698486328125
103.13069915771484,192.5532989501953,232.97650146484375,64.67990112304688
105.2384033203125,192.3701934814453,232.10690307617188,66.9260025024414
106.06700134277344,193.7902069091797,234.61199951171875,63.645198822021484
106.53369903564453,194.05230712890625,234.54879760742188,64.91010284423828
117.6343994140625,191.86410522460938,222.07400512695312,69.99610137939453
107.997802734375,184.76890563964844,225.98410034179688,80.67320251464844
118.7864990234375,178.12060546875,223.1374969482422,91.69779968261719
109.5969009399414,170.40069580078125,231.09559631347656,102.12129974365234
137.06289672851562,164.56959533691406,207.2404022216797,107.83149719238281
115.0551986694336,160.57620239257812,226.3074951171875,102.0093994140625
135.3560028076172,157.9091033935547,209.42950439453125,102.37529754638672
121.77410125732422,152.94580078125,221.77890014648438,93.71759796142578
113.66960144042969,147.1938934326172,235.72430419921875,115.86699676513672
123.00199890136719,135.1968994140625,224.1553955078125,128.6363067626953
155.79159545898438,127.24559783935547,193.4420928955078,124.20539855957031
130.80050659179688,120.03500366210938,216.64430236816406,134.90260314941406
131.8690948486328,125.5197982788086,210.5861053466797,134.8636016845703
132.6820068359375,123.50029754638672,208.48330688476562,140.4727020263672
134.9438018798828,121.39800262451172,204.9156036376953,143.6894989013672
133.32080078125,122.0167007446289,203.9033966064453,139.17239379882812
133.14700317382812,125.68509674072266,201.00979614257812,137.25149536132812
147.25030517578125,130.31919860839844,184.24830627441406,132.2021942138672
142.79580688476562,124.86109924316406,193.04690551757812,138.69760131835938
138.54440307617188,127.77040100097656,197.31959533691406,135.65809631347656
139.82479858398438,131.09300231933594,200.90269470214844,134.7664031982422
139.87429809570312,129.36300659179688,202.6903076171875,132.6374053955078
143.14019775390625,126.46990203857422,201.03640747070312,133.8386993408203
148.02029418945312,122.26959991455078,198.83889770507812,139.98789978027344
147.20599365234375,120.93990325927734,204.11920166015625,137.7454071044922
147.1519012451172,122.40029907226562,202.7729034423828,140.47019958496094
145.85609436035156,122.14450073242188,207.05059814453125,135.10350036621094
152.15809631347656,123.35359954833984,198.29299926757812,136.9521942138672
153.9759979248047,123.0105972290039,198.96409606933594,138.73240661621094
153.98599243164062,124.85079956054688,198.58419799804688,136.6143035888672
155.8925018310547,124.87210083007812,195.89100646972656,137.12680053710938
157.94509887695312,126.74669647216797,191.18850708007812,134.43040466308594
158.7111053466797,125.5248031616211,187.42410278320312,133.90769958496094
155.82130432128906,128.01739501953125,184.158203125,135.73089599609375
157.76429748535156,128.9528045654297,174.12660217285156,135.3206024169922
158.2613983154297,130.39439392089844,175.8408966064453,131.07249450683594
157.4470977783203,128.55690002441406,174.7220001220703,133.8459930419922
158.25779724121094,130.81320190429688,168.7519073486328,126.10880279541016
162.9405059814453,132.14739990234375,156.44189453125,128.54559326171875
161.12759399414062,129.1342010498047,165.16799926757812,131.65960693359375
152.16810607910156,129.9084014892578,173.85879516601562,136.843505859375
151.97669982910156,126.2947998046875,174.0457000732422,139.393798828125
147.6230926513672,125.97660064697266,180.37359619140625,140.70120239257812
143.69960021972656,129.2935028076172,184.81619262695312,135.2467041015625
139.0435028076172,133.1092071533203,187.37069702148438,132.8282012939453
133.30369567871094,130.04580688476562,192.42489624023438,135.7115936279297
135.4833984375,126.82479858398438,189.04750061035156,137.26930236816406
131.01690673828125,134.902099609375,186.99029541015625,128.11770629882812
129.31509399414062,131.75779724121094,190.15980529785156,127.43409729003906
126.88819885253906,127.83149719238281,196.32620239257812,129.37269592285156
125.20829772949219,131.2519989013672,198.5113983154297,126.41510009765625
123.99230194091797,128.98570251464844,197.01170349121094,123.31210327148438
122.43589782714844,126.197998046875,199.15640258789062,125.53880310058594
124.3292007446289,129.4832000732422,196.6768035888672,121.76419830322266
127.13249969482422,127.31539916992188,193.97869873046875,120.76609802246094
128.5821075439453,128.97479248046875,196.73660278320312,114.2208023071289
131.11959838867188,129.41409301757812,202.33059692382812,114.36479949951172
133.68789672851562,122.8949966430664,204.22799682617188,115.26899719238281
141.01280212402344,123.87640380859375,197.77980041503906,111.53109741210938
135.664306640625,129.3000030517578,205.85940551757812,106.5239028930664
144.5507049560547,129.82980346679688,199.98890686035156,101.7051010131836
129.60060119628906,132.60130310058594,215.48719787597656,90.60769653320312
127.7072982788086,135.07550048828125,216.0659942626953,90.57080078125
124.89730072021484,136.360107421875,219.15440368652344,92.81670379638672
134.2386932373047,141.36199951171875,212.03700256347656,82.5531005859375
130.98519897460938,141.08200073242188,213.09759521484375,82.8147964477539
129.564697265625,141.48060607910156,214.73379516601562,84.45030212402344
137.39979553222656,141.3928985595703,210.82640075683594,84.40249633789062
137.3135986328125,138.91200256347656,206.26210021972656,84.822998046875
145.2563934326172,140.96380615234375,200.1302947998047,85.47090148925781
154.58050537109375,140.05470275878906,188.3852996826172,82.19619750976562
144.6114959716797,146.73599243164062,200.86129760742188,76.22200012207031
139.30850219726562,146.15879821777344,204.84219360351562,80.07109832763672
138.90939331054688,146.52830505371094,208.98489379882812,73.66130065917969
148.41529846191406,148.4676971435547,201.31149291992188,74.40750122070312
139.38870239257812,148.04800415039062,210.86410522460938,76.55159759521484
124.79080200195312,145.98590087890625,224.87060546875,89.6321029663086
118.41130065917969,145.9669952392578,236.2928924560547,91.58660125732422
131.64649963378906,145.69259643554688,222.466796875,86.5625
124.25430297851562,144.9102020263672,228.79269409179688,93.53589630126953
201.8385009765625,143.1385040283203,153.64280700683594,80.46739959716797
119.16500091552734,144.53720092773438,236.63250732421875,91.74659729003906
118.05229949951172,145.88429260253906,241.0487060546875,89.87560272216797
135.09519958496094,146.85020446777344,220.60940551757812,87.2384033203125
124.94219970703125,145.10690307617188,227.55690002441406,93.5562973022461
119.21489715576172,149.0998992919922,232.84300231933594,91.72239685058594
125.99549865722656,149.70849609375,224.44540405273438,93.63269805908203
124.7842025756836,152.1732940673828,223.9542999267578,95.40440368652344
126.97599792480469,155.6876983642578,221.18569946289062,99.2654037475586
140.51930236816406,158.102294921875,207.16729736328125,101.26529693603516
125.88710021972656,159.71389770507812,217.82049560546875,106.9845962524414
132.72740173339844,159.04010009765625,210.06210327148438,115.88009643554688
131.0885009765625,158.23159790039062,212.81219482421875,123.15599822998047
137.28460693359375,152.78610229492188,203.85960388183594,134.08880615234375
137.77980041503906,154.24830627441406,210.96299743652344,138.94090270996094
144.95339965820312,149.66810607910156,199.78289794921875,146.77699279785156
146.81289672851562,147.0177001953125,198.97430419921875,151.74209594726562
144.406005859375,138.3303985595703,210.84030151367188,163.0272979736328
148.3986053466797,147.13429260253906,210.98390197753906,153.50759887695312
148.3112030029297,141.94960021972656,208.22120666503906,156.91799926757812
145.91490173339844,144.39559936523438,214.26210021972656,158.43649291992188
153.298095703125,146.7758026123047,203.13150024414062,156.15269470214844
154.68479919433594,145.2794952392578,198.7091064453125,156.94320678710938
154.77830505371094,144.53419494628906,196.6396026611328,158.73959350585938
151.32839965820312,148.92950439453125,197.091796875,155.7866973876953
157.97909545898438,152.09429931640625,188.5312042236328,142.86849975585938
150.20509338378906,150.89840698242188,196.0446014404297,140.74009704589844
147.54840087890625,152.60800170898438,192.80230712890625,142.84970092773438
148.32339477539062,153.57000732421875,184.68960571289062,142.84429931640625
152.53610229492188,150.68809509277344,173.8719024658203,148.04510498046875
149.2052001953125,154.43299865722656,173.90480041503906,138.05599975585938
149.97549438476562,153.83810424804688,170.98489379882812,136.1260986328125
132.6781005859375,149.21519470214844,185.98300170898438,137.83309936523438
126.28620147705078,140.8636932373047,194.0218048095703,137.6876983642578
122.60199737548828,138.20179748535156,199.13079833984375,136.88400268554688
110.76290130615234,142.55599975585938,213.42239379882812,126.41419982910156
113.92759704589844,141.360595703125,206.41250610351562,124.54730224609375
108.96369934082031,139.12530517578125,207.4084014892578,123.41069793701172
103.01599884033203,139.2469940185547,211.5500030517578,128.90359497070312
112.2405014038086,137.5366973876953,200.2454071044922,123.8644027709961
121.30110168457031,145.4532928466797,192.172607421875,109.52790069580078
141.37469482421875,152.9822998046875,172.94090270996094,95.83149719238281
167.51559448242188,160.9680938720703,149.72479248046875,83.90750122070312
142.45489501953125,162.09669494628906,173.76170349121094,78.28949737548828
95.96929931640625,160.10350036621094,220.26319885253906,84.85970306396484
167.75259399414062,164.35459899902344,150.07769775390625,77.40560150146484
154.2209014892578,169.80799865722656,161.24600219726562,71.03240203857422
160.5955047607422,175.23590087890625,168.1123046875,63.06560134887695
160.29029846191406,175.79379272460938,155.46690368652344,62.792301177978516
186.6708984375,178.17840576171875,134.7864990234375,59.485801696777344
145.42599487304688,175.231201171875,170.8197021484375,70.78600311279297
163.06199645996094,170.8863067626953,157.8415985107422,73.61969757080078
172.56629943847656,171.2194061279297,142.6875,72.82060241699219
171.9824981689453,172.27020263671875,147.15069580078125,71.07270050048828
174.12379455566406,170.6186981201172,148.07850646972656,79.62770080566406
160.7436981201172,170.5467987060547,163.2386932373047,88.11090087890625
183.72120666503906,171.21400451660156,142.04519653320312,90.74659729003906
120.8551025390625,172.29379272460938,211.19610595703125,105.26629638671875
187.16140747070312,168.56619262695312,143.77499389648438,104.17230224609375
129.5323028564453,168.21029663085938,203.7021026611328,118.93049621582031
176.3780059814453,168.19619750976562,164.3957061767578,111.431396484375
141.60130310058594,170.00030517578125,199.09829711914062,122.9302978515625
147.7987060546875,166.80540466308594,197.4069061279297,135.41229248046875
205.45590209960938,163.77029418945312,147.82870483398438,118.68990325927734
162.89309692382812,161.79640197753906,195.4261016845703,138.19090270996094
165.45150756835938,155.98980712890625,194.75970458984375,148.91050720214844
171.9196014404297,150.0531005859375,187.79710388183594,156.11669921875
180.17950439453125,132.51300048828125,189.77020263671875,162.87379455566406
189.2989959716797,102.2334976196289,182.4906005859375,190.2368927001953
181.66709899902344,99.23269653320312,182.72030639648438,191.27780151367188
186.7823028564453,109.40129852294922,179.52830505371094,184.76809692382812
186.6522979736328,105.07520294189453,178.00180053710938,186.24130249023438
190.7342987060547,102.38169860839844,169.95379638671875,185.414794921875
196.18260192871094,98.27559661865234,165.89349365234375,180.95590209960938
241.8950958251953,104.62760162353516,116.89810180664062,151.46609497070312
250.5023956298828,112.3280029296875,104.1365966796875,146.24209594726562
195.2595977783203,98.92169952392578,158.38059997558594,198.09719848632812
203.48880004882812,101.20690155029297,149.73480224609375,193.06680297851562
201.33180236816406,108.87010192871094,156.77670288085938,185.2216033935547
191.40780639648438,127.82640075683594,151.2667999267578,173.8114013671875
284.4360046386719,84.94259643554688,92.8904037475586,57.52619934082031
196.19920349121094,125.94740295410156,128.37930297851562,134.30099487304688
189.52099609375,109.92610168457031,138.2720947265625,193.62640380859375
190.74290466308594,126.40609741210938,130.87069702148438,171.13040161132812
182.75489807128906,102.15630340576172,133.7281036376953,188.33140563964844
247.87750244140625,102.10859680175781,77.29540252685547,152.2180938720703
185.31390380859375,106.37999725341797,131.5865936279297,190.7342987060547
181.08709716796875,131.53469848632812,129.9709014892578,159.93899536132812
177.57769775390625,110.89620208740234,137.57110595703125,184.74769592285156
180.32179260253906,116.6791000366211,137.40089416503906,177.83790588378906
174.89340209960938,125.04910278320312,150.5594024658203,173.89639282226562
176.0906982421875,111.28170013427734,150.45419311523438,182.12339782714844
172.53419494628906,129.54580688476562,148.07850646972656,168.57130432128906
170.9346923828125,126.22699737548828,158.722900390625,152.60960388183594
172.08970642089844,135.21749877929688,145.7277069091797,153.10850524902344
168.93499755859375,135.8813934326172,161.8426971435547,152.55690002441406
165.70379638671875,126.68560028076172,173.98410034179688,157.3791961669922
161.96270751953125,128.17030334472656,201.27769470214844,157.9237060546875
160.77609252929688,117.07740020751953,195.57440185546875,154.55430603027344
150.79519653320312,111.50450134277344,144.1540069580078,175.2899932861328
179.2528076171875,127.143798828125,129.14959716796875,149.00230407714844
149.00230407714844,127.3207015991211,161.6186065673828,162.39349365234375
137.3759002685547,114.17980194091797,215.84849548339844,174.1907958984375
130.46670532226562,109.87909698486328,172.84890747070312,177.4373016357422
127.24949645996094,118.35639953613281,178.8470001220703,173.05490112304688
125.95279693603516,113.22760009765625,168.45970153808594,154.8115997314453
122.16020202636719,106.26850128173828,172.89590454101562,180.31509399414062
118.98639678955078,106.59739685058594,176.17970275878906,184.0493927001953
117.88310241699219,112.43699645996094,180.4842987060547,177.31500244140625
116.38590240478516,110.28959655761719,176.8466033935547,178.5653076171875
114.61689758300781,109.5770034790039,182.04550170898438,158.7633056640625
108.10980224609375,108.86389923095703,182.4644012451172,180.5261993408203
108.28459930419922,107.06009674072266,185.40870666503906,177.95970153808594
107.70989990234375,106.99510192871094,188.1862030029297,177.11940002441406
101.23069763183594,109.51640319824219,196.08399963378906,175.9573974609375
98.0822982788086,110.83699798583984,202.67660522460938,174.8907012939453
93.36170196533203,108.83599853515625,220.8883056640625,175.70750427246094
92.256103515625,106.86949920654297,222.39599609375,179.0413055419922
90.64769744873047,108.6051025390625,235.05799865722656,177.55740356445312
90.01490020751953,110.21029663085938,238.0767059326172,176.85659790039062
90.39469909667969,112.51619720458984,245.8656005859375,175.9385986328125
92.96690368652344,114.91629791259766,251.98699951171875,172.81610107421875
91.6072006225586,110.6187973022461,261.3517150878906,181.8083038330078
93.59130096435547,119.35590362548828,262.6039123535156,174.093994140625
96.502197265625,113.88040161132812,266.935791015625,184.4447021484375
95.01699829101562,114.6261978149414,271.10699462890625,186.51210021972656
93.43199920654297,103.7958984375,313.7908020019531,204.87869262695312
96.99109649658203,118.04830169677734,268.8351135253906,193.07040405273438
99.84300231933594,109.05940246582031,265.099609375,202.14500427246094
100.82540130615234,110.70709991455078,292.716796875,205.472900390625
101.4352035522461,119.80059814453125,268.9902038574219,197.45640563964844
102.55359649658203,105.9292984008789,306.93231201171875,217.61399841308594
106.9000015258789,119.44779968261719,255.08030700683594,200.47039794921875
107.94270324707031,127.60420227050781,250.73989868164062,195.36770629882812
108.36509704589844,117.2738037109375,256.06640625,207.90420532226562
113.47100067138672,125.88919830322266,247.6551055908203,198.86880493164062
111.61489868164062,118.34919738769531,243.2613067626953,208.4832000732422
117.28630065917969,128.76649475097656,234.88499450683594,198.87460327148438
120.7029037475586,126.6624984741211,236.21530151367188,198.75450134277344
121.34259796142578,130.25990295410156,229.56210327148438,193.31959533691406
124.88710021972656,127.32569885253906,230.635498046875,195.8289031982422
128.91140747070312,125.85980224609375,222.63099670410156,193.61770629882812
133.56410217285156,128.80169677734375,222.0117950439453,188.0294952392578
135.5070037841797,126.22850036621094,222.9918975830078,176.02769470214844
137.65960693359375,125.92970275878906,221.86270141601562,180.91650390625
138.2772979736328,125.92160034179688,216.1385955810547,174.4210968017578
136.34669494628906,125.29930114746094,220.60360717773438,171.55020141601562
138.13650512695312,133.7989959716797,219.47000122070312,158.0780029296875
136.5216064453125,131.96580505371094,223.68890380859375,152.11959838867188
131.32699584960938,131.28280639648438,229.20799255371094,155.43060302734375
130.1558074951172,126.34140014648438,230.48159790039062,159.95379638671875
127.30770111083984,137.64759826660156,225.97579956054688,145.57980346679688
135.05059814453125,131.06790161132812,218.58230590820312,143.96200561523438
125.45359802246094,130.90130615234375,225.6024932861328,154.05239868164062
123.84880065917969,128.2819061279297,227.4237060546875,159.6782989501953
128.32029724121094,136.37350463867188,214.61929321289062,151.3404998779297
120.3855972290039,125.02909851074219,221.99769592285156,165.21420288085938
113.37049865722656,127.99590301513672,226.34930419921875,162.423095703125
111.55239868164062,130.18870544433594,223.92539978027344,164.9405975341797
109.49449920654297,114.36009979248047,263.3846130371094,184.47830200195312
111.04620361328125,111.52880096435547,253.68589782714844,181.78579711914062
100.83100128173828,120.95790100097656,265.8904113769531,173.4886932373047
101.45570373535156,116.73989868164062,297.2142028808594,169.1031951904297
99.49539947509766,128.33590698242188,293.4473876953125,159.61000061035156
96.32209777832031,133.6085968017578,285.8140869140625,152.92840576171875
94.53949737548828,118.02120208740234,303.16668701171875,168.30650329589844
165.0749969482422,127.36689758300781,232.5124053955078,151.5070037841797
90.17720031738281,144.48109436035156,260.7412109375,151.34739685058594
84.76020050048828,118.58979797363281,299.9090881347656,180.66029357910156
81.252197265625,138.3957977294922,326.3656921386719,163.193603515625
81.27909851074219,140.70199584960938,270.52880859375,158.16529846191406
77.86840057373047,154.56280517578125,248.77609252929688,147.3166046142578
73.17240142822266,154.21839904785156,258.10479736328125,150.4676055908203
72.38700103759766,143.37049865722656,276.5436096191406,160.701904296875
69.51820373535156,119.05709838867188,308.2511901855469,186.15859985351562
69.1509017944336,142.8782958984375,289.9596862792969,162.0666961669922
71.14250183105469,145.8697967529297,253.79530334472656,162.0915985107422
75.48519897460938,146.72579956054688,259.1658935546875,160.40220642089844
72.79879760742188,128.35279846191406,283.580810546875,181.17640686035156
70.00910186767578,143.0113983154297,265.81671142578125,165.81629943847656
69.44020080566406,125.3114013671875,306.93438720703125,177.2303009033203
79.77010345458984,144.1929931640625,251.33900451660156,162.1112060546875
73.20819854736328,147.66659545898438,244.2209014892578,159.1031036376953
71.72709655761719,144.7436981201172,246.28860473632812,159.3533935546875
70.435302734375,143.39169311523438,247.75160217285156,158.61390686035156
70.9343032836914,142.24620056152344,252.46780395507812,157.35879516601562
74.4397964477539,137.59039306640625,246.8560028076172,165.9248046875
74.6802978515625,132.96719360351562,247.20880126953125,173.5126953125
77.5687026977539,139.52969360351562,242.87109375,165.9774932861328
73.73490142822266,126.64089965820312,247.92820739746094,177.66819763183594
85.268798828125,136.38189697265625,236.2041015625,160.22940063476562
79.90809631347656,130.70140075683594,240.0334930419922,173.36549377441406
78.8770980834961,127.04989624023438,236.75100708007812,176.30499267578125
82.85079956054688,119.20259857177734,238.30479431152344,182.56109619140625
76.39990234375,119.56649780273438,237.67869567871094,175.28219604492188
74.45909881591797,115.85060119628906,243.09519958496094,177.03619384765625
80.9220962524414,114.3812026977539,235.806396484375,169.95849609375
75.40370178222656,112.65229797363281,237.5550994873047,163.1479034423828
80.86139678955078,109.28510284423828,232.90980529785156,166.03640747070312
77.8009033203125,109.2300033569336,230.3477020263672,161.56629943847656
74.14230346679688,110.09320068359375,229.3488006591797,160.41909790039062
71.41459655761719,111.44329833984375,236.26759338378906,157.1884002685547
74.80609893798828,110.36640167236328,237.4528045654297,154.49749755859375
76.64299774169922,112.306396484375,234.59759521484375,150.6894989013672
75.13400268554688,111.83570098876953,237.36109924316406,147.1385040283203
76.5531005859375,111.8644027709961,240.12339782714844,150.03109741210938
75.722900390625,112.42579650878906,240.98919677734375,147.10690307617188
76.61180114746094,112.4740982055664,237.76229858398438,145.40989685058594
79.37169647216797,112.87779998779297,234.0457000732422,147.06900024414062
80.31639862060547,110.18560028076172,233.1967010498047,151.0594940185547
78.806396484375,110.42680358886719,233.02679443359375,148.81210327148438
81.57060241699219,111.37519836425781,233.13290405273438,144.8780059814453
84.81849670410156,108.76830291748047,227.81849670410156,145.31089782714844
87.28720092773438,109.71379852294922,224.77699279785156,138.83090209960938
94.99520111083984,109.79630279541016,214.5373992919922,138.06629943847656
95.95259857177734,109.9478988647461,216.40589904785156,136.072998046875
99.35540008544922,109.01519775390625,216.89990234375,138.02920532226562
101.2853012084961,106.55919647216797,215.3632049560547,135.33999633789062
105.84750366210938,104.02429962158203,209.19509887695312,136.4586944580078
108.5469970703125,102.28070068359375,215.17250061035156,132.92770385742188
107.21189880371094,95.58480072021484,223.2436981201172,136.43690490722656
106.45690155029297,92.39869689941406,233.96609497070312,134.78219604492188
100.37370300292969,86.99320220947266,239.67959594726562,136.41769409179688
104.26069641113281,81.03179931640625,239.84010314941406,138.43099975585938
102.25199890136719,78.4397964477539,244.2563018798828,136.59710693359375
100.36940002441406,78.28929901123047,251.41360473632812,137.58399963378906
99.82610321044922,79.3917007446289,259.29058837890625,133.5792999267578
98.78690338134766,80.75569915771484,263.997314453125,132.46600341796875
99.76200103759766,81.44889831542969,262.7210998535156,132.06739807128906
99.75450134277344,82.23999786376953,260.5032958984375,130.9084930419922
101.10260009765625,83.08940124511719,262.9180908203125,131.80490112304688
99.27909851074219,86.43460083007812,268.33160400390625,130.45230102539062
99.6613998413086,88.17320251464844,269.5343933105469,130.4217071533203
99.07769775390625,91.12670135498047,275.5060119628906,129.05859375
98.49099731445312,98.09369659423828,274.2178955078125,117.81079864501953
99.50389862060547,104.95690155029297,269.5653076171875,112.43569946289062
95.82579803466797,108.62049865722656,271.71160888671875,111.41480255126953
96.63200378417969,115.41349792480469,272.8432922363281,105.6218032836914
165.648193359375,120.59220123291016,204.12429809570312,97.00810241699219
100.36720275878906,129.2404022216797,268.1252136230469,93.43270111083984
92.81230163574219,134.05819702148438,280.3424072265625,86.2571029663086
92.106201171875,137.7176055908203,281.2085876464844,84.6720962524414
100.00469970703125,141.1011962890625,271.906494140625,80.53179931640625
105.49359893798828,142.95399475097656,265.19830322265625,84.12429809570312
112.0739974975586,146.88729858398438,256.31048583984375,78.86090087890625
94.87030029296875,147.29319763183594,273.2611999511719,79.07579803466797
99.46739959716797,150.2075958251953,269.8075866699219,80.9655990600586
107.29779815673828,151.6112060546875,261.0072937011719,86.34040069580078
104.87169647216797,151.03439331054688,267.4952087402344,90.21520233154297
100.79779815673828,149.8101043701172,271.9002990722656,94.1636962890625
100.793701171875,150.84449768066406,267.9194030761719,91.95890045166016
100.63050079345703,154.0718994140625,268.6776123046875,87.3384017944336
100.08830261230469,155.35440063476562,266.7497863769531,82.7654037475586
98.8510971069336,155.3719940185547,267.54901123046875,81.95449829101562
98.64430236816406,151.6123046875,268.3380126953125,88.14140319824219
95.94020080566406,148.41099548339844,270.706787109375,90.11840057373047
96.25299835205078,148.681396484375,272.37750244140625,91.92400360107422
96.85079956054688,148.09959411621094,271.1326904296875,88.67900085449219
95.26090240478516,148.0413055419922,273.27978515625,89.97709655761719
97.6636962890625,150.05670166015625,272.7214050292969,87.52320098876953
97.78040313720703,146.17059326171875,271.1474914550781,90.18099975585938
91.42839813232422,142.64439392089844,276.44329833984375,95.25440216064453
94.9197006225586,149.0106964111328,269.1838073730469,90.61540222167969
100.49569702148438,146.4044952392578,263.4501037597656,89.42279815673828
94.31719970703125,142.96969604492188,271.91668701171875,96.97460174560547
90.23529815673828,146.55230712890625,269.218994140625,87.86009979248047
88.94419860839844,141.49530029296875,271.3757019042969,95.50749969482422
93.4072036743164,152.02149963378906,264.1932067871094,85.32730102539062
90.26820373535156,144.08270263671875,272.8334045410156,88.28849792480469
96.07440185546875,153.9134979248047,267.33758544921875,81.02259826660156
89.57830047607422,146.21099853515625,273.2605895996094,88.97779846191406
89.3010025024414,144.8408966064453,272.0289001464844,87.96939849853516
83.10769653320312,146.0417022705078,278.2947998046875,94.65579986572266
86.9041976928711,143.04849243164062,271.5203857421875,96.91549682617188
80.88390350341797,139.59829711914062,277.8837890625,105.2854995727539
84.16100311279297,140.970703125,269.15289306640625,113.14959716796875
86.70210266113281,140.906005859375,269.0888977050781,113.88379669189453
87.49970245361328,138.81820678710938,265.27960205078125,131.5366973876953
86.9010009765625,138.5648956298828,259.7380065917969,125.56269836425781
87.8988037109375,141.07760620117188,260.4010925292969,145.17880249023438
96.01589965820312,140.4134063720703,245.6417999267578,136.16830444335938
91.5780029296875,144.6741943359375,251.14059448242188,141.51730346679688
106.24639892578125,148.11090087890625,236.5941925048828,146.5281982421875
95.94349670410156,157.88819885253906,238.25509643554688,132.82330322265625
97.5625,162.7667999267578,238.42129516601562,140.3616943359375
95.30760192871094,164.57009887695312,236.93699645996094,148.84100341796875
102.3812026977539,172.5570068359375,218.956298828125,145.63619995117188
105.42120361328125,180.6614990234375,219.33270263671875,145.22720336914062
103.35420227050781,174.76699829101562,215.2808074951172,155.78810119628906
115.87830352783203,183.80799865722656,197.23779296875,148.9113006591797
173.9272003173828,102.4561996459961,118.05020141601562,98.35800170898438
111.71890258789062,196.6800994873047,184.40769958496094,148.6085968017578
109.72850036621094,194.90939331054688,180.5561981201172,150.56619262695312
197.5904998779297,105.75260162353516,105.49369812011719,94.01529693603516
116.38729858398438,201.7895965576172,161.40170288085938,151.74609375
112.23570251464844,205.07870483398438,157.2407989501953,150.4927978515625
107.08540344238281,201.84689331054688,161.92039489746094,157.3647003173828
105.35780334472656,199.22210693359375,162.8489990234375,157.92269897460938
128.43499755859375,148.87339782714844,147.91859436035156,208.78880310058594
110.1281967163086,206.37649536132812,155.99819946289062,153.62350463867188
93.3906021118164,204.50619506835938,189.26840209960938,155.49380493164062
99.84860229492188,199.8885040283203,180.49380493164062,160.1114959716797
86.9176025390625,196.25889587402344,201.82760620117188,163.74110412597656
86.70490264892578,211.7200927734375,207.83360290527344,148.2799072265625
82.29750061035156,203.77969360351562,223.8477020263672,153.60040283203125
79.61489868164062,205.99020385742188,229.93099975585938,152.66090393066406
78.76959991455078,207.7346954345703,227.218505859375,149.01190185546875
80.26490020751953,205.90040588378906,218.96600341796875,138.74349975585938
79.80899810791016,204.73260498046875,226.27659606933594,139.2888946533203
80.9656982421875,204.39669799804688,227.88560485839844,134.3256072998047
82.55650329589844,202.31019592285156,229.2938995361328,135.17640686035156
83.68119812011719,202.5529022216797,229.5294952392578,132.3791046142578
86.4030990600586,202.1260986328125,231.21240234375,130.8397979736328
89.40889739990234,203.6280975341797,225.2001953125,127.44730377197266
89.67870330810547,200.16949462890625,228.00860595703125,129.23519897460938
94.10919952392578,199.9801025390625,225.13909912109375,127.08149719238281
98.87370300292969,199.3345947265625,225.4011993408203,125.91190338134766
101.06929779052734,199.81280517578125,221.48609924316406,122.97830200195312
108.9905014038086,199.44430541992188,217.32859802246094,127.91200256347656
111.50330352783203,198.4927978515625,214.80499267578125,132.94119262695312
117.9406967163086,198.03599548339844,210.6304931640625,133.4257049560547
125.15440368652344,198.53939819335938,203.68589782714844,132.56069946289062
130.13580322265625,198.19520568847656,193.68310546875,128.24310302734375
137.67359924316406,193.27969360351562,193.03790283203125,137.7924041748047
145.4512939453125,185.10240173339844,183.89810180664062,148.88949584960938
152.50340270996094,186.35279846191406,174.88609313964844,170.71389770507812
162.40150451660156,189.99859619140625,167.07479858398438,157.94369506835938
167.73829650878906,194.2091064453125,154.03489685058594,154.08189392089844
201.65089416503906,156.90699768066406,121.72640228271484,191.28550720214844
226.4178009033203,174.0220947265625,90.25900268554688,162.51849365234375
236.9633026123047,149.8551025390625,63.26380157470703,58.71149826049805
225.29800415039062,203.82240295410156,64.92420196533203,97.60260009765625
221.2635040283203,191.57119750976562,59.08869934082031,167.16319274902344
217.2843017578125,213.54600524902344,56.117698669433594,146.45399475097656
211.3863067626953,205.21080017089844,56.410099029541016,154.0612030029297
202.5937042236328,160.73240661621094,66.57830047607422,199.26759338378906
209.81190490722656,151.81849670410156,69.20369720458984,84.606201171875
182.99330139160156,172.16920471191406,122.1594009399414,175.78030395507812
166.76589965820312,152.96119689941406,151.59280395507812,207.03880310058594
152.8612060546875,190.14430236816406,162.81930541992188,169.85569763183594
146.23489379882812,164.80230712890625,172.87139892578125,195.19769287109375
142.79029846191406,159.30540466308594,183.12680053710938,200.33700561523438
132.0832061767578,177.7465057373047,203.26840209960938,182.2534942626953
125.4729995727539,181.6842041015625,218.53500366210938,175.22230529785156
124.08699798583984,182.3441925048828,227.09300231933594,170.2803955078125
120.1635971069336,183.57850646972656,231.9709930419922,163.02679443359375
119.36699676513672,178.30560302734375,236.72390747070312,162.8975067138672
117.11280059814453,174.95030212402344,237.80929565429688,158.5529022216797
113.94660186767578,176.82850646972656,238.91909790039062,151.07420349121094
113.2394027709961,179.73899841308594,242.17660522460938,143.18150329589844
107.19529724121094,175.8105010986328,244.80630493164062,141.74330139160156
108.06420135498047,170.0811004638672,238.78790283203125,145.99530029296875
108.42310333251953,166.439697265625,237.59320068359375,144.577392578125
108.47149658203125,163.8376007080078,235.88720703125,143.48770141601562
108.93299865722656,164.18780517578125,235.61520385742188,140.452392578125
105.91419982910156,161.95799255371094,235.9062042236328,142.7696990966797
115.72959899902344,149.21449279785156,228.83450317382812,151.04750061035156
183.62100219726562,110.71829986572266,170.1790008544922,53.31100082397461
107.12670135498047,168.4571990966797,235.37330627441406,132.17889404296875
108.95189666748047,155.90969848632812,231.4824981689453,139.9040985107422
167.72740173339844,112.552001953125,182.56219482421875,49.68790054321289
115.20369720458984,158.62100219726562,216.560302734375,135.50169372558594
126.44840240478516,118.6500015258789,207.1678924560547,167.18800354003906
159.03770446777344,109.5239028930664,196.67010498046875,50.16350173950195
121.76570129394531,150.83230590820312,201.09669494628906,135.0290985107422
124.58070373535156,155.70730590820312,187.58920288085938,126.31189727783203
125.84020233154297,154.9051971435547,194.69960021972656,128.23770141601562
129.14700317382812,128.8123016357422,195.81869506835938,157.51080322265625
134.40780639648438,132.20050048828125,186.6280059814453,147.32159423828125
137.45199584960938,143.576904296875,175.57789611816406,145.55999755859375
140.3509979248047,135.02760314941406,185.17860412597656,151.33270263671875
145.5821990966797,137.07130432128906,167.8468017578125,153.57510375976562
148.54620361328125,130.67489624023438,162.21530151367188,169.99099731445312
162.41099548339844,127.77909851074219,138.75140380859375,178.2888946533203
166.37899780273438,109.32279968261719,120.9761962890625,194.94659423828125
211.82139587402344,153.31649780273438,69.22200012207031,148.73280334472656
203.9532928466797,157.27169799804688,63.197601318359375,149.7425994873047
190.518798828125,161.53819274902344,63.12139892578125,145.41329956054688
185.26040649414062,161.56039428710938,58.13090133666992,146.11509704589844
182.6802978515625,152.46249389648438,53.42369842529297,152.39019775390625
161.7801971435547,109.37750244140625,72.81900024414062,192.61639404296875
157.34129333496094,107.96240234375,81.31120300292969,190.29649353027344
150.20199584960938,113.00959777832031,90.96900177001953,184.36410522460938
144.98060607910156,111.8041000366211,104.32769775390625,182.0791015625
141.6947021484375,112.19280242919922,111.99299621582031,176.4875030517578
136.59170532226562,125.64360046386719,145.66830444335938,163.81930541992188
133.15640258789062,110.99099731445312,159.12049865722656,183.69529724121094
124.86630249023438,111.53040313720703,185.86900329589844,180.13589477539062
118.67479705810547,123.65489959716797,196.69410705566406,171.13560485839844
132.83189392089844,112.55560302734375,224.3112030029297,179.45159912109375
117.92410278320312,112.69629669189453,239.71279907226562,188.62240600585938
117.5802001953125,126.86370086669922,215.02679443359375,173.58140563964844
111.97200012207031,124.90180206298828,213.63380432128906,176.4528045654297
110.07230377197266,118.23770141601562,228.68690490722656,181.8217010498047
109.881103515625,122.03589630126953,233.81390380859375,177.17649841308594
112.04530334472656,121.67859649658203,234.4698944091797,175.43319702148438
114.40859985351562,121.11370086669922,236.41090393066406,172.9709014892578
110.38700103759766,122.06269836425781,241.55409240722656,169.1508026123047
109.57209777832031,123.87930297851562,241.52459716796875,163.1475067138672
106.7665023803711,127.95989990234375,243.08889770507812,152.5258026123047
110.01589965820312,130.15499877929688,236.0467987060547,147.4940948486328
112.21939849853516,123.35479736328125,231.8262939453125,152.56480407714844
111.23760223388672,132.52149963378906,233.91180419921875,138.49380493164062
114.04769897460938,136.3867950439453,226.91549682617188,133.80450439453125
112.68509674072266,131.47149658203125,226.48300170898438,136.1096954345703
118.1156005859375,127.00399780273438,221.52110290527344,136.3040008544922
121.24019622802734,125.58219909667969,219.66160583496094,137.09109497070312
123.9312973022461,126.88040161132812,220.33200073242188,130.4114990234375
127.11109924316406,117.04540252685547,219.2628936767578,140.41830444335938
133.95889282226562,122.60430145263672,205.1761016845703,134.88119506835938
137.4488067626953,119.27220153808594,195.18800354003906,132.58160400390625
144.8852996826172,118.58740234375,181.18040466308594,131.00369262695312
151.7111053466797,117.535400390625,198.7552947998047,128.40699768066406
160.95339965820312,115.04830169677734,184.67599487304688,134.88839721679688
167.54110717773438,109.27120208740234,182.14329528808594,142.14759826660156
176.42320251464844,112.60649871826172,167.09759521484375,129.99400329589844
182.01629638671875,97.6760025024414,175.9095001220703,73.07640075683594
244.20840454101562,102.43419647216797,73.36849975585938,135.44500732421875
244.97039794921875,95.2061996459961,69.39610290527344,143.64810180664062
237.26870727539062,88.29830169677734,71.17630004882812,145.3831024169922
231.34280395507812,87.59410095214844,74.29730224609375,140.59539794921875
220.73330688476562,82.65760040283203,77.94719696044922,143.4873046875
212.10350036621094,82.00980377197266,70.27950286865234,140.51339721679688
193.05709838867188,79.07969665527344,75.42610168457031,141.39230346679688
173.622802734375,75.08570098876953,77.98410034179688,140.41610717773438
156.67349243164062,74.91339874267578,83.80439758300781,149.60879516601562
146.26519775390625,74.57830047607422,65.1281967163086,148.54310607910156
145.60670471191406,75.96279907226562,125.72830200195312,174.54400634765625
123.76260375976562,75.6801986694336,165.3406982421875,174.0334014892578
112.51570129394531,76.3489990234375,205.9062957763672,181.0408935546875
102.46800231933594,78.14550018310547,197.11349487304688,180.34030151367188
94.8563003540039,75.23290252685547,240.45480346679688,179.97000122070312
83.45939636230469,74.33769989013672,207.83489990234375,182.63400268554688
77.49800109863281,75.62899780273438,230.64210510253906,181.21890258789062
64.59339904785156,75.15989685058594,250.40480041503906,180.93699645996094
57.02009963989258,75.16619873046875,236.30670166015625,174.47340393066406
52.77939987182617,77.19830322265625,252.22509765625,177.8925018310547
47.81769943237305,81.27989959716797,259.3800964355469,165.8549041748047
45.42679977416992,81.30770111083984,262.02911376953125,170.2281951904297
39.177101135253906,83.61509704589844,268.05120849609375,160.5157928466797
36.24319839477539,85.28410339355469,268.4151916503906,163.44149780273438
33.14860153198242,86.0625991821289,276.4518127441406,167.8459930419922
31.131200790405273,87.99310302734375,281.7807922363281,167.4340057373047
27.677099227905273,88.28759765625,283.8529052734375,167.8415069580078
31.609800338745117,89.5602035522461,277.5824890136719,163.07330322265625
35.97169876098633,92.45829772949219,266.89788818359375,159.8730010986328
41.518699645996094,93.9551010131836,263.6737060546875,153.17410278320312
49.75749969482422,94.93820190429688,252.34719848632812,148.5281982421875
55.93280029296875,98.78019714355469,250.94549560546875,138.70460510253906
62.673500061035156,100.17960357666016,241.09030151367188,133.2136993408203
69.54940032958984,101.43560028076172,239.7086944580078,131.3195037841797
75.80789947509766,100.30370330810547,233.59129333496094,128.02679443359375
83.36260223388672,96.63980102539062,226.83079528808594,128.32130432128906
95.55619812011719,96.8832015991211,213.4456024169922,125.25890350341797
105.62310028076172,92.62789916992188,207.87680053710938,127.73660278320312
114.58159637451172,90.59619903564453,203.14500427246094,124.63729858398438
116.34130096435547,87.19039916992188,208.2602996826172,126.81649780273438
120.24479675292969,87.04309844970703,209.79159545898438,125.89240264892578
120.614501953125,87.78070068359375,212.29319763183594,124.12670135498047
120.21759796142578,85.22930145263672,212.39199829101562,125.89330291748047
122.1677017211914,83.47850036621094,212.57859802246094,124.74259948730469
121.881103515625,78.89720153808594,218.2917938232422,134.46200561523438
120.8582992553711,78.197998046875,224.4154052734375,137.29010009765625
118.46389770507812,78.29720306396484,228.22950744628906,140.77960205078125
118.59259796142578,81.02469635009766,231.07049560546875,138.22579956054688
109.50980377197266,82.2665023803711,237.15420532226562,136.64999389648438
109.05380249023438,86.23819732666016,236.94610595703125,136.50289916992188
103.28970336914062,92.62640380859375,238.44549560546875,133.86109924316406
101.98690032958984,98.24569702148438,244.81619262695312,132.11659240722656
96.14569854736328,105.38780212402344,248.64010620117188,132.65390014648438
98.5614013671875,106.7509994506836,249.07730102539062,138.70399475097656
93.1333999633789,111.91300201416016,257.90301513671875,146.73660278320312
