1
424.9359130859375,116.83439636230469,47.11220169067383,47.50790023803711
422.7489013671875,120.57959747314453,53.5796012878418,50.660099029541016
421.86199951171875,123.6677017211914,56.365699768066406,52.709800720214844
421.8999938964844,126.61109924316406,54.51570129394531,51.89139938354492
423.7572021484375,130.7104034423828,49.50080108642578,52.28089904785156
423.9183044433594,135.2978973388672,46.41339874267578,51.12070083618164
416.9877014160156,141.5373992919922,53.49480056762695,48.71229934692383
411.1776123046875,144.65859985351562,56.683101654052734,47.482200622558594
406.14349365234375,147.14630126953125,53.87049865722656,49.09619903564453
404.7005920410156,150.1468048095703,44.724998474121094,46.481300354003906
402.4851989746094,151.014892578125,46.955101013183594,46.65330123901367
401.9248962402344,154.53700256347656,44.194000244140625,44.39080047607422
402.0602111816406,155.34429931640625,42.61309814453125,42.34000015258789
396.154296875,157.87550354003906,46.245201110839844,40.38560104370117
391.1731872558594,157.8690948486328,48.50130081176758,40.333499908447266
385.6995849609375,158.71640014648438,47.18579864501953,37.32789993286133
379.4350891113281,160.06109619140625,47.26350021362305,35.00590133666992
373.943603515625,159.82479858398438,43.37820053100586,33.54610061645508
371.7890930175781,158.84579467773438,34.99250030517578,32.85770034790039
366.4859924316406,156.37249755859375,36.31209945678711,34.564701080322266
357.94549560546875,152.5876007080078,42.46609878540039,37.13639831542969
350.1033935546875,151.80380249023438,46.0181999206543,37.6265983581543
347.99578857421875,152.14120483398438,41.97840118408203,37.9901008605957
346.7803039550781,151.8708038330078,36.09149932861328,36.44020080566406
346.16461181640625,152.13499450683594,32.45159912109375,34.68870162963867
344.0011901855469,151.97869873046875,35.3921012878418,33.846099853515625
344.143310546875,151.197998046875,35.24800109863281,32.528900146484375
343.6817932128906,148.10580444335938,35.010501861572266,31.01799964904785
344.0972900390625,141.65289306640625,35.561798095703125,32.53300094604492
343.4606018066406,138.3323974609375,36.630001068115234,33.31269836425781
346.94049072265625,132.33279418945312,34.03889846801758,34.80759811401367
351.8935852050781,128.61050415039062,34.29119873046875,35.371498107910156
354.68560791015625,126.51899719238281,37.15719985961914,34.84149932861328
358.9657897949219,125.06069946289062,39.58369827270508,32.70909881591797
362.62701416015625,123.52059936523438,40.109798431396484,32.86640167236328
365.7586975097656,121.16940307617188,42.55540084838867,33.15800094604492
371.73748779296875,117.86799621582031,43.03099822998047,35.934600830078125
378.22979736328125,113.82630157470703,42.618099212646484,38.3827018737793
384.6419982910156,109.82689666748047,44.588600158691406,39.570701599121094
394.34368896484375,106.29789733886719,42.53070068359375,39.472999572753906
403.49639892578125,101.70320129394531,44.31370162963867,40.6963996887207
409.3627014160156,96.94329833984375,50.99380111694336,42.21390151977539
416.0174865722656,90.189697265625,56.25469970703125,45.28229904174805
422.4285888671875,83.09980010986328,59.0458984375,48.33440017700195
427.9551086425781,75.55130004882812,62.597599029541016,52.29890060424805
435.002197265625,69.470703125,60.78219985961914,52.263999938964844
442.4856872558594,64.79119873046875,55.96480178833008,51.237098693847656
449.3276062011719,60.56290054321289,54.46369934082031,51.03239822387695
457.3606872558594,55.059600830078125,55.6171989440918,53.13019943237305
462.0299987792969,52.4275016784668,58.94499969482422,56.775299072265625
462.5534973144531,53.36840057373047,61.621700286865234,57.531898498535156
459.83221435546875,55.127899169921875,65.42420196533203,56.10340118408203
456.52081298828125,57.472599029541016,67.65660095214844,56.89970016479492
451.74359130859375,60.311100006103516,57.395999908447266,58.40290069580078
446.0972900390625,64.66940307617188,65.24939727783203,59.63029861450195
437.57720947265625,71.21700286865234,62.88079833984375,60.692298889160156
427.7734069824219,76.5551986694336,60.637298583984375,62.778099060058594
417.2832946777344,86.31529998779297,56.81919860839844,63.0536003112793
405.9453125,95.77459716796875,54.79100036621094,61.35649871826172
390.5143127441406,107.59249877929688,56.89590072631836,55.73469924926758
374.24749755859375,119.13999938964844,56.01890182495117,52.291900634765625
357.8393859863281,126.62480163574219,57.76110076904297,52.32939910888672
342.6575012207031,132.57919311523438,60.02840042114258,52.13359832763672
327.86041259765625,139.51710510253906,60.45669937133789,46.632301330566406
317.48699951171875,145.46710205078125,53.810298919677734,41.319698333740234
307.9504089355469,144.7471923828125,46.897701263427734,39.765499114990234
301.5895080566406,144.09129333496094,42.64350128173828,37.60559844970703
299.6383056640625,137.814697265625,46.22850036621094,41.76139831542969
301.07879638671875,132.86549377441406,43.342098236083984,42.3031005859375
304.4460144042969,127.60299682617188,39.36790084838867,40.90370178222656
309.0083923339844,120.53279876708984,38.20800018310547,39.2484016418457
313.27130126953125,111.17130279541016,38.94919967651367,41.31779861450195
308.2944030761719,85.72049713134766,65.18840026855469,56.10200119018555
351.95709228515625,73.95020294189453,50.7218017578125,37.29669952392578
364.6383972167969,60.00960159301758,52.46039962768555,44.257999420166016
379.1972961425781,50.36029815673828,56.160499572753906,43.422401428222656
395.3363037109375,42.36949920654297,57.07630157470703,43.82440185546875
411.7818908691406,36.69620132446289,55.28129959106445,43.21419906616211
426.6159973144531,36.12200164794922,56.3932991027832,42.185699462890625
439.73388671875,34.07659912109375,57.560298919677734,44.85350036621094
454.7461853027344,34.977298736572266,56.807098388671875,43.237998962402344
470.3080139160156,39.78229904174805,54.1150016784668,37.97549819946289
485.90411376953125,41.62779998779297,54.76639938354492,34.73759841918945
497.3033142089844,44.32320022583008,53.68080139160156,36.872100830078125
508.8570861816406,45.53710174560547,55.661399841308594,39.86709976196289
518.9863891601562,45.760501861572266,57.244300842285156,46.62379837036133
527.9622802734375,47.468299865722656,59.359901428222656,48.84980010986328
536.2510986328125,52.73590087890625,58.8468017578125,48.20209884643555
543.6544799804688,57.03730010986328,57.1869010925293,48.725101470947266
548.5355834960938,64.410400390625,57.29079818725586,46.50120162963867
551.5316772460938,69.39929962158203,58.29690170288086,46.523101806640625
551.6207275390625,74.12159729003906,57.07460021972656,47.99319839477539
548.1591186523438,79.01010131835938,58.45220184326172,48.635398864746094
541.4456176757812,84.20780181884766,63.53779983520508,48.77989959716797
532.1218872070312,86.9623031616211,62.13600158691406,49.24869918823242
519.6409301757812,89.17030334472656,65.18710327148438,48.59600067138672
504.6796875,91.72059631347656,66.947998046875,47.97010040283203
487.47900390625,90.8156967163086,65.76619720458984,45.49209976196289
468.0606994628906,87.45069885253906,65.74199676513672,45.942501068115234
449.7528991699219,83.7573013305664,64.14920043945312,49.36589813232422
429.1073913574219,80.61199951171875,65.38410186767578,50.96500015258789
408.7298889160156,75.87010192871094,66.1259994506836,50.99449920654297
390.5380859375,71.1780014038086,63.44160079956055,53.04999923706055
370.826904296875,66.47219848632812,64.20149993896484,53.44179916381836
356.9837951660156,62.96160125732422,61.27330017089844,51.1151008605957
342.3923034667969,60.38610076904297,59.59299850463867,52.259700775146484
330.35101318359375,58.93579864501953,56.11980056762695,49.678199768066406
318.3804016113281,58.00630187988281,53.84769821166992,49.553001403808594
308.8572998046875,57.08620071411133,52.79869842529297,50.85430145263672
303.4197998046875,56.71670150756836,50.486900329589844,51.76350021362305
299.9574890136719,59.808998107910156,48.852901458740234,51.797698974609375
301.4554138183594,61.56999969482422,46.569698333740234,49.09519958496094
303.2965087890625,64.24819946289062,44.75519943237305,43.35089874267578
307.35430908203125,65.77140045166016,44.73540115356445,42.21580123901367
312.85540771484375,65.55229949951172,45.34109878540039,42.172298431396484
321.3808898925781,66.13760375976562,45.386199951171875,43.004798889160156
331.2278137207031,68.25540161132812,46.53310012817383,41.863800048828125
343.2214050292969,70.64779663085938,44.70090103149414,43.615699768066406
356.0697937011719,76.75830078125,43.442298889160156,40.83660125732422
369.3262023925781,83.61969757080078,42.16389846801758,37.85029983520508
382.7351989746094,91.28700256347656,43.0630989074707,36.06460189819336
396.55859375,98.34020233154297,43.71699905395508,36.14580154418945
410.58538818359375,104.3832015991211,46.461700439453125,35.52830123901367
425.6953125,108.93479919433594,45.95389938354492,37.267398834228516
438.7627868652344,114.61139678955078,47.10279846191406,36.65610122680664
453.3830871582031,119.00589752197266,46.59489822387695,35.74760055541992
467.76708984375,120.90059661865234,46.20909881591797,34.57749938964844
481.9578857421875,123.95809936523438,43.582801818847656,33.71379852294922
494.47808837890625,123.8301010131836,47.76029968261719,35.96849822998047
505.7327880859375,122.50019836425781,50.16910171508789,39.93899917602539
514.2924194335938,121.95939636230469,53.78990173339844,41.51380157470703
522.2520141601562,120.7311019897461,55.99100112915039,41.973899841308594
522.8709716796875,120.71109771728516,59.21419906616211,42.343299865722656
530.2526245117188,121.66519927978516,53.95130157470703,41.58209991455078
531.5322265625,120.81839752197266,53.82659912109375,42.63560104370117
536.3291015625,120.36299896240234,56.32870101928711,42.08610153198242
540.4608764648438,121.97899627685547,51.112098693847656,40.45719909667969
539.1710815429688,121.30439758300781,52.58039855957031,41.403499603271484
536.6578979492188,121.09130096435547,53.25,41.24380111694336
530.6713256835938,121.752197265625,56.94900131225586,41.4827995300293
523.6099853515625,121.30989837646484,56.08060073852539,42.44459915161133
515.0422973632812,120.6240005493164,54.2958984375,43.56760025024414
504.47540283203125,122.81210327148438,53.15650177001953,41.77149963378906
492.03619384765625,124.09719848632812,51.01679992675781,39.941200256347656
479.0802001953125,124.33319854736328,48.9817008972168,38.583499908447266
462.15240478515625,123.85230255126953,49.46910095214844,38.77640151977539
445.69049072265625,124.85639953613281,50.492698669433594,39.34429931640625
428.8481140136719,124.68070220947266,49.99190139770508,38.74409866333008
412.0422058105469,124.2427978515625,50.58330154418945,38.996700286865234
394.7532958984375,124.7177963256836,47.21590042114258,37.42179870605469
377.9476013183594,126.44950103759766,45.4026985168457,35.35380172729492
361.214599609375,126.80269622802734,46.84130096435547,35.026100158691406
347.4451904296875,127.54409790039062,45.02220153808594,34.66510009765625
332.9912109375,128.75489807128906,41.363800048828125,32.87329864501953
317.498291015625,128.43490600585938,43.454200744628906,32.640098571777344
306.3547058105469,128.58070373535156,39.84560012817383,33.156898498535156
295.0575866699219,128.8029022216797,42.80979919433594,33.562400817871094
286.159912109375,128.66409301757812,38.335899353027344,34.462501525878906
277.789794921875,130.7563018798828,36.87179946899414,32.672698974609375
270.73699951171875,130.3477020263672,38.105098724365234,34.37879943847656
267.3407897949219,131.67970275878906,38.46950149536133,33.60060119628906
264.9872131347656,132.6291961669922,38.169498443603516,33.27199935913086
265.0815124511719,130.21389770507812,37.74079895019531,32.56769943237305
266.0306091308594,129.1143035888672,39.36029815673828,32.85559844970703
267.23651123046875,130.0238037109375,38.945701599121094,31.135099411010742
269.67449951171875,130.38409423828125,38.87950134277344,32.339599609375
275.0708923339844,131.90609741210938,39.43510055541992,33.67509841918945
279.49578857421875,133.30419921875,40.63949966430664,32.900299072265625
287.6610107421875,136.12350463867188,39.45140075683594,32.75320053100586
296.8169860839844,137.8300018310547,41.10490036010742,31.548099517822266
307.46649169921875,140.77420043945312,39.87699890136719,30.246599197387695
319.7412109375,142.12289428710938,38.71799850463867,30.390899658203125
332.1173095703125,143.92599487304688,38.53150177001953,30.553800582885742
348.0994873046875,145.06170654296875,38.20690155029297,31.23390007019043
361.8497009277344,145.8730926513672,40.46540069580078,32.36520004272461
378.3952941894531,146.62930297851562,42.95989990234375,34.66310119628906
394.4797058105469,149.8509979248047,47.297000885009766,36.566001892089844
410.1099853515625,148.22250366210938,48.62770080566406,39.22520065307617
426.4964904785156,147.51480102539062,53.23780059814453,43.92070007324219
441.4476013183594,146.75320434570312,57.65129852294922,44.803199768066406
458.63751220703125,146.30679321289062,57.317501068115234,47.164398193359375
476.5434875488281,145.55029296875,55.497398376464844,48.321998596191406
488.3612976074219,146.8972930908203,58.01029968261719,48.98550033569336
500.125,148.23289489746094,60.825599670410156,51.244300842285156
511.39239501953125,149.00559997558594,59.38750076293945,53.55189895629883
518.9954833984375,152.76089477539062,63.383399963378906,54.28089904785156
525.385498046875,157.30850219726562,64.33550262451172,54.64680099487305
528.7593994140625,162.07229614257812,61.01110076904297,55.299800872802734
529.0311279296875,171.8177032470703,63.16379928588867,52.35300064086914
530.6296997070312,182.73240661621094,56.150699615478516,49.903499603271484
522.826904296875,190.59579467773438,61.822601318359375,50.88159942626953
517.1201171875,199.0626983642578,64.59870147705078,51.04859924316406
508.23968505859375,207.59519958496094,62.11009979248047,50.34700012207031
495.326904296875,215.61390686035156,65.55470275878906,47.57820129394531
481.3009033203125,219.85450744628906,67.16719818115234,47.92490005493164
466.25030517578125,222.59559631347656,66.50389862060547,45.18360137939453
450.74639892578125,225.67149353027344,63.079898834228516,42.559200286865234
439.6343994140625,230.1761932373047,57.13410186767578,43.06869888305664
424.6697998046875,237.4163055419922,55.49810028076172,42.507301330566406
410.15679931640625,247.17489624023438,54.12049865722656,43.11410140991211
401.02410888671875,258.08990478515625,48.6968994140625,43.89889907836914
385.6307067871094,261.4352111816406,50.48419952392578,40.0724983215332
378.18060302734375,257.8848876953125,49.385501861572266,43.45940017700195
373.1492004394531,258.17449951171875,45.02560043334961,41.87379837036133
308.6849060058594,260.2712097167969,31.90089988708496,44.455501556396484
290.439208984375,258.9725036621094,49.34989929199219,46.94049835205078
288.6357116699219,259.3595886230469,50.332801818847656,45.711299896240234
288.4525146484375,258.9433898925781,51.14670181274414,46.66740036010742
287.96881103515625,259.8203125,51.579898834228516,45.794498443603516
290.73760986328125,259.5755920410156,50.20589828491211,46.63999938964844
289.3395080566406,258.9674072265625,49.23540115356445,46.508399963378906
289.19769287109375,259.2043151855469,50.84159851074219,47.09590148925781
288.7048034667969,258.9656982421875,50.912899017333984,46.72520065307617
288.656494140625,259.3923034667969,51.069000244140625,46.1974983215332
289.1863098144531,259.3327941894531,49.88710021972656,46.065399169921875
289.706298828125,259.3844909667969,50.27080154418945,45.910400390625
289.21148681640625,259.031494140625,50.942501068115234,46.76969909667969
289.0044860839844,259.8367004394531,50.277099609375,45.576698303222656
289.4768981933594,258.78179931640625,50.06050109863281,46.360198974609375
289.9263916015625,259.8559875488281,51.35850143432617,46.605201721191406
289.52569580078125,259.6195983886719,50.46160125732422,46.252201080322266
289.3174133300781,258.8163146972656,49.38610076904297,46.49589920043945
289.23699951171875,259.4382019042969,49.85169982910156,45.65879821777344
289.8728942871094,259.0830078125,48.87139892578125,45.49660110473633
289.3742980957031,259.7315979003906,49.41569900512695,45.08890151977539
289.88140869140625,259.2633056640625,49.83409881591797,45.94850158691406
289.1827087402344,259.5000915527344,50.959800720214844,45.65959930419922
289.86041259765625,259.50439453125,49.319698333740234,45.287498474121094
288.50469970703125,259.5412902832031,50.76499938964844,45.81439971923828
291.03839111328125,259.94879150390625,48.586299896240234,45.069000244140625
289.24371337890625,259.25640869140625,50.96120071411133,46.81949996948242
289.9855041503906,258.6805114746094,49.08829879760742,46.23379898071289
290.3839111328125,259.3183898925781,50.1254997253418,47.41590118408203
291.78570556640625,259.7637939453125,48.9718017578125,46.170799255371094
292.2467956542969,260.13580322265625,48.4468994140625,46.05419921875
291.7731018066406,260.2460021972656,47.385101318359375,45.09489822387695
289.48089599609375,260.3442077636719,49.75740051269531,46.44919967651367
289.6512145996094,260.5636901855469,47.83509826660156,45.87030029296875
290.7497863769531,262.7160949707031,46.4989013671875,44.42649841308594
286.78228759765625,259.2243957519531,57.118099212646484,53.338199615478516
359.71038818359375,260.4020080566406,38.32170104980469,40.6593017578125
360.1794128417969,257.5443115234375,37.45840072631836,42.20880126953125
359.2264099121094,258.034912109375,38.430599212646484,40.39929962158203
359.0367126464844,258.10198974609375,38.60100173950195,40.87459945678711
359.8547058105469,258.143798828125,36.213600158691406,39.89690017700195
361.18218994140625,259.2410888671875,40.397499084472656,37.98440170288086
335.49481201171875,244.08290100097656,65.6592025756836,62.88199996948242
303.2333984375,226.88319396972656,39.744300842285156,45.21260070800781
