1
133.5941925048828,62.73509979248047,177.12510681152344,172.79640197753906
172.0740966796875,70.0802001953125,171.12010192871094,167.56309509277344
202.19960021972656,75.76789855957031,169.62750244140625,163.74459838867188
258.470703125,98.20069885253906,158.23980712890625,155.55239868164062
291.7666015625,124.14579772949219,136.0615997314453,139.4853973388672
290.00750732421875,144.94189453125,120.87799835205078,122.56929779052734
284.9299011230469,144.2310028076172,125.39109802246094,125.1969985961914
233.17770385742188,136.39999389648438,126.4989013671875,114.4269027709961
187.27549743652344,124.98069763183594,111.75749969482422,110.00050354003906
106.89440155029297,107.48249816894531,115.28500366210938,112.63020324707031
54.195499420166016,78.97119903564453,100.90899658203125,122.506103515625
55.07720184326172,71.86309814453125,85.18820190429688,126.94940185546875
54.10419845581055,74.63939666748047,83.4583969116211,124.06400299072266
56.17340087890625,64.18109893798828,64.67780303955078,133.03500366210938
61.78239822387695,48.18629837036133,44.58290100097656,123.625
67.50039672851562,34.95429992675781,50.237701416015625,129.92430114746094
72.91670227050781,23.322399139404297,86.74349975585938,166.90109252929688
68.68109893798828,20.441099166870117,119.71720123291016,175.70010375976562
137.47860717773438,47.71889877319336,175.73309326171875,176.1038055419922
169.5305938720703,59.8390998840332,163.17550659179688,166.62109375
197.6739959716797,72.59349822998047,154.47300720214844,159.76910400390625
221.55380249023438,80.7916030883789,148.3975067138672,152.5697021484375
248.2071075439453,96.99729919433594,130.7895965576172,137.3137969970703
252.15960693359375,101.75170135498047,115.83319854736328,125.53500366210938
241.5872039794922,107.78739929199219,104.22219848632812,112.072998046875
219.10060119628906,101.27030181884766,96.7615966796875,98.33049774169922
210.96119689941406,100.9269027709961,95.48809814453125,96.61579895019531
188.14739990234375,98.67230224609375,89.24559783935547,88.85369873046875
186.76370239257812,98.92769622802734,89.28880310058594,88.23609924316406
170.56619262695312,88.67610168457031,84.65859985351562,87.64109802246094
153.73880004882812,82.7228012084961,89.05460357666016,85.2791976928711
143.77859497070312,83.94059753417969,86.77330017089844,85.56900024414062
126.87259674072266,92.4738998413086,96.92729949951172,80.66919708251953
120.40160369873047,91.40640258789062,94.61280059814453,87.40280151367188
115.94940185546875,90.25900268554688,95.11740112304688,91.0468978881836
114.08830261230469,91.1760025024414,96.37000274658203,90.80819702148438
105.66329956054688,100.50170135498047,113.83679962158203,113.16809844970703
102.96790313720703,102.81549835205078,118.94409942626953,111.85990142822266
106.2603988647461,104.69730377197266,116.69519805908203,109.83889770507812
112.75910186767578,115.41919708251953,120.60359954833984,122.28780364990234
113.53579711914062,109.87909698486328,119.23500061035156,124.80149841308594
113.36150360107422,117.3843002319336,130.8668975830078,129.38780212402344
118.20230102539062,117.60579681396484,135.25169372558594,135.00770568847656
123.14009857177734,118.46790313720703,143.47950744628906,136.10870361328125
137.64340209960938,113.47969818115234,152.5843048095703,149.11439514160156
163.5146026611328,96.04290008544922,162.0426025390625,162.9803924560547
166.12570190429688,94.89309692382812,160.88760375976562,167.21409606933594
191.11309814453125,76.50019836425781,165.3719024658203,165.64939880371094
191.72900390625,74.42949676513672,169.17599487304688,167.9792938232422
208.63119506835938,74.46939849853516,161.83200073242188,160.84970092773438
