1
193.86700439453125,118.57969665527344,14.723099708557129,28.426799774169922
189.98849487304688,122.62999725341797,15.928099632263184,28.339399337768555
186.72970581054688,127.26930236816406,15.589799880981445,29.532899856567383
181.0281982421875,132.77540588378906,17.119800567626953,30.321699142456055
179.393798828125,137.95590209960938,15.79259967803955,30.687700271606445
178.20199584960938,139.5933074951172,15.161800384521484,31.020200729370117
176.50669860839844,140.40289306640625,16.078399658203125,30.665599822998047
173.72579956054688,143.4987030029297,15.967000007629395,29.630199432373047
171.18719482421875,143.14100646972656,16.071199417114258,30.969600677490234
167.81500244140625,140.23170471191406,17.05970001220703,32.4010009765625
164.2646942138672,135.46409606933594,17.059499740600586,33.467201232910156
162.25950622558594,129.7628936767578,16.903900146484375,33.31060028076172
161.49200439453125,127.50440216064453,19.12540054321289,32.81449890136719
160.81919860839844,126.44999694824219,20.133499145507812,33.649898529052734
160.70030212402344,124.69029998779297,22.624799728393555,32.328800201416016
159.28529357910156,125.25409698486328,24.628400802612305,32.190399169921875
158.4907989501953,125.60359954833984,27.90719985961914,32.52299880981445
156.7404022216797,125.6572036743164,28.715200424194336,31.8789005279541
154.46249389648438,125.04049682617188,30.549100875854492,32.015201568603516
151.64930725097656,128.64280700683594,32.492801666259766,32.447200775146484
149.3927001953125,134.50050354003906,33.54869842529297,30.189899444580078
146.2938995361328,137.1060028076172,37.08789825439453,31.281600952148438
144.2288055419922,141.72909545898438,38.92559814453125,31.566499710083008
144.17539978027344,146.4364013671875,40.118499755859375,30.59079933166504
144.52169799804688,149.90460205078125,40.797698974609375,30.442399978637695
145.39280700683594,152.4145050048828,43.607398986816406,28.55389976501465
142.2393035888672,152.65150451660156,47.18980026245117,29.320499420166016
138.76980590820312,152.22340393066406,49.49409866333008,28.48189926147461
135.72979736328125,149.86790466308594,52.359100341796875,29.504100799560547
135.80589294433594,148.55250549316406,53.00270080566406,29.584800720214844
138.47360229492188,146.485107421875,50.38629913330078,30.951200485229492
138.75509643554688,144.6746063232422,49.52119827270508,30.936599731445312
136.65029907226562,145.14700317382812,50.2223014831543,30.84119987487793
129.5854949951172,146.80349731445312,52.47710037231445,29.21310043334961
123.3467025756836,146.34140014648438,55.44960021972656,29.664899826049805
117.07460021972656,144.9219970703125,59.539100646972656,31.19540023803711
115.19609832763672,149.3217010498047,59.68989944458008,32.492401123046875
111.75160217285156,155.43240356445312,59.221099853515625,34.142799377441406
111.86830139160156,162.97140502929688,55.15570068359375,34.95320129394531
107.76010131835938,173.5915985107422,54.29759979248047,35.08039855957031
100.39929962158203,180.9342041015625,56.500099182128906,35.09040069580078
93.26969909667969,186.44549560546875,61.30720138549805,34.40919876098633
87.3447036743164,188.41830444335938,65.68579864501953,33.51060104370117
83.48500061035156,189.56210327148438,69.82710266113281,33.72710037231445
83.62349700927734,188.18930053710938,69.12030029296875,34.898799896240234
87.9468002319336,183.0196075439453,62.83869934082031,36.40340042114258
89.60919952392578,178.45419311523438,62.20899963378906,37.84579849243164
88.56069946289062,174.26759338378906,65.04000091552734,35.68159866333008
82.80020141601562,170.32460021972656,69.21890258789062,35.595401763916016
78.0022964477539,168.3946075439453,72.12120056152344,36.682098388671875
76.80370330810547,168.31910705566406,73.18240356445312,38.17770004272461
80.74330139160156,169.79930114746094,70.55750274658203,38.64759826660156
80.29010009765625,170.32249450683594,71.06069946289062,39.34379959106445
81.0156021118164,173.0030059814453,70.73030090332031,37.01390075683594
77.46549987792969,174.51429748535156,74.30819702148438,36.41859817504883
68.55549621582031,176.35499572753906,78.81279754638672,37.94940185546875
61.620601654052734,180.8031005859375,80.4126968383789,40.50239944458008
60.6151008605957,189.58070373535156,74.87039947509766,43.0005989074707
59.681800842285156,198.6217041015625,76.1572036743164,42.574100494384766
56.00299835205078,205.39990234375,77.88619995117188,37.58810043334961
51.14860153198242,208.12840270996094,79.55000305175781,35.73740005493164
42.38600158691406,210.08680725097656,86.82060241699219,37.433998107910156
34.73780059814453,211.98680114746094,92.63300323486328,37.315101623535156
31.66900062561035,208.91409301757812,91.48539733886719,40.1713981628418
33.59370040893555,208.48300170898438,85.99859619140625,40.978599548339844
30.910600662231445,207.2008056640625,83.77449798583984,44.21379852294922
23.987300872802734,209.1685028076172,86.27249908447266,43.957298278808594
7.726500034332275,214.71029663085938,93.239501953125,45.01319885253906
2.1456000804901123,230.65159606933594,94.53759765625,43.765098571777344
0.0,238.82009887695312,92.6488037109375,46.86989974975586
0.32710000872612,242.7794952392578,83.27120208740234,44.079498291015625
1.4423999786376953,246.62249755859375,76.79810333251953,42.898799896240234
2.412100076675415,257.7853088378906,69.2677001953125,41.54750061035156
1.385599970817566,270.77020263671875,68.56900024414062,44.86869812011719
0.37599998712539673,280.2867126464844,73.98760223388672,45.69179916381836
0.6082000136375427,281.1752014160156,76.99759674072266,49.0713005065918
0.6603000164031982,281.1803894042969,81.1937026977539,50.96879959106445
0.4957999885082245,278.4993896484375,86.05860137939453,47.32229995727539
0.0,277.0618896484375,90.56990051269531,45.45750045776367
0.0,275.4436950683594,96.95179748535156,45.93960189819336
0.0,274.4093017578125,99.09429931640625,46.058101654052734
0.24549999833106995,269.90728759765625,99.9636001586914,50.26599884033203
4.90310001373291,266.12078857421875,104.24909973144531,53.33879852294922
13.666999816894531,260.6492919921875,101.03700256347656,48.5526008605957
18.760000228881836,254.29229736328125,104.4811019897461,48.89720153808594
20.40730094909668,249.5666046142578,111.10269927978516,45.232398986816406
27.594499588012695,247.56820678710938,113.18990325927734,43.855899810791016
26.350000381469727,246.4705047607422,116.26300048828125,46.47719955444336
41.123199462890625,243.8594970703125,107.01629638671875,48.90719985961914
41.336700439453125,243.55859375,106.93820190429688,49.146400451660156
55.04610061645508,236.64230346679688,102.21489715576172,53.42279815673828
62.39889907836914,234.78070068359375,99.18240356445312,47.04140090942383
60.37419891357422,237.4971923828125,106.7499008178711,45.40700149536133
60.868099212646484,242.36349487304688,113.55879974365234,41.90480041503906
67.5916976928711,243.381103515625,110.81890106201172,44.7593994140625
80.99530029296875,239.21209716796875,100.09380340576172,49.3036003112793
88.58110046386719,239.09689331054688,98.78379821777344,46.25450134277344
89.08439636230469,240.57919311523438,104.6708984375,46.36069869995117
83.17140197753906,246.514892578125,114.07330322265625,46.77899932861328
85.9574966430664,251.84030151367188,114.47480010986328,47.571998596191406
97.40689849853516,254.99090576171875,104.89669799804688,50.441200256347656
105.5863037109375,260.9320983886719,100.24420166015625,50.10580062866211
105.28630065917969,266.4729919433594,100.23899841308594,51.313201904296875
100.80899810791016,274.8070983886719,106.70790100097656,52.05979919433594
100.09429931640625,280.0957946777344,111.79730224609375,54.9651985168457
114.87439727783203,280.5133972167969,106.8853988647461,54.81549835205078
129.40390014648438,282.5248107910156,99.6427001953125,57.54999923706055
135.63360595703125,292.1953125,99.22139739990234,61.57550048828125
133.10130310058594,310.22711181640625,108.23030090332031,49.096900939941406
126.89510345458984,316.4906921386719,106.99430084228516,41.47999954223633
142.3385009765625,319.3301086425781,103.90080261230469,39.77220153808594
161.2194061279297,319.224609375,100.05850219726562,40.076499938964844
171.9427947998047,317.17498779296875,101.25289916992188,41.72629928588867
177.96380615234375,315.8330078125,98.77529907226562,42.850799560546875
195.76210021972656,314.1437072753906,100.05580139160156,44.43519973754883
221.24729919433594,313.5469970703125,91.21829986572266,45.675201416015625
229.08929443359375,309.2127990722656,95.92269897460938,49.037601470947266
233.53909301757812,305.3384094238281,105.59719848632812,52.86690139770508
255.83470153808594,301.04449462890625,94.41850280761719,56.615501403808594
273.8565979003906,293.9057922363281,84.07440185546875,58.85850143432617
286.3622131347656,283.3916015625,83.89620208740234,61.135101318359375
292.2033996582031,277.22320556640625,94.01300048828125,56.62519836425781
309.2926940917969,269.2134094238281,89.01920318603516,57.19670104980469
328.235595703125,263.4905090332031,83.60870361328125,54.77040100097656
345.68121337890625,253.1060028076172,78.00520324707031,53.999698638916016
355.71240234375,245.3433074951172,84.8843994140625,53.50809860229492
361.9888916015625,235.63890075683594,89.36579895019531,54.249698638916016
377.3887023925781,229.03660583496094,85.3197021484375,51.54029846191406
385.3735046386719,232.21539306640625,83.67960357666016,47.821800231933594
390.0367126464844,240.5959930419922,79.33540344238281,47.47610092163086
389.13250732421875,242.79330444335938,82.77459716796875,48.98939895629883
390.92840576171875,241.25250244140625,81.55269622802734,49.17490005493164
400.8146057128906,241.0778045654297,76.33219909667969,49.06760025024414
411.3313903808594,235.7187042236328,74.27200317382812,51.59170150756836
420.76959228515625,234.993896484375,71.49150085449219,48.1781005859375
421.57598876953125,232.0424041748047,74.01619720458984,49.342201232910156
418.66668701171875,229.52110290527344,78.1155014038086,50.07699966430664
374.0610046386719,190.44200134277344,127.48139953613281,84.6073989868164
435.4901123046875,228.97909545898438,70.9229965209961,51.291099548339844
416.1015930175781,221.70399475097656,92.85489654541016,62.05110168457031
449.5585021972656,235.90029907226562,67.82150268554688,54.884700775146484
449.78790283203125,242.7877960205078,77.0343017578125,57.44860076904297
458.3811950683594,247.95590209960938,72.3905029296875,55.993099212646484
468.1476135253906,247.5782928466797,73.39009857177734,58.72060012817383
476.8678894042969,241.4438018798828,65.79190063476562,57.46889877319336
481.31048583984375,232.7550048828125,67.5291976928711,55.53739929199219
487.3387145996094,228.16050720214844,77.2345962524414,53.1421012878418
493.462890625,228.62530517578125,75.50129699707031,52.62289810180664
503.23431396484375,232.01190185546875,69.902099609375,51.42599868774414
507.36968994140625,234.21420288085938,67.6886978149414,50.21220016479492
506.7815856933594,238.5550994873047,65.14409637451172,47.246498107910156
505.1881103515625,239.56979370117188,64.96309661865234,47.025299072265625
499.7047119140625,239.7174072265625,69.14240264892578,47.779300689697266
503.3450012207031,238.3144073486328,64.88739776611328,49.69089889526367
507.3830871582031,239.71090698242188,63.85530090332031,48.058799743652344
513.269775390625,245.04820251464844,60.20009994506836,43.9463996887207
514.4638061523438,249.41920471191406,61.699501037597656,44.42570114135742
515.659912109375,252.04299926757812,63.145599365234375,45.49250030517578
515.5374145507812,253.9178009033203,65.36239624023438,46.69820022583008
520.8912963867188,255.83619689941406,63.55440139770508,46.075401306152344
528.3933715820312,258.41650390625,58.37540054321289,44.974700927734375
531.7415161132812,260.4540100097656,55.619998931884766,43.56480026245117
537.5501098632812,261.306884765625,51.48400115966797,43.1614990234375
540.277587890625,260.6348876953125,51.782100677490234,42.8130989074707
544.3572998046875,257.40740966796875,52.61000061035156,42.14039993286133
549.1539916992188,256.6619873046875,48.45249938964844,42.792701721191406
556.17822265625,257.393798828125,44.91339874267578,39.97520065307617
562.2105712890625,253.58839416503906,42.5885009765625,42.424198150634766
568.1135864257812,253.16310119628906,40.69300079345703,39.75
570.3220825195312,250.4835968017578,38.1245002746582,39.005401611328125
568.3717041015625,249.44850158691406,40.80720138549805,37.996700286865234
565.2310791015625,247.39990234375,37.1245002746582,38.714698791503906
560.6395874023438,244.1132049560547,36.05939865112305,38.42689895629883
557.4481811523438,239.3782958984375,32.11370086669922,39.15119934082031
553.3046264648438,238.468505859375,29.35460090637207,37.7963981628418
550.4342041015625,237.6298065185547,27.400400161743164,36.76190185546875
547.1697998046875,236.52870178222656,25.156400680541992,33.56570053100586
545.0189208984375,238.58419799804688,23.390899658203125,31.112699508666992
541.1718139648438,241.52960205078125,23.928699493408203,30.076499938964844
538.89501953125,242.5178985595703,23.39940071105957,29.984399795532227
536.2484130859375,243.56239318847656,22.98390007019043,31.13479995727539
531.8192138671875,243.6907958984375,25.982099533081055,32.82780075073242
530.9666748046875,242.97120666503906,25.3125,32.87350082397461
526.5725708007812,242.7989959716797,26.607999801635742,31.952999114990234
525.1007080078125,242.82080078125,27.685300827026367,30.265199661254883
524.363525390625,243.71180725097656,27.247100830078125,25.58769989013672
525.6085205078125,243.97109985351562,26.127099990844727,24.699600219726562
525.7158203125,243.6555938720703,26.27389907836914,25.313600540161133
526.3292236328125,240.88259887695312,24.824199676513672,26.043500900268555
524.65478515625,239.4517059326172,25.251100540161133,26.850200653076172
523.1776733398438,239.07809448242188,26.541000366210938,28.753299713134766
521.30322265625,241.2678985595703,28.109899520874023,27.383399963378906
518.7866821289062,244.581298828125,30.50189971923828,27.50550079345703
518.6597290039062,246.45509338378906,31.836299896240234,25.685300827026367
516.5466918945312,247.21910095214844,33.70050048828125,25.395099639892578
514.1021728515625,249.3563995361328,35.540000915527344,24.768800735473633
510.56298828125,250.39950561523438,36.7307014465332,25.815399169921875
509.2088928222656,249.8415069580078,35.065799713134766,28.210899353027344
507.0874938964844,248.97300720214844,35.289100646972656,27.503299713134766
506.9226989746094,250.01919555664062,33.060699462890625,25.724000930786133
505.6376037597656,249.73719787597656,32.58509826660156,23.96470069885254
503.8009948730469,248.7935028076172,32.35749816894531,24.05699920654297
501.35009765625,249.1793975830078,32.65890121459961,24.988100051879883
500.60528564453125,249.7949981689453,29.32859992980957,24.57990074157715
498.06109619140625,246.8144073486328,28.683000564575195,25.6835994720459
495.1387023925781,247.7259063720703,28.1830997467041,25.740400314331055
492.9018859863281,247.01499938964844,27.986299514770508,24.80699920654297
491.25640869140625,247.214599609375,28.07040023803711,24.97330093383789
489.5439147949219,247.93209838867188,28.660200119018555,24.561500549316406
489.7846984863281,247.98379516601562,28.287399291992188,24.79170036315918
486.6366882324219,248.67300415039062,28.66990089416504,25.062400817871094
485.9823913574219,248.2908935546875,29.644500732421875,25.552799224853516
487.6307067871094,246.17880249023438,25.128000259399414,27.021499633789062
485.86151123046875,246.27049255371094,25.388900756835938,25.46739959716797
482.9910888671875,246.6219940185547,27.05929946899414,25.626100540161133
482.09161376953125,248.25999450683594,26.214000701904297,24.457199096679688
482.2674865722656,249.4467010498047,25.505199432373047,23.685100555419922
482.3955993652344,248.88720703125,23.008399963378906,23.92289924621582
481.8041076660156,247.75010681152344,22.163999557495117,24.26759910583496
480.8185119628906,247.7010040283203,22.296600341796875,23.595699310302734
476.78448486328125,249.41310119628906,24.13319969177246,23.416799545288086
472.8880920410156,250.76480102539062,26.621700286865234,22.39080047607422
471.0801086425781,251.62869262695312,28.442100524902344,23.543699264526367
468.6216125488281,253.39950561523438,30.631099700927734,23.42340087890625
466.74810791015625,252.69430541992188,30.864999771118164,24.58799934387207
465.24359130859375,252.08050537109375,31.113300323486328,26.280000686645508
464.5685119628906,251.6009979248047,30.460899353027344,25.076099395751953
462.7261962890625,252.3061065673828,31.131799697875977,23.168500900268555
462.0880126953125,252.9951934814453,31.21470069885254,23.276100158691406
461.38629150390625,253.08729553222656,31.919599533081055,22.976999282836914
461.1191101074219,253.835205078125,31.795900344848633,23.55270004272461
459.8763122558594,253.67469787597656,30.087900161743164,24.52039909362793
458.681884765625,253.1497039794922,28.748600006103516,25.221900939941406
455.2596130371094,251.0458984375,30.974199295043945,25.56839942932129
452.6268005371094,251.40269470214844,32.891300201416016,23.231800079345703
448.7507019042969,250.1688995361328,35.5359992980957,21.268299102783203
445.34478759765625,248.59039306640625,38.36320114135742,22.068599700927734
444.2481994628906,246.90570068359375,39.30870056152344,23.016300201416016
443.37078857421875,246.2969970703125,38.871700286865234,23.971799850463867
441.9895935058594,244.4095001220703,37.29949951171875,23.56220054626465
439.9089050292969,243.5637969970703,38.19820022583008,23.167299270629883
438.2654113769531,244.90769958496094,38.60540008544922,21.91010093688965
437.16070556640625,247.39100646972656,38.952301025390625,21.438600540161133
435.74578857421875,248.66659545898438,39.430599212646484,21.575000762939453
434.57958984375,248.46029663085938,38.121700286865234,22.802799224853516
433.4870910644531,247.36520385742188,35.70949935913086,25.034000396728516
433.2450866699219,246.84629821777344,32.94779968261719,26.276500701904297
429.97918701171875,247.93870544433594,31.833200454711914,25.598899841308594
428.85430908203125,249.173095703125,30.90180015563965,24.049800872802734
428.51019287109375,247.92269897460938,31.63479995727539,24.572399139404297
427.9836120605469,248.9521026611328,33.472900390625,23.990800857543945
426.7806091308594,250.443603515625,32.15010070800781,23.164600372314453
425.1885986328125,251.05259704589844,28.164600372314453,23.172500610351562
424.9151916503906,251.47720336914062,25.725000381469727,23.511600494384766
425.8931884765625,249.38780212402344,24.550800323486328,23.261199951171875
427.9682922363281,248.72239685058594,22.112699508666992,21.497299194335938
429.3642883300781,248.17449951171875,21.05459976196289,19.8528995513916
430.5611877441406,246.7113037109375,18.76259994506836,20.056499481201172
430.2456970214844,245.80270385742188,18.02400016784668,20.664199829101562
430.5382080078125,247.40899658203125,17.38800048828125,18.7283992767334
430.7921142578125,246.5507049560547,15.579899787902832,19.590599060058594
431.4670104980469,246.01870727539062,15.238300323486328,21.780799865722656
430.5835876464844,249.00270080566406,16.18589973449707,21.00860023498535
430.32720947265625,250.38189697265625,15.890000343322754,20.143299102783203
430.33551025390625,250.5666961669922,16.772600173950195,19.888500213623047
429.6361999511719,248.0157012939453,18.04050064086914,20.088699340820312
428.2947998046875,248.53619384765625,20.064599990844727,19.364500045776367
424.839111328125,248.94979858398438,21.370399475097656,20.327199935913086
420.6962890625,248.35980224609375,22.867000579833984,21.371700286865234
419.4187927246094,245.9904022216797,23.850500106811523,22.593599319458008
420.52801513671875,245.82150268554688,23.837299346923828,21.27280044555664
419.9054870605469,245.75770568847656,24.2185001373291,20.1033992767334
418.8133850097656,245.1479949951172,23.49370002746582,19.349300384521484
419.14581298828125,242.21090698242188,22.68160057067871,19.25480079650879
420.8900146484375,239.6710968017578,21.238399505615234,19.284799575805664
420.80841064453125,237.25059509277344,19.72949981689453,20.028799057006836
417.1134033203125,236.9597930908203,21.49370002746582,19.630599975585938
414.9197082519531,235.64320373535156,23.16699981689453,19.704700469970703
412.216796875,236.2769012451172,23.535600662231445,18.629199981689453
410.197998046875,236.7949981689453,25.082000732421875,18.183399200439453
407.6048889160156,237.40699768066406,25.198299407958984,18.312000274658203
406.164306640625,235.83090209960938,25.488800048828125,18.675100326538086
404.652099609375,233.25790405273438,25.222000122070312,19.218599319458008
404.28509521484375,232.0048065185547,25.08009910583496,18.41200065612793
404.5397033691406,232.90939331054688,24.69409942626953,17.744699478149414
404.9903869628906,234.0590057373047,23.868799209594727,17.581300735473633
405.2018127441406,236.18209838867188,24.215200424194336,17.729700088500977
404.9419860839844,236.3968963623047,24.066200256347656,18.402999877929688
405.14080810546875,236.61659240722656,22.708200454711914,18.668800354003906
403.6628112792969,234.65089416503906,23.0049991607666,19.933399200439453
403.514404296875,234.41610717773438,23.697900772094727,18.768400192260742
403.089599609375,235.785400390625,24.597000122070312,17.908300399780273
402.8304138183594,237.72439575195312,25.690799713134766,17.93269920349121
399.9418029785156,239.69970703125,27.94969940185547,18.655099868774414
398.2337951660156,239.4821014404297,28.216899871826172,18.486600875854492
399.29949951171875,233.9053955078125,26.574499130249023,21.322799682617188
399.7391052246094,230.29649353027344,25.983400344848633,20.00349998474121
402.0636901855469,229.4049072265625,24.370800018310547,18.777700424194336
401.9928894042969,227.58920288085938,25.455299377441406,18.208499908447266
402.4110107421875,226.68359375,25.711999893188477,18.982200622558594
402.7622985839844,225.4116973876953,25.02739906311035,18.97319984436035
405.42120361328125,223.62359619140625,21.601600646972656,18.934999465942383
403.54791259765625,218.50390625,23.017499923706055,20.446300506591797
403.24560546875,216.83670043945312,24.181400299072266,18.824399948120117
403.03851318359375,214.38409423828125,25.629499435424805,18.74449920654297
400.3648986816406,213.1284942626953,27.794700622558594,17.98819923400879
399.2085876464844,211.30589294433594,27.55139923095703,19.17729949951172
398.0504150390625,207.95989990234375,25.958799362182617,20.763900756835938
395.4512939453125,205.6569061279297,25.694000244140625,19.765600204467773
394.74261474609375,204.33689880371094,26.592100143432617,19.28260040283203
391.1033020019531,204.53160095214844,30.00779914855957,18.808700561523438
390.9396057128906,204.2519073486328,29.50160026550293,18.30780029296875
390.9554138183594,202.3419952392578,26.889699935913086,18.84819984436035
389.5289001464844,200.8282928466797,25.046899795532227,19.684799194335938
388.6492004394531,199.84109497070312,24.073999404907227,19.452199935913086
387.8139953613281,199.15350341796875,24.689599990844727,18.848899841308594
386.26739501953125,198.07749938964844,25.350200653076172,18.923099517822266
385.5400085449219,196.97650146484375,26.738399505615234,18.656400680541992
384.73529052734375,198.1540985107422,27.55970001220703,18.701499938964844
384.2662048339844,196.56919860839844,24.98150062561035,18.939899444580078
384.3970031738281,194.31080627441406,22.969200134277344,19.24090003967285
385.96868896484375,193.18609619140625,22.066600799560547,18.779699325561523
384.66351318359375,192.21839904785156,21.969200134277344,18.771699905395508
383.8869934082031,191.89700317382812,21.653600692749023,18.920799255371094
384.96771240234375,191.839599609375,20.888700485229492,18.726999282836914
385.3865051269531,189.30050659179688,19.50819969177246,20.12849998474121
384.25140380859375,186.38490295410156,19.626699447631836,20.231000900268555
383.44549560546875,181.8079071044922,20.660900115966797,20.05900001525879
382.1778869628906,179.8809051513672,22.569799423217773,19.1825008392334
381.98431396484375,178.70570373535156,23.869800567626953,18.84980010986328
382.05621337890625,177.74729919433594,23.985700607299805,18.97760009765625
380.2178039550781,176.87770080566406,24.82360076904297,19.238399505615234
379.53131103515625,177.14979553222656,25.09269905090332,19.31879997253418
377.9891052246094,176.985595703125,24.60099983215332,20.062400817871094
378.4762878417969,176.2686004638672,24.316499710083008,19.680099487304688
377.0588073730469,178.98159790039062,22.918100357055664,18.725400924682617
376.5824890136719,178.4167938232422,23.235599517822266,18.3843994140625
376.6799011230469,177.11830139160156,23.74090003967285,18.193500518798828
378.0035095214844,175.92050170898438,24.316099166870117,18.411399841308594
380.789306640625,174.40989685058594,22.593399047851562,18.6560001373291
382.6955871582031,175.37210083007812,21.346799850463867,19.08690071105957
382.5094909667969,175.4001007080078,21.886600494384766,19.730199813842773
383.4200134277344,172.83590698242188,22.739900588989258,19.64310073852539
382.18218994140625,170.52040100097656,25.879100799560547,19.237300872802734
381.8512878417969,169.6605987548828,25.9330997467041,19.2810001373291
381.7477111816406,167.6071014404297,24.824899673461914,20.767799377441406
383.4139099121094,164.78680419921875,22.949899673461914,20.488800048828125
385.0575866699219,163.09339904785156,22.793100357055664,19.56529998779297
384.30560302734375,162.59719848632812,23.51580047607422,19.64109992980957
384.9421081542969,161.716796875,23.615699768066406,19.039600372314453
384.902587890625,158.84039306640625,23.027700424194336,20.329700469970703
384.35699462890625,154.7902069091797,21.70050048828125,21.08690071105957
385.5862121582031,151.07640075683594,21.161399841308594,22.011699676513672
384.26849365234375,148.90859985351562,22.16349983215332,19.854000091552734
383.5393981933594,150.4468994140625,23.63960075378418,18.883800506591797
380.7831115722656,155.88360595703125,25.335899353027344,18.879499435424805
378.99810791015625,160.75929260253906,25.298900604248047,19.568099975585938
377.5346984863281,164.47320556640625,24.242900848388672,20.391799926757812
376.10540771484375,166.9647979736328,24.46769905090332,20.375200271606445
374.718505859375,169.61880493164062,24.15999984741211,19.386899948120117
372.235595703125,172.7613983154297,24.16830062866211,20.400299072265625
369.50640869140625,179.09249877929688,24.089399337768555,19.858400344848633
367.5140075683594,181.6208038330078,24.3843994140625,18.92889976501465
365.7703857421875,180.87399291992188,23.146799087524414,19.968299865722656
363.7898864746094,178.70440673828125,23.85849952697754,20.57309913635254
362.3002014160156,179.533203125,23.380599975585938,20.608400344848633
359.9870910644531,179.7382049560547,24.53499984741211,19.281700134277344
357.8450927734375,181.97219848632812,26.479799270629883,19.72249984741211
355.78741455078125,182.16749572753906,26.693300247192383,20.114099502563477
353.40679931640625,180.90919494628906,26.072200775146484,20.913999557495117
353.5260925292969,180.510498046875,25.286300659179688,20.00589942932129
353.4966125488281,179.33509826660156,25.615299224853516,19.684200286865234
354.23651123046875,178.6208038330078,27.67530059814453,20.697200775146484
356.7178039550781,177.4644012451172,27.07200050354004,19.351699829101562
358.42950439453125,176.2989959716797,26.534299850463867,18.986299514770508
358.20269775390625,175.91729736328125,24.165599822998047,20.511899948120117
356.9342041015625,180.77239990234375,23.674400329589844,20.11050033569336
353.2506103515625,184.5164031982422,24.95050048828125,19.197399139404297
352.0426025390625,187.235107421875,26.537599563598633,18.65920066833496
351.5411071777344,189.4029998779297,28.83530044555664,19.556400299072266
349.2137145996094,191.37939453125,28.68079948425293,20.230199813842773
347.30279541015625,192.86570739746094,27.446500778198242,20.908700942993164
345.58441162109375,195.779296875,25.951200485229492,20.27790069580078
344.54779052734375,195.0644989013672,25.62310028076172,20.34269905090332
345.49200439453125,194.14990234375,26.612300872802734,19.059900283813477
346.13470458984375,191.5531005859375,26.95560073852539,18.84910011291504
346.602294921875,188.19349670410156,26.396099090576172,20.18470001220703
347.9751892089844,185.6461944580078,24.72439956665039,20.685400009155273
347.6012878417969,185.4261932373047,25.73419952392578,20.097200393676758
348.1011962890625,184.09559631347656,27.10919952392578,19.51180076599121
348.2297058105469,182.10189819335938,29.06220054626465,19.8174991607666
347.45208740234375,179.4073028564453,28.90489959716797,20.142200469970703
346.7589111328125,176.8363037109375,28.39550018310547,21.3533992767334
346.6814880371094,175.53570556640625,26.4950008392334,21.288700103759766
346.09979248046875,174.4644012451172,25.867300033569336,20.226600646972656
344.4548034667969,174.72779846191406,26.45400047302246,19.9773006439209
343.8179016113281,177.4062042236328,26.95870018005371,19.07550048828125
344.6120910644531,179.09649658203125,25.853900909423828,20.196500778198242
353.5242919921875,156.4084014892578,27.567800521850586,22.866300582885742
339.8872985839844,159.21119689941406,43.26570129394531,47.31930160522461
355.20819091796875,164.2458953857422,28.871200561523438,20.29599952697754
356.1328125,166.22579956054688,28.297700881958008,21.47100067138672
340.0824890136719,166.3549041748047,46.0098991394043,48.02640151977539
354.70880126953125,171.79449462890625,32.81809997558594,21.52440071105957
346.9837951660156,174.18069458007812,39.938201904296875,27.646799087524414
358.3283996582031,172.9656982421875,29.92530059814453,20.016399383544922
340.63848876953125,175.19569396972656,44.662498474121094,37.75749969482422
356.95819091796875,176.67149353027344,27.263500213623047,21.246299743652344
340.7620849609375,199.44949340820312,26.715099334716797,20.518800735473633
341.25421142578125,198.34219360351562,25.179800033569336,21.252599716186523
339.5848083496094,196.9145965576172,25.245899200439453,22.03510093688965
337.05859375,197.05580139160156,24.813800811767578,21.090099334716797
335.5531005859375,195.73109436035156,26.399700164794922,22.630399703979492
333.2528076171875,196.55589294433594,28.610700607299805,22.964500427246094
333.5459899902344,176.5926055908203,45.05039978027344,38.10459899902344
347.5039978027344,173.55870056152344,31.202299118041992,25.02549934387207
347.0538024902344,174.0428924560547,28.553600311279297,20.585399627685547
325.1355895996094,178.13119506835938,52.7681999206543,35.40530014038086
328.2940979003906,167.12130737304688,52.346099853515625,32.94810104370117
347.23028564453125,169.22410583496094,24.53860092163086,20.824899673461914
327.2369079589844,166.04559326171875,46.622398376464844,34.30099868774414
314.847900390625,180.2989044189453,30.537399291992188,22.513599395751953
314.9588928222656,183.33810424804688,24.085800170898438,20.40679931640625
313.0286865234375,183.585205078125,25.22209930419922,20.25510025024414
311.0321960449219,183.88909912109375,25.49720001220703,20.43670082092285
309.0633850097656,182.52780151367188,23.14189910888672,21.085599899291992
294.381103515625,166.4936981201172,47.45029830932617,36.622100830078125
297.0361022949219,175.548095703125,35.70330047607422,25.574199676513672
274.9472961425781,168.74220275878906,12.74020004272461,19.02630043029785
275.131103515625,167.6282958984375,12.541399955749512,18.5669002532959
275.4505920410156,167.0218048095703,12.649999618530273,17.25749969482422
273.4197082519531,169.58070373535156,12.628999710083008,16.171600341796875
271.4378967285156,172.5529022216797,12.933500289916992,17.393400192260742
271.0159912109375,174.00430297851562,13.286199569702148,17.5585994720459
271.2438049316406,172.81019592285156,13.031900405883789,18.485599517822266
272.65899658203125,172.09030151367188,12.618800163269043,17.330900192260742
273.7185974121094,171.73829650878906,12.067899703979492,17.280399322509766
273.8570861816406,172.9788055419922,11.899100303649902,16.912799835205078
274.40289306640625,172.2373046875,12.217300415039062,17.845500946044922
274.2688903808594,171.3856964111328,11.909600257873535,16.7322998046875
274.2919921875,171.58859252929688,12.528300285339355,16.859899520874023
264.5038146972656,164.62240600585938,26.465900421142578,22.281400680541992
264.8284912109375,175.1790008544922,43.76969909667969,29.297700881958008
271.4023132324219,172.93170166015625,14.847599983215332,17.953500747680664
255.32569885253906,162.4351043701172,38.15370178222656,30.480300903320312
271.77398681640625,171.75399780273438,13.649999618530273,17.81100082397461
259.3428039550781,163.6204071044922,31.855600357055664,25.96769905090332
271.9388122558594,169.95799255371094,13.31410026550293,17.709400177001953
256.6814880371094,163.07679748535156,30.83449935913086,25.15089988708496
267.55609130859375,170.22549438476562,13.618000030517578,17.380300521850586
