1
232.66009521484375,216.09469604492188,70.73100280761719,60.575401306152344
231.62350463867188,216.65460205078125,71.46309661865234,60.73780059814453
231.0167999267578,216.3341064453125,73.06420135498047,60.09280014038086
230.79429626464844,216.49070739746094,71.9541015625,60.73910140991211
231.216796875,216.5467071533203,72.2874984741211,59.9015007019043
232.92140197753906,216.78529357910156,70.78829956054688,60.08530044555664
232.22329711914062,217.37570190429688,70.84210205078125,59.16109848022461
233.41920471191406,217.8459930419922,70.1760025024414,58.9375
234.84849548339844,220.14500427246094,69.1061019897461,55.88840103149414
237.23599243164062,219.8061065673828,67.38079833984375,55.30339813232422
239.73410034179688,220.70249938964844,64.43009948730469,54.36009979248047
240.17860412597656,219.84210205078125,60.76279830932617,56.60110092163086
243.20509338378906,220.72999572753906,55.37369918823242,55.669898986816406
248.83619689941406,224.8769073486328,51.17839813232422,50.85409927368164
233.85679626464844,209.60049438476562,66.49610137939453,67.04299926757812
224.24290466308594,207.60069274902344,75.02660369873047,70.17150115966797
224.60940551757812,211.5644989013672,74.59519958496094,66.44609832763672
223.79769897460938,206.90420532226562,74.92109680175781,68.15260314941406
225.41769409179688,199.99839782714844,74.47380065917969,75.71880340576172
228.2010040283203,193.00579833984375,70.3739013671875,81.73519897460938
229.74969482421875,185.6060028076172,71.06680297851562,88.0425033569336
230.48680114746094,185.20790100097656,70.88690185546875,87.1697006225586
231.05169677734375,182.1508026123047,73.1250991821289,85.4623031616211
232.73289489746094,182.44529724121094,68.44930267333984,81.87229919433594
236.0126953125,169.91879272460938,63.252899169921875,94.02639770507812
238.260498046875,163.59030151367188,61.33110046386719,101.15789794921875
240.37269592285156,154.18760681152344,58.910499572753906,110.0979995727539
239.0574951171875,142.33900451660156,58.586299896240234,122.5770034790039
239.0493927001953,136.4539031982422,56.081600189208984,128.0146026611328
234.65199279785156,126.03780364990234,52.949501037597656,136.2191925048828
237.7884979248047,114.24120330810547,44.10810089111328,144.3195037841797
238.00210571289062,108.83550262451172,36.52289962768555,143.62379455566406
237.5211944580078,110.54669952392578,31.1343994140625,137.17250061035156
232.70089721679688,106.19779968261719,32.120201110839844,134.50579833984375
228.27310180664062,98.72219848632812,35.73030090332031,132.1072998046875
221.87130737304688,92.2885971069336,40.29570007324219,126.18090057373047
220.87289428710938,64.20600128173828,41.4281005859375,144.06399536132812
216.98129272460938,54.42890167236328,46.1870002746582,140.5677032470703
217.20770263671875,12.236300468444824,61.002498626708984,145.35150146484375
220.2783966064453,52.7943000793457,44.51789855957031,118.98799896240234
223.04640197753906,10.944199562072754,43.16490173339844,149.74240112304688
226.7657928466797,42.50210189819336,38.398399353027344,106.1511001586914
237.6947021484375,75.83560180664062,29.80970001220703,64.40989685058594
239.32870483398438,24.543500900268555,37.66709899902344,110.60479736328125
248.17630004882812,80.0365982055664,34.30110168457031,52.765899658203125
256.5133972167969,62.32099914550781,32.44129943847656,70.39409637451172
259.9287109375,27.129100799560547,37.20610046386719,104.66200256347656
262.0111083984375,2.05679988861084,44.19430160522461,67.8373031616211
268.239013671875,1.7181999683380127,45.54069900512695,72.10639953613281
286.4382019042969,90.54940032958984,37.145599365234375,47.65190124511719
292.0387878417969,92.44609832763672,37.581600189208984,45.95859909057617
306.098388671875,105.99349975585938,35.549198150634766,38.77939987182617
314.4342041015625,109.92009735107422,36.438499450683594,37.845298767089844
323.2738037109375,114.90229797363281,35.503501892089844,36.23500061035156
329.68890380859375,109.65440368652344,37.528499603271484,45.19449996948242
337.1994934082031,117.71260070800781,36.69340133666992,40.37030029296875
333.406494140625,62.0635986328125,46.8577995300293,101.07119750976562
334.1745910644531,35.537899017333984,51.655799865722656,128.52450561523438
341.9921875,35.85200119018555,48.02360153198242,129.2498016357422
349.2737121582031,39.35960006713867,45.411800384521484,128.46090698242188
357.3117980957031,43.12689971923828,42.2130012512207,125.88790130615234
362.53228759765625,40.234901428222656,42.730098724365234,130.49029541015625
368.2709045410156,40.645599365234375,41.443199157714844,130.2637939453125
374.4137878417969,46.65380096435547,40.32210159301758,124.38610076904297
379.3377990722656,49.15510177612305,39.63100051879883,121.31430053710938
385.4372863769531,49.38290023803711,40.55419921875,122.31919860839844
387.510009765625,49.839698791503906,40.885501861572266,119.43460083007812
395.78851318359375,46.76029968261719,41.07939910888672,83.04080200195312
399.6333923339844,49.577598571777344,38.517398834228516,77.12310028076172
404.9570007324219,50.10219955444336,33.27439880371094,85.8405990600586
408.73968505859375,52.11989974975586,34.69649887084961,69.47329711914062
416.07049560546875,54.46799850463867,32.29349899291992,66.96749877929688
416.970703125,56.30839920043945,35.787899017333984,121.27780151367188
420.2861022949219,63.48419952392578,51.83290100097656,67.26349639892578
422.622314453125,57.45220184326172,34.781898498535156,120.3676986694336
425.1051940917969,58.94020080566406,39.527801513671875,117.08300018310547
425.5710144042969,61.811798095703125,46.24720001220703,91.21050262451172
433.09381103515625,65.86309814453125,42.68669891357422,111.78919982910156
431.422607421875,68.42169952392578,51.33879852294922,102.2166976928711
433.21038818359375,69.9281997680664,52.20330047607422,87.2665023803711
431.0852966308594,70.55670166015625,54.902198791503906,104.0770034790039
434.51470947265625,72.69989776611328,54.08089828491211,94.28459930419922
437.8450012207031,75.37129974365234,50.8661994934082,96.11299896240234
436.6679992675781,78.73690032958984,51.27949905395508,80.8364028930664
441.5531921386719,81.0562973022461,44.25659942626953,69.9281997680664
432.1886901855469,144.5948028564453,40.83919906616211,47.71260070800781
432.6683044433594,144.35040283203125,35.923500061035156,49.30720138549805
430.34210205078125,144.15109252929688,31.292400360107422,47.6702995300293
429.89788818359375,137.6165008544922,29.32390022277832,59.73699951171875
428.4359130859375,138.0706024169922,20.425500869750977,62.519901275634766
424.0523986816406,153.18130493164062,17.28219985961914,51.46070098876953
416.7921142578125,144.77780151367188,18.20680046081543,59.97909927368164
414.72808837890625,112.76460266113281,50.534000396728516,85.2782974243164
401.3393859863281,117.63610076904297,61.2327995300293,90.11940002441406
351.44891357421875,209.90480041503906,95.2843017578125,33.92409896850586
351.20770263671875,210.106201171875,94.02490234375,32.24720001220703
350.2723083496094,208.49920654296875,95.49649810791016,34.98910140991211
351.66650390625,210.50079345703125,94.47380065917969,33.44070053100586
351.8918151855469,208.27659606933594,94.0895004272461,34.404300689697266
351.3667907714844,207.49180603027344,94.20189666748047,36.864601135253906
366.30560302734375,146.43890380859375,61.34659957885742,57.15449905395508
363.0663146972656,146.6865997314453,58.63059997558594,53.40250015258789
359.760986328125,146.6186065673828,54.61690139770508,51.62820053100586
351.1724853515625,208.62879943847656,94.06680297851562,34.885501861572266
333.7643127441406,160.35980224609375,98.5792007446289,81.35399627685547
343.4294128417969,139.40260314941406,51.26470184326172,47.67369842529297
329.5011901855469,116.11840057373047,85.28500366210938,75.46749877929688
351.45098876953125,208.906494140625,91.88569641113281,35.35810089111328
312.76849365234375,151.40589904785156,142.2407989501953,122.9854965209961
316.6796875,128.2404022216797,56.93619918823242,82.3009033203125
330.993408203125,184.11830139160156,106.24810028076172,93.66629791259766
319.510009765625,149.76710510253906,49.96220016479492,63.5620002746582
351.47760009765625,207.3157958984375,94.05809783935547,36.501800537109375
312.6059875488281,144.0316925048828,53.423500061035156,61.11709976196289
319.831298828125,156.60899353027344,51.757598876953125,57.5880012512207
352.4855041503906,207.13980102539062,93.71279907226562,37.09519958496094
293.7088928222656,141.34629821777344,60.84260177612305,38.09600067138672
289.1400146484375,141.006103515625,57.96849822998047,42.0797004699707
287.6675109863281,132.93580627441406,56.98640060424805,43.09090042114258
285.8742980957031,123.69270324707031,56.61869812011719,49.43090057373047
285.75079345703125,113.3279037475586,54.46220016479492,58.15530014038086
285.585205078125,109.34700012207031,52.5713005065918,62.788700103759766
286.3800048828125,104.16100311279297,47.68539810180664,66.37090301513672
286.1882019042969,110.99859619140625,46.890098571777344,59.18080139160156
288.3981018066406,118.93280029296875,41.88560104370117,55.606998443603516
290.3460998535156,100.75849914550781,37.53179931640625,76.17510223388672
290.8976135253906,121.62129974365234,37.686500549316406,57.602500915527344
292.2054138183594,119.67310333251953,34.77109909057617,61.759300231933594
289.976806640625,118.2968978881836,34.07939910888672,63.640499114990234
288.51220703125,88.31300354003906,32.94260025024414,95.90769958496094
287.14080810546875,123.0696029663086,34.19060134887695,62.7327995300293
288.3645935058594,125.52649688720703,30.399599075317383,63.10049819946289
286.7803039550781,127.79820251464844,31.663799285888672,62.195701599121094
286.87298583984375,130.26719665527344,32.340301513671875,61.456600189208984
286.15869140625,133.3159942626953,31.25279998779297,60.2755012512207
286.4790954589844,134.4302978515625,30.561199188232422,60.48759841918945
286.5232849121094,107.10559844970703,32.787200927734375,91.30780029296875
285.3125915527344,126.62840270996094,33.548500061035156,74.13890075683594
283.3985900878906,121.06990051269531,36.33300018310547,80.43199920654297
284.7742919921875,142.87539672851562,30.526599884033203,62.053199768066406
285.86358642578125,162.19410705566406,29.32469940185547,46.84629821777344
287.6048889160156,163.2761993408203,29.966100692749023,49.22629928588867
290.57080078125,173.21730041503906,29.52869987487793,42.03739929199219
293.4158935546875,156.843994140625,28.526599884033203,60.97959899902344
294.28680419921875,141.16799926757812,35.2952995300293,81.57340240478516
294.37078857421875,174.28439331054688,33.4109001159668,53.614200592041016
298.5823059082031,196.9188995361328,31.23870086669922,34.07379913330078
297.9888000488281,197.0167999267578,28.26799964904785,34.60329818725586
296.22100830078125,197.5886993408203,31.878799438476562,33.49140167236328
293.2442932128906,184.164306640625,40.66460037231445,54.09769821166992
296.8088073730469,168.90750122070312,41.18669891357422,56.14120101928711
299.4773864746094,171.80650329589844,39.03450012207031,60.08879852294922
295.5810852050781,172.12010192871094,40.588600158691406,57.7578010559082
287.5494079589844,166.62229919433594,52.234500885009766,61.58660125732422
297.6825866699219,165.1190948486328,30.059999465942383,42.06890106201172
296.8537902832031,165.36109924316406,38.89630126953125,33.17369842529297
300.3559875488281,162.80520629882812,42.21770095825195,28.322500228881836
300.1058044433594,163.30540466308594,43.4744987487793,25.18899917602539
295.91619873046875,162.15330505371094,48.211299896240234,25.579700469970703
297.41839599609375,160.47569274902344,46.33039855957031,26.878700256347656
298.7998962402344,159.83189392089844,43.611000061035156,27.396799087524414
302.1109924316406,159.1602020263672,40.0276985168457,27.532499313354492
297.2626037597656,159.3354949951172,44.45719909667969,27.507600784301758
295.5895080566406,158.606201171875,46.07339859008789,29.423500061035156
297.4007873535156,162.38560485839844,45.34270095825195,24.223100662231445
296.8048095703125,160.6027069091797,46.50659942626953,25.167299270629883
296.1376037597656,158.46580505371094,46.58219909667969,26.736299514770508
297.3052062988281,152.24969482421875,46.148399353027344,31.19860076904297
300.2672119140625,155.28970336914062,41.89070129394531,26.175199508666992
301.9721984863281,150.65699768066406,38.80339813232422,29.786500930786133
299.2239990234375,148.06329345703125,41.402801513671875,31.194599151611328
293.5306091308594,148.5196990966797,45.424800872802734,31.125499725341797
293.1968994140625,150.75889587402344,43.65769958496094,29.369800567626953
293.4595947265625,153.84669494628906,43.91339874267578,26.512699127197266
291.43548583984375,151.45150756835938,44.660701751708984,28.21310043334961
290.89300537109375,152.09300231933594,45.598201751708984,28.571699142456055
290.3595886230469,153.37950134277344,47.25709915161133,27.662099838256836
287.19189453125,150.52200317382812,47.220298767089844,32.85129928588867
288.10870361328125,149.31640625,47.78409957885742,32.053001403808594
288.10321044921875,148.49220275878906,47.11479949951172,31.222700119018555
287.81768798828125,146.90240478515625,46.247798919677734,33.00310134887695
289.73779296875,147.19090270996094,45.552101135253906,32.012699127197266
288.39239501953125,145.74510192871094,45.1614990234375,32.63710021972656
287.5378112792969,145.26739501953125,46.96549987792969,33.051700592041016
285.98779296875,143.74769592285156,45.982200622558594,33.76850128173828
284.78228759765625,142.5574951171875,43.69990158081055,33.59280014038086
282.4773864746094,142.10830688476562,44.33729934692383,33.55540084838867
281.7956848144531,140.4949951171875,46.376399993896484,34.23809814453125
280.3550109863281,138.49789428710938,45.30889892578125,34.723201751708984
279.76239013671875,137.99110412597656,43.6968994140625,34.54610061645508
278.1158142089844,135.41839599609375,42.26279830932617,35.71009826660156
274.6231994628906,134.17430114746094,44.286800384521484,38.206199645996094
274.206787109375,130.7198944091797,40.706298828125,40.49580001831055
273.8044128417969,131.86940002441406,41.628299713134766,40.67720031738281
271.3912048339844,128.5238037109375,41.23469924926758,38.993900299072266
271.5978088378906,128.75399780273438,40.145599365234375,38.630401611328125
269.81500244140625,128.73609924316406,39.160499572753906,38.272701263427734
268.2677917480469,128.12319946289062,38.12350082397461,38.854698181152344
267.13470458984375,127.78500366210938,36.84830093383789,37.91230010986328
263.7945861816406,128.43569946289062,36.54890060424805,38.43560028076172
261.6206970214844,128.26600646972656,36.51620101928711,39.72740173339844
261.7771911621094,130.3031005859375,33.27840042114258,37.87350082397461
257.9590148925781,130.81719970703125,33.653900146484375,39.554901123046875
253.3112030029297,130.51890563964844,35.878299713134766,39.42679977416992
254.23800659179688,130.83160400390625,33.09669876098633,37.57699966430664
252.9853057861328,130.7584991455078,33.589900970458984,36.55580139160156
255.25750732421875,130.74440002441406,32.097999572753906,35.485198974609375
252.63009643554688,130.88580322265625,33.496700286865234,21.48509979248047
252.67750549316406,131.15570068359375,34.82120132446289,29.501800537109375
250.31199645996094,131.9250946044922,36.201499938964844,35.10100173950195
251.45379638671875,132.2509002685547,36.517398834228516,34.11349868774414
252.87159729003906,133.09519958496094,36.25199890136719,32.69860076904297
256.2481994628906,134.1862030029297,36.36159896850586,31.524599075317383
260.96710205078125,135.12759399414062,35.41590118408203,29.301799774169922
262.6343078613281,136.4582977294922,36.199501037597656,29.7810001373291
264.2648010253906,138.0594024658203,37.179901123046875,30.02280044555664
267.2373046875,140.2957000732422,36.36090087890625,29.91819953918457
270.2283935546875,141.46060180664062,36.20389938354492,30.056400299072266
271.0546875,141.7928924560547,37.17319869995117,30.375999450683594
271.339111328125,141.6833953857422,38.64759826660156,30.76580047607422
272.7034912109375,141.41929626464844,37.56700134277344,32.172000885009766
275.3302001953125,139.97720336914062,32.41569900512695,21.57200050354004
275.6357116699219,141.36929321289062,31.902799606323242,20.308500289916992
274.127685546875,141.44129943847656,37.82099914550781,33.68090057373047
272.5816955566406,138.99749755859375,38.377201080322266,36.762699127197266
271.65521240234375,135.1595001220703,39.747501373291016,39.98820114135742
271.5997009277344,133.1667022705078,38.640201568603516,41.40840148925781
273.3004150390625,132.10040283203125,37.02840042114258,44.29140090942383
273.1015930175781,130.37879943847656,36.21229934692383,45.81480026245117
272.0205993652344,129.06480407714844,36.12179946899414,47.58869934082031
269.922607421875,127.32689666748047,36.792198181152344,48.74300003051758
270.0002136230469,127.77100372314453,37.621299743652344,48.9635009765625
269.0013122558594,127.47560119628906,36.899200439453125,50.40140151977539
268.2831115722656,128.50509643554688,40.72359848022461,51.3734016418457
268.4713134765625,128.8739013671875,40.264400482177734,50.90729904174805
267.29901123046875,132.9813995361328,59.08169937133789,66.83350372314453
267.4796142578125,134.5742950439453,59.398399353027344,66.99310302734375
267.17138671875,133.63099670410156,49.51259994506836,52.67610168457031
266.5466003417969,136.2279052734375,50.77870178222656,50.365699768066406
265.0210876464844,138.9095001220703,54.569801330566406,48.27560043334961
264.63079833984375,139.360107421875,57.21870040893555,51.66429901123047
266.7383117675781,139.89059448242188,56.615501403808594,48.140899658203125
259.69720458984375,143.59300231933594,65.27220153808594,48.1697998046875
260.3857116699219,142.281005859375,77.11090087890625,54.4546012878418
266.9967041015625,148.3769073486328,60.8650016784668,41.61819839477539
269.96881103515625,149.6396026611328,59.24480056762695,40.257198333740234
268.184814453125,152.61900329589844,60.75130081176758,39.15879821777344
273.1783142089844,156.9698028564453,56.57429885864258,33.69049835205078
277.39691162109375,157.8365936279297,53.55229949951172,28.483800888061523
276.79998779296875,158.09669494628906,58.95050048828125,43.6151008605957
284.43341064453125,159.2480926513672,62.85390090942383,48.00830078125
287.3266906738281,156.23770141601562,46.02880096435547,32.451698303222656
288.0726013183594,157.23959350585938,39.41339874267578,25.555200576782227
288.7244873046875,155.93170166015625,37.27799987792969,26.841100692749023
288.4142150878906,155.4604949951172,35.42890167236328,29.750900268554688
291.7921142578125,155.74659729003906,32.21849822998047,30.678199768066406
291.2829895019531,154.7816925048828,32.94839859008789,34.03620147705078
290.5080871582031,154.73849487304688,32.37839889526367,48.64310073852539
288.3934020996094,152.6282958984375,37.82279968261719,70.91329956054688
288.31060791015625,155.50509643554688,56.209598541259766,76.51930236816406
350.2940979003906,208.9326934814453,96.9800033569336,34.48270034790039
351.102294921875,209.78790283203125,93.83509826660156,33.31460189819336
352.5892028808594,209.76930236816406,90.20269775390625,33.67890167236328
316.618408203125,131.42190551757812,153.69610595703125,170.5417022705078
275.62359619140625,142.45159912109375,59.86980056762695,73.06690216064453
281.85150146484375,145.75869750976562,37.95209884643555,83.14620208740234
281.83819580078125,147.32139587402344,50.65439987182617,81.63899993896484
285.32269287109375,145.9355010986328,41.3213996887207,82.95140075683594
286.2095947265625,146.06590270996094,37.020198822021484,82.21720123291016
277.7257995605469,158.03529357910156,94.09770202636719,85.42230224609375
351.7254943847656,209.0146942138672,93.50669860839844,34.79520034790039
350.205810546875,209.5426025390625,95.30999755859375,33.51359939575195
349.8674011230469,208.86399841308594,95.16729736328125,33.997398376464844
352.1434020996094,208.76480102539062,93.07109832763672,33.99760055541992
350.0169982910156,208.75579833984375,95.69010162353516,34.420101165771484
350.7377014160156,209.04629516601562,94.95030212402344,34.33359909057617
349.01251220703125,208.71949768066406,95.59629821777344,34.13240051269531
293.9847106933594,175.85049438476562,135.89109802246094,88.3760986328125
352.22900390625,211.214599609375,90.91510009765625,32.1432991027832
350.41461181640625,208.45680236816406,95.53630065917969,33.617401123046875
350.631591796875,207.97250366210938,93.9551010131836,36.060298919677734
351.3966979980469,208.8867950439453,94.53469848632812,33.15330123901367
350.7171936035156,209.16720581054688,95.45240020751953,34.46500015258789
351.3004150390625,209.52520751953125,93.94940185546875,34.734798431396484
300.2289123535156,156.6269989013672,145.5050048828125,114.34349822998047
283.55120849609375,132.63360595703125,49.56060028076172,54.55400085449219
267.11041259765625,96.3510971069336,105.36109924316406,91.11930084228516
349.39080810546875,208.85769653320312,94.32820129394531,35.005401611328125
342.06549072265625,207.9228973388672,98.24310302734375,36.14059829711914
282.897705078125,179.898193359375,152.32139587402344,81.68800354003906
350.5492858886719,211.28370666503906,92.3916015625,33.98419952392578
299.2337951660156,154.78489685058594,140.03269958496094,119.81230163574219
276.9031982421875,139.372802734375,59.97090148925781,49.124000549316406
286.2763977050781,141.7554931640625,42.01499938964844,89.08740234375
284.51849365234375,140.4176025390625,44.36069869995117,88.42050170898438
284.0711975097656,140.23080444335938,45.18769836425781,89.06120300292969
287.9986877441406,147.92250061035156,53.48749923706055,86.53510284423828
287.98291015625,142.4842987060547,41.35279846191406,86.60759735107422
285.9961853027344,147.97760009765625,43.025299072265625,80.1592025756836
276.2856140136719,167.36610412597656,105.58000183105469,79.43280029296875
285.797607421875,143.78050231933594,49.254398345947266,85.87740325927734
286.4560852050781,144.6988983154297,45.94860076904297,84.66110229492188
288.4342041015625,144.69329833984375,42.62810134887695,84.79149627685547
288.4054870605469,143.9781036376953,44.65629959106445,84.93170166015625
286.57708740234375,143.67739868164062,47.43479919433594,85.12650299072266
296.444091796875,161.89370727539062,39.68830108642578,67.32730102539062
287.8367919921875,144.86700439453125,54.94559860229492,86.27010345458984
289.9981994628906,166.17129516601562,120.69319915771484,98.57160186767578
351.556884765625,212.908203125,88.0875015258789,33.5806999206543
350.3858947753906,207.98779296875,95.85430145263672,35.25019836425781
349.7327880859375,209.25860595703125,96.22630310058594,34.25189971923828
350.5780944824219,209.8404998779297,94.97339630126953,33.847999572753906
322.3369140625,200.19349670410156,117.71369934082031,49.55910110473633
351.7195129394531,209.41490173339844,91.54029846191406,33.66279983520508
303.3778076171875,177.26890563964844,133.11399841308594,85.18289947509766
292.964599609375,157.16690063476562,46.78010177612305,71.872802734375
298.46270751953125,158.9857940673828,36.85129928588867,71.23159790039062
298.662109375,159.86239624023438,36.805599212646484,69.84359741210938
299.2633972167969,162.5305938720703,33.40869903564453,67.11219787597656
301.4530029296875,163.70880126953125,31.364200592041016,65.77310180664062
303.2817077636719,165.13169860839844,31.796899795532227,64.26709747314453
305.70550537109375,166.3699951171875,45.16130065917969,66.18350219726562
290.43359375,169.3975067138672,106.37860107421875,82.84130096435547
349.7923889160156,209.72129821777344,94.5833969116211,35.98720169067383
351.2283020019531,208.54400634765625,94.68470001220703,33.90589904785156
348.3421936035156,207.7895965576172,97.98069763183594,36.3317985534668
349.5765075683594,209.07859802246094,96.26110076904297,34.78900146484375
346.089111328125,208.3997039794922,99.48390197753906,35.50680160522461
319.8597106933594,202.92860412597656,124.85749816894531,41.84159851074219
352.07958984375,208.9011993408203,91.28379821777344,34.003700256347656
351.1162109375,209.4799041748047,95.03520202636719,34.577598571777344
350.3962097167969,208.93930053710938,94.70390319824219,33.397300720214844
351.15521240234375,208.79510498046875,93.50859832763672,34.74470138549805
351.30029296875,209.3018035888672,94.76349639892578,34.43280029296875
351.9327087402344,209.2050018310547,93.6603012084961,34.319698333740234
352.2372131347656,209.71719360351562,92.9104995727539,33.75299835205078
352.0797119140625,209.90150451660156,92.44779968261719,33.973201751708984
351.56048583984375,209.85369873046875,92.7615966796875,33.95330047607422
351.85369873046875,210.16830444335938,91.6937026977539,33.54759979248047
351.5989074707031,209.58909606933594,91.97840118408203,33.4744987487793
350.7991943359375,208.57240295410156,94.06800079345703,35.96609878540039
352.75750732421875,208.90480041503906,91.78970336914062,34.419898986816406
351.45208740234375,208.60299682617188,93.30370330810547,34.488800048828125
297.69720458984375,167.1002960205078,135.51260375976562,88.06529998779297
307.6763000488281,153.1002960205078,47.279598236083984,69.7615966796875
308.01971435546875,145.83680725097656,46.5005989074707,79.16719818115234
307.00421142578125,144.06820678710938,36.034400939941406,83.67160034179688
310.2698974609375,151.83529663085938,81.35260009765625,102.12300109863281
310.33349609375,156.3092041015625,50.70819854736328,76.57499694824219
349.9742126464844,208.6092071533203,95.1082992553711,35.0536994934082
348.5286865234375,207.56199645996094,96.68049621582031,34.964599609375
300.8642883300781,147.32730102539062,148.8916015625,127.09049987792969
303.3330078125,121.60710144042969,40.9015998840332,105.26110076904297
298.58990478515625,147.87269592285156,50.30979919433594,85.95700073242188
298.7315979003906,157.89630126953125,42.49509811401367,73.5979995727539
298.37188720703125,158.44679260253906,41.859100341796875,71.66729736328125
296.9627990722656,156.9449005126953,40.017601013183594,73.07029724121094
296.18560791015625,158.2729949951172,38.833099365234375,71.35350036621094
295.00048828125,160.1811065673828,35.729698181152344,68.37930297851562
290.88238525390625,159.51449584960938,40.3306999206543,71.14140319824219
289.7088928222656,155.78680419921875,34.48429870605469,73.16390228271484
287.039794921875,155.08670043945312,29.820999145507812,74.7686996459961
283.9820861816406,155.35760498046875,30.071300506591797,75.53820037841797
277.2077941894531,155.4936981201172,31.906200408935547,74.8019027709961
272.6908874511719,151.77859497070312,31.129499435424805,78.52429962158203
263.96551513671875,153.53599548339844,33.90370178222656,76.7947998046875
257.86029052734375,153.13720703125,34.986900329589844,77.47370147705078
252.6085968017578,152.50320434570312,29.98270034790039,74.55699920654297
240.75970458984375,155.53990173339844,32.48849868774414,70.2394027709961
234.55169677734375,197.2115936279297,30.67530059814453,28.12350082397461
230.38540649414062,190.9149932861328,30.967599868774414,32.28670120239258
226.91270446777344,188.00439453125,29.208799362182617,32.466800689697266
223.17019653320312,177.6864013671875,27.63290023803711,36.845298767089844
223.1840057373047,189.28179931640625,25.255699157714844,26.421300888061523
222.38330078125,186.31539916992188,21.688499450683594,29.50629997253418
224.67909240722656,189.2010040283203,18.288700103759766,24.158000946044922
220.7947998046875,180.36390686035156,20.15130043029785,29.586999893188477
215.5341033935547,185.1215057373047,23.602500915527344,24.94930076599121
215.16690063476562,173.46319580078125,26.989299774169922,32.816001892089844
215.77430725097656,129.21080017089844,38.24919891357422,74.33059692382812
215.44830322265625,118.00879669189453,40.082298278808594,80.62519836425781
215.1114044189453,117.03780364990234,39.4989013671875,59.74879837036133
215.04310607910156,115.55149841308594,37.65840148925781,35.666500091552734
213.53070068359375,147.15069580078125,20.971200942993164,47.120399475097656
207.9040985107422,113.52130126953125,37.11399841308594,37.00279998779297
207.77059936523438,113.7405014038086,34.25130081176758,57.48429870605469
203.41250610351562,114.69200134277344,38.933101654052734,36.800498962402344
208.70469665527344,115.7677001953125,30.521799087524414,51.36859893798828
203.4718017578125,114.22599792480469,35.4286003112793,36.81370162963867
207.21690368652344,114.69010162353516,29.862899780273438,51.570701599121094
203.6508026123047,148.885498046875,23.42449951171875,45.36360168457031
205.8874969482422,139.5904998779297,24.497800827026367,53.517799377441406
205.65460205078125,146.50929260253906,22.238399505615234,45.025901794433594
205.89370727539062,147.1697998046875,23.06679916381836,44.64789962768555
206.33700561523438,149.6049041748047,21.50320053100586,42.67279815673828
205.51040649414062,139.16160583496094,22.635499954223633,55.61690139770508
206.65989685058594,150.27749633789062,20.731300354003906,41.62200164794922
205.77149963378906,136.06849670410156,24.039100646972656,57.36220169067383
205.99859619140625,141.33030700683594,24.757400512695312,51.23109817504883
202.19900512695312,116.4635009765625,31.105300903320312,78.04630279541016
200.68060302734375,109.81759643554688,33.27220153808594,41.983299255371094
202.70530700683594,108.49569702148438,33.973201751708984,48.65700149536133
205.63540649414062,108.99189758300781,30.760900497436523,34.330501556396484
208.24510192871094,109.22579956054688,29.646499633789062,52.95859909057617
207.12860107421875,108.54399871826172,31.373199462890625,50.27629852294922
208.8134002685547,108.48729705810547,30.756999969482422,40.00080108642578
211.91090393066406,107.73159790039062,25.277099609375,87.7594985961914
206.66549682617188,108.2593994140625,35.069000244140625,38.25230026245117
208.92129516601562,108.7166976928711,32.85649871826172,48.93769836425781
211.04849243164062,105.52220153808594,33.07619857788086,60.38800048828125
211.0814971923828,124.8781967163086,26.8518009185791,85.42739868164062
210.931396484375,143.76980590820312,33.06610107421875,80.99250030517578
158.65609741210938,139.235107421875,139.77789306640625,131.90469360351562
156.98370361328125,180.83990478515625,84.66780090332031,79.70790100097656
214.35769653320312,170.69140625,45.17940139770508,54.98109817504883
192.07530212402344,190.87820434570312,61.293701171875,53.07229995727539
108.12220001220703,196.5666046142578,56.29240036010742,81.46929931640625
101.04789733886719,196.90660095214844,62.88159942626953,80.37779998779297
112.33470153808594,176.42739868164062,129.201904296875,95.31220245361328
165.0749969482422,181.62600708007812,80.5022964477539,76.65969848632812
191.88259887695312,181.29339599609375,53.154998779296875,61.344200134277344
140.8455047607422,161.13450622558594,147.2823944091797,105.66490173339844
100.43000030517578,192.5596923828125,104.53820037841797,76.6802978515625
100.16940307617188,195.80259704589844,65.54989624023438,78.5239028930664
103.5000991821289,198.1114959716797,62.4463996887207,77.58830261230469
101.12799835205078,197.42210388183594,64.5792007446289,78.72470092773438
101.24320220947266,197.59959411621094,64.64430236816406,75.1144027709961
100.48320007324219,197.652099609375,65.08319854736328,76.99829864501953
100.01290130615234,197.6083984375,65.41300201416016,75.22669982910156
115.02850341796875,201.6436004638672,49.98939895629883,70.95659637451172
98.69879913330078,192.63330078125,65.9977035522461,80.85479736328125
46.33140182495117,132.80960083007812,179.2465057373047,167.4969940185547
198.68820190429688,126.3676986694336,57.422698974609375,98.10600280761719
219.75619506835938,109.79560089111328,38.04750061035156,90.5322036743164
223.1071014404297,117.65570068359375,30.508499145507812,87.65850067138672
225.35040283203125,115.24939727783203,29.547300338745117,93.16239929199219
221.99209594726562,112.04910278320312,37.18330001831055,96.02110290527344
221.2707977294922,112.95159912109375,39.31050109863281,97.49549865722656
221.97560119628906,113.04850006103516,37.615299224853516,92.54399871826172
224.36590576171875,114.50060272216797,37.16189956665039,100.24109649658203
223.6804962158203,113.46170043945312,35.98429870605469,101.0470962524414
224.66250610351562,115.20079803466797,33.26850128173828,104.22920227050781
225.26890563964844,116.74669647216797,34.28139877319336,93.0260009765625
226.68809509277344,133.39920043945312,28.94179916381836,83.13349914550781
227.6938018798828,135.04249572753906,24.461299896240234,71.21040344238281
228.29319763183594,135.35989379882812,24.262500762939453,74.62640380859375
226.360595703125,125.7136001586914,29.379100799560547,81.814697265625
226.28619384765625,114.93669891357422,35.5609016418457,95.87930297851562
225.6768035888672,116.66570281982422,34.90230178833008,100.75460052490234
226.8571014404297,119.43769836425781,36.50389862060547,90.7520980834961
224.75880432128906,115.69239807128906,38.99169921875,99.01319885253906
225.87710571289062,116.21640014648438,37.16109848022461,92.7332992553711
225.29440307617188,115.04090118408203,40.03879928588867,100.46309661865234
227.27310180664062,116.591796875,38.5640983581543,89.71829986572266
224.9788055419922,115.36509704589844,39.094398498535156,95.75489807128906
226.41400146484375,115.04889678955078,37.94820022583008,101.0625
228.6746063232422,117.37699890136719,36.5364990234375,92.33769989013672
230.09530639648438,116.0083999633789,36.4197998046875,55.514801025390625
225.2760009765625,114.68609619140625,39.07830047607422,91.19419860839844
226.02389526367188,115.34760284423828,39.12799835205078,99.14559936523438
230.65870666503906,115.29170227050781,35.87260055541992,45.43730163574219
226.11000061035156,125.42459869384766,27.56290054321289,81.84420013427734
225.87840270996094,116.31050109863281,34.0010986328125,93.58519744873047
224.46209716796875,118.11039733886719,35.920799255371094,102.16709899902344
225.38470458984375,122.1603012084961,29.22960090637207,88.34590148925781
225.8383026123047,135.99009704589844,26.02519989013672,85.61969757080078
227.2729949951172,150.51040649414062,21.372400283813477,55.71440124511719
199.40879821777344,130.49200439453125,80.30329895019531,79.08779907226562
195.5493927001953,115.88200378417969,111.57460021972656,108.59609985351562
218.98019409179688,111.1052017211914,44.2692985534668,102.82740020751953
220.83180236816406,116.17030334472656,36.058799743652344,91.15129852294922
219.4346923828125,114.47599792480469,38.437400817871094,35.72549819946289
225.46470642089844,113.9928970336914,28.961000442504883,41.02220153808594
222.0251007080078,114.95500183105469,33.5531005859375,52.037498474121094
218.41929626464844,120.6593017578125,29.302600860595703,82.18620300292969
216.7720947265625,125.2334976196289,24.42300033569336,76.00630187988281
217.2041015625,133.54159545898438,24.770999908447266,68.3948974609375
217.4066925048828,143.9019012451172,20.038799285888672,56.98809814453125
214.08799743652344,126.18000030517578,26.322200775146484,89.18920135498047
211.3350067138672,111.78489685058594,37.36050033569336,41.7963981628418
209.94740295410156,114.66950225830078,37.15019989013672,51.82600021362305
209.31280517578125,113.46089935302734,31.305700302124023,82.26509857177734
209.52169799804688,112.72879791259766,36.817298889160156,39.52479934692383
208.77760314941406,114.15910339355469,33.90530014038086,81.64540100097656
208.1342010498047,111.19000244140625,37.05820083618164,38.98379898071289
209.3997039794922,121.91179656982422,28.15180015563965,75.61080169677734
208.23550415039062,113.68730163574219,32.61249923706055,83.26260375976562
207.52520751953125,111.29060363769531,35.68009948730469,38.42879867553711
207.5572052001953,111.58580017089844,36.98910140991211,51.13019943237305
206.14549255371094,110.1260986328125,36.88460159301758,48.83679962158203
204.96090698242188,109.95780181884766,36.949798583984375,35.52479934692383
209.6531982421875,110.99009704589844,31.484399795532227,59.83290100097656
205.78599548339844,111.62249755859375,33.98109817504883,86.71910095214844
204.8083953857422,111.45339965820312,37.024200439453125,45.22549819946289
210.65249633789062,114.8104019165039,30.206199645996094,87.56420135498047
217.82479858398438,149.6728973388672,23.618000030517578,53.24769973754883
212.81829833984375,127.16600036621094,32.38410186767578,82.50869750976562
207.84500122070312,111.20089721679688,33.637298583984375,87.31529998779297
209.24940490722656,111.64869689941406,36.90290069580078,92.47630310058594
206.47830200195312,110.18350219726562,36.317100524902344,41.74599838256836
198.54660034179688,115.85980224609375,47.35049819946289,93.78730010986328
210.81419372558594,106.2708969116211,35.97010040283203,106.47840118408203
212.62109375,111.29570007324219,34.39860153198242,105.41390228271484
161.85629272460938,109.38349914550781,134.21139526367188,104.75959777832031
211.02549743652344,108.93199920654297,46.60390090942383,112.7417984008789
224.94679260253906,116.43090057373047,29.947399139404297,90.65619659423828
223.93490600585938,110.60590362548828,40.44369888305664,97.34249877929688
221.91690063476562,110.76100158691406,40.217098236083984,113.4802017211914
225.93760681152344,109.6801986694336,37.39820098876953,114.46920013427734
234.39590454101562,112.36640167236328,30.38629913330078,94.00489807128906
234.51100158691406,117.24259948730469,29.34469985961914,88.96189880371094
237.47000122070312,130.51539611816406,27.986499786376953,77.30400085449219
234.96029663085938,110.75420379638672,32.847599029541016,120.48139953613281
240.07020568847656,109.7334976196289,32.335899353027344,123.99430084228516
242.34449768066406,106.61329650878906,33.095298767089844,124.89800262451172
246.38699340820312,107.36900329589844,32.71390151977539,125.27079772949219
244.46189880371094,105.45989990234375,39.13240051269531,128.35169982910156
248.3553924560547,100.50479888916016,37.515499114990234,124.6427993774414
251.09979248046875,103.43830108642578,40.78810119628906,129.42359924316406
257.7326965332031,104.71019744873047,45.469600677490234,113.16909790039062
260.6288146972656,114.35050201416016,92.77369689941406,103.0385971069336
257.07879638671875,99.01499938964844,37.38199996948242,123.04769897460938
263.6317138671875,104.2155990600586,33.39139938354492,128.95069885253906
264.39910888671875,110.52459716796875,45.53879928588867,118.76460266113281
261.41229248046875,101.21710205078125,35.37770080566406,122.49500274658203
263.1470031738281,103.64949798583984,36.39649963378906,120.64520263671875
266.6189880371094,121.09950256347656,62.10660171508789,103.55870056152344
263.62890625,105.05760192871094,39.121299743652344,119.46269989013672
264.11419677734375,104.3833999633789,41.72489929199219,118.63880157470703
244.21170043945312,97.29010009765625,125.56439971923828,135.9727020263672
257.71881103515625,104.39969635009766,50.42610168457031,125.84850311279297
272.2951965332031,107.6052017211914,40.07619857788086,123.35859680175781
271.302001953125,106.97139739990234,47.9536018371582,128.44619750976562
272.23748779296875,107.76740264892578,50.94179916381836,127.41629791259766
265.2427978515625,105.22779846191406,59.58169937133789,132.59140014648438
283.93701171875,109.53849792480469,39.80780029296875,130.78700256347656
282.3804016113281,110.09700012207031,49.39550018310547,134.7436065673828
284.3150939941406,110.9374008178711,52.695899963378906,134.5299072265625
285.8229064941406,110.3302001953125,60.892398834228516,136.77569580078125
293.56329345703125,109.64559936523438,58.89899826049805,141.11219787597656
302.41571044921875,111.20439910888672,49.83729934692383,137.87449645996094
310.01251220703125,113.56410217285156,63.90810012817383,135.72120666503906
320.7467956542969,110.30169677734375,56.143699645996094,139.05320739746094
323.78839111328125,112.47260284423828,49.980201721191406,136.03939819335938
334.9814147949219,115.64070129394531,47.983299255371094,136.84320068359375
333.07769775390625,118.49949645996094,57.96419906616211,131.71400451660156
336.60479736328125,120.63909912109375,57.98360061645508,132.19979858398438
341.4259033203125,124.57620239257812,53.73460006713867,133.21249389648438
346.25689697265625,124.65119934082031,52.259700775146484,142.64149475097656
348.5732116699219,130.37950134277344,52.2953987121582,138.927001953125
351.2171936035156,161.9907989501953,52.07849884033203,108.3499984741211
352.3309020996094,152.99099731445312,53.30459976196289,107.04419708251953
353.1944885253906,153.5937957763672,56.79570007324219,111.71829986572266
354.8147888183594,183.17539978027344,54.31100082397461,80.17160034179688
356.6825866699219,153.48789978027344,56.42789840698242,109.56159973144531
356.22760009765625,164.96600341796875,59.02870178222656,96.92489624023438
361.9674987792969,157.914306640625,56.902000427246094,102.8738021850586
361.5137939453125,174.2375030517578,85.02130126953125,86.44210052490234
353.5635986328125,191.85020446777344,69.86150360107422,72.20659637451172
369.8988952636719,174.4550018310547,51.413299560546875,85.91699981689453
372.6947937011719,172.0247039794922,50.22480010986328,89.25469970703125
372.8125,171.2436065673828,49.0817985534668,88.59559631347656
376.5325927734375,171.8323974609375,48.468299865722656,88.17350006103516
379.8046875,173.00999450683594,45.171600341796875,88.04859924316406
386.77410888671875,174.57420349121094,39.143798828125,87.88269805908203
389.3291931152344,184.66580200195312,37.85749816894531,78.01940155029297
386.35040283203125,143.34530639648438,48.065799713134766,120.32019805908203
388.02508544921875,149.9239959716797,48.195499420166016,116.62020111083984
391.9226989746094,143.03070068359375,49.610198974609375,124.39790344238281
395.0158996582031,141.45269775390625,52.95029830932617,126.5656967163086
396.3257141113281,168.2480926513672,44.26340103149414,97.22820281982422
395.5469055175781,141.71090698242188,56.19430160522461,113.13249969482422
399.74810791015625,138.7191925048828,54.48809814453125,113.63719940185547
402.4483947753906,167.07080078125,35.233699798583984,96.06809997558594
350.24969482421875,207.6027069091797,64.08049774169922,36.43769836425781
398.9827880859375,197.17599487304688,30.352500915527344,52.306800842285156
354.64459228515625,195.33169555664062,90.80740356445312,53.26890182495117
385.94219970703125,196.72909545898438,41.07899856567383,59.750999450683594
383.49609375,201.6710968017578,40.33319854736328,51.22209930419922
380.8826904296875,198.0590057373047,44.55139923095703,53.86259841918945
379.723388671875,182.4134063720703,53.13779830932617,65.4739990234375
352.9444885253906,199.57969665527344,93.18470001220703,50.14860153198242
373.8953857421875,187.5133056640625,48.09629821777344,64.7063980102539
354.131591796875,183.79080200195312,67.7073974609375,66.1854019165039
360.6693115234375,179.6304931640625,78.70760345458984,76.12969970703125
358.12799072265625,193.64230346679688,61.4099006652832,62.48569869995117
356.5946044921875,206.03939819335938,57.071800231933594,46.760799407958984
354.8240051269531,201.57229614257812,57.80339813232422,52.65409851074219
355.2098083496094,204.2436065673828,55.66830062866211,49.73320007324219
354.5625915527344,211.9696044921875,49.817901611328125,42.925498962402344
354.4526062011719,197.47239685058594,50.61600112915039,53.61429977416992
351.47198486328125,198.9053955078125,63.03200149536133,51.381900787353516
347.53619384765625,197.0457000732422,51.34669876098633,52.40739822387695
340.9541931152344,176.35549926757812,81.99259948730469,73.13079833984375
340.2525939941406,159.4967041015625,113.40840148925781,88.2843017578125
337.75518798828125,162.072998046875,110.4011001586914,85.86990356445312
337.53460693359375,167.09970092773438,110.96869659423828,82.49530029296875
336.256591796875,160.26499938964844,105.37480163574219,84.27069854736328
336.3121032714844,163.2032928466797,105.90899658203125,81.14119720458984
337.2508850097656,166.0865020751953,101.76080322265625,79.59719848632812
333.4735107421875,167.65440368652344,112.841796875,79.00180053710938
325.3974914550781,168.32569885253906,110.6604995727539,76.39939880371094
319.41339111328125,167.58169555664062,121.09829711914062,78.35639953613281
315.1039123535156,171.2241973876953,110.06510162353516,75.80950164794922
319.55670166015625,168.798095703125,95.59100341796875,76.98629760742188
314.29229736328125,166.77969360351562,95.5438003540039,76.22260284423828
318.5896911621094,165.14089965820312,86.08580017089844,75.09220123291016
316.1794128417969,164.6436004638672,82.43830108642578,75.67849731445312
317.63751220703125,162.49740600585938,75.58059692382812,77.5896987915039
311.5091857910156,163.3144073486328,75.76419830322266,74.26899719238281
327.6471862792969,161.6248016357422,55.25519943237305,76.68930053710938
313.04949951171875,163.77040100097656,66.42559814453125,75.79820251464844
316.0992126464844,160.581298828125,62.953800201416016,79.01170349121094
312.5065002441406,159.72109985351562,66.69059753417969,78.2970962524414
312.8922119140625,156.11929321289062,64.44889831542969,82.95680236816406
310.1227111816406,156.19110107421875,65.64459991455078,89.4739990234375
308.6426086425781,171.2967071533203,60.94200134277344,72.03459930419922
309.4130859375,145.21299743652344,54.07379913330078,96.03060150146484
306.8658142089844,168.2064971923828,57.14649963378906,72.59159851074219
312.7026062011719,135.06869506835938,51.73099899291992,98.69100189208984
307.18890380859375,143.8896942138672,53.199100494384766,94.14019775390625
307.1247863769531,132.48500061035156,50.86759948730469,100.16850280761719
308.16461181640625,131.3448944091797,45.94060134887695,93.75330352783203
309.8992919921875,129.0655059814453,38.073299407958984,93.07540130615234
311.7799987792969,125.16120147705078,34.33000183105469,94.15170288085938
305.2366943359375,128.0413055419922,41.15570068359375,87.46690368652344
304.0039978027344,128.8509063720703,42.14469909667969,85.99299621582031
303.07598876953125,126.42939758300781,44.36859893798828,87.0448989868164
302.8020935058594,123.2771987915039,48.09619903564453,86.9469985961914
304.71990966796875,122.40049743652344,47.96929931640625,86.72329711914062
306.5643005371094,115.53849792480469,43.81230163574219,93.06390380859375
308.2157897949219,112.89600372314453,45.05910110473633,93.20960235595703
311.1990966796875,106.19349670410156,42.47489929199219,101.81590270996094
312.88629150390625,107.49410247802734,37.9734992980957,102.7029037475586
309.01910400390625,109.54660034179688,40.34579849243164,101.31220245361328
307.5445861816406,125.95369720458984,49.6713981628418,87.45220184326172
305.0148010253906,111.6438980102539,46.39690017700195,102.99140167236328
300.7668151855469,118.2886962890625,47.479801177978516,99.38030242919922
303.8221130371094,113.98619842529297,43.758201599121094,113.4563980102539
294.86279296875,117.82569885253906,49.562599182128906,105.91380310058594
292.92919921875,123.83709716796875,50.98759841918945,106.2426986694336
286.8631896972656,157.5937042236328,49.71379852294922,78.64649963378906
285.7528991699219,114.3501968383789,54.16550064086914,122.58979797363281
273.4190979003906,195.06239318847656,44.24980163574219,45.30860137939453
275.54290771484375,181.8988037109375,38.421199798583984,54.98419952392578
277.41070556640625,119.15550231933594,53.50120162963867,118.58309936523438
272.3153991699219,118.24649810791016,51.273399353027344,122.51170349121094
275.8341064453125,116.19709777832031,49.26060104370117,114.76110076904297
270.0740051269531,122.81340026855469,48.97549819946289,117.8843994140625
268.0234069824219,135.7301025390625,81.9541015625,129.17340087890625
259.2051086425781,192.6387939453125,47.251800537109375,49.482398986816406
264.318115234375,202.80799865722656,35.70479965209961,38.122501373291016
265.74530029296875,197.7071990966797,25.137399673461914,39.97819900512695
266.289306640625,196.01820373535156,22.638099670410156,41.51850128173828
266.1636047363281,193.0894012451172,22.06760025024414,42.82600021362305
266.5751953125,188.70399475097656,21.25320053100586,41.26539993286133
268.7029113769531,185.22279357910156,20.347700119018555,43.30849838256836
269.2605895996094,181.8769073486328,21.711299896240234,43.166500091552734
269.68359375,176.57949829101562,20.586599349975586,42.26169967651367
271.95050048828125,165.3804931640625,27.678300857543945,47.57709884643555
275.0914001464844,167.6219024658203,24.35420036315918,46.316001892089844
272.6272888183594,145.3188018798828,37.50419998168945,59.67850112915039
277.485595703125,110.24120330810547,37.82099914550781,87.27490234375
277.0474853515625,103.05899810791016,35.25450134277344,92.03839874267578
270.8622131347656,92.4032974243164,41.467098236083984,113.71900177001953
270.9497985839844,93.58170318603516,41.09519958496094,108.00080108642578
269.5090026855469,89.5999984741211,41.775901794433594,109.2428970336914
266.9364013671875,87.83460235595703,45.63460159301758,101.87169647216797
265.1763916015625,85.36470031738281,49.382598876953125,103.49230194091797
264.8821105957031,81.65760040283203,36.57279968261719,101.37110137939453
260.27630615234375,70.81809997558594,42.739898681640625,92.09819793701172
255.85679626464844,72.88639831542969,42.101200103759766,101.9520034790039
250.18629455566406,72.44989776611328,37.577301025390625,101.83540344238281
246.6385955810547,67.0551986694336,39.48149871826172,70.43099975585938
243.11160278320312,73.5602035522461,29.98509979248047,96.67259979248047
237.27670288085938,96.47440338134766,27.229799270629883,75.98100280761719
232.08059692382812,94.5958023071289,25.671100616455078,77.27100372314453
224.13519287109375,73.37999725341797,27.896900177001953,95.60199737548828
213.6217041015625,63.873600006103516,29.884000778198242,101.6427001953125
200.781005859375,58.20840072631836,39.564998626708984,112.5094985961914
206.3350067138672,59.67959976196289,32.157100677490234,109.36309814453125
196.2436981201172,57.358001708984375,38.326900482177734,115.94090270996094
196.82220458984375,56.93709945678711,36.50849914550781,115.27760314941406
191.28140258789062,54.604801177978516,38.88249969482422,115.07080078125
193.1309051513672,61.852500915527344,34.532901763916016,106.61180114746094
184.28390502929688,52.97740173339844,40.689998626708984,115.11730194091797
183.4219970703125,49.04330062866211,39.32059860229492,118.67430114746094
181.37649536132812,45.9026985168457,37.832801818847656,42.91120147705078
181.96969604492188,46.57929992675781,31.96940040588379,59.38199996948242
171.36489868164062,56.20130157470703,36.27479934692383,107.1613998413086
166.7467041015625,86.14089965820312,28.7544002532959,79.30130004882812
165.8072052001953,43.61149978637695,30.95359992980957,122.71299743652344
159.31930541992188,40.01490020751953,31.842199325561523,127.52839660644531
154.19610595703125,39.45370101928711,31.996400833129883,129.22239685058594
156.01939392089844,73.06109619140625,29.44930076599121,92.23190307617188
149.44259643554688,60.349300384521484,34.43149948120117,107.0779037475586
151.82359313964844,83.10919952392578,30.31760025024414,82.69219970703125
143.66189575195312,59.589599609375,36.17900085449219,104.70659637451172
130.72410583496094,47.39720153808594,43.930301666259766,114.08219909667969
124.25090026855469,35.39120101928711,42.690799713134766,126.70970153808594
122.20159912109375,19.784299850463867,40.19820022583008,141.94439697265625
123.31379699707031,36.87950134277344,32.36309814453125,121.11650085449219
122.65969848632812,43.462799072265625,27.610300064086914,110.23819732666016
115.83059692382812,29.481800079345703,32.75310134887695,117.47830200195312
108.55560302734375,32.12689971923828,37.5525016784668,106.71179962158203
98.80889892578125,27.54129981994629,48.87730026245117,107.79460144042969
92.59980010986328,16.326000213623047,57.39870071411133,113.04080200195312
90.15699768066406,14.50979995727539,58.734500885009766,108.45159912109375
89.72429656982422,14.087699890136719,60.50600051879883,106.23580169677734
93.24009704589844,7.712600231170654,57.06050109863281,111.56999969482422
98.47570037841797,11.209699630737305,47.39849853515625,107.26429748535156
107.0813980102539,11.882100105285645,37.68830108642578,104.98310089111328
114.92220306396484,3.0311999320983887,34.44110107421875,113.5302963256836
124.12239837646484,5.805600166320801,31.40519905090332,109.79280090332031
134.09120178222656,1.6914000511169434,28.574499130249023,113.8864974975586
143.21719360351562,3.7541000843048096,28.46969985961914,110.55899810791016
152.02969360351562,7.460899829864502,31.341899871826172,103.42790222167969
161.3011016845703,16.84589958190918,34.964599609375,90.56880187988281
169.6381072998047,10.395999908447266,41.9650993347168,96.36630249023438
181.09170532226562,36.12649917602539,39.10070037841797,69.99839782714844
188.38319396972656,22.8617000579834,41.2781982421875,82.03070068359375
194.45159912109375,1.4491000175476074,65.14859771728516,106.27400207519531
198.62460327148438,1.9061000347137451,68.31839752197266,105.11029815673828
207.87510681152344,14.843899726867676,63.993900299072266,99.09100341796875
214.4730987548828,45.93470001220703,62.48929977416992,73.96949768066406
218.6147003173828,58.51459884643555,36.33679962158203,70.88259887695312
222.34429931640625,46.85810089111328,48.13949966430664,89.29329681396484
229.1781005859375,0.5724999904632568,69.54820251464844,151.82440185546875
231.62269592285156,6.979100227355957,77.96730041503906,165.26980590820312
240.5269012451172,89.79940032958984,95.3292007446289,98.06900024414062
246.02099609375,6.150100231170654,68.39659881591797,200.35769653320312
254.89329528808594,13.121100425720215,72.90440368652344,203.397705078125
266.85418701171875,25.691600799560547,61.86410140991211,137.7487030029297
257.94580078125,38.402400970458984,72.21369934082031,209.847900390625
267.6376953125,48.2150993347168,68.96170043945312,110.90470123291016
269.9773864746094,80.44259643554688,68.46089935302734,189.5590057373047
274.9714050292969,76.99140167236328,68.54879760742188,198.01409912109375
280.15771484375,88.6010971069336,64.88690185546875,193.4268035888672
277.0848083496094,89.07530212402344,65.05909729003906,195.13609313964844
277.4411926269531,91.668701171875,66.87979888916016,192.92379760742188
277.9132995605469,92.47260284423828,68.50090026855469,179.77340698242188
279.247802734375,96.21710205078125,71.12190246582031,186.6374969482422
277.0954895019531,93.75450134277344,74.44719696044922,184.27330017089844
278.61761474609375,96.37830352783203,71.59929656982422,188.32330322265625
277.260498046875,94.11470031738281,75.44290161132812,187.48789978027344
277.5621032714844,96.24019622802734,75.51580047607422,188.36830139160156
277.12188720703125,100.3019027709961,65.55500030517578,184.84390258789062
274.8848876953125,102.64240264892578,62.691898345947266,176.64089965820312
275.3046875,131.41619873046875,52.264801025390625,149.89739990234375
276.2842102050781,142.510498046875,52.887298583984375,140.56539916992188
272.5462951660156,164.9344024658203,51.440799713134766,119.22740173339844
265.55120849609375,179.1885986328125,54.722801208496094,105.8510971069336
262.5022888183594,123.25129699707031,64.15779876708984,163.12539672851562
260.2825927734375,115.17449951171875,75.77050018310547,180.96800231933594
257.4259948730469,114.3905029296875,76.5635986328125,184.94630432128906
257.6505126953125,115.80549621582031,76.29019927978516,187.79730224609375
260.8960876464844,120.22419738769531,77.76200103759766,185.0218048095703
263.71600341796875,120.3989028930664,79.53209686279297,185.02200317382812
268.97979736328125,122.26470184326172,84.4259033203125,183.6450958251953
261.11810302734375,124.7166976928711,100.42160034179688,182.9904022216797
270.3443908691406,127.39550018310547,95.65029907226562,184.3096923828125
262.8482971191406,126.39910125732422,98.17400360107422,183.0720977783203
262.21551513671875,126.02960205078125,97.47850036621094,184.9951934814453
254.1343994140625,122.26100158691406,99.45230102539062,90.05999755859375
274.0002136230469,136.79010009765625,87.11489868164062,170.2957000732422
261.8435974121094,125.60540008544922,94.25769805908203,83.57019805908203
259.38848876953125,126.05590057373047,107.10260009765625,117.13629913330078
269.49639892578125,132.51559448242188,88.94280242919922,74.4218978881836
283.1868896484375,150.98370361328125,70.83930206298828,163.0531005859375
278.6651916503906,129.2476043701172,78.9292984008789,184.2653045654297
273.0841064453125,125.28109741210938,82.93609619140625,178.55130004882812
271.3179016113281,116.7885971069336,87.42240142822266,134.64950561523438
268.8575134277344,118.56780242919922,85.47850036621094,88.76740264892578
289.26361083984375,189.75450134277344,63.90719985961914,118.55740356445312
277.2253112792969,138.0321044921875,94.73269653320312,131.9199981689453
279.210205078125,130.8365020751953,76.3093032836914,82.88909912109375
280.5940856933594,130.2530059814453,71.04450225830078,84.48690032958984
281.0975036621094,133.4239959716797,67.43389892578125,86.97899627685547
281.9291076660156,133.7781982421875,63.26250076293945,62.27640151977539
280.88128662109375,133.22799682617188,55.811100006103516,73.08519744873047
281.1618957519531,132.15660095214844,68.90059661865234,75.56330108642578
277.0519104003906,132.8332061767578,64.80650329589844,71.49340057373047
279.9818115234375,131.08779907226562,67.86430358886719,75.527099609375
278.8547058105469,130.5166015625,61.076499938964844,74.10759735107422
279.39068603515625,129.0010986328125,61.85100173950195,62.1974983215332
279.3714904785156,129.88340759277344,60.61360168457031,66.44660186767578
281.1966857910156,126.22920227050781,68.90879821777344,162.24490356445312
284.91668701171875,126.68270111083984,72.03040313720703,96.93060302734375
285.25390625,128.2093048095703,68.18769836425781,181.92030334472656
286.87579345703125,129.74679565429688,67.91539764404297,181.36270141601562
284.1658020019531,132.22169494628906,60.03710174560547,120.56279754638672
281.1033935546875,131.82969665527344,67.00810241699219,179.78439331054688
282.6875915527344,129.46310424804688,62.60540008544922,179.60470581054688
279.356689453125,127.32270050048828,70.6865005493164,174.81979370117188
275.4331970214844,124.19760131835938,70.51609802246094,182.52639770507812
278.5978088378906,121.01909637451172,79.86360168457031,114.76930236816406
281.747802734375,120.81700134277344,66.31390380859375,171.10589599609375
278.3945007324219,120.37079620361328,81.73419952392578,190.66749572753906
277.9534912109375,114.01219940185547,70.60430145263672,196.5435028076172
278.5647888183594,114.7300033569336,74.85060119628906,194.2657012939453
271.1272888183594,115.59829711914062,82.54669952392578,183.76370239257812
270.10198974609375,113.42780303955078,86.97859954833984,146.85360717773438
272.310791015625,115.78060150146484,81.07929992675781,168.83859252929688
270.46649169921875,113.17410278320312,84.27909851074219,132.18499755859375
269.37908935546875,112.52449798583984,77.2311019897461,185.5572967529297
275.3677978515625,111.44670104980469,82.00800323486328,93.31079864501953
273.2421875,113.7061996459961,58.09080123901367,167.79550170898438
271.0473937988281,111.49839782714844,77.13189697265625,123.58360290527344
270.81768798828125,108.38870239257812,79.01789855957031,106.31520080566406
259.18060302734375,105.89320373535156,60.138301849365234,187.25379943847656
258.981201171875,108.24549865722656,65.8292007446289,135.18499755859375
254.1649932861328,106.47440338134766,68.93170166015625,74.35399627685547
234.06790161132812,107.19100189208984,78.65460205078125,168.50030517578125
229.6667022705078,104.37220001220703,84.27449798583984,143.48410034179688
233.78570556640625,102.87000274658203,77.99909973144531,132.30130004882812
234.85809326171875,102.55329895019531,74.20690155029297,131.4302978515625
238.9647979736328,103.79460144042969,69.13379669189453,113.92449951171875
247.7519073486328,104.48290252685547,64.44180297851562,80.3489990234375
240.08419799804688,103.77400207519531,72.618896484375,154.00869750976562
250.00070190429688,106.36799621582031,73.55770111083984,70.15570068359375
249.78179931640625,111.31269836425781,64.6458969116211,150.9862060546875
253.264404296875,107.26460266113281,62.32350158691406,173.5509033203125
260.8799133300781,108.37039947509766,51.342498779296875,173.17269897460938
258.1098937988281,108.86499786376953,55.39030075073242,172.7357940673828
262.44488525390625,110.12989807128906,53.208499908447266,174.48590087890625
261.2528076171875,110.45659637451172,56.756099700927734,177.26820373535156
263.57550048828125,111.927001953125,55.173099517822266,179.66650390625
264.9775085449219,110.6061019897461,54.7577018737793,183.27810668945312
266.0439147949219,115.16169738769531,56.774898529052734,174.5330047607422
264.2974853515625,115.04550170898438,58.44499969482422,185.65469360351562
263.0450134277344,117.26210021972656,58.945499420166016,184.32620239257812
263.197509765625,115.50050354003906,58.92940139770508,188.2071990966797
283.0697021484375,109.86270141601562,45.17720031738281,58.51620101928711
271.38861083984375,115.38760375976562,54.319801330566406,71.46320343017578
250.7825927734375,117.35420227050781,74.59349822998047,158.8072052001953
278.75909423828125,109.8396987915039,51.793399810791016,62.57640075683594
279.7691955566406,111.58650207519531,46.82160186767578,57.10430145263672
283.2239990234375,108.806396484375,44.40420150756836,63.8125
285.5380859375,107.87079620361328,44.049400329589844,67.34809875488281
289.41650390625,107.58439636230469,39.43730163574219,70.55979919433594
248.44439697265625,104.8384017944336,82.00890350341797,142.23240661621094
280.8457946777344,107.2667007446289,91.00420379638672,113.92019653320312
290.8711853027344,108.18569946289062,75.42140197753906,85.00260162353516
262.2925109863281,111.26920318603516,69.73729705810547,190.93539428710938
267.7626037597656,103.17150115966797,66.96299743652344,206.33709716796875
273.6173095703125,102.94280242919922,62.377601623535156,206.74249267578125
278.5277099609375,101.32779693603516,58.22919845581055,203.235107421875
282.8435974121094,99.70279693603516,53.83190155029297,202.63270568847656
291.7124938964844,98.44709777832031,50.60029983520508,198.4344940185547
293.2909851074219,94.85569763183594,53.10200119018555,197.81080627441406
296.8940124511719,91.60880279541016,54.648101806640625,200.57530212402344
295.3310852050781,93.71420288085938,60.9093017578125,201.06629943847656
297.0700988769531,90.04029846191406,60.41630172729492,204.15170288085938
298.1636047363281,89.03170013427734,61.314998626708984,203.2454071044922
298.1961975097656,88.0779037475586,59.936798095703125,205.00579833984375
296.6265869140625,87.02999877929688,55.895599365234375,206.9324951171875
293.914794921875,88.87550354003906,57.470699310302734,205.3406982421875
289.9798889160156,89.94390106201172,58.02790069580078,204.06719970703125
283.8367919921875,88.73729705810547,67.10540008544922,203.46380615234375
273.2737121582031,89.27459716796875,71.62809753417969,204.84320068359375
268.7355041503906,88.88700103759766,67.80229949951172,193.6697998046875
265.2793884277344,90.69750213623047,69.58580017089844,170.01339721679688
262.6570129394531,93.00090026855469,61.933799743652344,181.5811004638672
255.2834930419922,94.32319641113281,66.57849884033203,175.2967071533203
253.75059509277344,94.76360321044922,63.550498962402344,184.36090087890625
246.9564971923828,97.7417984008789,67.8739013671875,191.49459838867188
247.93629455566406,101.743896484375,61.19649887084961,195.13180541992188
245.92999267578125,102.81220245361328,58.805599212646484,196.12379455566406
245.9219970703125,101.14839935302734,52.812400817871094,198.05499267578125
249.38870239257812,102.31189727783203,50.76169967651367,197.49609375
252.2781982421875,104.2771987915039,49.94139862060547,194.7581024169922
256.16259765625,107.11689758300781,46.98979949951172,196.00059509277344
254.2436981201172,105.67109680175781,46.1431999206543,201.34869384765625
259.26141357421875,101.62699890136719,43.35599899291992,205.82470703125
257.50830078125,103.12550354003906,48.370601654052734,204.8863983154297
258.5035095214844,99.14579772949219,46.944400787353516,207.81829833984375
255.86700439453125,105.11589813232422,51.08599853515625,204.88119506835938
252.57789611816406,108.06199645996094,57.483299255371094,197.0727996826172
251.664306640625,107.9977035522461,54.502601623535156,198.26319885253906
254.0166015625,110.34970092773438,46.46590042114258,196.35899353027344
252.65499877929688,110.11820220947266,45.13850021362305,201.1925048828125
252.58050537109375,110.0115966796875,47.14690017700195,198.8719940185547
250.0594940185547,112.07579803466797,48.630401611328125,192.7165985107422
250.9696044921875,115.9469985961914,50.16339874267578,192.1840057373047
252.95570373535156,114.5822982788086,47.73849868774414,182.33590698242188
249.64239501953125,118.29669952392578,52.432098388671875,196.9154052734375
258.4171142578125,112.65650177001953,49.63050079345703,197.48269653320312
249.97410583496094,118.3291015625,60.9364013671875,190.95050048828125
248.62710571289062,122.785400390625,71.04679870605469,193.7467041015625
255.77450561523438,123.4738998413086,64.49040222167969,197.85220336914062
255.1392059326172,126.14649963378906,69.27790069580078,194.61109924316406
262.3013916015625,128.7230987548828,66.43299865722656,191.27769470214844
243.1197052001953,126.04000091552734,84.0365982055664,191.55130004882812
257.9750061035156,125.65950012207031,67.42169952392578,192.42430114746094
235.147705078125,125.6449966430664,81.12920379638672,185.3863983154297
240.01260375976562,123.42669677734375,73.45800018310547,183.8623046875
240.5028076171875,124.56849670410156,65.64990234375,180.5717010498047
230.85549926757812,122.1323013305664,67.97779846191406,180.94320678710938
227.110595703125,119.76750183105469,63.437400817871094,179.28419494628906
218.77340698242188,117.23719787597656,64.14250183105469,166.9268035888672
228.67649841308594,150.9300994873047,52.02949905395508,118.33429718017578
213.84849548339844,112.31529998779297,46.673301696777344,137.12100219726562
198.32640075683594,109.97630310058594,61.337501525878906,126.39720153808594
192.17889404296875,108.58660125732422,55.8828010559082,116.23200225830078
183.5435028076172,104.5645980834961,63.53099822998047,129.00779724121094
177.41549682617188,99.464599609375,72.67649841308594,141.814697265625
175.7761993408203,98.73729705810547,74.68389892578125,159.9615020751953
178.84689331054688,94.6343994140625,71.40950012207031,169.07339477539062
183.227294921875,91.47059631347656,68.14009857177734,178.5424041748047
192.10360717773438,89.04679870605469,60.34859848022461,192.7429962158203
195.41769409179688,86.45929718017578,60.45920181274414,192.6772003173828
214.34829711914062,81.66999816894531,44.89400100708008,206.23049926757812
229.2259979248047,77.83519744873047,43.96189880371094,209.20140075683594
237.99400329589844,72.75980377197266,52.114200592041016,212.69430541992188
242.25860595703125,75.82649993896484,59.91109848022461,208.16859436035156
245.59930419921875,75.01290130615234,70.25679779052734,207.21530151367188
251.79550170898438,68.52970123291016,73.28759765625,211.52630615234375
258.1046142578125,74.90509796142578,81.61170196533203,199.185302734375
259.2366943359375,76.73919677734375,90.06079864501953,195.86070251464844
264.0928955078125,77.21410369873047,82.82460021972656,194.8220977783203
273.3445129394531,79.75599670410156,73.66290283203125,191.02679443359375
271.9137878417969,80.66809844970703,68.97820281982422,190.6313018798828
279.2752990722656,82.38279724121094,58.684600830078125,187.78140258789062
278.4754943847656,86.38069915771484,61.533199310302734,178.6125030517578
283.0429992675781,83.92939758300781,57.741798400878906,156.1938934326172
271.7080078125,90.9093017578125,73.34269714355469,170.2519073486328
289.565185546875,88.7322006225586,51.79059982299805,45.15760040283203
298.14019775390625,89.43769836425781,44.00519943237305,33.99359893798828
297.690185546875,102.779296875,53.62889862060547,52.195499420166016
262.8808898925781,143.46389770507812,78.09400177001953,91.28579711914062
251.45620727539062,134.2095947265625,86.68350219726562,125.50679779052734
256.0118103027344,136.67779541015625,78.23030090332031,122.47419738769531
258.0530090332031,120.8124008178711,78.34149932861328,146.17579650878906
264.6455078125,95.33300018310547,77.87760162353516,176.0028076171875
274.61669921875,103.13780212402344,71.20330047607422,173.32859802246094
285.4805908203125,96.05110168457031,61.88679885864258,186.65589904785156
292.3005065917969,95.77279663085938,57.55339813232422,190.4969024658203
297.2085876464844,92.34629821777344,58.353599548339844,191.83740234375
302.98760986328125,104.73269653320312,58.14759826660156,170.2333984375
306.2952880859375,107.07250213623047,69.42680358886719,164.98719787597656
313.5013122558594,83.16510009765625,72.74949645996094,194.4635009765625
319.6263122558594,84.1395034790039,69.66829681396484,192.14999389648438
320.12060546875,81.2114028930664,68.53340148925781,200.8520050048828
321.0306091308594,80.39199829101562,67.30079650878906,205.306396484375
322.5845947265625,81.12079620361328,68.95449829101562,207.75360107421875
321.4263000488281,83.6688003540039,65.74099731445312,207.7205047607422
320.1763916015625,83.66079711914062,70.52639770507812,207.39700317382812
308.252685546875,83.65740203857422,72.09459686279297,208.89559936523438
305.28399658203125,83.72239685058594,68.33799743652344,208.94529724121094
302.7001953125,89.04499816894531,65.2261962890625,205.1759033203125
296.2222900390625,89.3948974609375,67.37840270996094,202.36349487304688
295.43890380859375,92.57679748535156,66.00499725341797,199.87890625
292.5762023925781,95.98069763183594,66.88330078125,196.50650024414062
286.4862976074219,97.25520324707031,70.06410217285156,196.13980102539062
283.5093078613281,101.10810089111328,80.22750091552734,198.9694061279297
277.3927917480469,106.15149688720703,62.27560043334961,193.35110473632812
299.84521484375,97.84310150146484,48.87009811401367,56.66709899902344
302.06878662109375,109.38490295410156,34.05110168457031,41.71739959716797
303.14019775390625,110.5790023803711,32.29520034790039,41.71540069580078
302.9750061035156,111.61380004882812,32.02450180053711,41.12910079956055
303.07861328125,111.90679931640625,32.13869857788086,39.042198181152344
301.55169677734375,112.24199676513672,32.97129821777344,38.63529968261719
300.6648864746094,111.3843002319336,34.08610153198242,38.968101501464844
301.677490234375,111.50530242919922,34.339599609375,39.462799072265625
302.5122985839844,112.51909637451172,31.845399856567383,39.33380126953125
303.66790771484375,112.55269622802734,31.209400177001953,38.35110092163086
303.5284118652344,112.22979736328125,30.984100341796875,38.97019958496094
303.6293029785156,113.48739624023438,29.50149917602539,37.48320007324219
300.6507873535156,113.6886978149414,34.275299072265625,36.50830078125
298.02960205078125,114.864501953125,38.648101806640625,41.35029983520508
294.9693908691406,113.56120300292969,33.5369987487793,42.33110046386719
295.0708923339844,113.99549865722656,32.39550018310547,39.8828010559082
293.94378662109375,112.01799774169922,36.48030090332031,41.474300384521484
293.0643005371094,111.6322021484375,34.75149917602539,38.1781005859375
291.7720947265625,110.34660339355469,36.543399810791016,38.301998138427734
292.4678039550781,111.17230224609375,39.228599548339844,57.28390121459961
291.2235107421875,110.66069793701172,36.75199890136719,41.33890151977539
286.7522888183594,110.5708999633789,41.30929946899414,46.823299407958984
289.64898681640625,110.41100311279297,39.127899169921875,64.87979888916016
287.2394104003906,109.91919708251953,41.27690124511719,59.05849838256836
280.3402099609375,112.05030059814453,45.85210037231445,61.674598693847656
275.74261474609375,111.6156005859375,51.17610168457031,60.06740188598633
266.1241149902344,111.67680358886719,58.442901611328125,59.44419860839844
244.7050018310547,114.59030151367188,75.27020263671875,83.36150360107422
274.36871337890625,111.98210144042969,47.08190155029297,48.71179962158203
276.83489990234375,112.09960174560547,44.8754997253418,52.11259841918945
237.4980010986328,110.38300323486328,82.77059936523438,91.66210174560547
256.9306945800781,107.53790283203125,65.26080322265625,86.30860137939453
259.60369873046875,161.91110229492188,70.98690032958984,145.2449951171875
291.7536926269531,205.3195037841797,67.98629760742188,99.29419708251953
268.7651062011719,107.0083999633789,116.29850006103516,192.8719940185547
271.9892883300781,116.29640197753906,131.22340393066406,166.2071075439453
265.6040954589844,113.90859985351562,131.53660583496094,125.63189697265625
270.8786926269531,114.50309753417969,124.918701171875,92.10749816894531
267.4023132324219,119.82039642333984,175.0457000732422,88.9113998413086
271.3265075683594,127.79350280761719,184.08700561523438,79.34829711914062
270.943115234375,134.7899932861328,191.5596923828125,75.74559783935547
269.402587890625,132.0117950439453,188.91749572753906,87.07019805908203
271.05841064453125,128.3184051513672,178.51539611816406,102.80829620361328
264.51190185546875,132.24400329589844,188.24960327148438,110.70110321044922
267.4501037597656,139.29750061035156,165.4207000732422,103.1708984375
270.55010986328125,142.83779907226562,151.8177032470703,104.00360107421875
276.2557067871094,145.16639709472656,137.1157989501953,97.22840118408203
280.05279541015625,146.88150024414062,123.76370239257812,115.1498031616211
279.3476867675781,149.3292999267578,119.10230255126953,84.51139831542969
285.7384033203125,152.12060546875,112.06549835205078,82.70140075683594
289.1874084472656,154.8809051513672,105.49040222167969,73.37879943847656
295.4801940917969,157.6501007080078,97.38179779052734,66.16600036621094
295.53851318359375,155.47760009765625,99.36720275878906,66.76190185546875
299.1388854980469,160.62570190429688,96.35880279541016,61.216400146484375
301.56890869140625,159.7091064453125,94.80889892578125,63.711299896240234
301.9747009277344,160.44630432128906,94.90619659423828,62.765499114990234
302.1394958496094,160.9248046875,94.83570098876953,63.75790023803711
300.3706970214844,163.4210968017578,93.9343032836914,63.275699615478516
299.2159118652344,164.71800231933594,93.03199768066406,63.96500015258789
297.3869934082031,166.24510192871094,95.12740325927734,65.35459899902344
295.5741882324219,163.4925994873047,95.29010009765625,65.84500122070312
296.85211181640625,163.56520080566406,96.02420043945312,69.51529693603516
298.1841125488281,165.23370361328125,94.74400329589844,66.93399810791016
298.8431091308594,165.7799072265625,93.95890045166016,65.59390258789062
300.04541015625,166.41099548339844,92.61979675292969,63.89080047607422
300.1687927246094,168.70660400390625,91.20339965820312,63.8916015625
300.5382995605469,171.37289428710938,90.46320343017578,61.372501373291016
301.9661865234375,172.15570068359375,90.06220245361328,61.5614013671875
301.5462951660156,172.6392059326172,88.3102035522461,63.090301513671875
302.1224060058594,172.34129333496094,83.0167007446289,65.13629913330078
302.0285949707031,172.79640197753906,74.60220336914062,63.81769943237305
301.91180419921875,171.5756072998047,69.26349639892578,64.33930206298828
300.9637145996094,171.88609313964844,64.52950286865234,65.77339935302734
299.9183044433594,174.3643035888672,62.4182014465332,65.24929809570312
300.4159851074219,176.468505859375,61.27870178222656,65.70860290527344
299.1825866699219,178.6533966064453,61.42070007324219,66.81060028076172
299.7557067871094,178.77349853515625,59.344200134277344,66.06179809570312
298.031005859375,179.74429321289062,60.21260070800781,65.57749938964844
297.2112121582031,177.55369567871094,60.47159957885742,70.3280029296875
294.9425964355469,176.41619873046875,61.30889892578125,73.89189910888672
292.7726135253906,178.3907928466797,61.434200286865234,73.16329956054688
291.39581298828125,177.48219299316406,63.69390106201172,75.38680267333984
289.693115234375,179.1531982421875,61.62049865722656,76.60769653320312
286.5257873535156,179.55760192871094,62.095401763916016,79.95700073242188
285.79949951171875,182.0655059814453,59.6968994140625,79.21630096435547
280.9913024902344,183.42770385742188,61.93579864501953,79.5197982788086
279.6639099121094,184.85330200195312,60.99729919433594,77.65879821777344
275.1357116699219,187.66769409179688,65.98100280761719,74.42870330810547
271.26739501953125,188.29849243164062,70.45570373535156,74.01899719238281
267.66290283203125,186.04420471191406,68.43270111083984,67.78260040283203
265.3736877441406,185.92869567871094,69.90190124511719,71.72869873046875
264.9529113769531,184.45790100097656,67.29550170898438,70.1218032836914
263.7820129394531,183.04469299316406,63.50630187988281,69.12870025634766
263.0679931640625,182.3314971923828,64.76740264892578,67.39250183105469
263.1976013183594,181.7698974609375,67.88480377197266,66.77559661865234
263.4971008300781,181.00270080566406,69.13700103759766,69.33489990234375
260.41241455078125,179.4320068359375,68.27950286865234,71.74759674072266
259.5546875,181.29739379882812,66.83589935302734,73.25240325927734
261.66229248046875,180.52890014648438,70.04419708251953,72.73639678955078
261.3940124511719,181.95120239257812,65.34960174560547,73.7156982421875
264.1423034667969,182.98959350585938,67.74849700927734,72.28070068359375
262.1408996582031,183.50050354003906,70.1947021484375,71.99720001220703
261.8999938964844,183.38909912109375,69.35800170898438,69.90670013427734
260.6592102050781,180.98269653320312,74.12789916992188,68.89440155029297
261.58270263671875,179.720703125,74.33689880371094,72.8010025024414
259.6881103515625,178.3961944580078,82.93920135498047,72.3156967163086
258.08099365234375,179.8372039794922,87.34809875488281,71.70169830322266
254.0561981201172,181.097900390625,89.29750061035156,73.47470092773438
250.77670288085938,178.36709594726562,87.87169647216797,79.11479949951172
247.32620239257812,188.3433074951172,87.48269653320312,73.7394027709961
244.06399536132812,191.15359497070312,86.6803970336914,71.79229736328125
243.5102996826172,192.76220703125,91.35250091552734,71.17220306396484
241.456298828125,192.61680603027344,90.00129699707031,69.80269622802734
242.7946014404297,193.58349609375,94.11959838867188,68.3009033203125
241.0709991455078,192.654296875,94.03669738769531,69.7239990234375
240.73460388183594,193.53810119628906,92.47200012207031,68.85710144042969
240.9488067626953,193.7637939453125,95.91919708251953,69.3053970336914
241.04010009765625,192.14610290527344,92.58989715576172,69.99929809570312
241.16009521484375,192.65089416503906,92.21880340576172,68.66790008544922
242.49099731445312,192.65960693359375,91.09359741210938,66.4352035522461
243.91470336914062,191.13580322265625,90.69280242919922,68.22129821777344
245.40280151367188,189.5614013671875,90.43319702148438,71.356201171875
246.84750366210938,190.84979248046875,88.42990112304688,68.3677978515625
249.43829345703125,191.01870727539062,91.17960357666016,70.18779754638672
250.85060119628906,191.4886016845703,85.51129913330078,72.37920379638672
273.2336120605469,195.92010498046875,62.055999755859375,73.88510131835938
255.80870056152344,193.67849731445312,78.30809783935547,77.87999725341797
259.652587890625,196.29100036621094,73.70269775390625,84.90460205078125
261.17889404296875,196.77630615234375,74.31739807128906,85.2052993774414
269.1968994140625,197.56649780273438,70.85399627685547,84.63359832763672
273.5390930175781,196.39979553222656,69.40190124511719,84.64730072021484
280.19439697265625,196.85260009765625,65.4447021484375,87.9030990600586
284.9685974121094,195.0572052001953,65.33049774169922,87.65519714355469
290.0132141113281,193.7718048095703,67.21009826660156,88.89520263671875
297.35260009765625,192.80059814453125,68.11799621582031,89.3667984008789
305.5754089355469,191.78750610351562,68.7853012084961,93.1072006225586
313.964599609375,192.2758026123047,71.02420043945312,92.25800323486328
318.57708740234375,191.8887939453125,69.25509643554688,92.73609924316406
323.7242126464844,192.87060546875,66.55509948730469,91.63200378417969
329.5263977050781,194.3430938720703,65.3427963256836,91.39520263671875
335.6814880371094,202.05039978027344,58.804100036621094,86.57879638671875
335.87078857421875,192.8809051513672,57.346900939941406,95.7947006225586
334.84600830078125,199.92709350585938,61.279598236083984,84.41729736328125
327.06939697265625,204.2628936767578,71.94170379638672,71.81939697265625
325.2591857910156,192.17190551757812,75.11470031738281,79.40370178222656
322.7414855957031,188.7624053955078,75.48580169677734,78.96060180664062
317.8118896484375,188.7841033935547,79.59249877929688,78.88079833984375
315.40740966796875,191.1562957763672,80.76519775390625,72.23310089111328
309.9743957519531,212.82069396972656,80.2291030883789,47.785499572753906
304.82879638671875,193.7205047607422,89.04560089111328,64.62460327148438
301.435302734375,199.55799865722656,89.481201171875,58.2755012512207
297.277587890625,213.04110717773438,76.41480255126953,45.549800872802734
298.0079040527344,202.23849487304688,89.5363998413086,55.5010986328125
297.880615234375,203.48910522460938,92.78019714355469,58.151100158691406
300.919189453125,207.79469299316406,94.58540344238281,60.357601165771484
299.5443115234375,212.7198028564453,96.15029907226562,55.835601806640625
293.85418701171875,223.74819946289062,59.2400016784668,41.36439895629883
289.4180908203125,224.40879821777344,74.70330047607422,45.179901123046875
283.955810546875,220.55859375,75.44020080566406,45.35179901123047
280.6799011230469,216.5623016357422,72.591796875,44.53850173950195
279.04669189453125,212.74319458007812,69.47350311279297,45.25389862060547
278.0910949707031,209.07350158691406,60.885799407958984,42.65520095825195
278.71160888671875,200.20840454101562,73.06300354003906,48.691001892089844
281.56689453125,192.23289489746094,80.00299835205078,51.17279815673828
281.52099609375,181.92050170898438,81.07129669189453,54.60559844970703
281.5141906738281,176.86489868164062,79.22540283203125,51.300498962402344
279.56610107421875,169.476806640625,80.65480041503906,50.402400970458984
280.2029113769531,162.54159545898438,75.6635971069336,50.49150085449219
281.2593994140625,155.9573974609375,74.99539947509766,49.809200286865234
283.4230041503906,150.14390563964844,72.3833999633789,50.27220153808594
283.0552062988281,144.74139404296875,71.68879699707031,50.03739929199219
286.4281005859375,139.35740661621094,69.9760971069336,49.45500183105469
286.9219055175781,134.6324005126953,70.52189636230469,49.11690139770508
286.6929931640625,130.14309692382812,68.51920318603516,48.394798278808594
286.5242004394531,126.88919830322266,67.97540283203125,47.057899475097656
286.0419006347656,123.9574966430664,66.70189666748047,46.086700439453125
284.97808837890625,122.35030364990234,65.7145004272461,46.06420135498047
283.3133850097656,120.90360260009766,65.06120300292969,46.80059814453125
280.8848876953125,119.38349914550781,65.18099975585938,46.61669921875
277.97479248046875,117.93720245361328,66.1509017944336,47.6416015625
275.966796875,117.14230346679688,67.306396484375,47.528499603271484
276.3677062988281,115.9209976196289,68.10299682617188,48.774200439453125
275.21978759765625,114.09559631347656,70.00579833984375,49.755699157714844
273.8168029785156,115.08190155029297,70.09860229492188,50.371299743652344
272.23529052734375,116.427001953125,70.58550262451172,52.810001373291016
270.2893981933594,118.62110137939453,71.45169830322266,56.047298431396484
268.95660400390625,121.9917984008789,71.02950286865234,56.53089904785156
268.7496032714844,127.5469970703125,71.66400146484375,58.19779968261719
269.0354919433594,132.9387969970703,71.71389770507812,62.17169952392578
269.9834899902344,138.3040008544922,71.73249816894531,61.888099670410156
271.3713073730469,145.41610717773438,71.5779037475586,58.85820007324219
271.1617126464844,147.56829833984375,74.78700256347656,62.84450149536133
270.1877136230469,152.56480407714844,74.71649932861328,65.46920013427734
269.57501220703125,159.3175048828125,73.78780364990234,64.83270263671875
268.3586120605469,162.98190307617188,76.25869750976562,66.31230163574219
267.9927062988281,166.30029296875,76.92310333251953,66.5823974609375
266.2290954589844,166.6376953125,82.9220962524414,69.72810363769531
267.6664123535156,169.8907928466797,81.49720001220703,71.9218978881836
269.3550109863281,175.9022979736328,81.7344970703125,68.08689880371094
272.0065002441406,177.58160400390625,82.01689910888672,68.8759994506836
273.77508544921875,180.00149536132812,83.92389678955078,68.56230163574219
275.82830810546875,181.21539306640625,82.75830078125,71.85169982910156
277.6243896484375,187.57879638671875,82.83039855957031,65.8147964477539
279.12701416015625,188.65870666503906,83.8093032836914,67.46959686279297
279.951904296875,189.7332000732422,82.06099700927734,66.75379943847656
282.3031921386719,193.22450256347656,83.27339935302734,63.515098571777344
283.1575927734375,202.86289978027344,79.81510162353516,52.95759963989258
282.9784851074219,189.87620544433594,83.52639770507812,62.39540100097656
285.45098876953125,204.27609252929688,77.55650329589844,45.5098991394043
285.4117126464844,197.07440185546875,78.05120086669922,48.92250061035156
287.5542907714844,184.38450622558594,81.48780059814453,54.86840057373047
288.9776916503906,181.39999389648438,78.01950073242188,53.87419891357422
289.326904296875,173.4530029296875,78.45690155029297,56.309200286865234
288.5104064941406,179.15289306640625,71.25309753417969,47.79909896850586
285.9039001464844,172.04229736328125,77.51080322265625,50.674198150634766
285.4360046386719,174.9116973876953,69.8510971069336,46.64080047607422
282.1258850097656,166.36900329589844,74.24449920654297,49.954200744628906
282.1671142578125,154.1627960205078,78.73680114746094,61.415401458740234
278.18890380859375,143.7241973876953,77.10260009765625,60.17449951171875
273.6824951171875,134.06610107421875,77.15249633789062,56.64080047607422
265.06988525390625,119.96730041503906,76.37899780273438,56.4385986328125
265.3008117675781,110.30030059814453,69.63719940185547,53.37139892578125
260.3633117675781,98.97940063476562,67.79440307617188,53.173099517822266
256.8398132324219,85.1177978515625,65.90910339355469,57.275901794433594
252.6676025390625,77.49140167236328,64.17130279541016,52.299198150634766
249.92140197753906,69.96080017089844,60.28110122680664,51.54710006713867
246.08360290527344,65.83760070800781,58.38949966430664,48.96379852294922
241.60079956054688,60.923099517822266,57.009300231933594,48.293701171875
