1
350.0295104980469,146.18150329589844,90.60659790039062,61.25189971923828
345.9442138671875,146.7509002685547,95.07949829101562,61.03010177612305
346.14471435546875,145.64169311523438,92.26129913330078,63.189300537109375
348.82159423828125,146.67300415039062,89.71749877929688,63.681400299072266
344.3468933105469,147.32229614257812,94.90390014648438,59.945098876953125
345.614990234375,147.985595703125,94.69519805908203,63.177398681640625
346.156494140625,147.54750061035156,92.9928970336914,66.77149963378906
344.0892028808594,146.8466033935547,93.57569885253906,66.37069702148438
347.47900390625,147.10629272460938,90.38349914550781,63.305301666259766
345.6257019042969,147.26370239257812,94.63939666748047,65.87789916992188
344.54339599609375,147.77749633789062,93.89189910888672,65.95349884033203
349.1460876464844,147.18099975585938,90.01920318603516,60.72719955444336
347.2244873046875,146.54190063476562,90.27670288085938,63.126800537109375
349.7673034667969,146.48899841308594,89.83609771728516,63.593101501464844
347.5221862792969,147.35850524902344,94.10590362548828,62.82379913330078
349.58599853515625,147.44650268554688,90.5792007446289,64.59140014648438
349.4490051269531,148.5023956298828,92.28959655761719,64.7136001586914
349.8371887207031,148.8572998046875,91.2073974609375,65.3989028930664
350.5398864746094,147.9093017578125,91.9529037475586,67.0156021118164
349.731689453125,149.076904296875,92.20549774169922,65.57170104980469
349.8330993652344,149.06260681152344,91.3197021484375,63.979400634765625
349.88848876953125,149.08929443359375,92.66729736328125,64.12560272216797
348.88140869140625,149.4595947265625,93.86150360107422,64.83589935302734
350.7034912109375,150.33770751953125,91.14399719238281,64.9446029663086
350.5024108886719,149.42489624023438,89.01460266113281,66.0999984741211
349.15020751953125,151.47219848632812,92.98560333251953,64.51460266113281
349.5718078613281,152.22999572753906,90.2040023803711,63.42789840698242
350.1064147949219,151.10330200195312,91.19760131835938,65.78500366210938
350.6630859375,151.9423065185547,90.89399719238281,64.41419982910156
349.98968505859375,151.2886962890625,90.3239974975586,65.09259796142578
350.2113037109375,152.0303955078125,91.32559967041016,64.67839813232422
350.3691101074219,151.33309936523438,92.6333999633789,66.08419799804688
352.46820068359375,151.5937042236328,90.20539855957031,64.98300170898438
352.1781005859375,152.8614044189453,90.70330047607422,65.19550323486328
351.79119873046875,152.30039978027344,90.63680267333984,62.71310043334961
352.5115966796875,151.01950073242188,91.78520202636719,63.91960144042969
354.50311279296875,151.25379943847656,90.0791015625,65.07360076904297
354.7074890136719,151.79449462890625,89.76010131835938,67.41619873046875
352.50390625,150.6177978515625,90.19200134277344,64.50659942626953
356.2630920410156,151.10060119628906,87.60910034179688,67.14939880371094
353.7832946777344,153.13409423828125,88.24569702148438,61.9651985168457
355.0899963378906,152.94679260253906,91.11599731445312,64.55460357666016
355.22900390625,151.67840576171875,88.34390258789062,64.28630065917969
355.4306945800781,151.67990112304688,87.74109649658203,65.64830017089844
355.6138916015625,152.08790588378906,86.84809875488281,63.717201232910156
354.4950866699219,152.55320739746094,89.01360321044922,64.25759887695312
354.83758544921875,152.0731964111328,86.82769775390625,65.10649871826172
355.55059814453125,152.8260040283203,86.92530059814453,60.97060012817383
353.4862060546875,153.22369384765625,90.79789733886719,63.023799896240234
355.5242919921875,152.16290283203125,88.1718978881836,63.40810012817383
354.30450439453125,152.1260986328125,87.28040313720703,61.948699951171875
356.7615966796875,150.71609497070312,87.13289642333984,60.003700256347656
355.2921142578125,149.19850158691406,91.0718994140625,64.82129669189453
358.3725891113281,151.0384063720703,84.97599792480469,59.254798889160156
355.8251037597656,150.10360717773438,88.86519622802734,58.61029815673828
354.5122985839844,149.20489501953125,91.8832015991211,60.59109878540039
355.15948486328125,149.70469665527344,90.04019927978516,59.151100158691406
356.8982849121094,150.1197967529297,90.54540252685547,58.725101470947266
354.6925964355469,150.4904022216797,93.49440002441406,57.423099517822266
355.07769775390625,150.654296875,92.56939697265625,57.22639846801758
354.3630065917969,150.3448028564453,94.8853988647461,60.0077018737793
355.79119873046875,149.3553924560547,93.59089660644531,59.541500091552734
355.2972106933594,147.77220153808594,90.8727035522461,59.2047004699707
356.7862854003906,148.9925994873047,88.56829833984375,54.29790115356445
355.7879943847656,148.2528076171875,91.30609893798828,54.06129837036133
359.7864990234375,146.18370056152344,89.8738021850586,52.80509948730469
357.2427062988281,144.20770263671875,92.11180114746094,53.49140167236328
360.4408874511719,144.76449584960938,92.6552963256836,53.59880065917969
360.6330871582031,145.0998992919922,92.93710327148438,52.00189971923828
357.78369140625,146.42739868164062,96.75589752197266,47.36690139770508
357.83819580078125,149.54910278320312,96.51730346679688,50.47869873046875
359.7569885253906,151.42379760742188,97.62840270996094,46.77510070800781
359.0827941894531,156.01019287109375,102.95110321044922,48.31949996948242
362.01251220703125,155.0594940185547,94.21170043945312,46.02090072631836
359.78619384765625,157.9633026123047,94.95760345458984,47.06610107421875
359.1908874511719,159.33670043945312,97.33650207519531,41.013999938964844
360.0978088378906,159.3701934814453,96.5978012084961,45.013099670410156
360.2439880371094,157.68409729003906,94.71040344238281,44.06549835205078
358.6390075683594,159.32589721679688,99.14420318603516,42.72919845581055
360.0497131347656,158.7008056640625,94.99410247802734,43.059200286865234
358.0932922363281,159.50369262695312,105.08989715576172,43.38399887084961
360.9613037109375,158.49290466308594,100.66459655761719,43.0177001953125
362.31219482421875,160.43130493164062,101.76460266113281,42.184200286865234
362.6971130371094,159.4069061279297,112.55719757080078,44.87070083618164
365.2113952636719,161.34469604492188,102.84850311279297,40.895599365234375
360.0458984375,161.6446990966797,109.26229858398438,41.95240020751953
364.7690124511719,161.78829956054688,109.20059967041016,42.97079849243164
365.31060791015625,161.34100341796875,107.84700012207031,44.34870147705078
369.1618957519531,162.90420532226562,101.55110168457031,42.254600524902344
367.7593994140625,162.93679809570312,103.37259674072266,40.81039810180664
363.08599853515625,166.2176971435547,99.82260131835938,40.542198181152344
363.0945129394531,165.7489013671875,95.62969970703125,40.23929977416992
362.310791015625,167.3376007080078,95.97840118408203,38.79100036621094
362.39080810546875,166.889404296875,101.69090270996094,38.47629928588867
365.12530517578125,166.7429962158203,93.75890350341797,40.08570098876953
362.9111022949219,167.69610595703125,93.01959991455078,38.55220031738281
365.0606994628906,167.2415008544922,98.14900207519531,39.06949996948242
360.57470703125,167.3697967529297,98.8563003540039,41.007301330566406
361.09991455078125,167.27059936523438,96.24929809570312,40.708499908447266
361.1315002441406,168.27149963378906,99.19010162353516,39.02199935913086
360.2799987792969,168.63560485839844,97.0553970336914,37.9010009765625
363.4316101074219,169.1739044189453,96.34980010986328,37.44540023803711
364.9259948730469,170.22079467773438,96.59649658203125,41.63650131225586
357.8203125,170.43960571289062,101.95870208740234,40.117401123046875
361.31500244140625,170.50259399414062,95.97239685058594,40.0620002746582
360.57391357421875,171.36180114746094,98.65019989013672,39.86899948120117
360.05780029296875,171.97540283203125,97.83460235595703,40.89550018310547
360.4226989746094,172.6417999267578,97.95379638671875,42.16569900512695
362.18109130859375,175.1945037841797,97.74479675292969,37.984901428222656
358.276611328125,174.64979553222656,99.0698013305664,40.32619857788086
358.16351318359375,176.0010986328125,101.39800262451172,38.92449951171875
358.1606140136719,177.35330200195312,97.71440124511719,38.655799865722656
359.0173034667969,174.73919677734375,98.48909759521484,39.80699920654297
357.8692932128906,175.68649291992188,101.8718032836914,39.10300064086914
359.8987121582031,175.6497039794922,103.72879791259766,40.61800003051758
358.3634948730469,176.54750061035156,103.58319854736328,39.74509811401367
357.68438720703125,176.69940185546875,99.33670043945312,39.247100830078125
359.06451416015625,177.6363067626953,101.53579711914062,38.832801818847656
357.51910400390625,176.98190307617188,96.42579650878906,40.06809997558594
363.72650146484375,175.3489990234375,102.58799743652344,41.4838981628418
358.4588928222656,175.4792022705078,105.39289855957031,41.15760040283203
358.56329345703125,176.71249389648438,100.59020233154297,40.6599006652832
358.5339050292969,174.36390686035156,102.55680084228516,43.64670181274414
357.09228515625,175.89480590820312,104.99729919433594,41.34619903564453
359.5574035644531,174.36439514160156,100.45480346679688,43.954898834228516
357.86199951171875,175.30239868164062,101.43170166015625,41.87369918823242
357.1553955078125,172.71820068359375,102.44290161132812,46.90290069580078
360.31329345703125,172.3842010498047,99.30269622802734,47.68230056762695
360.341796875,173.1654052734375,99.96019744873047,47.52399826049805
360.5730895996094,172.34669494628906,99.57140350341797,48.05870056152344
360.9501037597656,174.04840087890625,101.38839721679688,44.342498779296875
360.2850036621094,174.6118927001953,102.35900115966797,43.21879959106445
361.0172119140625,174.8426055908203,100.5282974243164,43.131900787353516
362.44049072265625,176.5312042236328,104.02780151367188,43.27109909057617
362.48760986328125,174.61630249023438,100.52130126953125,45.19820022583008
363.3633117675781,175.22390747070312,102.6769027709961,44.85710144042969
363.77239990234375,173.87030029296875,100.93190002441406,45.54309844970703
363.45721435546875,174.15589904785156,102.98079681396484,45.936100006103516
363.7991027832031,175.0946044921875,99.85369873046875,44.3572998046875
364.565185546875,174.91769409179688,102.9740982055664,45.3026008605957
365.43310546875,174.63800048828125,100.42949676513672,46.41899871826172
365.2228088378906,174.05560302734375,100.09349822998047,46.24729919433594
362.96868896484375,176.08790588378906,103.21379852294922,46.8468017578125
363.1108093261719,175.11419677734375,100.97090148925781,48.43949890136719
363.043212890625,177.06849670410156,100.5905990600586,47.59920120239258
361.99200439453125,176.0402069091797,100.74479675292969,50.0369987487793
363.5934143066406,174.8527069091797,98.69499969482422,49.620201110839844
363.05120849609375,176.04949951171875,99.70469665527344,50.63140106201172
363.8039855957031,175.32479858398438,100.58290100097656,48.719398498535156
363.7333984375,177.414306640625,99.01010131835938,52.27239990234375
362.87060546875,175.4095001220703,101.63999938964844,52.18600082397461
362.4556884765625,175.00689697265625,100.38500213623047,51.745399475097656
360.7755126953125,175.15179443359375,101.43000030517578,51.9005012512207
361.0741882324219,173.2646942138672,99.92630004882812,53.5817985534668
360.8450927734375,174.40980529785156,99.06580352783203,52.70429992675781
361.53350830078125,172.27099609375,99.23639678955078,54.814300537109375
361.9872131347656,172.48240661621094,98.42459869384766,52.86479949951172
361.62969970703125,174.2884063720703,99.5186996459961,53.980201721191406
361.7142028808594,171.11639404296875,99.4292984008789,56.74959945678711
361.8245849609375,172.67820739746094,100.33560180664062,54.47090148925781
363.0757141113281,171.92129516601562,98.37329864501953,53.96189880371094
362.2301025390625,170.3135986328125,100.2261962890625,57.52000045776367
362.214111328125,171.63299560546875,100.92960357666016,56.56399917602539
362.50628662109375,170.50709533691406,101.18499755859375,59.37950134277344
362.9071044921875,170.24549865722656,99.58719635009766,61.13690185546875
363.7804870605469,170.48770141601562,100.61100006103516,59.474998474121094
363.82220458984375,169.69439697265625,99.743896484375,61.66669845581055
364.0929870605469,170.16940307617188,99.91020202636719,60.42959976196289
364.1134948730469,169.42269897460938,100.17829895019531,62.269798278808594
365.164306640625,168.62969970703125,100.59310150146484,61.81679916381836
365.5257873535156,167.9373016357422,99.68730163574219,63.23469924926758
366.37908935546875,166.96170043945312,101.0905990600586,63.8577995300293
364.8653869628906,167.34970092773438,100.6426010131836,66.70670318603516
366.0707092285156,163.36630249023438,100.07099914550781,66.71749877929688
365.30218505859375,164.7978057861328,99.15489959716797,69.39459991455078
365.7567138671875,164.79029846191406,98.88890075683594,67.92420196533203
366.2586975097656,164.17410278320312,100.54290008544922,68.65070343017578
366.0869140625,164.610595703125,99.88999938964844,68.42579650878906
365.6094055175781,165.6739959716797,99.47730255126953,67.881103515625
364.37310791015625,166.28729248046875,100.56159973144531,67.50559997558594
363.7063903808594,165.9302978515625,100.65670013427734,67.93280029296875
362.7593994140625,167.4488983154297,99.58309936523438,67.11530303955078
363.9291076660156,167.6905975341797,101.11360168457031,66.23149871826172
363.693603515625,167.7696075439453,101.17549896240234,65.03610229492188
362.6401062011719,167.23280334472656,100.39790344238281,68.12850189208984
365.2041931152344,168.08169555664062,99.60279846191406,63.528099060058594
363.8434143066406,166.09730529785156,101.33580017089844,68.02120208740234
365.4986877441406,164.43719482421875,101.47959899902344,66.35169982910156
365.0072021484375,164.65220642089844,99.55329895019531,64.89689636230469
365.96160888671875,162.98959350585938,98.6489028930664,65.78079986572266
366.0278015136719,163.75790405273438,98.38600158691406,69.14659881591797
365.3682861328125,163.22779846191406,100.3687973022461,66.19840240478516
367.6971130371094,163.13540649414062,97.73090362548828,64.43710327148438
367.6965026855469,163.46099853515625,97.68910217285156,65.53589630126953
367.9530029296875,163.3419952392578,98.26349639892578,63.696998596191406
367.03021240234375,163.99969482421875,98.22689819335938,64.27259826660156
368.7391052246094,162.64390563964844,98.3218994140625,63.8745002746582
367.94989013671875,162.08160400390625,97.84130096435547,67.96050262451172
368.5321960449219,161.97650146484375,98.57640075683594,64.51820373535156
370.22979736328125,161.3404998779297,96.74199676513672,65.49150085449219
370.1355895996094,159.96420288085938,98.5719985961914,66.45449829101562
369.2666015625,162.04010009765625,99.9114990234375,62.713401794433594
368.5758056640625,159.47239685058594,98.70929718017578,66.5718994140625
369.64788818359375,159.17550659179688,98.77999877929688,67.15499877929688
371.06451416015625,158.39390563964844,97.05339813232422,67.1365966796875
369.8540954589844,157.4062957763672,97.43109893798828,70.03089904785156
370.4638977050781,157.88479614257812,95.72370147705078,65.81680297851562
370.7073059082031,157.46270751953125,96.02639770507812,64.74600219726562
370.6358947753906,156.87840270996094,95.15679931640625,66.31230163574219
370.6048889160156,156.4752960205078,96.69149780273438,65.068603515625
369.7200927734375,157.79400634765625,96.41169738769531,67.18379974365234
369.572998046875,157.33470153808594,97.23750305175781,65.62339782714844
370.7914123535156,156.71820068359375,96.07949829101562,65.3656997680664
370.6123962402344,158.18539428710938,95.47160339355469,66.06620025634766
370.99798583984375,158.1768035888672,96.17620086669922,64.71299743652344
370.2334899902344,156.81260681152344,96.26599884033203,67.47429656982422
369.65460205078125,158.0146026611328,98.32550048828125,63.832698822021484
369.4165954589844,158.9969940185547,98.2926025390625,63.16310119628906
370.085205078125,157.83169555664062,96.43119812011719,66.65370178222656
368.4276123046875,157.88150024414062,97.28079986572266,63.97090148925781
368.77130126953125,158.4073944091797,97.52880096435547,63.90959930419922
368.9346008300781,159.06939697265625,98.89939880371094,63.44269943237305
368.65850830078125,158.85650634765625,97.77149963378906,65.64839935302734
369.5150146484375,159.34950256347656,94.62339782714844,62.748600006103516
368.2544860839844,158.72360229492188,95.41419982910156,65.92500305175781
373.20989990234375,158.93910217285156,93.90959930419922,63.98929977416992
367.52349853515625,159.61129760742188,96.0177993774414,64.94660186767578
370.4408874511719,157.2637939453125,93.20970153808594,68.3292007446289
371.09710693359375,158.64869689941406,92.47260284423828,64.00299835205078
370.085205078125,157.20809936523438,94.37480163574219,66.3279037475586
368.9454040527344,159.90310668945312,93.28079986572266,62.30080032348633
369.08648681640625,158.67340087890625,92.98860168457031,62.236900329589844
369.3924865722656,158.63209533691406,93.01010131835938,61.8484992980957
370.4584045410156,158.65220642089844,94.30229949951172,61.98820114135742
369.7076110839844,158.86810302734375,93.44499969482422,62.497398376464844
371.0824890136719,158.82640075683594,95.46540069580078,61.91170120239258
368.4872131347656,157.3950958251953,94.50550079345703,64.61710357666016
368.6807861328125,158.85659790039062,94.03340148925781,62.613800048828125
369.3381042480469,158.35609436035156,92.10800170898438,63.17169952392578
369.8370056152344,158.4311981201172,92.39579772949219,63.11899948120117
370.4841003417969,158.39669799804688,90.51339721679688,63.10100173950195
369.6451110839844,159.22250366210938,90.56710052490234,62.46630096435547
371.4295959472656,159.7545928955078,89.46929931640625,60.643001556396484
373.1543884277344,160.89450073242188,87.81390380859375,58.486698150634766
371.21771240234375,159.16909790039062,90.18720245361328,62.3849983215332
369.3577880859375,160.0343017578125,91.66629791259766,59.95790100097656
371.5437927246094,160.72329711914062,92.72899627685547,59.30550003051758
372.05859375,161.4510040283203,88.3926010131836,57.72850036621094
371.05999755859375,161.5200958251953,89.14559936523438,60.84669876098633
377.8533935546875,161.80450439453125,84.42579650878906,57.438899993896484
371.49359130859375,162.0673065185547,88.00019836425781,58.638999938964844
374.84478759765625,162.23989868164062,87.5438003540039,57.28609848022461
374.6289978027344,161.29930114746094,86.3041000366211,59.054298400878906
374.6123962402344,160.72650146484375,86.38520050048828,59.10380172729492
376.10760498046875,163.17689514160156,84.19239807128906,58.825401306152344
375.873291015625,161.5063018798828,85.21859741210938,60.68230056762695
376.80999755859375,162.52870178222656,86.15260314941406,58.462100982666016
373.5346984863281,162.27099609375,89.04049682617188,58.382598876953125
372.593505859375,163.29690551757812,86.82080078125,58.592498779296875
374.44390869140625,163.56509399414062,85.68340301513672,57.12799835205078
374.840087890625,162.24600219726562,84.96009826660156,60.397098541259766
373.2713928222656,163.2032928466797,86.43419647216797,62.484798431396484
372.84039306640625,164.38369750976562,91.489501953125,58.22760009765625
374.793212890625,164.2760009765625,87.99870300292969,60.82889938354492
375.5506896972656,163.72390747070312,89.37349700927734,60.585201263427734
372.4732971191406,162.28250122070312,91.76599884033203,61.12110137939453
376.7412109375,163.71640014648438,86.96430206298828,61.19449996948242
373.0653076171875,163.26119995117188,88.79979705810547,62.094398498535156
372.61248779296875,163.62249755859375,90.46520233154297,63.49850082397461
371.8179016113281,163.23789978027344,86.34339904785156,62.46760177612305
370.5065002441406,162.8751983642578,89.56649780273438,62.1349983215332
371.78021240234375,162.5507049560547,88.39289855957031,62.66109848022461
371.42010498046875,164.26910400390625,89.54769897460938,61.74330139160156
372.3611145019531,164.7126007080078,88.17420196533203,63.40290069580078
372.0953063964844,165.12710571289062,90.82939910888672,60.8942985534668
372.4895935058594,162.8813934326172,88.01840209960938,61.92259979248047
374.6275939941406,162.3209991455078,88.3230972290039,62.75559997558594
370.6690979003906,161.68130493164062,88.61470031738281,65.60990142822266
377.57598876953125,162.17430114746094,84.42469787597656,62.60219955444336
367.83380126953125,162.72059631347656,93.40149688720703,64.56990051269531
375.3623962402344,161.9091033935547,87.8363037109375,62.42599868774414
370.7969055175781,162.09559631347656,89.25199890136719,61.707000732421875
372.8330993652344,161.23519897460938,88.82669830322266,62.71590042114258
373.1387939453125,161.4774932861328,90.50090026855469,62.38959884643555
372.1319885253906,162.7628936767578,87.5459976196289,64.11650085449219
374.1626892089844,161.64720153808594,89.1636962890625,60.10749816894531
376.4386901855469,163.6284942626953,87.17179870605469,60.077999114990234
372.310302734375,163.69619750976562,90.31079864501953,61.987701416015625
375.2744140625,163.8603973388672,91.0531005859375,61.90950012207031
370.826904296875,164.6905975341797,95.08619689941406,58.397701263427734
375.0264892578125,165.3094940185547,92.69609832763672,59.289798736572266
372.739013671875,164.4051055908203,93.53399658203125,60.875701904296875
374.9953918457031,163.6083984375,94.04660034179688,56.34489822387695
375.90179443359375,163.197998046875,90.7040023803711,57.867000579833984
375.1506042480469,164.75779724121094,88.87660217285156,56.54389953613281
376.5108947753906,163.53660583496094,91.45439910888672,56.28580093383789
375.30810546875,163.38909912109375,89.40170288085938,58.73040008544922
375.13018798828125,163.65240478515625,95.0458984375,60.25410079956055
378.56781005859375,163.75669860839844,87.6364974975586,61.48460006713867
377.4451904296875,164.58290100097656,91.86479949951172,58.04949951171875
377.6474914550781,163.96209716796875,95.27899932861328,54.12929916381836
374.64300537109375,162.5478057861328,91.29000091552734,57.17100143432617
378.75738525390625,160.46409606933594,88.91739654541016,60.86429977416992
376.0632019042969,161.34010314941406,91.02649688720703,54.89550018310547
379.2923889160156,160.76080322265625,88.69560241699219,54.70589828491211
376.1429138183594,158.9154052734375,89.77690124511719,53.42259979248047
378.4637145996094,157.49789428710938,86.7083969116211,57.277198791503906
382.00970458984375,156.5041961669922,88.95809936523438,58.2588996887207
377.5857849121094,155.7436065673828,87.31379699707031,59.33829879760742
378.6412048339844,156.3323974609375,89.7177963256836,59.14799880981445
380.53179931640625,156.7303009033203,89.1177978515625,57.10599899291992
377.0025939941406,157.42930603027344,88.34500122070312,56.75320053100586
380.3966979980469,156.8656005859375,92.20169830322266,59.847900390625
377.93121337890625,157.25540161132812,86.6073989868164,58.11600112915039
379.0365905761719,158.57049560546875,88.14749908447266,60.15639877319336
375.5826110839844,157.86500549316406,89.3145980834961,56.95029830932617
377.00079345703125,157.02529907226562,91.6552963256836,59.83440017700195
373.2627868652344,158.00889587402344,88.55370330810547,59.40380096435547
372.47821044921875,157.56629943847656,86.904296875,57.479801177978516
375.327392578125,156.63670349121094,89.47470092773438,60.485198974609375
370.12530517578125,158.14649963378906,88.86019897460938,59.07500076293945
368.356201171875,156.27679443359375,90.27300262451172,57.7140007019043
370.8086853027344,158.30029296875,91.6719970703125,56.69929885864258
368.6994934082031,156.62330627441406,87.23619842529297,57.64139938354492
369.5950012207031,157.22439575195312,92.73670196533203,59.48149871826172
368.0130920410156,158.29269409179688,89.22969818115234,57.48529815673828
369.2860107421875,159.6575927734375,91.16850280761719,57.03620147705078
365.9469909667969,158.73390197753906,86.49479675292969,57.08359909057617
370.05780029296875,159.6855926513672,93.49089813232422,54.52069854736328
361.43548583984375,160.75889587402344,97.04340362548828,56.14759826660156
364.1022033691406,158.66409301757812,85.38529968261719,57.16830062866211
362.3761901855469,157.48190307617188,98.25189971923828,60.96659851074219
358.33441162109375,160.1894989013672,93.8364028930664,61.69150161743164
358.4834899902344,160.28329467773438,88.716796875,57.54090118408203
360.82269287109375,162.93240356445312,82.9822006225586,58.29389953613281
357.0455017089844,163.85499572753906,88.78469848632812,58.51539993286133
354.33538818359375,165.3345947265625,87.7926025390625,59.5536003112793
356.1689147949219,166.94200134277344,88.49600219726562,58.067298889160156
352.8302917480469,168.88290405273438,87.68180084228516,59.50559997558594
353.37689208984375,166.7364044189453,83.79139709472656,55.10879898071289
350.62451171875,167.52259826660156,91.29280090332031,59.40620040893555
346.7047119140625,168.05270385742188,91.57230377197266,56.75019836425781
349.4525146484375,167.44839477539062,88.10600280761719,59.39670181274414
348.98541259765625,168.20480346679688,86.9385986328125,56.26470184326172
347.0168151855469,167.50489807128906,88.033203125,62.62260055541992
345.4336853027344,170.7989959716797,89.99859619140625,54.038700103759766
345.9079895019531,167.68699645996094,87.24400329589844,60.19850158691406
345.26971435546875,168.7386016845703,87.1489028930664,55.5077018737793
347.6181945800781,168.77439880371094,83.78790283203125,60.11520004272461
342.851806640625,170.4550018310547,86.61129760742188,56.70029830932617
341.619384765625,170.23280334472656,87.45659637451172,59.01350021362305
342.2694091796875,171.864501953125,86.70189666748047,56.010101318359375
340.4175109863281,170.18850708007812,88.3479995727539,52.31340026855469
341.94140625,168.4427947998047,85.40019989013672,59.57440185546875
337.97491455078125,170.74339294433594,87.41809844970703,61.885501861572266
337.8765869140625,173.59530639648438,87.67369842529297,55.21860122680664
338.6166076660156,171.7646942138672,87.69969940185547,52.01539993286133
336.7392883300781,171.7393035888672,92.00849914550781,58.7047004699707
335.44879150390625,172.87680053710938,89.13999938964844,52.49810028076172
334.0945129394531,171.30490112304688,85.73269653320312,62.85530090332031
330.68341064453125,173.27920532226562,87.38069915771484,57.38140106201172
331.50799560546875,174.28509521484375,86.25140380859375,57.08700180053711
330.76080322265625,175.51150512695312,86.29329681396484,53.592899322509766
331.0067138671875,174.5825958251953,85.6854019165039,58.840599060058594
327.4292907714844,174.48080444335938,93.07669830322266,58.764198303222656
327.4125061035156,175.17379760742188,89.73680114746094,57.844398498535156
326.1055908203125,175.6195068359375,92.14219665527344,58.086299896240234
325.2901916503906,174.74749755859375,90.95149993896484,59.565799713134766
325.9090881347656,174.76409912109375,92.96690368652344,63.192100524902344
327.1712951660156,176.61770629882812,86.4397964477539,56.083499908447266
327.6120910644531,177.69700622558594,86.2864990234375,59.51350021362305
327.22900390625,179.3092041015625,86.28450012207031,56.39659881591797
326.62469482421875,177.9644012451172,87.5010986328125,62.98509979248047
322.23541259765625,179.76589965820312,92.9136962890625,58.4093017578125
325.1593017578125,180.09039306640625,90.27839660644531,58.448699951171875
321.96771240234375,180.14280700683594,91.31320190429688,58.88010025024414
321.8114013671875,180.82760620117188,92.70860290527344,58.239200592041016
322.6205139160156,180.73570251464844,91.71209716796875,57.7422981262207
319.4754943847656,180.0487060546875,94.93679809570312,60.892398834228516
316.6391906738281,180.8031005859375,103.5708999633789,58.31449890136719
320.5018005371094,184.0876007080078,90.99120330810547,55.13460159301758
315.94830322265625,182.39370727539062,98.72319793701172,64.68579864501953
320.5732116699219,185.01519775390625,93.01969909667969,58.019500732421875
319.3175048828125,185.5240020751953,92.8239974975586,63.87049865722656
318.4884033203125,189.12339782714844,89.6166000366211,54.176998138427734
317.235107421875,187.03280639648438,97.12650299072266,67.5792007446289
318.58538818359375,189.77659606933594,92.01629638671875,59.28879928588867
316.2369079589844,191.19459533691406,94.18810272216797,64.47889709472656
320.0965881347656,193.860595703125,92.58059692382812,64.67729949951172
316.9801940917969,194.4011993408203,96.64080047607422,57.47909927368164
317.8794860839844,194.52450561523438,92.48829650878906,61.41830062866211
314.1687927246094,196.4844970703125,101.95179748535156,61.20439910888672
315.7969055175781,195.55279541015625,98.76899719238281,58.73440170288086
315.6733093261719,198.2886962890625,96.2416000366211,61.60929870605469
318.3580017089844,197.1920928955078,92.68000030517578,56.91740036010742
316.9132080078125,198.41529846191406,96.35250091552734,61.90480041503906
317.0779113769531,198.7510986328125,92.3364028930664,55.589698791503906
314.2828063964844,198.97760009765625,99.75689697265625,61.11109924316406
316.4820861816406,200.54119873046875,90.44660186767578,54.53929901123047
310.90789794921875,201.8404998779297,107.91449737548828,57.70920181274414
314.63690185546875,201.8291015625,95.88690185546875,51.06959915161133
314.7336120605469,203.1988067626953,102.11170196533203,56.92070007324219
316.6802062988281,203.2805938720703,97.01219940185547,52.39899826049805
317.21990966796875,204.98170471191406,93.62339782714844,52.652400970458984
317.8283996582031,205.61070251464844,93.4468994140625,51.37860107421875
317.4237976074219,207.64630126953125,93.16500091552734,49.63199996948242
315.4898986816406,206.6862030029297,102.65869903564453,51.54930114746094
319.9495849609375,207.82650756835938,91.4551010131836,48.3474006652832
317.2887878417969,208.3822021484375,98.56770324707031,49.81959915161133
321.0964050292969,208.32789611816406,94.99960327148438,47.17219924926758
320.38690185546875,208.2967987060547,90.74040222167969,48.751800537109375
321.74798583984375,210.4259033203125,89.12660217285156,47.457698822021484
316.7060852050781,211.09190368652344,99.76860046386719,45.85219955444336
319.7986145019531,208.92799377441406,94.69339752197266,46.69839859008789
320.2167053222656,210.19090270996094,93.91790008544922,48.116798400878906
320.845703125,208.88040161132812,92.9677963256836,48.02090072631836
322.3540954589844,211.94920349121094,89.08809661865234,46.21689987182617
321.07940673828125,209.50909423828125,93.23909759521484,47.904701232910156
320.81390380859375,212.7873992919922,93.55960083007812,45.40800094604492
319.24420166015625,211.59959411621094,93.71219635009766,46.10449981689453
319.9245910644531,216.47509765625,94.40599822998047,41.1598014831543
320.6123962402344,215.45370483398438,94.49739837646484,41.25090026855469
320.57708740234375,215.57980346679688,91.88680267333984,41.325599670410156
320.38751220703125,216.46519470214844,91.0873031616211,39.60879898071289
321.9845886230469,213.98519897460938,90.86479949951172,40.61320114135742
322.0216979980469,210.66360473632812,91.41300201416016,47.74290084838867
320.9097900390625,214.6053924560547,89.47100067138672,43.23509979248047
322.03961181640625,210.97430419921875,90.70850372314453,44.63869857788086
322.0495910644531,210.04600524902344,91.19020080566406,49.61399841308594
323.0635986328125,212.1215057373047,90.56400299072266,44.911598205566406
324.3240966796875,214.38900756835938,90.9448013305664,43.7234001159668
324.065185546875,209.5028076171875,90.37010192871094,47.083099365234375
324.4424133300781,211.36050415039062,89.2666015625,48.051998138427734
324.3669128417969,215.6074981689453,86.31890106201172,43.010398864746094
322.4200134277344,209.74090576171875,90.81739807128906,47.55939865112305
326.2369079589844,210.68649291992188,86.54039764404297,49.28730010986328
323.84521484375,214.5841064453125,91.39209747314453,44.69900131225586
322.8494873046875,209.53550720214844,88.00700378417969,47.64699935913086
323.29229736328125,209.8011932373047,91.78559875488281,50.479400634765625
322.93701171875,210.5717010498047,90.8228988647461,45.97890090942383
323.9735107421875,211.02099609375,94.05999755859375,49.31449890136719
323.6072998046875,212.17489624023438,88.5823974609375,46.03820037841797
323.70989990234375,210.2053985595703,90.04679870605469,48.08689880371094
324.0824890136719,210.9636993408203,87.32579803466797,46.90019989013672
323.2773132324219,209.7259979248047,89.69090270996094,50.66400146484375
320.60650634765625,209.66270446777344,92.06210327148438,46.7510986328125
322.435791015625,206.8502960205078,93.8427963256836,50.79759979248047
322.2593994140625,207.54010009765625,89.341796875,49.347900390625
322.5376892089844,209.21189880371094,92.64140319824219,49.79349899291992
