1
100.51589965820312,34.9379997253418,178.826904296875,285.56640625
106.30039978027344,36.15489959716797,158.98899841308594,282.99560546875
92.41680145263672,40.84600067138672,173.0959930419922,281.35870361328125
99.98100280761719,38.96839904785156,171.0491943359375,277.84759521484375
96.86299896240234,22.51409912109375,186.3135986328125,294.1448974609375
89.2291030883789,27.89620018005371,203.3070068359375,290.0804138183594
81.34210205078125,28.703899383544922,222.95069885253906,294.5143127441406
77.44029998779297,20.504100799560547,229.39720153808594,308.3829040527344
61.154998779296875,21.89459991455078,248.80709838867188,307.97491455078125
60.88880157470703,25.271099090576172,251.18190002441406,308.71490478515625
55.99909973144531,26.880699157714844,258.051513671875,304.6412048339844
50.089599609375,31.04960060119629,271.3599853515625,305.0050964355469
48.6078987121582,35.2406005859375,278.9607849121094,296.86279296875
47.108299255371094,36.1952018737793,286.15380859375,292.830810546875
46.831600189208984,40.159698486328125,297.2720947265625,288.99261474609375
45.280399322509766,47.77399826049805,301.75579833984375,286.0039978027344
47.71620178222656,50.61980056762695,305.5906982421875,277.87548828125
46.00659942626953,52.882598876953125,314.0111999511719,274.2940979003906
51.24509811401367,56.823699951171875,317.38641357421875,266.8633117675781
58.6609992980957,59.64970016479492,318.03448486328125,263.95220947265625
62.71160125732422,60.397701263427734,323.1816101074219,259.5610046386719
69.31379699707031,59.79750061035156,319.15948486328125,249.5697021484375
76.60289764404297,67.28070068359375,315.55999755859375,235.26429748535156
82.80840301513672,73.36849975585938,313.2536926269531,226.285400390625
98.44490051269531,79.37680053710938,294.6611022949219,208.7021942138672
98.7822036743164,84.1958999633789,296.9617919921875,194.4748992919922
98.76719665527344,88.84190368652344,296.5050048828125,187.9571075439453
105.70899963378906,94.6261978149414,291.2576904296875,177.1381072998047
113.90450286865234,96.34660339355469,287.2051086425781,174.4481964111328
110.7645034790039,98.82649993896484,291.889892578125,170.35189819335938
117.57050323486328,102.6406021118164,287.5805969238281,166.09739685058594
118.95050048828125,104.7300033569336,289.13848876953125,164.33770751953125
116.0145034790039,105.868896484375,289.63409423828125,164.12139892578125
120.12220001220703,107.45780181884766,285.544189453125,164.90440368652344
113.17549896240234,109.50469970703125,292.9075012207031,162.23919677734375
111.81230163574219,109.58159637451172,294.5826110839844,163.2928009033203
111.4468994140625,107.90850067138672,301.3642883300781,167.98809814453125
109.12300109863281,110.73419952392578,299.4294128417969,165.66839599609375
105.66089630126953,109.81490325927734,297.5423889160156,168.62339782714844
110.40270233154297,110.44650268554688,300.6029052734375,168.53379821777344
99.90709686279297,108.81390380859375,292.27288818359375,171.845703125
99.02410125732422,113.78630065917969,303.8009948730469,166.41119384765625
95.39559936523438,113.19950103759766,287.5736083984375,163.38870239257812
93.15899658203125,113.42320251464844,287.9112854003906,168.8076934814453
84.810302734375,113.96440124511719,297.518798828125,165.2458038330078
83.05979919433594,112.82550048828125,282.5990905761719,165.3115997314453
79.71890258789062,114.081298828125,283.4359130859375,163.78469848632812
72.62789916992188,112.54340362548828,290.18450927734375,160.31480407714844
67.90950012207031,110.31559753417969,288.1283874511719,156.93890380859375
61.421199798583984,104.5635986328125,295.9036865234375,160.06570434570312
56.686100006103516,98.06639862060547,297.01708984375,162.60499572753906
50.22760009765625,90.83689880371094,303.4070129394531,169.76600646972656
46.94110107421875,85.92720031738281,296.83349609375,171.16270446777344
42.3385009765625,81.35130310058594,305.5653991699219,172.00030517578125
41.69089889526367,78.19170379638672,306.4317932128906,177.34640502929688
34.554901123046875,72.94869995117188,297.2235107421875,178.83560180664062
35.554500579833984,66.85890197753906,301.555908203125,184.4595947265625
31.78420066833496,60.47710037231445,306.1700134277344,191.70150756835938
31.36389923095703,55.706600189208984,306.9056091308594,191.21180725097656
31.985700607299805,46.506500244140625,306.5148010253906,196.32260131835938
29.268699645996094,36.40019989013672,312.1090087890625,205.34060668945312
30.734800338745117,31.28730010986328,312.55938720703125,210.7238006591797
32.25450134277344,26.96269989013672,308.8576965332031,218.45359802246094
31.31679916381836,20.49090003967285,307.62908935546875,214.98060607910156
34.92409896850586,16.361000061035156,302.9740905761719,218.99119567871094
43.59090042114258,12.378000259399414,295.2377014160156,227.75650024414062
46.37009811401367,9.328399658203125,294.9129943847656,233.76519775390625
45.63959884643555,6.270400047302246,292.6473083496094,242.33949279785156
49.67290115356445,7.96150016784668,284.4657897949219,218.08180236816406
48.639801025390625,5.210000038146973,289.1986999511719,226.73129272460938
50.292598724365234,4.240300178527832,286.502685546875,226.49130249023438
54.6875,4.736599922180176,281.4197998046875,225.46409606933594
60.118099212646484,7.780900001525879,274.189697265625,216.38180541992188
59.71609878540039,9.659000396728516,273.1565856933594,222.36489868164062
64.45860290527344,17.057899475097656,273.2784118652344,204.88279724121094
61.13650131225586,14.216500282287598,275.9035949707031,215.28750610351562
67.0634994506836,19.07200050354004,271.32861328125,207.7707977294922
76.75630187988281,25.583900451660156,265.1697082519531,199.65069580078125
74.28050231933594,32.88570022583008,266.2101135253906,189.60240173339844
84.32579803466797,44.097999572753906,260.7632141113281,183.12269592285156
92.08709716796875,55.59170150756836,253.51649475097656,172.93150329589844
103.32019805908203,62.63420104980469,232.59060668945312,167.23770141601562
103.36180114746094,69.84339904785156,217.93319702148438,158.22669982910156
105.06529998779297,78.66739654541016,228.57029724121094,155.4488983154297
110.50240325927734,80.33670043945312,238.64779663085938,163.7696075439453
117.85030364990234,83.07209777832031,222.21270751953125,157.65049743652344
120.51619720458984,88.51840209960938,229.6925048828125,161.81939697265625
115.49009704589844,90.51490020751953,235.62429809570312,163.83839416503906
130.52870178222656,95.21620178222656,226.67129516601562,161.3665008544922
133.06179809570312,103.0531005859375,221.1020965576172,160.11270141601562
136.46429443359375,106.17759704589844,223.21209716796875,158.98660278320312
144.37640380859375,109.87940216064453,215.40289306640625,157.70550537109375
137.3905029296875,110.53379821777344,217.3572998046875,157.3809051513672
154.95509338378906,108.21910095214844,203.37379455566406,160.79710388183594
160.70260620117188,109.53730010986328,197.85150146484375,157.7386016845703
155.66200256347656,109.38639831542969,205.4945068359375,159.3083038330078
165.37229919433594,107.42739868164062,203.94000244140625,160.38070678710938
164.48190307617188,103.87529754638672,203.3531036376953,159.9405975341797
169.1851043701172,105.30290222167969,203.4604949951172,155.0738983154297
171.51229858398438,103.68930053710938,204.39329528808594,155.09280395507812
171.32960510253906,100.15339660644531,209.21510314941406,157.39149475097656
173.9071044921875,99.35320281982422,210.2960968017578,152.0316925048828
175.58580017089844,97.26170349121094,208.45899963378906,149.0402069091797
180.51719665527344,92.20189666748047,210.6540985107422,147.46620178222656
199.3125,112.60150146484375,196.30870056152344,122.5947036743164
187.81289672851562,88.48619842529297,217.3697052001953,141.56370544433594
205.9615936279297,112.04810333251953,200.35369873046875,116.1583023071289
197.27049255371094,85.85359954833984,212.39540100097656,135.05709838867188
212.8968963623047,107.1156005859375,202.41250610351562,118.83910369873047
207.2519073486328,88.30989837646484,208.4029998779297,135.4561004638672
213.31239318847656,107.21620178222656,204.43370056152344,124.64820098876953
215.79010009765625,100.19439697265625,205.17100524902344,125.15299987792969
212.69129943847656,94.51010131835938,211.9058074951172,134.20339965820312
216.66229248046875,101.63529968261719,211.27850341796875,128.25369262695312
218.0583953857422,97.7698974609375,212.26730346679688,125.37889862060547
218.49549865722656,94.45680236816406,216.59500122070312,127.63379669189453
218.4893035888672,93.50759887695312,216.09359741210938,126.33319854736328
218.8441925048828,89.91380310058594,216.05360412597656,130.22779846191406
221.360107421875,92.62039947509766,218.352294921875,126.51380157470703
223.47540283203125,87.59410095214844,215.8551025390625,137.2469024658203
222.36849975585938,96.79630279541016,213.9342041015625,126.25879669189453
222.41319274902344,95.10099792480469,222.89210510253906,132.82980346679688
230.3032989501953,95.72959899902344,212.58140563964844,129.09129333496094
218.53399658203125,103.66380310058594,224.13870239257812,119.36419677734375
227.53289794921875,95.89080047607422,230.36819458007812,127.502197265625
236.50210571289062,101.17620086669922,225.80960083007812,118.11940002441406
236.65989685058594,98.220703125,230.02769470214844,121.55110168457031
235.1656036376953,94.15540313720703,233.46389770507812,128.96969604492188
238.64630126953125,101.59130096435547,235.23570251464844,120.85279846191406
227.0084991455078,100.40370178222656,244.1544952392578,124.66120147705078
242.3822021484375,106.92389678955078,232.27479553222656,117.82039642333984
244.0491943359375,107.67759704589844,232.50360107421875,114.53050231933594
245.25509643554688,114.91010284423828,213.2196044921875,111.11830139160156
246.0605010986328,112.64469909667969,209.26010131835938,121.02429962158203
246.10569763183594,110.622802734375,203.34060668945312,126.50920104980469
242.06179809570312,117.16329956054688,204.5321044921875,122.0927963256836
239.7386016845703,118.5905990600586,204.67489624023438,124.34709930419922
238.402099609375,114.70929718017578,210.11410522460938,133.49159240722656
236.4709930419922,120.7738037109375,209.54339599609375,133.497802734375
236.5404052734375,118.48179626464844,207.85569763183594,137.00779724121094
236.7053985595703,117.98619842529297,209.85789489746094,137.64450073242188
231.4069061279297,116.25180053710938,217.5343017578125,142.618896484375
243.89529418945312,116.9176025390625,210.75,144.13580322265625
238.51539611816406,119.18090057373047,227.3524932861328,145.30569458007812
234.7052001953125,117.52850341796875,224.16839599609375,146.6027069091797
227.27749633789062,123.45110321044922,227.28550720214844,142.2628936767578
218.95289611816406,114.47019958496094,228.74530029296875,153.48719787597656
217.57260131835938,112.69619750976562,224.47549438476562,155.781005859375
212.43710327148438,110.6084976196289,229.25259399414062,159.52639770507812
207.5012969970703,110.4220962524414,222.1448974609375,160.11459350585938
200.74850463867188,108.993896484375,227.59669494628906,169.71499633789062
198.67880249023438,109.6427993774414,214.55589294433594,165.42640686035156
194.2133026123047,109.74510192871094,218.10299682617188,174.9730987548828
178.70449829101562,111.11759948730469,231.35679626464844,174.13360595703125
178.07769775390625,112.87830352783203,226.20860290527344,180.23989868164062
189.12159729003906,113.60440063476562,215.11300659179688,185.23880004882812
190.87049865722656,117.99169921875,209.90899658203125,185.82020568847656
186.2156982421875,118.60479736328125,211.44839477539062,191.28640747070312
189.17529296875,116.00650024414062,204.26950073242188,195.78050231933594
199.66900634765625,118.33200073242188,190.01089477539062,199.4073028564453
191.2635040283203,121.56700134277344,198.3209991455078,202.09620666503906
204.8000030517578,128.13450622558594,185.42149353027344,199.3148956298828
214.06329345703125,132.47230529785156,171.36160278320312,196.40269470214844
212.03590393066406,135.29620361328125,173.2353973388672,196.4084014892578
214.54910278320312,139.85850524902344,171.88169860839844,191.76229858398438
212.0487060546875,143.53109741210938,169.98919677734375,190.72279357910156
213.84829711914062,144.2041015625,164.8968963623047,190.22410583496094
205.64089965820312,136.09469604492188,170.58709716796875,198.9521942138672
192.80599975585938,132.00819396972656,182.77890014648438,203.6531982421875
184.67640686035156,121.66419982910156,182.51319885253906,219.5301055908203
177.83999633789062,111.41829681396484,184.29969787597656,225.20379638671875
176.51690673828125,112.55850219726562,180.8719940185547,223.83279418945312
171.89059448242188,115.10299682617188,179.79710388183594,229.4134979248047
164.1938934326172,116.30020141601562,179.89759826660156,236.26109313964844
160.8450927734375,113.87660217285156,176.40679931640625,236.5319061279297
153.1038055419922,116.68499755859375,177.7772979736328,220.677001953125
151.9062957763672,113.04290008544922,180.014892578125,236.6215057373047
145.9364013671875,115.16200256347656,179.60049438476562,242.2218017578125
143.7364959716797,116.79229736328125,177.4066925048828,240.22520446777344
137.38560485839844,103.48249816894531,180.56610107421875,251.3491973876953
135.91439819335938,107.5730972290039,179.029296875,245.5366973876953
131.74349975585938,109.96170043945312,176.5345001220703,243.98410034179688
128.5102996826172,105.45099639892578,188.60910034179688,250.39340209960938
124.6624984741211,108.72360229492188,180.5948028564453,248.55239868164062
122.18109893798828,100.13159942626953,185.63169860839844,253.97970581054688
116.89710235595703,99.85990142822266,198.5146026611328,252.6981964111328
109.20369720458984,108.72789764404297,194.47940063476562,246.66160583496094
102.1333999633789,100.19229888916016,201.25990295410156,254.10400390625
100.66400146484375,98.34030151367188,208.3029022216797,259.82501220703125
100.1072006225586,101.98290252685547,212.85169982910156,253.7126007080078
92.65149688720703,97.29100036621094,222.82049560546875,256.7452087402344
96.71620178222656,99.21980285644531,217.77200317382812,256.5663146972656
92.78299713134766,98.95760345458984,226.8690948486328,255.05580139160156
90.73590087890625,99.79620361328125,229.92579650878906,254.28700256347656
89.47760009765625,105.097900390625,227.2816925048828,248.8144989013672
88.94259643554688,100.68170166015625,230.1134033203125,254.0092010498047
82.40979766845703,104.3989028930664,241.5216064453125,250.51719665527344
84.95269775390625,102.00250244140625,243.63319396972656,248.39129638671875
79.51629638671875,111.21720123291016,251.71200561523438,238.16619873046875
77.3656005859375,110.22250366210938,251.7563934326172,233.80490112304688
74.33889770507812,104.98059844970703,253.93910217285156,239.7321014404297
63.45349884033203,120.51850128173828,261.2080993652344,225.43150329589844
69.37169647216797,122.33100128173828,256.6661071777344,220.71449279785156
68.63169860839844,127.0031967163086,258.9056091308594,220.5780029296875
69.31649780273438,129.2279052734375,257.3522033691406,215.93760681152344
68.93679809570312,130.16029357910156,251.44960021972656,212.32159423828125
72.22579956054688,133.5386962890625,245.9792022705078,208.79750061035156
71.27010345458984,134.3874969482422,246.2480926513672,210.04490661621094
79.44830322265625,134.8323974609375,238.94259643554688,213.1490020751953
79.43599700927734,137.70010375976562,235.53599548339844,209.78570556640625
86.69029998779297,138.0406951904297,236.02220153808594,213.9636993408203
94.3147964477539,142.67579650878906,219.46009826660156,206.35989379882812
106.05039978027344,144.40750122070312,205.47039794921875,210.8509979248047
110.45279693603516,147.8115997314453,192.24440002441406,200.6385040283203
118.46520233154297,154.1407012939453,180.34950256347656,190.0054931640625
127.16459655761719,158.08859252929688,164.91940307617188,196.98500061035156
138.2283935546875,163.89920043945312,147.40049743652344,194.1472930908203
150.63409423828125,157.43299865722656,122.24729919433594,200.8968963623047
162.77659606933594,181.36090087890625,91.98829650878906,176.51510620117188
179.73460388183594,243.44749450683594,61.50419998168945,113.87419891357422
176.1992950439453,190.60740661621094,55.022300720214844,169.39259338378906
163.05859375,168.2906036376953,78.14689636230469,130.7301025390625
134.96780395507812,175.08250427246094,115.50019836425781,183.13250732421875
126.31620025634766,168.8863983154297,142.35150146484375,187.71420288085938
119.4530029296875,177.27490234375,170.4145965576172,180.3887939453125
108.99240112304688,182.8675994873047,181.98629760742188,172.7041015625
104.74829864501953,171.32980346679688,201.70140075683594,185.7064971923828
101.9760971069336,184.05540466308594,203.5749969482422,171.04159545898438
97.1510009765625,176.864501953125,217.24310302734375,179.6614990234375
98.04850006103516,181.2333984375,223.02450561523438,174.45140075683594
98.19170379638672,179.53390502929688,224.44419860839844,178.17840576171875
105.28109741210938,180.9095001220703,218.01699829101562,173.3665008544922
107.52169799804688,189.38580322265625,221.81629943847656,164.2071990966797
115.64140319824219,206.3874053955078,196.6053924560547,141.36459350585938
115.68160247802734,190.8238983154297,221.60609436035156,154.65029907226562
126.93550109863281,192.2635955810547,215.03390502929688,151.14100646972656
127.5739974975586,192.13909912109375,220.79580688476562,152.24220275878906
133.3865966796875,196.73919677734375,217.69569396972656,147.44189453125
134.6405029296875,193.38690185546875,218.1387939453125,149.77459716796875
136.58700561523438,192.6309051513672,221.72889709472656,152.4868927001953
140.4127960205078,187.13710021972656,222.7720947265625,160.84950256347656
141.785400390625,185.18760681152344,228.04849243164062,162.59019470214844
146.56849670410156,177.66580200195312,232.18310546875,171.30230712890625
148.93539428710938,178.6967010498047,239.56509399414062,174.389892578125
154.83059692382812,175.29409790039062,240.6741943359375,174.12350463867188
156.14450073242188,173.44070434570312,245.37640380859375,177.9243927001953
162.18820190429688,168.41650390625,243.00830078125,180.79620361328125
165.96910095214844,169.16639709472656,244.5283966064453,176.87399291992188
173.13780212402344,167.90240478515625,240.06939697265625,163.62600708007812
173.22579956054688,162.01600646972656,239.13009643554688,174.27940368652344
175.0709991455078,160.10679626464844,247.27169799804688,189.30160522460938
176.55520629882812,157.28810119628906,239.1842041015625,193.09170532226562
177.25900268554688,152.75250244140625,243.24569702148438,194.0050048828125
178.29359436035156,150.45790100097656,243.00759887695312,198.0792999267578
177.70230102539062,147.10159301757812,238.9438018798828,195.493896484375
172.75599670410156,144.189697265625,242.64840698242188,202.57240295410156
170.7991943359375,138.7322998046875,242.5028076171875,211.96690368652344
164.91290283203125,137.90890502929688,245.90040588378906,211.31480407714844
162.3802032470703,137.6392059326172,250.51199340820312,209.57330322265625
161.19830322265625,124.21880340576172,249.5325927734375,226.7667999267578
167.07969665527344,121.75440216064453,239.06689453125,215.6020965576172
161.1573944091797,125.72309875488281,248.13450622558594,203.38670349121094
158.3022003173828,125.44930267333984,247.49569702148438,208.57699584960938
159.42930603027344,123.70989990234375,245.19320678710938,207.02099609375
161.93020629882812,126.564697265625,242.2729949951172,194.9241943359375
156.89830017089844,123.56990051269531,243.5435028076172,203.08360290527344
153.84109497070312,126.0239028930664,249.95730590820312,197.1038055419922
153.04800415039062,121.73609924316406,249.17689514160156,204.37649536132812
155.5290069580078,126.58370208740234,241.82310485839844,193.6873016357422
155.56919860839844,125.54609680175781,237.8114013671875,190.23060607910156
158.33360290527344,125.45110321044922,237.0677032470703,190.9259033203125
159.08990478515625,123.01699829101562,242.18240356445312,187.7602996826172
161.45750427246094,124.48210144042969,227.89199829101562,182.3426971435547
164.60960388183594,114.06099700927734,231.77330017089844,201.05870056152344
171.6376953125,120.18119812011719,211.7332000732422,184.57110595703125
178.95010375976562,114.3864974975586,202.15769958496094,190.97560119628906
188.1042022705078,121.27860260009766,172.61900329589844,183.87550354003906
196.07359313964844,105.40840148925781,179.2664031982422,195.7631072998047
205.8594970703125,124.15630340576172,158.89259338378906,174.38999938964844
205.26080322265625,120.42890167236328,164.4246063232422,178.08590698242188
205.0207061767578,121.05329895019531,157.4105987548828,175.52589416503906
203.9571075439453,117.0779037475586,157.98699951171875,185.47390747070312
205.23089599609375,118.75599670410156,155.04640197753906,178.69769287109375
199.69090270996094,115.61820220947266,155.54519653320312,188.7169952392578
199.7967987060547,117.17890167236328,152.69239807128906,189.2393035888672
202.5290985107422,116.01640319824219,148.20790100097656,189.82679748535156
202.17950439453125,115.9114990234375,144.2041015625,195.37100219726562
204.1875,115.18509674072266,132.7677001953125,195.38450622558594
202.11410522460938,114.89219665527344,127.31120300292969,200.99549865722656
201.1759033203125,112.8727035522461,119.80490112304688,191.7248992919922
201.16900634765625,109.90799713134766,112.30829620361328,188.88999938964844
198.09640502929688,109.42880249023438,117.87359619140625,218.2646026611328
198.5843048095703,110.72940063476562,118.18930053710938,201.07749938964844
192.3009033203125,107.76809692382812,111.17050170898438,168.73159790039062
187.01499938964844,107.4364013671875,120.95929718017578,209.07949829101562
185.26809692382812,105.70709991455078,123.89250183105469,209.17059326171875
187.9591064453125,105.30840301513672,113.16220092773438,190.97019958496094
183.87770080566406,106.43730163574219,120.40180206298828,226.72779846191406
186.5366973876953,106.8781967163086,118.65339660644531,209.75790405273438
188.61180114746094,105.93219757080078,115.1073989868164,192.2205047607422
186.9907989501953,103.41000366210938,98.50270080566406,125.47679901123047
182.33099365234375,106.7477035522461,113.3405990600586,239.6959991455078
169.49400329589844,106.45539855957031,135.3101043701172,237.6154022216797
160.6313934326172,103.90859985351562,136.00970458984375,217.8231964111328
151.70050048828125,102.18319702148438,150.26510620117188,241.67759704589844
152.2364959716797,105.94259643554688,118.71099853515625,139.42919921875
153.15130615234375,109.41549682617188,108.44149780273438,122.21489715576172
146.24710083007812,106.70709991455078,122.7155990600586,162.3946075439453
145.50250244140625,105.72010040283203,146.35049438476562,246.09869384765625
144.6383056640625,108.13179779052734,152.43800354003906,222.0782012939453
149.75689697265625,111.49859619140625,147.19090270996094,214.152099609375
151.760498046875,118.22889709472656,151.7949981689453,232.41580200195312
136.71189880371094,113.7166976928711,168.4477996826172,239.02040100097656
131.11099243164062,115.80470275878906,168.4622039794922,220.71170043945312
132.07310485839844,123.30870056152344,170.13169860839844,218.7335968017578
118.59940338134766,122.87169647216797,182.82989501953125,226.16310119628906
112.97820281982422,133.3571014404297,180.77059936523438,206.1925048828125
109.36640167236328,132.2489013671875,190.40139770507812,220.79110717773438
100.11009979248047,130.92930603027344,184.4810028076172,198.49510192871094
101.8114013671875,127.49109649658203,197.11839294433594,226.20350646972656
85.4990005493164,122.86640167236328,211.9333953857422,231.843505859375
82.67520141601562,123.1791000366211,212.63499450683594,232.40480041503906
75.01119995117188,132.69729614257812,225.19419860839844,225.77609252929688
67.87059783935547,139.62449645996094,238.8968963623047,218.05630493164062
60.5463981628418,144.7469940185547,246.84890747070312,210.73300170898438
58.56930160522461,149.5457000732422,248.7783966064453,207.47430419921875
54.413299560546875,151.4857940673828,257.4049072265625,200.9071044921875
56.93230056762695,153.843505859375,255.20089721679688,197.92640686035156
51.53879928588867,159.21290588378906,254.68190002441406,196.2509002685547
49.95119857788086,158.55419921875,262.99090576171875,197.07569885253906
47.49810028076172,159.07730102539062,265.4267883300781,199.5883026123047
47.695098876953125,161.4824981689453,267.4855041503906,197.96560668945312
48.5265998840332,160.44790649414062,268.1484069824219,197.72760009765625
51.318199157714844,162.5041961669922,267.214111328125,196.28660583496094
55.662200927734375,163.0010986328125,263.6055908203125,196.9989013671875
57.652099609375,161.95799255371094,266.65289306640625,198.04200744628906
63.8671989440918,164.42539978027344,262.3807067871094,189.27020263671875
74.31109619140625,164.2779998779297,255.08599853515625,188.39120483398438
85.42790222167969,168.418701171875,249.70140075683594,175.8865966796875
94.33419799804688,164.05250549316406,260.6377868652344,187.1175994873047
105.89089965820312,167.2830047607422,257.4200134277344,178.1112060546875
120.24120330810547,171.94769287109375,255.82240295410156,174.1199951171875
133.9365997314453,179.8009033203125,247.12570190429688,156.25169372558594
151.1654052734375,186.56320190429688,241.0767059326172,143.66709899902344
164.82290649414062,199.53140258789062,239.185302734375,127.19709777832031
174.20509338378906,200.67210388183594,235.71380615234375,119.6801986694336
187.22779846191406,200.3321990966797,227.7917938232422,118.7063980102539
194.34620666503906,196.61480712890625,224.5832061767578,134.8740997314453
193.69949340820312,193.41920471191406,232.65390014648438,147.681396484375
198.42100524902344,194.3529052734375,228.51800537109375,157.30569458007812
198.672607421875,195.51980590820312,231.83270263671875,157.11419677734375
195.65699768066406,199.22850036621094,238.0157928466797,156.25909423828125
188.21200561523438,203.25230407714844,238.0937957763672,156.74769592285156
166.9821014404297,218.00289916992188,251.13949584960938,140.27589416503906
171.2427978515625,229.9552001953125,237.03709411621094,128.0316925048828
170.12770080566406,255.75210571289062,213.2288055419922,97.97039794921875
214.27540588378906,275.8861083984375,125.07720184326172,78.8147964477539
149.2218017578125,269.9034118652344,210.9282989501953,89.19499969482422
131.9813995361328,275.5481872558594,214.93319702148438,84.44979858398438
113.8676986694336,267.0859069824219,220.18370056152344,92.91410064697266
137.17869567871094,263.3315124511719,187.34449768066406,96.2948989868164
103.17729949951172,259.0137939453125,186.44149780273438,100.98619842529297
89.14289855957031,255.04429626464844,183.43429565429688,104.95570373535156
56.30979919433594,249.15679931640625,182.83700561523438,110.84320068359375
52.8385009765625,246.389892578125,191.99070739746094,113.21620178222656
51.2671012878418,240.35589599609375,187.92919921875,119.64409637451172
45.794700622558594,235.38800048828125,189.5657958984375,124.61199951171875
48.85070037841797,236.783203125,188.718505859375,123.216796875
51.435001373291016,228.42010498046875,190.8292999267578,130.5299072265625
57.921600341796875,225.7122039794922,194.47520446777344,132.04159545898438
67.00700378417969,226.3061981201172,187.54620361328125,130.73390197753906
78.16290283203125,219.50999450683594,181.6927032470703,138.80560302734375
89.78489685058594,218.92379760742188,175.77110290527344,139.46090698242188
93.91899871826172,220.62469482421875,176.30459594726562,133.64889526367188
89.53050231933594,197.54429626464844,191.55079650878906,136.3946075439453
94.17019653320312,169.48489379882812,180.94900512695312,156.5756072998047
105.82340240478516,143.5854034423828,171.22500610351562,180.89999389648438
115.17279815673828,114.45069885253906,174.1634063720703,197.89830017089844
119.45189666748047,95.0636978149414,198.07130432128906,192.82330322265625
133.3173065185547,84.03739929199219,173.74380493164062,204.67379760742188
143.1741943359375,67.12079620361328,175.0424041748047,195.76510620117188
160.34710693359375,57.07740020751953,163.72760009765625,214.80960083007812
183.2292938232422,54.37480163574219,139.0594024658203,216.64610290527344
186.0605010986328,52.43539810180664,148.2310028076172,212.63290405273438
194.71389770507812,42.02050018310547,157.1616973876953,225.8206024169922
201.5142059326172,49.78450012207031,166.43800354003906,223.58799743652344
200.68280029296875,55.177799224853516,182.57049560546875,227.9364013671875
203.2248992919922,67.3125991821289,198.54769897460938,226.6855010986328
208.60369873046875,89.50769805908203,207.80889892578125,209.98519897460938
214.5200958251953,110.28379821777344,216.03370666503906,194.67730712890625
204.595703125,136.0030059814453,220.02090454101562,187.464599609375
196.0355987548828,162.74569702148438,222.78790283203125,160.5970001220703
227.14109802246094,186.04640197753906,185.6685028076172,136.1278076171875
212.91099548339844,201.19110107421875,195.03109741210938,121.31510162353516
208.5471954345703,230.6562042236328,189.8636932373047,95.9738998413086
231.51699829101562,230.57359313964844,162.34800720214844,109.37249755859375
224.6416015625,238.86990356445312,156.74879455566406,76.06390380859375
166.860107421875,223.50509643554688,215.48789978027344,128.98170471191406
177.27969360351562,229.5727996826172,208.86529541015625,118.14179992675781
212.014404296875,240.76150512695312,169.2209930419922,101.6593017578125
153.00819396972656,221.4929962158203,227.19219970703125,129.45860290527344
171.50450134277344,231.66690063476562,203.16140747070312,111.3740005493164
207.14979553222656,226.16290283203125,168.9176025390625,111.7343978881836
172.5760040283203,202.45950317382812,192.81419372558594,145.5677032470703
205.29209899902344,217.5498046875,162.48739624023438,115.12149810791016
168.6829071044922,206.6678009033203,198.40370178222656,127.91560363769531
200.45359802246094,213.5644073486328,158.95570373535156,112.83499908447266
183.68389892578125,206.8802032470703,176.68910217285156,117.54959869384766
213.4055938720703,213.13250732421875,143.36109924316406,112.89330291748047
193.46910095214844,201.6027069091797,162.2510986328125,119.17549896240234
187.82009887695312,195.343994140625,172.11520385742188,120.168701171875
195.50860595703125,190.49169921875,161.402099609375,116.96540069580078
141.4720001220703,179.481201171875,218.50819396972656,126.47509765625
155.38890075683594,177.8354034423828,211.9185028076172,125.10320281982422
176.86399841308594,177.23779296875,188.02960205078125,122.18280029296875
145.51010131835938,173.74229431152344,216.89309692382812,122.6594009399414
169.2303009033203,173.1676025390625,182.93099975585938,115.30509948730469
140.99169921875,168.15359497070312,209.7987060546875,119.14140319824219
152.9174041748047,166.87489318847656,189.68789672851562,119.45809936523438
140.84519958496094,160.26370239257812,202.0207977294922,126.7479019165039
151.49639892578125,156.98980712890625,183.9875030517578,129.13580322265625
153.1876983642578,156.83070373535156,182.63189697265625,131.9344940185547
161.0457000732422,155.8721923828125,173.0802001953125,137.62210083007812
175.5594940185547,152.8928985595703,157.05540466308594,141.152099609375
162.8867950439453,152.6168975830078,167.1298065185547,147.9678955078125
178.8990020751953,149.85299682617188,151.2028045654297,152.36900329589844
179.54080200195312,143.8632049560547,150.40280151367188,159.922607421875
176.7239990234375,142.3616943359375,150.87530517578125,160.53179931640625
158.0933074951172,126.69850158691406,163.85350036621094,171.4407958984375
152.4362030029297,131.3083953857422,167.95359802246094,170.9011993408203
163.57040405273438,139.12600708007812,155.0478057861328,162.7259063720703
162.27420043945312,128.94459533691406,157.51910400390625,170.60000610351562
159.2425994873047,137.0196990966797,165.3961944580078,165.68080139160156
159.9208984375,138.73440551757812,164.17950439453125,166.23789978027344
154.74029541015625,134.10069274902344,160.72349548339844,163.85479736328125
159.65809631347656,136.08160400390625,155.44979858398438,165.60110473632812
160.3043975830078,134.35079956054688,163.660400390625,170.677001953125
163.38780212402344,132.55299377441406,155.92739868164062,169.28970336914062
158.08180236816406,131.24139404296875,165.6840057373047,170.23789978027344
156.3509063720703,121.97930145263672,163.9669952392578,177.83299255371094
150.1132049560547,125.99929809570312,169.40679931640625,165.55470275878906
153.8271942138672,128.33230590820312,168.06939697265625,158.81089782714844
153.72889709472656,124.26029968261719,166.6602020263672,157.9281005859375
150.89230346679688,128.67820739746094,170.4237060546875,150.87789916992188
143.22239685058594,126.65440368652344,176.2996063232422,145.0290069580078
141.72340393066406,124.78829956054688,176.97669982910156,144.17359924316406
147.94580078125,129.5373992919922,170.8029022216797,141.97349548339844
137.93479919433594,127.37470245361328,177.1927947998047,141.50860595703125
140.4405975341797,128.3824005126953,171.87939453125,141.2344970703125
139.2917022705078,130.81190490722656,175.0157928466797,138.04769897460938
133.7779998779297,131.13479614257812,177.86529541015625,133.73500061035156
136.5511016845703,126.46990203857422,175.6674041748047,145.02760314941406
137.1884002685547,129.97039794921875,171.43960571289062,141.2333984375
136.09629821777344,132.14810180664062,171.72869873046875,140.43910217285156
136.2646026611328,133.091796875,171.93280029296875,144.72149658203125
136.31820678710938,128.94349670410156,174.33729553222656,150.88450622558594
134.90350341796875,135.13279724121094,177.95289611816406,150.83009338378906
133.93490600585938,131.20399475097656,184.41380310058594,152.71029663085938
134.75860595703125,129.8603057861328,189.7821044921875,161.3704071044922
131.23179626464844,123.4446029663086,192.68460083007812,160.08380126953125
137.5216064453125,125.49659729003906,189.52760314941406,166.3459014892578
138.3614044189453,123.41429901123047,192.08360290527344,165.77529907226562
139.2532958984375,116.01010131835938,188.1956024169922,173.7091064453125
149.3800048828125,122.20240020751953,180.49490356445312,168.42149353027344
143.41259765625,119.35679626464844,195.64059448242188,172.39630126953125
147.57009887695312,123.13079833984375,189.75450134277344,168.92520141601562
148.66940307617188,114.03160095214844,184.49139404296875,178.0832977294922
152.6240997314453,120.97229766845703,172.00759887695312,172.74290466308594
160.17520141601562,120.533203125,168.67860412597656,175.85549926757812
170.0648956298828,126.30899810791016,156.88079833984375,169.7490997314453
166.39120483398438,131.50030517578125,155.2447052001953,159.59730529785156
161.7845001220703,130.0117950439453,159.33509826660156,161.20530700683594
166.13580322265625,133.3153076171875,155.7863006591797,155.65420532226562
157.34730529785156,132.0238037109375,163.57139587402344,158.73739624023438
162.17909240722656,138.4145965576172,157.9261016845703,148.78399658203125
149.49380493164062,133.14630126953125,173.24119567871094,153.50360107421875
162.43479919433594,143.36000061035156,163.7028045654297,143.7436065673828
138.58880615234375,135.9700927734375,189.06739807128906,145.88369750976562
140.4821014404297,139.904296875,193.38450622558594,140.86509704589844
128.64149475097656,137.7602996826172,201.22579956054688,142.41009521484375
129.86630249023438,139.1779022216797,201.98849487304688,138.99729919433594
128.59129333496094,141.54249572753906,208.18699645996094,134.27220153808594
122.58170318603516,142.2156982421875,221.41119384765625,133.15289306640625
129.70840454101562,145.93809509277344,209.0843048095703,123.956298828125
133.79209899902344,150.01739501953125,212.3383026123047,114.49700164794922
111.12930297851562,151.43980407714844,229.522705078125,108.69640350341797
122.12779998779297,162.37179565429688,223.13999938964844,96.54869842529297
105.20860290527344,164.05209350585938,236.90139770507812,87.1177978515625
111.12750244140625,174.80079650878906,226.9145050048828,77.03209686279297
138.9949951171875,177.70309448242188,193.5565948486328,77.22940063476562
102.00540161132812,175.1540985107422,235.92210388183594,80.7593002319336
105.17279815673828,179.00509643554688,230.5117950439453,75.82160186767578
103.87770080566406,184.9188995361328,229.3282012939453,66.2750015258789
101.6176986694336,191.4268035888672,230.86099243164062,64.81210327148438
104.0634994506836,192.3970947265625,235.7227020263672,63.135799407958984
114.16349792480469,198.11880493164062,216.09129333496094,58.897300720214844
158.610107421875,197.88949584960938,184.60369873046875,58.934200286865234
146.29449462890625,199.4741973876953,192.7261962890625,58.16849899291992
147.9365997314453,192.91839599609375,186.06539916992188,65.51399993896484
146.7487030029297,185.99859619140625,184.4362030029297,75.5719985961914
109.21959686279297,180.49769592285156,226.83619689941406,83.58979797363281
155.84060668945312,171.75210571289062,184.397705078125,99.90540313720703
128.70989990234375,166.62429809570312,211.80760192871094,95.47760009765625
129.4022979736328,165.1020965576172,213.5001983642578,92.66169738769531
124.77310180664062,159.7333984375,219.710205078125,97.8646011352539
144.56900024414062,153.91839599609375,198.9394989013672,101.72129821777344
124.43160247802734,145.6761932373047,220.41859436035156,109.125
127.59660339355469,132.8553924560547,218.58059692382812,122.95819854736328
152.23069763183594,128.46180725097656,193.26730346679688,126.07430267333984
148.8173065185547,126.0990982055664,195.466796875,129.19979858398438
139.7908935546875,122.74980163574219,202.28900146484375,134.1844940185547
155.31080627441406,125.66690063476562,179.23939514160156,129.66639709472656
148.29440307617188,122.82099914550781,186.568603515625,135.63279724121094
143.43609619140625,127.71759796142578,185.1909942626953,132.8437042236328
138.81480407714844,131.3470001220703,195.18960571289062,130.3325958251953
145.1623992919922,128.02169799804688,190.4774932861328,135.85719299316406
138.7064971923828,129.1790008544922,191.57139587402344,136.3616943359375
144.9290008544922,133.73550415039062,189.3737030029297,134.37240600585938
140.05470275878906,129.64010620117188,195.9633026123047,134.81190490722656
142.37969970703125,130.11770629882812,197.04930114746094,131.9864959716797
142.7725067138672,132.38389587402344,195.84620666503906,126.19439697265625
148.50399780273438,128.79739379882812,196.40220642089844,133.4741973876953
147.4342041015625,123.87969970703125,200.69509887695312,132.02920532226562
148.0189971923828,122.05789947509766,198.70120239257812,137.0290985107422
146.65060424804688,122.33450317382812,201.5791015625,137.54879760742188
154.62289428710938,125.01339721679688,192.32769775390625,133.89370727539062
159.54629516601562,125.04309844970703,189.27110290527344,133.45799255371094
152.41529846191406,125.2697982788086,196.939697265625,135.43710327148438
151.2313995361328,123.67320251464844,195.13729858398438,137.5063018798828
149.53770446777344,127.78060150146484,191.49349975585938,133.76519775390625
152.3455047607422,128.38760375976562,184.37559509277344,131.25540161132812
154.70590209960938,129.30990600585938,178.51190185546875,130.20509338378906
156.69760131835938,132.38670349121094,169.7032012939453,129.99569702148438
165.99530029296875,131.9665985107422,158.77420043945312,128.15390014648438
161.23919677734375,137.76319885253906,156.77859497070312,122.768798828125
165.64430236816406,137.75030517578125,155.3195037841797,119.14839935302734
164.4093017578125,136.5989990234375,155.1114959716797,118.07849884033203
161.9947052001953,131.81239318847656,160.0572052001953,120.64199829101562
158.60459899902344,129.73240661621094,166.3218994140625,126.88279724121094
153.62030029296875,129.37879943847656,174.85189819335938,133.39759826660156
144.04769897460938,129.8719940185547,179.1519012451172,130.67449951171875
138.36199951171875,132.29299926757812,189.7322998046875,130.1024932861328
135.60369873046875,133.8950958251953,186.960205078125,128.1667022705078
135.63429260253906,138.75340270996094,189.67239379882812,126.63099670410156
132.00340270996094,131.95230102539062,192.31649780273438,131.5218048095703
128.5872039794922,137.10079956054688,184.68710327148438,125.68470001220703
127.22100067138672,131.30320739746094,184.92849731445312,130.68080139160156
124.3927993774414,130.5269012451172,193.2346954345703,126.0353012084961
124.8322982788086,133.04249572753906,192.19459533691406,125.1178970336914
124.00019836425781,128.01730346679688,190.91270446777344,123.03610229492188
123.46260070800781,129.43280029296875,193.1750946044922,119.3395004272461
127.72760009765625,130.63519287109375,186.8874053955078,117.01580047607422
127.16410064697266,134.38009643554688,194.0991973876953,112.61820220947266
127.74130249023438,134.47430419921875,201.97329711914062,113.34970092773438
132.41290283203125,135.00430297851562,199.9687957763672,103.93350219726562
136.58450317382812,132.23660278320312,196.5491943359375,103.11119842529297
135.65829467773438,129.7333984375,198.63290405273438,102.11949920654297
144.24839782714844,127.38610076904297,195.27090454101562,96.55789947509766
137.99620056152344,131.0166015625,204.9925994873047,92.61669921875
165.57330322265625,132.24130249023438,177.4508056640625,89.8197021484375
141.90440368652344,136.02259826660156,201.18789672851562,86.46179962158203
156.41270446777344,138.1903076171875,186.86590576171875,80.74140167236328
154.6134033203125,142.08290100097656,188.93359375,76.89849853515625
165.4532928466797,143.43020629882812,177.6562042236328,75.2968978881836
144.60800170898438,138.99490356445312,199.31640625,84.46109771728516
154.6739959716797,141.64979553222656,188.8155059814453,80.1416015625
159.48129272460938,138.6383056640625,184.77540588378906,82.52359771728516
162.60279846191406,142.80569458007812,179.622802734375,77.53250122070312
166.24510192871094,138.9279022216797,176.30599975585938,78.96949768066406
155.16859436035156,147.0657958984375,189.53390502929688,76.5635986328125
156.9842071533203,147.88699340820312,186.8824005126953,74.43769836425781
164.3072052001953,148.02789306640625,181.0644073486328,72.0322036743164
154.23500061035156,149.15440368652344,191.76109313964844,77.40249633789062
150.01690673828125,147.91879272460938,198.37840270996094,78.52790069580078
145.32119750976562,147.70970153808594,205.0605926513672,77.29540252685547
145.2574005126953,149.4510955810547,205.65249633789062,78.27369689941406
131.61199951171875,147.52769470214844,219.6945037841797,76.62779998779297
147.51809692382812,148.22520446777344,204.7133026123047,76.74169921875
129.97189331054688,146.33949279785156,222.39239501953125,81.393798828125
141.67919921875,146.44039916992188,211.24569702148438,76.11109924316406
126.74579620361328,149.57049560546875,226.08450317382812,79.88809967041016
127.5801010131836,146.6707000732422,225.5272979736328,81.91429901123047
132.27960205078125,150.3845977783203,221.23089599609375,83.33300018310547
127.43370056152344,148.57569885253906,224.76930236816406,91.17430114746094
134.7664031982422,148.32789611816406,215.6772003173828,92.43910217285156
133.0673065185547,153.2104034423828,217.20660400390625,93.1697006225586
131.82679748535156,152.50779724121094,214.86630249023438,103.63390350341797
141.93760681152344,156.60069274902344,202.7277069091797,104.02749633789062
141.80979919433594,159.22799682617188,204.0240936279297,108.15670013427734
138.68609619140625,159.5283966064453,201.43850708007812,115.52410125732422
134.71029663085938,155.435302734375,209.38209533691406,128.88369750976562
136.09019470214844,153.9427032470703,211.027099609375,132.914794921875
136.70989990234375,154.35769653320312,212.3551025390625,140.75509643554688
143.43809509277344,151.4272003173828,206.1343994140625,144.8459014892578
148.9958953857422,147.8834991455078,199.27659606933594,150.34280395507812
148.8874969482422,141.0312042236328,206.9228973388672,161.2801055908203
144.45289611816406,149.9644012451172,210.764892578125,155.2012939453125
147.576904296875,140.54550170898438,210.89990234375,165.3240966796875
157.76519775390625,147.58200073242188,196.82879638671875,157.4980010986328
159.29139709472656,148.60609436035156,196.589599609375,155.4342041015625
161.5771026611328,150.2299041748047,191.88279724121094,153.20069885253906
167.3701934814453,149.4178009033203,180.9053955078125,153.95530700683594
161.293701171875,147.85130310058594,187.29510498046875,161.30880737304688
166.93460083007812,158.2512969970703,177.3291015625,146.6407928466797
149.24940490722656,145.54310607910156,191.32040405273438,157.17799377441406
156.95350646972656,155.06539916992188,183.44290161132812,147.83270263671875
164.4499053955078,159.08999633789062,172.05279541015625,141.5930938720703
150.38180541992188,151.30490112304688,175.04519653320312,146.1009979248047
153.8018035888672,157.40660095214844,169.414794921875,135.7144012451172
147.9871063232422,155.54029846191406,173.30960083007812,132.62379455566406
132.25869750976562,150.2631072998047,187.39979553222656,138.54840087890625
126.0093994140625,143.53729248046875,189.00909423828125,135.1544952392578
118.31700134277344,140.18850708007812,205.24290466308594,132.5435028076172
109.77799987792969,141.47329711914062,211.8347930908203,129.93260192871094
102.50579833984375,143.79739379882812,216.57229614257812,120.6552963256836
102.47219848632812,142.3105926513672,208.41229248046875,119.5656967163086
127.12879943847656,143.11489868164062,187.2843017578125,116.45649719238281
100.85559844970703,145.8361053466797,208.91409301757812,114.72309875488281
121.706298828125,143.591796875,178.15379333496094,105.38529968261719
100.99949645996094,156.0518035888672,211.03700256347656,88.20210266113281
128.52439880371094,160.6320037841797,182.19830322265625,83.07669830322266
144.76100158691406,159.7191925048828,173.94590759277344,82.14640045166016
169.02659606933594,163.65240478515625,144.19650268554688,76.13860321044922
169.57960510253906,165.80299377441406,139.13209533691406,70.87640380859375
159.37449645996094,172.22610473632812,157.38909912109375,64.91100311279297
175.8715057373047,175.7259063720703,141.40359497070312,59.487098693847656
158.3040008544922,177.51170349121094,162.49630737304688,60.640499114990234
176.93789672851562,176.90199279785156,144.82809448242188,57.48789978027344
157.69129943847656,175.9824981689453,163.4102020263672,67.05780029296875
174.0142059326172,173.8249969482422,143.5850067138672,64.2052001953125
177.02870178222656,173.62539672851562,142.63909912109375,68.28900146484375
179.07989501953125,174.00070190429688,140.83580017089844,66.09809875488281
176.28460693359375,172.52340698242188,144.1322021484375,77.46869659423828
119.31520080566406,169.83509826660156,205.7165985107422,103.95610046386719
173.76629638671875,171.00830078125,148.96560668945312,92.62950134277344
150.9635009765625,168.71099853515625,177.9062957763672,100.34339904785156
180.6197052001953,168.04420471191406,153.5384063720703,99.35169982910156
131.70809936523438,172.35330200195312,200.1367950439453,112.46900177001953
193.1322021484375,170.302001953125,149.33709716796875,104.51429748535156
149.25050354003906,169.3437042236328,187.59039306640625,124.51750183105469
149.14059448242188,169.25030517578125,198.6949005126953,132.5644989013672
212.4727020263672,167.5438995361328,140.67930603027344,116.7511978149414
162.63259887695312,165.22549438476562,191.70509338378906,137.26870727539062
164.43260192871094,160.2429962158203,193.64169311523438,148.93539428710938
173.53179931640625,155.23739624023438,192.59890747070312,147.95269775390625
176.4600067138672,140.52099609375,193.81370544433594,161.63299560546875
188.66439819335938,138.94610595703125,179.00840759277344,157.28509521484375
181.77969360351562,126.76629638671875,188.61610412597656,176.15150451660156
235.76109313964844,120.89119720458984,133.52369689941406,147.86929321289062
203.29550170898438,127.08280181884766,162.5220947265625,147.5334930419922
194.4145965576172,112.76010131835938,168.88819885253906,174.50079345703125
200.1947021484375,109.66300201416016,161.79139709472656,179.77999877929688
198.65660095214844,114.56629943847656,156.0695037841797,177.06219482421875
199.07249450683594,114.17379760742188,153.2958984375,176.36279296875
198.2978057861328,114.32589721679688,149.8927001953125,179.19180297851562
196.07839965820312,120.94439697265625,148.34500122070312,173.08689880371094
196.14639282226562,129.90960693359375,139.59539794921875,168.91799926757812
197.08700561523438,134.60519409179688,137.69639587402344,165.48939514160156
192.81680297851562,135.2978973388672,140.55979919433594,167.64779663085938
194.87530517578125,126.00499725341797,132.9373016357422,175.98739624023438
190.68960571289062,124.73359680175781,135.9239044189453,181.14779663085938
190.86700439453125,121.7406005859375,128.8520050048828,173.3343048095703
189.5135040283203,118.00640106201172,129.77439880371094,181.40829467773438
189.4748992919922,114.78209686279297,128.852294921875,183.09829711914062
223.0070037841797,102.18579864501953,126.868896484375,173.04539489746094
182.1147003173828,118.18840026855469,134.9127960205078,179.96749877929688
182.05250549316406,119.61209869384766,137.46420288085938,179.40159606933594
183.49819946289062,121.60549926757812,144.84750366210938,174.37899780273438
180.6156005859375,121.79109954833984,145.45350646972656,165.4694061279297
179.96060180664062,123.64910125732422,150.03399658203125,171.15859985351562
183.39759826660156,126.27429962158203,146.27589416503906,138.23519897460938
173.9741973876953,124.22879791259766,153.51609802246094,154.08509826660156
174.2183074951172,131.26800537109375,151.97320556640625,152.30320739746094
171.77720642089844,135.11180114746094,157.39549255371094,152.23519897460938
173.63180541992188,136.7884979248047,152.83399963378906,146.7357940673828
178.252197265625,133.71780395507812,156.65139770507812,127.33419799804688
179.2445068359375,130.74169921875,146.0594024658203,134.1949005126953
184.1230010986328,131.35519409179688,131.9259033203125,129.0325927734375
172.8737030029297,135.77589416503906,150.9969024658203,124.72100067138672
159.42239379882812,132.85260009765625,154.0458984375,131.993896484375
143.1063995361328,132.11000061035156,167.4438018798828,138.41050720214844
157.91529846191406,129.6038055419922,154.31570434570312,131.947998046875
145.64979553222656,127.40190124511719,162.8260955810547,135.39830017089844
133.66079711914062,122.35079956054688,170.03759765625,137.5570068359375
124.05259704589844,116.00810241699219,176.16200256347656,155.60960388183594
123.1572036743164,113.21589660644531,177.60220336914062,179.30799865722656
121.03119659423828,111.97959899902344,200.09910583496094,168.1934051513672
118.3948974609375,110.70980072021484,181.41299438476562,181.2947998046875
119.10299682617188,110.65889739990234,194.1230926513672,137.3363037109375
113.5634994506836,113.50779724121094,185.27529907226562,174.01109313964844
111.82260131835938,108.34349822998047,202.51300048828125,171.26939392089844
107.9823989868164,108.00689697265625,204.4521942138672,175.68910217285156
103.80269622802734,109.46099853515625,204.50759887695312,172.79229736328125
100.34149932861328,108.30889892578125,210.66360473632812,168.58360290527344
97.37519836425781,108.2416000366211,216.43020629882812,169.10679626464844
98.11129760742188,108.25879669189453,223.65280151367188,177.722900390625
98.9625015258789,109.08869934082031,233.7216033935547,177.99969482421875
95.12359619140625,109.88159942626953,233.73410034179688,176.47509765625
97.27179718017578,109.54119873046875,242.3262939453125,180.2707061767578
94.56790161132812,112.29840087890625,253.97979736328125,177.33489990234375
95.69879913330078,112.55919647216797,257.4516906738281,179.2602996826172
98.43620300292969,116.58599853515625,261.03948974609375,179.164306640625
97.80120086669922,113.04180145263672,264.3218078613281,184.57420349121094
97.20690155029297,114.618896484375,265.9706115722656,190.264404296875
98.779296875,116.67109680175781,266.10430908203125,192.25430297851562
99.06880187988281,118.56900024414062,260.1449890136719,191.59620666503906
104.9977035522461,121.885498046875,260.5979919433594,189.36279296875
103.97689819335938,124.05680084228516,249.72140502929688,191.5305938720703
107.3197021484375,126.51129913330078,260.2970886230469,192.9871063232422
108.25129699707031,114.12779998779297,247.91490173339844,208.37399291992188
108.2083969116211,115.04550170898438,255.14920043945312,208.62550354003906
115.69830322265625,135.70809936523438,247.99049377441406,185.01190185546875
115.68199920654297,123.0470962524414,242.16990661621094,202.2993927001953
114.82150268554688,115.65879821777344,244.69369506835938,209.36630249023438
117.97370147705078,112.1709976196289,237.19239807128906,213.18699645996094
121.84300231933594,135.42649841308594,233.37069702148438,189.74020385742188
123.3864974975586,126.60279846191406,233.59800720214844,194.4980926513672
128.84140014648438,121.91729736328125,223.3426055908203,202.24850463867188
131.93760681152344,141.90750122070312,218.28700256347656,178.3529052734375
135.22720336914062,131.6356964111328,222.55490112304688,185.41400146484375
134.53160095214844,134.49530029296875,218.54159545898438,178.0155029296875
147.97189331054688,134.66830444335938,208.1793975830078,125.54530334472656
147.7783966064453,140.02000427246094,211.72889709472656,149.55230712890625
153.843505859375,134.92999267578125,204.46389770507812,114.50959777832031
146.73460388183594,144.72560119628906,214.34930419921875,122.17960357666016
148.97439575195312,138.8636932373047,208.0561065673828,102.13150024414062
133.81689453125,146.18299865722656,222.42100524902344,135.3677978515625
157.6009979248047,137.44459533691406,193.53729248046875,81.8906021118164
152.02430725097656,141.64169311523438,208.61399841308594,122.19519805908203
160.50469970703125,138.64039611816406,191.62100219726562,79.6978988647461
142.3083953857422,138.6096954345703,214.03199768066406,136.04769897460938
155.09039306640625,138.3195037841797,197.2010040283203,87.12220001220703
124.63939666748047,137.5124969482422,226.35650634765625,145.48109436035156
136.8155059814453,137.13479614257812,206.54110717773438,129.22390747070312
121.96730041503906,136.28460693359375,221.80369567871094,147.42660522460938
156.98049926757812,141.04580688476562,180.6071014404297,92.45149993896484
112.88590240478516,130.07879638671875,224.37680053710938,163.23550415039062
110.11430358886719,140.92239379882812,221.33050537109375,157.6201934814453
110.45600128173828,120.83460235595703,231.756103515625,174.6259002685547
101.79119873046875,115.5291976928711,277.147705078125,179.81370544433594
102.30490112304688,128.65699768066406,241.8614959716797,164.62229919433594
99.0302963256836,144.2718048095703,239.35409545898438,148.83590698242188
130.7039031982422,130.970703125,269.45928955078125,148.04600524902344
152.36349487304688,146.06930541992188,196.2241973876953,133.7082977294922
93.93009948730469,150.5991973876953,243.7292938232422,144.614501953125
105.74349975585938,156.6959991455078,222.86680603027344,130.30819702148438
87.3468017578125,155.68299865722656,244.9633026123047,142.3513946533203
85.01349639892578,156.02349853515625,243.0229949951172,141.8070068359375
83.07630157470703,158.0137939453125,246.26519775390625,141.6540069580078
80.51260375976562,157.27330017089844,244.89779663085938,141.50270080566406
75.24749755859375,155.44839477539062,254.11439514160156,144.8885955810547
77.01409912109375,155.66000366210938,248.83250427246094,147.7512969970703
71.40160369873047,161.285400390625,251.3760986328125,142.85000610351562
73.11689758300781,154.9604949951172,251.48060607910156,149.63070678710938
71.7061996459961,154.54010009765625,252.92230224609375,152.69839477539062
71.35070037841797,157.39810180664062,248.5399932861328,148.9241943359375
71.96589660644531,152.4510955810547,251.7187042236328,155.48599243164062
69.91000366210938,150.3665008544922,256.1166076660156,155.61680603027344
70.03189849853516,146.75050354003906,255.1298065185547,155.0301971435547
70.47599792480469,152.55020141601562,242.2436065673828,149.3907928466797
69.9188003540039,145.2823944091797,250.56689453125,153.11129760742188
70.78079986572266,147.7238006591797,249.14590454101562,152.1486053466797
71.13839721679688,148.7292938232422,245.92059326171875,155.4875030517578
72.7249984741211,139.7958984375,247.34230041503906,164.8314971923828
73.14969635009766,140.0522003173828,248.26429748535156,164.0684051513672
75.6718978881836,137.2834014892578,240.77999877929688,168.23060607910156
75.85250091552734,139.8574981689453,243.41830444335938,168.42669677734375
75.72879791259766,131.5637969970703,239.24029541015625,178.2425994873047
78.00969696044922,135.3719940185547,241.2729034423828,176.46780395507812
77.6250991821289,125.55760192871094,231.53089904785156,181.88510131835938
75.70590209960938,130.20489501953125,234.35440063476562,177.7593994140625
75.94139862060547,124.30259704589844,236.7816925048828,175.94430541992188
73.34290313720703,122.90399932861328,238.0861053466797,173.54359436035156
77.52469635009766,117.56790161132812,227.08580017089844,172.2969970703125
73.79660034179688,116.96859741210938,224.2436981201172,170.45469665527344
70.53160095214844,115.50890350341797,238.36109924316406,166.74989318847656
78.42410278320312,115.36869812011719,222.1522979736328,163.7104034423828
71.71739959716797,112.01840209960938,242.32749938964844,162.38450622558594
69.68199920654297,113.17890167236328,230.74229431152344,161.26060485839844
67.73560333251953,110.7936019897461,236.22340393066406,158.86619567871094
77.85199737548828,109.7468032836914,238.45770263671875,158.4138946533203
75.39330291748047,111.59940338134766,231.1096954345703,154.2563934326172
72.45429992675781,111.15519714355469,235.8032989501953,153.22109985351562
78.5802001953125,111.23889923095703,234.7476043701172,155.53610229492188
75.4468994140625,110.84819793701172,237.31640625,152.408203125
78.77539825439453,110.96279907226562,231.50120544433594,150.9114990234375
79.3822021484375,111.306396484375,233.9833984375,150.88389587402344
80.48509979248047,109.97019958496094,229.46949768066406,154.82040405273438
81.03970336914062,110.82270050048828,228.9532012939453,151.69810485839844
86.64209747314453,108.7667007446289,224.37660217285156,152.7366943359375
88.17160034179688,106.24810028076172,226.1934051513672,148.1157989501953
89.75520324707031,110.02010345458984,221.8939971923828,139.09860229492188
98.38240051269531,110.21279907226562,212.6352996826172,141.63040161132812
95.06620025634766,106.42060089111328,217.45860290527344,143.7071990966797
100.10050201416016,110.37760162353516,214.85879516601562,138.0028076171875
103.03569793701172,104.99729919433594,209.50599670410156,138.6938018798828
107.96800231933594,104.58999633789062,208.76649475097656,138.0048065185547
111.56929779052734,102.11699676513672,209.4311065673828,132.67019653320312
113.2428970336914,97.91919708251953,215.33970642089844,129.80470275878906
117.01309967041016,91.23699951171875,218.72740173339844,131.7073974609375
113.37310028076172,87.28269958496094,229.18519592285156,132.31539916992188
114.25199890136719,81.6417007446289,233.47979736328125,132.4084930419922
106.82579803466797,78.71489715576172,240.47349548339844,137.4521026611328
104.9760971069336,79.47789764404297,248.17880249023438,134.0955047607422
108.99469757080078,78.05940246582031,249.9228973388672,134.38059997558594
101.28199768066406,82.31739807128906,258.26580810546875,130.88710021972656
106.1500015258789,84.20220184326172,256.3804016113281,127.48870086669922
100.939697265625,83.43450164794922,261.45819091796875,128.84140014648438
107.58879852294922,84.27120208740234,259.276611328125,126.50749969482422
103.42359924316406,86.11830139160156,263.3587951660156,127.0238037109375
103.46759796142578,88.39070129394531,265.0049133300781,126.27310180664062
102.12419891357422,94.27320098876953,263.7445983886719,124.97650146484375
101.20439910888672,99.59300231933594,266.81390380859375,117.28790283203125
101.20339965820312,105.66709899902344,256.331298828125,113.39710235595703
99.93879699707031,109.89409637451172,232.64939880371094,107.72969818115234
99.41739654541016,116.06849670410156,265.0025939941406,101.87950134277344
96.92050170898438,121.3239974975586,272.7818908691406,96.56710052490234
93.6011962890625,128.35440063476562,273.4955139160156,90.97550201416016
100.65730285644531,134.00869750976562,264.6182861328125,87.63610076904297
95.21959686279297,137.42689514160156,275.5733947753906,86.40070343017578
102.45130157470703,139.36729431152344,265.5180969238281,81.02330017089844
111.36109924316406,144.60440063476562,256.94281005859375,83.560302734375
141.60650634765625,145.4105987548828,226.868896484375,79.61689758300781
142.3513946533203,149.17430114746094,225.9846954345703,79.62950134277344
140.5554962158203,152.63409423828125,226.17849731445312,81.7354965209961
122.7406997680664,150.5457000732422,241.0175018310547,88.12930297851562
116.47879791259766,153.53359985351562,252.58189392089844,83.1218032836914
108.91410064697266,151.1562957763672,260.23309326171875,89.45469665527344
108.01280212402344,151.74929809570312,257.97918701171875,86.1095962524414
102.54340362548828,153.3166961669922,262.7048034667969,84.64109802246094
104.9490966796875,155.1239013671875,259.5198974609375,80.44629669189453
102.87860107421875,155.26840209960938,263.17169189453125,83.07109832763672
100.43730163574219,150.6428985595703,265.4590148925781,85.90560150146484
102.7511978149414,147.331298828125,261.935302734375,92.50050354003906
100.0698013305664,145.2572021484375,265.3974914550781,96.43830108642578
101.97509765625,149.29409790039062,263.3279113769531,88.52369689941406
97.70580291748047,146.4694061279297,269.76129150390625,88.3853988647461
98.41670227050781,147.79769897460938,268.6499938964844,89.3582992553711
96.38990020751953,148.3571014404297,269.331298828125,86.6344985961914
102.74829864501953,148.97000122070312,263.8080139160156,85.54550170898438
97.2886962890625,143.3332061767578,268.0646057128906,95.05220031738281
95.19180297851562,146.9010009765625,267.159912109375,86.44239807128906
94.2041015625,142.27490234375,267.46929931640625,94.57939910888672
106.85990142822266,150.90109252929688,254.51390075683594,81.48069763183594
87.2428970336914,145.84320068359375,272.64208984375,91.27960205078125
92.8136978149414,149.83880615234375,263.226806640625,84.73169708251953
99.01080322265625,154.56069946289062,259.2903137207031,75.98030090332031
96.20570373535156,149.59689331054688,265.9336853027344,82.43900299072266
100.55670166015625,152.39630126953125,257.98980712890625,78.6948013305664
83.2957992553711,146.73550415039062,276.3659973144531,87.71099853515625
87.70790100097656,144.41380310058594,273.3393859863281,92.92150115966797
84.5978012084961,143.51519775390625,273.4442138671875,98.25250244140625
87.18569946289062,141.44960021972656,271.8960876464844,107.50399780273438
90.6802978515625,141.1427001953125,262.5705871582031,113.45279693603516
88.35440063476562,139.36000061035156,267.5885925292969,118.70790100097656
89.77310180664062,139.59950256347656,267.7355041503906,125.54720306396484
87.1083984375,139.15060424804688,262.46881103515625,125.6968002319336
89.56340026855469,138.4716033935547,258.1243896484375,139.7469024658203
91.10040283203125,140.5771026611328,250.12640380859375,139.40919494628906
92.50070190429688,140.6842041015625,247.5175018310547,140.27540588378906
93.45149993896484,145.46429443359375,242.76229858398438,138.9687957763672
95.37870025634766,151.86309814453125,235.4051055908203,139.31080627441406
96.67320251464844,163.63079833984375,234.76190185546875,136.1822052001953
97.9093017578125,167.51780700683594,234.00120544433594,140.83120727539062
99.0979995727539,175.6175994873047,227.010498046875,140.6450958251953
104.32929992675781,176.39169311523438,219.4906005859375,147.37379455566406
109.40750122070312,181.27310180664062,207.0919952392578,146.5760040283203
113.58409881591797,184.73570251464844,200.9788055419922,148.41419982910156
107.27870178222656,191.67759704589844,191.25180053710938,145.36990356445312
114.29350280761719,198.24729919433594,177.9071044921875,142.6656951904297
118.13629913330078,201.6793975830078,169.71200561523438,139.01119995117188
120.53209686279297,202.93930053710938,158.3614044189453,143.09170532226562
121.79630279541016,201.6367950439453,156.6981964111328,150.7397003173828
117.15409851074219,202.31619262695312,158.74620056152344,151.89939880371094
115.84850311279297,202.36529541015625,159.2230987548828,151.47000122070312
114.49140167236328,202.67149353027344,160.88160705566406,153.76620483398438
106.3239974975586,201.3874969482422,169.63580322265625,156.07400512695312
99.27420043945312,208.3267059326172,177.451904296875,147.75729370117188
95.06490325927734,207.86380004882812,187.18890380859375,151.0240936279297
95.78109741210938,209.98289489746094,189.89439392089844,147.67579650878906
95.62200164794922,210.00750732421875,200.5301055908203,147.908203125
88.2323989868164,211.702392578125,213.67579650878906,143.8242950439453
86.95230102539062,209.65960693359375,220.20269775390625,144.13929748535156
87.74859619140625,210.64149475097656,220.11279296875,138.70350646972656
81.69730377197266,210.33770751953125,229.94070434570312,138.2440948486328
83.64099884033203,209.6269989013672,214.68069458007812,133.84849548339844
83.17310333251953,204.94110107421875,228.64219665527344,136.6186981201172
83.87100219726562,203.00770568847656,229.75929260253906,131.4954071044922
82.91519927978516,203.32119750976562,231.3419952392578,132.91709899902344
86.01709747314453,202.39559936523438,230.95269775390625,129.74310302734375
87.05269622802734,202.28900146484375,229.9998016357422,126.91899871826172
87.19940185546875,201.57969665527344,231.43389892578125,126.88500213623047
91.7708969116211,201.37640380859375,228.47520446777344,124.69730377197266
95.26319885253906,200.32240295410156,227.7926025390625,123.00350189208984
99.28379821777344,198.57859802246094,229.39720153808594,121.78569793701172
141.98089599609375,203.5363006591797,185.92250061035156,110.22669982910156
107.95069885253906,200.17349243164062,221.08380126953125,133.18719482421875
112.52950286865234,200.33200073242188,217.34100341796875,126.71739959716797
117.95189666748047,198.41470336914062,215.9700927734375,131.16720581054688
126.5374984741211,199.7957000732422,202.1085968017578,119.7074966430664
134.3094024658203,198.52049255371094,196.19189453125,137.8834991455078
139.289794921875,198.83819580078125,196.52810668945312,139.46820068359375
144.70050048828125,194.48150634765625,190.9611053466797,151.39149475097656
155.35389709472656,194.4364013671875,173.4954071044922,150.96400451660156
165.0738067626953,191.32139587402344,160.572998046875,148.19110107421875
171.9604034423828,194.01150512695312,150.18569946289062,161.4073028564453
202.99220275878906,196.82179260253906,116.12419891357422,156.70599365234375
251.02549743652344,215.14649963378906,60.807899475097656,118.04900360107422
203.906494140625,199.97320556640625,96.71269989013672,156.85440063476562
227.76280212402344,220.31089782714844,64.09269714355469,135.74710083007812
220.752197265625,217.8166046142578,64.80799865722656,139.7039031982422
214.79429626464844,220.78619384765625,60.27519989013672,137.92449951171875
209.21319580078125,226.48989868164062,59.41809844970703,115.40699768066406
198.92840576171875,215.53109741210938,59.00669860839844,142.62550354003906
195.2010955810547,194.90440368652344,70.80879974365234,161.5623016357422
180.52340698242188,190.30499267578125,121.79080200195312,166.83599853515625
170.51010131835938,171.5771942138672,149.51870727539062,186.581298828125
158.93539428710938,180.0074005126953,158.42869567871094,178.33309936523438
153.12649536132812,173.33590698242188,171.63330078125,185.7957000732422
144.18099975585938,173.12130737304688,188.99339294433594,185.4615020751953
135.41250610351562,169.83180236816406,206.4542999267578,186.90780639648438
128.0886993408203,185.03489685058594,212.9739990234375,169.55909729003906
130.85440063476562,168.4207000732422,219.38929748535156,177.94430541992188
126.02799987792969,174.58729553222656,227.15420532226562,168.59860229492188
125.88050079345703,180.09559631347656,225.49130249023438,158.3917999267578
122.13590240478516,173.5404052734375,230.75779724121094,159.22760009765625
116.99949645996094,177.9001007080078,233.22030639648438,147.55430603027344
116.85320281982422,172.80320739746094,235.81039428710938,148.92919921875
152.67349243164062,113.05670166015625,177.4987030029297,89.908203125
109.90519714355469,176.90289306640625,239.28250122070312,134.85850524902344
113.18080139160156,166.03309631347656,235.05079650878906,142.1728973388672
111.4364013671875,153.95770263671875,235.74850463867188,150.26829528808594
110.3906021118164,161.35569763183594,236.17959594726562,142.5574951171875
113.5635986328125,163.35679626464844,230.30799865722656,135.2344970703125
118.27429962158203,158.8903045654297,222.3863983154297,138.8415985107422
125.79869842529297,167.85549926757812,211.94610595703125,125.43099975585938
114.5553970336914,167.8780975341797,225.8527069091797,128.02830505371094
118.04820251464844,165.27459716796875,218.6938018798828,126.87770080566406
130.16009521484375,170.09559631347656,203.86880493164062,116.67520141601562
112.3510971069336,165.8372039794922,217.4188995361328,123.13459777832031
120.52200317382812,166.0323944091797,201.95289611816406,118.62129974365234
127.54660034179688,167.85150146484375,197.08050537109375,115.21690368652344
124.38809967041016,170.4864044189453,195.91400146484375,110.40290069580078
128.4940948486328,169.75030517578125,186.84080505371094,119.4384994506836
130.4322052001953,164.58680725097656,185.94479370117188,120.46880340576172
133.51409912109375,159.26089477539062,182.03729248046875,127.53119659423828
149.20730590820312,157.2812042236328,164.470703125,128.32090759277344
140.31170654296875,156.4969940185547,176.78199768066406,141.49710083007812
143.3612060546875,156.60110473632812,166.8448028564453,136.97030639648438
150.11000061035156,156.4344940185547,156.08169555664062,137.01119995117188
151.6154022216797,153.77529907226562,144.9174041748047,144.47569274902344
214.49400329589844,158.91549682617188,77.93190002441406,140.08709716796875
166.39300537109375,159.28729248046875,116.70790100097656,143.581298828125
211.46099853515625,157.46470642089844,62.883201599121094,144.19000244140625
203.12210083007812,161.4156036376953,63.485198974609375,142.14849853515625
189.943603515625,160.26719665527344,64.96150207519531,143.3488006591797
186.4987030029297,159.94729614257812,59.90729904174805,143.470703125
175.83340454101562,154.8907928466797,61.5458984375,145.9604034423828
169.07850646972656,156.87550354003906,61.728599548339844,142.091796875
159.57020568847656,149.53140258789062,73.74739837646484,147.22169494628906
151.13729858398438,140.216796875,78.8240966796875,151.71310424804688
151.1488037109375,139.5323028564453,120.220703125,150.63009643554688
145.88380432128906,136.4783935546875,135.70989990234375,152.73379516601562
139.98019409179688,139.59140014648438,142.94580078125,149.1555938720703
138.4801025390625,138.65939331054688,156.83949279785156,151.6634979248047
137.8289031982422,127.98200225830078,164.55079650878906,161.29629516601562
134.52059936523438,139.44590759277344,174.98300170898438,151.5124969482422
130.35479736328125,127.47850036621094,182.71470642089844,169.6490936279297
126.9552001953125,148.5258026123047,194.56280517578125,148.9259033203125
116.62699890136719,129.29150390625,212.96200561523438,168.94720458984375
121.30110168457031,135.82699584960938,205.54849243164062,163.31219482421875
114.21040344238281,144.5897979736328,220.48460388183594,154.57310485839844
114.87860107421875,140.32269287109375,223.50320434570312,158.78160095214844
116.08390045166016,134.0904998779297,230.25669860839844,162.33909606933594
115.5020980834961,127.9657974243164,233.39219665527344,165.58090209960938
109.39129638671875,134.851806640625,239.4116973876953,154.70730590820312
109.53340148925781,132.35299682617188,243.6457977294922,152.70840454101562
112.3218994140625,137.31759643554688,237.05479431152344,143.56520080566406
115.41809844970703,136.5063018798828,231.48719787597656,141.48590087890625
109.5886001586914,132.2866973876953,237.27749633789062,140.38670349121094
111.56890106201172,128.46510314941406,232.3791961669922,141.86399841308594
113.33470153808594,131.2425994873047,230.90240478515625,137.2895965576172
115.75170135498047,133.19290161132812,226.83189392089844,132.47520446777344
118.7155990600586,129.10850524902344,222.99400329589844,136.01409912109375
121.13639831542969,132.0937957763672,214.87930297851562,123.77239990234375
124.27410125732422,128.9095001220703,215.21249389648438,125.21640014648438
128.29730224609375,123.58869934082031,212.90260314941406,137.3022003173828
133.5305938720703,127.95570373535156,200.32260131835938,126.86209869384766
146.74110412597656,78.25050354003906,182.75250244140625,104.38130187988281
143.8155975341797,115.44989776611328,173.8406982421875,134.9073028564453
153.92739868164062,121.88249969482422,178.49899291992188,125.73590087890625
162.62030029296875,111.34259796142578,185.94630432128906,136.88999938964844
173.61940002441406,115.50189971923828,161.48199462890625,133.04449462890625
179.88409423828125,110.96289825439453,152.16050720214844,135.3311004638672
190.8990020751953,106.66130065917969,130.7606964111328,135.4281005859375
192.1237030029297,103.8678970336914,124.027099609375,137.4936981201172
203.56509399414062,96.89099884033203,106.6333999633789,141.23440551757812
230.9906005859375,91.58260345458984,79.96839904785156,144.29339599609375
228.22120666503906,87.41799926757812,78.30069732666016,138.2960968017578
217.44329833984375,88.30359649658203,78.47160339355469,135.18760681152344
208.73629760742188,82.36869812011719,77.20330047607422,138.51910400390625
197.9741973876953,80.1281967163086,72.92310333251953,138.86900329589844
177.75160217285156,78.25740051269531,74.64119720458984,136.86680603027344
169.5417022705078,75.1240005493164,65.60130310058594,140.36570739746094
154.50360107421875,78.0770034790039,56.62030029296875,139.69180297851562
143.07760620117188,75.17949676513672,130.61019897460938,176.9947052001953
125.64109802246094,74.45259857177734,159.1280975341797,175.02659606933594
114.57759857177734,75.69550323486328,178.39999389648438,176.79359436035156
101.67559814453125,73.53720092773438,190.5572052001953,185.84449768066406
95.07610321044922,79.90260314941406,197.33889770507812,174.22000122070312
91.50990295410156,76.04509735107422,208.21499633789062,178.36700439453125
83.8042984008789,76.84519958496094,201.01690673828125,174.76609802246094
66.27770233154297,75.13590240478516,225.0330047607422,182.02549743652344
64.79859924316406,77.43840026855469,237.57919311523438,183.068603515625
59.89310073852539,79.42680358886719,231.39190673828125,180.72210693359375
54.768699645996094,81.41680145263672,225.17250061035156,170.53759765625
47.015098571777344,79.80470275878906,252.04469299316406,175.5937042236328
40.54159927368164,81.91000366210938,225.57589721679688,161.23019409179688
34.389801025390625,84.24369812011719,264.02850341796875,169.7346954345703
34.500701904296875,84.67269897460938,269.7296142578125,172.69760131835938
33.65679931640625,86.32150268554688,272.8279113769531,175.63870239257812
32.96260070800781,88.43360137939453,272.227294921875,176.93069458007812
32.678199768066406,89.29419708251953,269.8360900878906,164.12130737304688
35.022098541259766,92.01069641113281,267.2685852050781,165.9427032470703
42.55830001831055,95.72029876708984,261.0570983886719,162.4915008544922
45.92250061035156,96.94239807128906,259.4314880371094,151.32260131835938
57.504798889160156,97.98269653320312,241.61819458007812,145.30369567871094
65.16570281982422,100.24449920654297,232.54739379882812,135.55870056152344
72.25389862060547,100.45590209960938,235.95570373535156,133.3052978515625
79.85700225830078,98.06670379638672,230.8157958984375,131.0832977294922
89.49510192871094,94.95500183105469,221.78280639648438,129.30250549316406
96.79109954833984,93.80010223388672,216.20249938964844,128.0229034423828
108.77780151367188,90.47480010986328,209.5885009765625,129.3914031982422
113.89230346679688,91.96240234375,206.36410522460938,124.23629760742188
117.9093017578125,86.3375015258789,207.7821044921875,129.4029998779297
121.62229919433594,85.70719909667969,208.23280334472656,130.46609497070312
121.3218002319336,86.39530181884766,211.26930236816406,127.86260223388672
122.3843002319336,84.55359649658203,212.71690368652344,132.54710388183594
123.11910247802734,82.41529846191406,215.1094970703125,130.85769653320312
122.48780059814453,79.37169647216797,220.42050170898438,135.24330139160156
122.98090362548828,77.5656967163086,222.67359924316406,142.66650390625
120.33789825439453,75.68659973144531,230.2823944091797,147.3240966796875
118.381103515625,77.36299896240234,231.2191925048828,145.8031005859375
114.22219848632812,80.60220336914062,235.05230712890625,142.45249938964844
105.9541015625,83.49629974365234,242.1219940185547,141.99819946289062
106.92919921875,90.87120056152344,238.4967041015625,137.3267059326172
99.42469787597656,93.2249984741211,243.26080322265625,138.41200256347656
99.96880340576172,107.70110321044922,244.4093017578125,133.4176025390625
100.39990234375,106.0823974609375,235.13560485839844,141.77220153808594
98.34919738769531,121.96209716796875,239.8623046875,139.2187957763672
