1
287.0649108886719,14.447600364685059,37.415401458740234,69.10769653320312
282.96978759765625,8.125900268554688,39.47570037841797,70.6509017944336
277.7250061035156,1.1021000146865845,45.55830001831055,74.06919860839844
273.848388671875,0.0,49.59960174560547,70.81770324707031
271.3515930175781,0.3828999996185303,48.467201232910156,66.76069641113281
271.314697265625,0.0,46.02949905395508,64.05660247802734
271.8219909667969,0.0,43.89070129394531,63.962501525878906
267.6282043457031,0.0,49.05329895019531,63.83580017089844
263.92950439453125,0.07779999822378159,54.83660125732422,64.10389709472656
261.10699462890625,0.2928999960422516,59.19369888305664,65.8510971069336
259.94061279296875,1.391700029373169,59.13199996948242,70.72160339355469
262.4978942871094,4.617000102996826,53.765499114990234,75.98300170898438
266.09600830078125,8.638999938964844,46.98929977416992,78.9208984375
265.79071044921875,11.629400253295898,46.139400482177734,85.91320037841797
265.9845886230469,15.803199768066406,47.6619987487793,84.0718994140625
266.3996887207031,18.961599349975586,47.72700119018555,82.6897964477539
270.81988525390625,21.97260093688965,43.94300079345703,81.8219985961914
270.0509033203125,26.52239990234375,46.042198181152344,80.83110046386719
269.3132019042969,31.23699951171875,49.97629928588867,81.14630126953125
268.3182067871094,36.980499267578125,54.31650161743164,82.03739929199219
269.0091857910156,43.76969909667969,56.308799743652344,82.29820251464844
269.4778137207031,53.54819869995117,57.259700775146484,81.98650360107422
271.79840087890625,63.5900993347168,56.99869918823242,82.79100036621094
275.3089904785156,73.36979675292969,53.16529846191406,84.6603012084961
281.089111328125,84.23419952392578,44.88970184326172,80.72149658203125
283.8695068359375,91.77739715576172,43.45209884643555,80.00160217285156
284.4617919921875,93.82839965820312,44.85409927368164,82.46929931640625
284.7408142089844,95.21320343017578,48.20240020751953,83.14810180664062
283.0487976074219,90.67220306396484,53.61220169067383,87.32260131835938
281.5675964355469,82.11910247802734,59.00090026855469,92.81310272216797
281.3634033203125,73.85980224609375,62.68840026855469,93.30860137939453
281.3111877441406,61.859798431396484,64.19879913330078,95.81549835205078
282.80419921875,50.41490173339844,64.24330139160156,95.45950317382812
283.9912109375,34.3385009765625,62.689701080322266,103.04389953613281
286.71038818359375,16.824199676513672,58.52050018310547,109.69619750976562
287.9397888183594,3.568000078201294,55.34989929199219,107.07599639892578
287.27569580078125,1.573099970817566,53.57509994506836,90.95140075683594
288.739013671875,0.6572999954223633,52.7588996887207,81.964599609375
288.5703125,0.39259999990463257,54.40840148925781,73.5541000366211
286.872314453125,0.6110000014305115,55.41910171508789,66.32610321044922
285.564697265625,0.5206999778747559,59.54990005493164,59.09389877319336
287.372314453125,0.0017999999690800905,59.071998596191406,52.71760177612305
287.75201416015625,0.996999979019165,57.07809829711914,48.40250015258789
286.46771240234375,0.0,56.399600982666016,51.23590087890625
288.2655029296875,0.0019000000320374966,50.371299743652344,58.502899169921875
291.2620849609375,0.0,45.60070037841797,66.43049621582031
292.6875,0.33070001006126404,42.02190017700195,73.60060119628906
293.9422912597656,0.0,41.031700134277344,79.7156982421875
295.7880859375,8.29889965057373,38.30110168457031,77.88289642333984
296.7326965332031,20.01409912109375,38.202999114990234,73.54180145263672
297.02081298828125,32.544898986816406,39.182098388671875,68.46050262451172
297.8109130859375,39.77560043334961,39.557701110839844,62.89459991455078
299.2911071777344,44.20830154418945,39.8765983581543,61.66360092163086
300.4363098144531,46.055999755859375,38.811798095703125,59.600101470947266
304.889404296875,50.70330047607422,35.65169906616211,55.619998931884766
307.1911926269531,51.146400451660156,32.72129821777344,54.96649932861328
308.75048828125,49.27470016479492,30.97949981689453,54.9005012512207
309.9751892089844,49.78960037231445,29.92970085144043,52.76969909667969
311.3389892578125,49.24480056762695,29.547100067138672,51.65610122680664
311.2322998046875,50.95610046386719,29.082199096679688,50.25960159301758
311.4266052246094,53.60960006713867,29.680200576782227,49.98899841308594
310.539794921875,57.21879959106445,30.89299964904785,50.05889892578125
310.02020263671875,59.93479919433594,31.488300323486328,50.376399993896484
309.6370849609375,62.99919891357422,32.15169906616211,49.72019958496094
309.27801513671875,66.36270141601562,31.97410011291504,48.818199157714844
308.3807067871094,71.86509704589844,31.332300186157227,48.605899810791016
308.0625,76.214599609375,29.69339942932129,48.583499908447266
308.623291015625,79.65560150146484,28.47610092163086,50.197200775146484
308.3836975097656,82.24960327148438,28.510099411010742,51.30379867553711
308.02978515625,82.72840118408203,29.207500457763672,53.437801361083984
307.1119079589844,81.0344009399414,30.392799377441406,53.75149917602539
307.09930419921875,79.93550109863281,30.48189926147461,55.93870162963867
307.17889404296875,76.57720184326172,31.900299072265625,57.874900817871094
306.4851989746094,67.97339630126953,33.744598388671875,61.77949905395508
306.2403869628906,62.71730041503906,35.90449905395508,62.300498962402344
306.9538879394531,52.62699890136719,35.76089859008789,66.29750061035156
308.53350830078125,41.18159866333008,35.62459945678711,71.85169982910156
307.1086120605469,31.161500930786133,39.12699890136719,73.07689666748047
306.8046875,21.621299743652344,42.46670150756836,74.37629699707031
306.2073059082031,12.891400337219238,44.33530044555664,76.32160186767578
307.50201416015625,2.216900110244751,44.240699768066406,77.56109619140625
307.0285949707031,0.7818999886512756,45.079200744628906,76.76820373535156
308.8013000488281,0.11680000275373459,41.862998962402344,74.16909790039062
309.2607116699219,0.0,41.572898864746094,70.53070068359375
308.1637878417969,0.0,41.983001708984375,66.9177017211914
307.4649963378906,0.0,41.64030075073242,64.27549743652344
304.5022888183594,0.0,43.66239929199219,62.43479919433594
300.1081848144531,0.08089999854564667,48.384498596191406,64.2029037475586
296.64190673828125,0.0,52.70330047607422,69.32599639892578
297.0526123046875,0.0,51.93539810180664,70.03160095214844
295.72491455078125,0.0,54.61069869995117,71.33350372314453
295.05059814453125,0.0,54.86989974975586,72.41290283203125
294.4224853515625,0.0,55.1442985534668,74.14759826660156
294.5679016113281,2.506500005722046,52.990299224853516,73.97540283203125
294.1416015625,10.168600082397461,49.01679992675781,71.34200286865234
294.6825866699219,17.88089942932129,47.088600158691406,70.15879821777344
294.8299865722656,25.922100067138672,45.72159957885742,69.09619903564453
292.5812072753906,33.17219924926758,45.5348014831543,68.33419799804688
291.7607116699219,40.64830017089844,46.203399658203125,64.49749755859375
292.2123107910156,48.14780044555664,46.14699935913086,60.601600646972656
292.27178955078125,54.36090087890625,46.54389953613281,59.13850021362305
291.7839050292969,61.448699951171875,46.42679977416992,56.44770050048828
294.43829345703125,67.47229766845703,45.60279846191406,56.81700134277344
296.00201416015625,72.47810363769531,43.322898864746094,54.89970016479492
297.24859619140625,77.21269989013672,40.10210037231445,56.004798889160156
300.4320068359375,80.86380004882812,37.13650131225586,54.08449935913086
302.97760009765625,85.58159637451172,33.718299865722656,53.029998779296875
304.2300109863281,91.05349731445312,31.959699630737305,52.872798919677734
304.72509765625,98.0363998413086,32.24020004272461,49.548099517822266
305.24700927734375,100.58170318603516,33.95940017700195,49.16910171508789
306.2818908691406,100.5647964477539,36.45479965209961,49.4379997253418
306.7756042480469,101.25389862060547,38.31719970703125,48.76940155029297
309.2262878417969,101.07969665527344,39.14670181274414,47.86389923095703
310.9660949707031,100.32219696044922,38.89120101928711,49.71220016479492
314.1687927246094,101.36599731445312,37.77199935913086,50.072601318359375
314.5564880371094,101.45590209960938,37.47269821166992,50.92020034790039
311.818603515625,98.98650360107422,36.85380172729492,53.6161003112793
308.1127014160156,95.30269622802734,37.5900993347168,54.433799743652344
305.3681945800781,89.6010971069336,36.50809860229492,57.80229949951172
303.0824890136719,80.93820190429688,33.93629837036133,60.635101318359375
301.67559814453125,68.59310150146484,33.100101470947266,63.36349868774414
297.3682861328125,57.83060073852539,35.47019958496094,62.846099853515625
291.8517150878906,44.2692985534668,38.85850143432617,65.65499877929688
283.7279052734375,34.42390060424805,47.37409973144531,64.92289733886719
280.5920104980469,25.64699935913086,51.78089904785156,67.0790023803711
277.0896911621094,18.046600341796875,53.64609909057617,63.47209930419922
275.05120849609375,8.812299728393555,54.11709976196289,59.86370086669922
274.335693359375,2.691999912261963,54.20240020751953,54.21269989013672
274.9950866699219,1.7170000076293945,50.505401611328125,46.209999084472656
276.8962097167969,1.0703999996185303,47.304298400878906,42.601200103759766
277.3965148925781,1.4426000118255615,46.81959915161133,42.902400970458984
280.35101318359375,0.2273000031709671,46.1952018737793,44.6254997253418
283.1517028808594,0.0,48.01340103149414,46.542598724365234
284.6600036621094,0.0,50.25490188598633,49.56919860839844
286.8548889160156,0.0,52.0181999206543,53.9463996887207
290.8544006347656,0.0,51.80070114135742,60.09040069580078
294.4119873046875,0.5684000253677368,49.53229904174805,64.4448013305664
301.2062072753906,3.7126998901367188,44.489601135253906,65.22049713134766
309.9892883300781,9.116700172424316,38.89310073852539,63.388301849365234
314.9497985839844,14.210800170898438,37.47990036010742,62.62889862060547
318.2427062988281,17.862600326538086,37.54990005493164,62.29399871826172
323.3064880371094,22.707399368286133,35.852901458740234,62.13639831542969
327.01409912109375,27.444499969482422,33.85900115966797,60.50809860229492
330.12060546875,29.767799377441406,33.53160095214844,59.569000244140625
332.85980224609375,33.63600158691406,33.02410125732422,56.84349822998047
336.4540100097656,36.58940124511719,31.023000717163086,56.342899322509766
337.2427978515625,38.95029830932617,30.87179946899414,56.56449890136719
338.20721435546875,41.93560028076172,29.85219955444336,55.11220169067383
337.0000915527344,42.846900939941406,32.28609848022461,55.02790069580078
335.59130859375,43.71310043334961,34.58940124511719,54.069698333740234
335.2062072753906,45.077999114990234,35.727699279785156,53.934600830078125
333.5498962402344,44.93389892578125,36.090999603271484,54.2869987487793
332.0888977050781,44.118499755859375,34.18090057373047,53.958499908447266
335.0257873535156,42.02410125732422,28.746599197387695,52.63330078125
332.119384765625,39.664100646972656,28.43589973449707,51.87670135498047
329.38079833984375,34.91910171508789,29.879600524902344,53.5797004699707
326.17041015625,31.32509994506836,30.2362003326416,55.096500396728516
324.0898132324219,27.257099151611328,29.422399520874023,55.368099212646484
317.65948486328125,23.27899932861328,33.37200164794922,56.32270050048828
314.28741455078125,21.236099243164062,35.488399505615234,57.03350067138672
310.78851318359375,17.08690071105957,36.93170166015625,56.607398986816406
309.2983093261719,12.8125,34.506500244140625,59.301300048828125
307.9530029296875,7.838600158691406,33.14030075073242,61.46080017089844
305.9126892089844,0.927299976348877,32.20309829711914,65.9126968383789
303.14910888671875,0.225600004196167,34.23210144042969,64.2781982421875
301.08880615234375,0.0,37.9828987121582,60.05509948730469
299.8512878417969,0.26460000872612,39.90380096435547,54.71139907836914
300.06671142578125,0.6046000123023987,38.44559860229492,51.0348014831543
302.12078857421875,0.2921999990940094,37.18239974975586,46.73529815673828
304.769287109375,0.3221000134944916,39.22819900512695,42.03450012207031
305.3041076660156,0.0,44.81100082397461,38.51250076293945
309.1119079589844,0.0,44.526100158691406,35.92729949951172
312.9103088378906,0.12439999729394913,43.381900787353516,34.77790069580078
316.6651916503906,0.0,41.037498474121094,35.10820007324219
320.64801025390625,0.0,39.606201171875,35.761600494384766
323.3528137207031,0.08049999922513962,39.37310028076172,36.6057014465332
326.31671142578125,0.31690001487731934,39.98210144042969,37.972198486328125
330.8319091796875,0.352400004863739,39.97710037231445,41.91630172729492
334.4552917480469,0.18129999935626984,40.09130096435547,45.922000885009766
334.1759948730469,0.0,46.31209945678711,51.343299865722656
334.1116027832031,0.0,52.874000549316406,54.414100646972656
333.2060852050781,0.0,56.772701263427734,58.617698669433594
333.20098876953125,0.0,57.83359909057617,62.784400939941406
334.8064880371094,2.3048999309539795,55.74660110473633,67.15950012207031
337.6449890136719,6.731299877166748,51.459999084472656,68.08580017089844
341.6039123535156,10.549699783325195,44.45719909667969,68.20359802246094
344.8734130859375,16.549999237060547,37.308998107910156,67.24079895019531
344.6614990234375,20.1781005859375,33.54180145263672,67.78600311279297
342.2502136230469,27.329500198364258,34.13589859008789,65.10919952392578
339.926513671875,37.09040069580078,34.02009963989258,62.33420181274414
339.75048828125,45.870201110839844,32.1702995300293,59.36429977416992
333.5481872558594,54.70819854736328,36.65629959106445,58.08489990234375
325.5367126464844,62.57680130004883,44.62580108642578,59.945701599121094
320.4219970703125,72.12580108642578,48.45439910888672,56.171600341796875
315.5246887207031,82.65619659423828,48.97520065307617,51.89289855957031
313.7019958496094,90.8750991821289,47.74330139160156,54.0463981628418
307.4989929199219,101.65019989013672,46.2411003112793,54.80160140991211
304.70220947265625,114.67980194091797,40.50619888305664,59.72880172729492
304.2065124511719,127.51210021972656,35.141300201416016,56.983001708984375
298.57659912109375,140.47039794921875,32.2760009765625,52.306800842285156
