1
394.08428955078125,95.96269989013672,36.19660186767578,28.66160011291504
388.6628112792969,98.32929992675781,36.507598876953125,27.43000030517578
382.8169860839844,99.6458969116211,36.16740036010742,27.46940040588379
373.6737060546875,102.41790008544922,37.95989990234375,26.272600173950195
365.0220031738281,103.07559967041016,37.51240158081055,27.003299713134766
354.68109130859375,103.77349853515625,36.761199951171875,26.61240005493164
345.2049865722656,105.1458969116211,36.4556999206543,27.185699462890625
335.79901123046875,105.33439636230469,35.98419952392578,27.310400009155273
324.4130859375,103.97200012207031,36.99570083618164,28.972000122070312
316.0138854980469,101.24690246582031,36.5015983581543,29.34869956970215
308.3086853027344,98.53520202636719,35.06700134277344,31.489999771118164
302.4635925292969,94.0199966430664,33.61949920654297,33.34159851074219
299.5557861328125,92.30390167236328,32.08409881591797,33.01279830932617
298.08428955078125,91.21279907226562,31.944700241088867,33.369598388671875
296.4403076171875,91.16580200195312,31.82200050354004,32.479400634765625
297.80718994140625,91.84960174560547,31.078699111938477,31.82740020751953
300.6734924316406,93.6969985961914,30.224199295043945,31.34320068359375
303.7663879394531,97.2947998046875,30.694499969482422,31.46660041809082
309.4245910644531,101.81999969482422,29.74220085144043,30.4237003326416
316.239013671875,107.55909729003906,30.896499633789062,28.810400009155273
325.3410949707031,115.09410095214844,28.785200119018555,26.22089958190918
336.8487854003906,122.55030059814453,26.756200790405273,23.424800872802734
347.49468994140625,125.33869934082031,26.58180046081543,22.832000732421875
359.78448486328125,125.79070281982422,28.026599884033203,24.04829978942871
370.2616882324219,124.71009826660156,28.48579978942871,23.839000701904297
381.901611328125,123.55359649658203,29.432100296020508,23.837799072265625
392.7945861816406,121.68609619140625,29.3302001953125,24.8164005279541
404.15838623046875,118.68910217285156,29.266700744628906,26.466699600219727
413.32708740234375,114.606201171875,29.89259910583496,28.2716007232666
422.5918884277344,110.9469985961914,29.707700729370117,29.401399612426758
429.4183044433594,107.49559783935547,32.2307014465332,31.000999450683594
436.70379638671875,105.22949981689453,31.69580078125,30.939300537109375
441.7095947265625,102.94539642333984,32.104698181152344,30.81089973449707
445.635498046875,103.42179870605469,32.93090057373047,30.143600463867188
448.7043151855469,101.43499755859375,32.300899505615234,30.291500091552734
450.19891357421875,100.11370086669922,33.31019973754883,31.359399795532227
449.5028991699219,99.47440338134766,33.06449890136719,31.884700775146484
447.23968505859375,100.07050323486328,35.0276985168457,31.76140022277832
442.1029052734375,99.47540283203125,36.23889923095703,31.277700424194336
436.4928894042969,99.77680206298828,36.53329849243164,29.561599731445312
428.8876037597656,99.33090209960938,36.87820053100586,29.41710090637207
420.53680419921875,98.52420043945312,37.62009811401367,29.655099868774414
411.5981140136719,98.21479797363281,39.04679870605469,30.07859992980957
401.3662109375,96.82759857177734,39.59090042114258,30.640899658203125
390.9573059082031,95.28019714355469,38.74409866333008,30.016599655151367
380.3573913574219,93.80329895019531,37.76890182495117,30.096099853515625
369.8664855957031,92.443603515625,37.202598571777344,31.328100204467773
360.5895080566406,90.88349914550781,37.51890182495117,31.88629913330078
350.340087890625,90.8573989868164,35.99409866333008,31.804899215698242
342.914306640625,90.31189727783203,33.8291015625,31.792499542236328
334.88140869140625,91.24800109863281,32.91419982910156,30.28809928894043
328.46051025390625,90.7573013305664,30.655500411987305,30.66029930114746
323.8663024902344,91.05500030517578,29.36520004272461,30.547000885009766
319.08538818359375,92.27429962158203,27.761699676513672,29.77560043334961
315.84521484375,92.14080047607422,27.720600128173828,30.130399703979492
313.4068908691406,93.2593994140625,27.976900100708008,27.94070053100586
313.68951416015625,94.40789794921875,26.991100311279297,26.506999969482422
314.048095703125,95.17849731445312,25.527999877929688,25.37339973449707
315.9851989746094,96.16680145263672,24.837400436401367,23.585800170898438
317.6841125488281,97.76139831542969,25.597200393676758,24.017099380493164
320.1123962402344,98.59919738769531,26.584699630737305,23.688600540161133
323.034912109375,100.18609619140625,26.872600555419922,23.12980079650879
327.5132141113281,101.43830108642578,26.884599685668945,22.655500411987305
330.30718994140625,102.90750122070312,27.68239974975586,23.054399490356445
333.5032958984375,104.46749877929688,28.29990005493164,23.79360008239746
336.3201904296875,105.36000061035156,28.938499450683594,24.371000289916992
339.54901123046875,106.63800048828125,30.84910011291504,25.207300186157227
342.0537109375,107.97830200195312,31.617799758911133,26.21339988708496
344.8038024902344,109.5260009765625,31.56450080871582,26.134300231933594
347.8410949707031,111.55660247802734,31.18560028076172,25.79330062866211
351.2132873535156,114.82929992675781,30.470500946044922,24.635799407958984
352.5627136230469,117.00749969482422,31.317100524902344,25.894899368286133
352.714111328125,119.75920104980469,32.727500915527344,26.685800552368164
352.9739990234375,121.55290222167969,32.61280059814453,28.7273006439209
354.0221862792969,125.7300033569336,31.832599639892578,29.599199295043945
354.2699890136719,128.73500061035156,32.22529983520508,30.382600784301758
353.4776916503906,131.7012939453125,31.764999389648438,30.89900016784668
351.22589111328125,135.54249572753906,32.83190155029297,30.07539939880371
348.3033142089844,138.8769073486328,32.732200622558594,29.36639976501465
346.61199951171875,143.1750946044922,32.57460021972656,29.881799697875977
344.2879943847656,145.50950622558594,31.881900787353516,32.117000579833984
340.8904113769531,149.56680297851562,31.509000778198242,33.98680114746094
337.135498046875,154.82839965820312,31.542800903320312,34.44129943847656
335.5365905761719,161.38389587402344,28.751399993896484,31.750600814819336
332.0159912109375,167.25559997558594,28.621599197387695,29.523700714111328
327.8747863769531,172.06179809570312,28.169599533081055,28.521499633789062
325.6694030761719,177.29969787597656,27.57159996032715,27.631000518798828
321.84130859375,177.8677978515625,28.31049919128418,30.107200622558594
320.9787902832031,180.06539916992188,27.521400451660156,30.39259910583496
317.8522033691406,181.61399841308594,27.927099227905273,28.59149932861328
317.14111328125,181.5106964111328,28.037500381469727,28.51409912109375
316.87811279296875,181.2830047607422,29.57699966430664,28.05579948425293
316.2638854980469,181.4084014892578,30.838600158691406,27.981300354003906
317.97930908203125,180.2913055419922,30.941099166870117,27.58099937438965
320.348388671875,177.65029907226562,30.587299346923828,26.38599967956543
321.2860107421875,174.65769958496094,32.014801025390625,26.966699600219727
323.470703125,171.9033966064453,33.35219955444336,28.929899215698242
324.99951171875,170.63540649414062,34.49530029296875,28.623199462890625
328.80450439453125,169.4582977294922,34.10179901123047,28.58340072631836
332.1559143066406,168.46640014648438,33.643001556396484,27.73040008544922
335.8941955566406,166.18870544433594,33.23080062866211,27.843000411987305
338.1112060546875,163.8834991455078,34.850399017333984,28.058700561523438
340.0885925292969,157.96279907226562,38.14910125732422,31.75
344.02459716796875,155.22659301757812,39.42559814453125,31.56049919128418
346.6549072265625,152.52330017089844,40.015201568603516,31.103300094604492
351.0346984863281,149.65089416503906,39.148101806640625,30.494800567626953
353.9689025878906,147.25840759277344,40.64899826049805,30.635900497436523
356.8345031738281,143.83340454101562,42.180999755859375,31.154800415039062
359.3431091308594,139.9467010498047,43.785499572753906,34.639400482177734
362.3102111816406,131.9586944580078,45.79079818725586,41.94900131225586
363.1047058105469,124.61260223388672,49.09040069580078,48.12089920043945
364.7503967285156,117.80509948730469,49.83549880981445,51.93370056152344
366.2287902832031,111.10649871826172,50.35599899291992,52.12770080566406
367.65301513671875,105.76860046386719,50.992401123046875,50.31959915161133
368.7648010253906,100.43199920654297,51.55350112915039,53.1702995300293
369.93701171875,93.42489624023438,52.04280090332031,56.44900131225586
371.189208984375,90.69599914550781,51.74190139770508,58.28179931640625
369.7358093261719,88.13289642333984,53.30080032348633,59.46739959716797
369.848388671875,86.98529815673828,53.81169891357422,59.57509994506836
369.5465087890625,85.81449890136719,53.18159866333008,60.26300048828125
369.114501953125,86.04170227050781,52.78390121459961,58.587398529052734
368.9646911621094,84.00289916992188,51.52370071411133,59.33219909667969
369.52740478515625,86.27970123291016,47.06230163574219,55.300498962402344
369.2908935546875,88.66390228271484,43.00960159301758,53.648399353027344
367.7496032714844,88.02469635009766,43.188899993896484,53.07849884033203
365.0227966308594,89.533203125,45.14619827270508,50.85449981689453
361.6958923339844,91.48750305175781,46.01839828491211,47.96049880981445
358.6733093261719,94.75389862060547,46.77040100097656,46.45249938964844
355.8984069824219,100.01309967041016,46.358299255371094,42.69660186767578
356.0085144042969,104.78140258789062,43.72019958496094,40.487300872802734
355.3655090332031,110.83519744873047,41.24810028076172,36.23210144042969
353.7637023925781,118.91210174560547,40.81919860839844,32.75859832763672
351.4873962402344,121.21759796142578,40.637699127197266,34.09619903564453
349.3385925292969,121.62999725341797,42.64400100708008,36.664798736572266
347.6178894042969,123.73539733886719,42.58599853515625,37.8745002746582
347.70098876953125,126.02220153808594,41.7052001953125,36.88959884643555
346.7135009765625,128.9376983642578,40.07099914550781,34.160099029541016
346.0082092285156,133.40870666503906,38.051998138427734,32.077999114990234
345.5968933105469,137.97970581054688,36.744598388671875,31.950199127197266
345.4435119628906,140.5133056640625,36.96849822998047,33.552398681640625
345.29638671875,142.44850158691406,37.982398986816406,35.33599853515625
344.05169677734375,143.9658966064453,38.97669982910156,37.91450119018555
345.33349609375,149.69090270996094,38.11869812011719,39.54800033569336
348.4910888671875,157.25559997558594,37.65629959106445,36.03820037841797
350.43389892578125,163.5885009765625,36.849700927734375,31.30150032043457
350.1077880859375,166.09649658203125,41.54249954223633,32.509300231933594
355.7856140136719,168.898193359375,39.42179870605469,32.1245002746582
357.1368103027344,168.3690948486328,45.67020034790039,41.4817008972168
363.0758972167969,167.08790588378906,48.02690124511719,44.4828987121582
369.3817138671875,163.92889404296875,48.717498779296875,44.28670120239258
377.0835876464844,158.50379943847656,50.909698486328125,44.36520004272461
383.53900146484375,154.1728057861328,58.41780090332031,49.46179962158203
392.7431945800781,156.1802978515625,59.926700592041016,52.29410171508789
404.5710144042969,150.2021026611328,58.58440017700195,54.26639938354492
417.8492126464844,134.84890747070312,57.7140998840332,64.36139678955078
425.4142150878906,131.11239624023438,57.891998291015625,50.89400100708008
434.0470886230469,115.64859771728516,60.029998779296875,58.81520080566406
440.034912109375,115.41059875488281,63.75519943237305,52.152000427246094
445.994384765625,103.36080169677734,63.720298767089844,62.926998138427734
443.9552917480469,82.06749725341797,64.77570343017578,65.69419860839844
443.019287109375,68.78309631347656,62.59600067138672,60.350399017333984
443.39691162109375,63.242698669433594,57.889198303222656,56.00490188598633
441.5339050292969,63.323299407958984,55.2515983581543,54.203800201416016
438.9212951660156,68.7385025024414,52.30080032348633,53.42100143432617
434.30950927734375,77.68669891357422,51.90769958496094,52.59159851074219
429.7947998046875,89.5647964477539,49.377201080322266,47.225799560546875
422.6622009277344,98.927001953125,47.72520065307617,44.60409927368164
413.79681396484375,105.60379791259766,45.27799987792969,43.19350051879883
406.6781005859375,111.81520080566406,43.72700119018555,38.925899505615234
398.3841857910156,118.21759796142578,38.63970184326172,33.35860061645508
388.6564025878906,121.0615005493164,37.111000061035156,32.399600982666016
379.6629943847656,120.72250366210938,38.587799072265625,33.96889877319336
369.9472961425781,121.02519989013672,40.415401458740234,34.0806999206543
360.9504089355469,121.11090087890625,38.45600128173828,32.86009979248047
352.11761474609375,119.73390197753906,38.617000579833984,33.51169967651367
346.1769104003906,116.53479766845703,38.5797004699707,35.40370178222656
338.5354919433594,114.4666976928711,40.546199798583984,35.828399658203125
332.2803955078125,110.04959869384766,41.58409881591797,38.55720138549805
325.0779113769531,107.21119689941406,43.15610122680664,39.90439987182617
320.11749267578125,107.46520233154297,44.54899978637695,38.66210174560547
317.9859924316406,107.79850006103516,43.234798431396484,37.91809844970703
315.9523010253906,104.30819702148438,43.5447998046875,37.39619827270508
315.47198486328125,99.07420349121094,45.66120147705078,38.8317985534668
316.1877136230469,95.10189819335938,47.202701568603516,40.46799850463867
318.2763977050781,90.47000122070312,49.859500885009766,43.3489990234375
321.17059326171875,86.4708023071289,52.18239974975586,45.840301513671875
327.2857971191406,83.56999969482422,54.068599700927734,46.2411994934082
334.8570861816406,80.40059661865234,55.35240173339844,47.01789855957031
343.1789855957031,72.38529968261719,57.44449996948242,52.561500549316406
354.2149963378906,64.90160369873047,59.01179885864258,57.339900970458984
368.9366149902344,62.415199279785156,57.37580108642578,57.172401428222656
381.3763122558594,59.045101165771484,58.375301361083984,58.399600982666016
395.13970947265625,59.0463981628418,59.87969970703125,57.15919876098633
407.5841979980469,60.00189971923828,61.697601318359375,56.20180130004883
421.0740051269531,63.44089889526367,62.2677001953125,56.38019943237305
429.95831298828125,70.5353012084961,60.53030014038086,54.71480178833008
435.3258056640625,79.36869812011719,63.021400451660156,55.08890151977539
437.5451965332031,85.5813980102539,64.6614990234375,55.2234001159668
439.072509765625,93.58300018310547,58.9989013671875,50.25669860839844
436.8138122558594,99.28669738769531,55.02939987182617,42.3047981262207
431.96270751953125,106.65679931640625,53.996498107910156,39.33100128173828
424.4201965332031,110.15080261230469,54.24420166015625,42.1781005859375
415.27349853515625,114.27639770507812,53.2848014831543,45.09939956665039
405.7477111816406,120.76280212402344,56.380401611328125,45.664100646972656
398.53240966796875,130.8769073486328,47.11240005493164,39.27000045776367
386.6413879394531,135.1475067138672,46.127201080322266,35.98059844970703
377.7414855957031,126.45339965820312,41.567298889160156,41.67279815673828
366.9645080566406,114.82080078125,42.6161994934082,44.71799850463867
357.2650146484375,105.0156021118164,41.890098571777344,43.249900817871094
347.4726867675781,101.41380310058594,40.70180130004883,41.055301666259766
337.24798583984375,101.3114013671875,42.021400451660156,40.061500549316406
329.418212890625,100.72139739990234,41.53499984741211,41.93360137939453
328.23431396484375,97.05249786376953,39.753299713134766,36.10969924926758
330.95330810546875,81.81310272216797,39.34109878540039,37.86240005493164
333.8658142089844,69.67440032958984,41.09560012817383,39.252899169921875
337.5450134277344,61.05870056152344,42.999000549316406,40.51459884643555
342.3515930175781,57.554901123046875,39.86349868774414,40.166099548339844
348.3658142089844,56.74449920654297,39.621700286865234,38.910701751708984
353.9233093261719,57.562198638916016,39.75389862060547,38.370399475097656
359.6199035644531,59.005001068115234,40.137901306152344,38.400901794433594
364.5526123046875,54.97010040283203,40.86479949951172,43.50859832763672
371.0111999511719,46.94200134277344,41.355899810791016,48.779998779296875
375.8251037597656,42.866600036621094,42.65190124511719,49.38690185546875
381.3580017089844,39.91339874267578,43.98649978637695,51.0369987487793
386.2117004394531,40.04209899902344,43.14590072631836,50.54970169067383
389.818603515625,41.35649871826172,44.82939910888672,48.733299255371094
391.35791015625,45.331199645996094,45.53010177612305,49.585601806640625
392.5918884277344,52.03889846801758,47.3489990234375,52.0713996887207
391.9390869140625,59.98310089111328,49.20140075683594,51.20899963378906
391.2506103515625,68.37339782714844,49.97949981689453,49.43109893798828
389.9905090332031,76.11470031738281,48.97959899902344,45.80419921875
386.7950134277344,84.76349639892578,48.58039855957031,43.58689880371094
382.3575134277344,92.31620025634766,47.89500045776367,42.33829879760742
376.9187927246094,100.89689636230469,47.39849853515625,38.84669876098633
370.6438903808594,106.59110260009766,47.80849838256836,38.67689895629883
364.90350341796875,111.97850036621094,46.53929901123047,36.21369934082031
361.0038146972656,114.93409729003906,43.64080047607422,34.57320022583008
355.93701171875,118.32270050048828,42.41600036621094,32.7130012512207
348.60211181640625,119.50270080566406,43.458499908447266,31.600799560546875
344.697998046875,120.33760070800781,41.58219909667969,31.636899948120117
344.6824035644531,120.63790130615234,43.058998107910156,32.19499969482422
339.07379150390625,122.55619812011719,42.2328987121582,31.91080093383789
338.5314025878906,121.87750244140625,42.038299560546875,32.615699768066406
334.84478759765625,122.8311996459961,41.54610061645508,32.794700622558594
331.2703857421875,124.39219665527344,40.7052001953125,32.67409896850586
327.53790283203125,125.95069885253906,41.1072998046875,31.470199584960938
325.8066101074219,127.11389923095703,40.94670104980469,31.40410041809082
324.8374938964844,128.58099365234375,39.86970138549805,31.444000244140625
324.1195068359375,130.9687957763672,39.6796989440918,31.566999435424805
324.7403869628906,131.4342041015625,39.424198150634766,31.620399475097656
326.4059143066406,132.0316925048828,39.732398986816406,31.55139923095703
328.56988525390625,132.00880432128906,39.541500091552734,33.18389892578125
331.6282043457031,131.36849975585938,40.00040054321289,35.24420166015625
336.7427062988281,128.4680938720703,40.045799255371094,37.641998291015625
340.9804992675781,123.67060089111328,40.049598693847656,39.11389923095703
347.4393005371094,118.14579772949219,39.06399917602539,40.53459930419922
353.4950866699219,114.46549987792969,39.783199310302734,42.25529861450195
357.2314147949219,111.50050354003906,43.323299407958984,44.31840133666992
360.4967956542969,109.11380004882812,44.932498931884766,45.249000549316406
369.0950012207031,110.15180206298828,41.952301025390625,44.35940170288086
372.3843078613281,111.97200012207031,41.48720169067383,42.23820114135742
376.0364990234375,113.78199768066406,40.88850021362305,43.89229965209961
380.07940673828125,116.9375,39.22919845581055,41.77330017089844
380.62908935546875,118.1677017211914,39.43130111694336,41.82749938964844
380.3981018066406,118.43060302734375,40.91830062866211,41.56290054321289
380.3644104003906,119.10250091552734,42.04130172729492,40.50239944458008
378.9674987792969,119.43609619140625,43.199100494384766,40.1973991394043
378.2178955078125,119.30909729003906,41.882198333740234,38.870201110839844
377.27288818359375,119.87529754638672,40.88669967651367,37.13410186767578
375.00738525390625,121.1426010131836,40.6150016784668,36.62070083618164
371.8122863769531,121.66829681396484,41.132301330566406,35.721900939941406
369.0632019042969,122.26499938964844,42.38199996948242,36.285400390625
364.80230712890625,123.45059967041016,43.1515007019043,36.81919860839844
362.3905029296875,123.54660034179688,42.98619842529297,38.55849838256836
359.9303894042969,124.89710235595703,42.28499984741211,38.94369888305664
355.5638122558594,124.93319702148438,42.409698486328125,38.152801513671875
354.3638916015625,125.13860321044922,41.80590057373047,36.18349838256836
350.76629638671875,125.87770080566406,42.88169860839844,35.823001861572266
347.912109375,125.6146011352539,42.62580108642578,37.50379943847656
346.9137878417969,125.68789672851562,42.279701232910156,38.634498596191406
344.9013977050781,125.19139862060547,42.57740020751953,40.54930114746094
343.7763977050781,125.86650085449219,41.96540069580078,40.23849868774414
343.122314453125,128.11599731445312,42.82680130004883,39.01129913330078
341.83758544921875,128.23609924316406,42.15570068359375,38.58890151977539
342.2243957519531,129.95849609375,43.106998443603516,37.78799819946289
342.5787048339844,131.68649291992188,43.26860046386719,38.21979904174805
343.2594909667969,133.31109619140625,43.062599182128906,39.07500076293945
345.7974853515625,135.58489990234375,41.80580139160156,39.2317008972168
346.2410888671875,138.67840576171875,42.152400970458984,39.167701721191406
348.3492126464844,140.46429443359375,41.739898681640625,39.17530059814453
350.997314453125,143.03700256347656,41.898101806640625,38.765098571777344
353.4352111816406,145.9720001220703,41.64649963378906,38.774600982666016
355.13519287109375,147.9647979736328,42.47639846801758,37.832298278808594
358.9486083984375,150.4387969970703,42.13529968261719,36.84600067138672
362.7651062011719,150.7830047607422,41.66310119628906,38.03969955444336
366.9259033203125,152.61300659179688,40.30030059814453,38.30849838256836
371.0783996582031,155.44869995117188,40.17300033569336,39.00360107421875
375.0693054199219,161.33099365234375,38.46009826660156,37.45899963378906
380.0456848144531,165.9980010986328,36.65919876098633,35.15909957885742
383.28729248046875,170.81210327148438,35.84270095825195,33.493099212646484
385.66241455078125,174.08839416503906,34.62839889526367,33.817298889160156
387.8623046875,176.1083984375,34.65359878540039,35.144798278808594
388.3406982421875,174.9777069091797,35.010398864746094,36.41189956665039
389.4619140625,173.94140625,34.4922981262207,37.524898529052734
389.02880859375,173.50799560546875,34.64619827270508,37.26490020751953
389.7052917480469,174.67140197753906,35.38209915161133,34.81959915161133
389.2099914550781,174.94740295410156,36.02870178222656,33.674400329589844
388.5939025878906,175.4445037841797,36.907100677490234,33.38309860229492
386.9714050292969,176.51669311523438,37.629600524902344,33.17729949951172
386.1243896484375,177.9884033203125,37.9906005859375,33.477298736572266
384.08599853515625,179.00900268554688,38.64509963989258,34.428001403808594
383.22369384765625,180.06210327148438,38.907501220703125,34.71189880371094
380.50531005859375,181.50059509277344,40.549198150634766,35.10499954223633
378.2278137207031,183.78939819335938,41.50849914550781,34.070701599121094
376.0953063964844,187.11399841308594,41.73149871826172,34.1088981628418
374.1842956542969,189.8170928955078,41.5526008605957,33.28030014038086
370.88079833984375,192.59860229492188,42.41429901123047,32.65679931640625
367.7026062011719,194.8936004638672,42.66600036621094,33.72380065917969
366.0274963378906,195.8968963623047,43.423301696777344,35.33760070800781
363.2969970703125,197.8489990234375,44.78779983520508,36.99689865112305
360.4090881347656,198.89739990234375,46.45650100708008,38.02690124511719
359.3310852050781,202.5767059326172,45.628700256347656,34.88520050048828
358.98748779296875,204.6656951904297,44.43069839477539,33.036598205566406
359.6434020996094,206.05850219726562,42.25979995727539,31.858299255371094
360.4142150878906,207.60549926757812,40.706600189208984,30.764799118041992
359.2276916503906,207.07130432128906,41.118900299072266,30.84320068359375
359.15570068359375,207.01319885253906,42.200599670410156,30.901199340820312
358.93280029296875,206.88980102539062,41.28889846801758,31.43600082397461
358.7934875488281,207.2299041748047,42.0880012512207,30.814599990844727
359.3053894042969,207.25819396972656,41.772300720214844,30.624900817871094
359.2889099121094,206.64779663085938,41.6234016418457,30.579700469970703
359.3731994628906,207.5386962890625,40.46220016479492,30.845500946044922
358.9570007324219,207.20849609375,41.27899932861328,30.85740089416504
358.9765930175781,207.2445068359375,42.027801513671875,30.666500091552734
359.2984924316406,206.75270080566406,41.25239944458008,30.49020004272461
359.3586120605469,207.11700439453125,41.288700103759766,30.77519989013672
358.6964111328125,206.94839477539062,41.25699996948242,31.17970085144043
358.9845886230469,206.69320678710938,42.46269989013672,30.73940086364746
359.16009521484375,206.81239318847656,41.186798095703125,31.176300048828125
359.176513671875,207.52810668945312,41.03219985961914,30.973899841308594
359.0592041015625,206.27020263671875,42.1150016784668,30.988399505615234
358.9049072265625,207.2677001953125,41.073001861572266,30.927600860595703
358.43719482421875,207.07040405273438,41.44419860839844,31.17770004272461
358.5271911621094,206.53329467773438,41.61090087890625,30.9335994720459
358.65380859375,206.9207000732422,41.708499908447266,30.90719985961914
358.3004150390625,207.29110717773438,41.209800720214844,31.143600463867188
358.7420959472656,206.7010040283203,41.37110137939453,30.997499465942383
359.2192077636719,207.127197265625,41.24470138549805,30.937999725341797
359.1163024902344,206.88780212402344,40.89070129394531,31.33300018310547
358.45489501953125,206.19940185546875,41.031700134277344,31.031299591064453
359.243408203125,207.23809814453125,41.34560012817383,30.625699996948242
359.0690002441406,206.8542022705078,41.0348014831543,31.289100646972656
358.485595703125,207.41070556640625,41.01350021362305,30.98349952697754
359.3340148925781,207.3011016845703,41.483699798583984,30.9375
358.9501953125,206.39849853515625,41.01750183105469,31.070999145507812
358.2760009765625,207.74429321289062,41.60770034790039,30.980600357055664
358.918212890625,206.69580078125,43.009498596191406,31.096799850463867
360.4888916015625,203.40289306640625,43.05780029296875,32.69309997558594
359.23529052734375,195.79229736328125,46.444698333740234,39.756099700927734
361.7430114746094,188.06809997558594,45.63460159301758,39.5724983215332
361.0202941894531,182.5500030517578,45.792301177978516,38.16579818725586
362.1671142578125,175.6719970703125,45.657100677490234,37.65660095214844
361.9070129394531,175.4503936767578,45.4921989440918,36.9807014465332
362.36590576171875,170.77549743652344,46.65250015258789,36.44449996948242
363.01348876953125,170.83680725097656,45.903099060058594,36.07619857788086
363.5080871582031,165.1927032470703,46.963600158691406,36.86289978027344
363.60540771484375,160.74229431152344,47.952701568603516,39.1327018737793
362.56280517578125,159.05850219726562,49.697200775146484,41.8754997253418
363.27191162109375,158.10360717773438,50.493499755859375,43.15869903564453
364.2921142578125,157.6439971923828,50.999000549316406,43.59619903564453
366.7619934082031,157.3450927734375,49.3489990234375,42.84640121459961
367.8734130859375,158.13909912109375,49.73569869995117,42.5192985534668
367.96649169921875,159.01089477539062,50.55670166015625,43.38309860229492
370.5054016113281,158.7584991455078,50.39540100097656,45.89910125732422
371.70379638671875,159.04139709472656,51.31760025024414,47.414100646972656
374.15130615234375,157.7686004638672,49.98350143432617,48.52479934692383
375.8699035644531,155.3948974609375,48.8140983581543,48.96989822387695
378.4642028808594,154.93699645996094,47.92190170288086,48.32059860229492
380.2395935058594,154.7216033935547,46.3129997253418,47.34560012817383
382.0090026855469,157.59530639648438,45.2765998840332,44.73659896850586
383.2831115722656,159.84579467773438,44.108299255371094,44.095699310302734
384.18890380859375,162.90049743652344,43.31660079956055,44.22639846801758
384.8660888671875,165.7635040283203,42.574100494384766,44.4995002746582
384.6618957519531,170.47940063476562,40.30149841308594,42.292198181152344
385.6394958496094,176.4342041015625,38.66350173950195,39.992000579833984
385.3387145996094,182.97439575195312,36.711700439453125,36.80910110473633
384.6824951171875,189.6407012939453,35.33919906616211,34.2661018371582
384.54058837890625,194.85499572753906,33.95920181274414,31.475200653076172
382.07379150390625,198.3455047607422,33.80229949951172,30.962200164794922
379.7121887207031,197.5045928955078,33.854000091552734,31.604900360107422
377.19781494140625,196.9385986328125,34.02050018310547,31.3976993560791
375.2560119628906,196.6260986328125,32.992000579833984,30.088300704956055
373.88031005859375,195.15589904785156,31.925199508666992,29.411100387573242
371.3360900878906,193.25689697265625,32.65729904174805,29.952800750732422
367.4418029785156,191.6990966796875,33.26580047607422,27.609899520874023
365.58349609375,190.12440490722656,32.76190185546875,25.49880027770996
362.4056091308594,188.64540100097656,33.85380172729492,25.329099655151367
358.82550048828125,188.15960693359375,35.52830123901367,25.064199447631836
355.5433044433594,186.29849243164062,35.189701080322266,25.640600204467773
354.06201171875,185.10450744628906,33.89670181274414,26.397199630737305
352.33221435546875,183.27420043945312,33.66379928588867,28.75349998474121
351.9779052734375,180.10000610351562,32.241600036621094,29.802400588989258
350.2178955078125,174.76620483398438,34.14550018310547,31.523700714111328
350.8550109863281,169.45750427246094,33.71390151977539,33.948001861572266
350.2654113769531,166.7418975830078,34.101898193359375,33.9297981262207
350.37530517578125,163.15899658203125,35.078800201416016,33.678001403808594
353.4148864746094,159.65919494628906,33.815799713134766,33.064998626708984
357.8753967285156,157.64109802246094,31.85759925842285,32.744998931884766
359.62750244140625,154.88490295410156,32.87220001220703,33.41559982299805
361.90020751953125,151.77850341796875,34.1245002746582,35.388099670410156
366.652099609375,149.80850219726562,33.315101623535156,36.10139846801758
372.2070007324219,148.30540466308594,31.78569984436035,36.260799407958984
376.7301940917969,147.85670471191406,32.37160110473633,35.33169937133789
381.0289001464844,146.46780395507812,33.22209930419922,35.09939956665039
385.58819580078125,145.05419921875,34.13169860839844,34.96760177612305
390.9255065917969,145.10479736328125,34.72949981689453,35.173500061035156
395.71649169921875,144.3527069091797,35.678001403808594,35.188899993896484
399.2652893066406,144.24929809570312,35.95220184326172,35.87110137939453
404.48760986328125,143.00250244140625,36.4911003112793,38.18840026855469
407.593505859375,142.8520965576172,37.007999420166016,38.72010040283203
411.6742858886719,142.88949584960938,36.26279830932617,38.50640106201172
413.93109130859375,143.9322967529297,37.04050064086914,37.06439971923828
415.06689453125,144.5364990234375,37.588401794433594,36.01129913330078
415.2726135253906,144.6031951904297,38.739200592041016,35.93830108642578
414.7643127441406,145.7113037109375,39.489601135253906,36.64289855957031
414.24359130859375,145.95599365234375,39.069698333740234,37.01380157470703
412.22760009765625,146.67239379882812,39.618499755859375,37.95140075683594
408.5787048339844,146.9470977783203,40.507999420166016,38.460899353027344
404.5403137207031,148.0908966064453,40.97589874267578,38.537899017333984
398.6192932128906,149.91119384765625,42.19459915161133,37.18230056762695
393.4906005859375,152.36109924316406,42.79570007324219,35.58599853515625
388.1441955566406,154.4416961669922,43.22090148925781,34.496299743652344
382.5104064941406,157.09320068359375,43.06869888305664,34.97760009765625
375.42449951171875,159.2626953125,44.42729949951172,36.192501068115234
369.7680969238281,161.35760498046875,44.04119873046875,37.48749923706055
363.7694091796875,163.92959594726562,44.50120162963867,37.634700775146484
358.2655944824219,167.1759033203125,44.961299896240234,37.23630142211914
351.5668029785156,169.50689697265625,46.95240020751953,37.48080062866211
347.5456848144531,170.7957000732422,46.62910079956055,38.342201232910156
344.0201110839844,170.5229034423828,45.92610168457031,37.628700256347656
342.76239013671875,168.41619873046875,45.429100036621094,37.7494010925293
340.0176086425781,166.2073974609375,45.95669937133789,40.17890167236328
337.68389892578125,163.87049865722656,47.15719985961914,40.8921012878418
337.8284912109375,161.22279357910156,46.67070007324219,39.9109992980957
337.58349609375,158.50010681152344,45.879398345947266,37.47949981689453
338.8023986816406,156.04339599609375,45.439300537109375,36.563499450683594
341.2489929199219,152.4739990234375,45.038299560546875,37.03329849243164
343.73309326171875,147.30380249023438,45.68220138549805,38.469600677490234
345.80718994140625,142.69830322265625,46.73820114135742,39.35940170288086
349.8976135253906,140.1533966064453,46.97309875488281,39.04600143432617
