1
379.6321105957031,195.29879760742188,42.17850112915039,127.34839630126953
378.5581970214844,196.8144989013672,41.39739990234375,124.09819793701172
377.6322937011719,197.77259826660156,41.01580047607422,125.23159790039062
376.531494140625,196.5428924560547,40.2041015625,125.14830017089844
375.9789123535156,199.1739044189453,39.398101806640625,123.88909912109375
375.05841064453125,198.8950958251953,39.022701263427734,124.33190155029297
374.3348083496094,199.25929260253906,38.2588005065918,123.32849884033203
372.7060852050781,200.55889892578125,38.56420135498047,122.56990051269531
372.002685546875,198.4626007080078,37.351600646972656,123.46099853515625
370.3890075683594,198.9429931640625,37.361698150634766,123.59149932861328
369.92401123046875,198.4333953857422,37.96310043334961,123.79630279541016
368.0255126953125,198.2113037109375,39.14780044555664,124.11070251464844
366.9397888183594,197.89259338378906,38.19609832763672,125.05059814453125
365.4710998535156,198.81959533691406,40.29629898071289,124.40399932861328
363.5158996582031,199.1071014404297,40.448299407958984,123.93990325927734
362.8111877441406,199.67759704589844,43.31489944458008,124.43489837646484
361.8612976074219,198.7967987060547,42.832698822021484,125.08979797363281
360.1379089355469,200.0135040283203,42.95970153808594,124.05139923095703
358.7698059082031,198.15699768066406,47.95500183105469,126.61699676513672
357.8861999511719,202.10369873046875,44.73099899291992,125.2750015258789
356.58349609375,199.9373016357422,52.30229949951172,127.04090118408203
356.7314147949219,201.6154022216797,48.623199462890625,123.76940155029297
355.52191162109375,203.33859252929688,47.40950012207031,124.21369934082031
354.5989074707031,200.85560607910156,49.90480041503906,125.99469757080078
354.27081298828125,201.7277069091797,47.5890007019043,124.75859832763672
353.4248962402344,201.93479919433594,52.32550048828125,124.34750366210938
353.2735900878906,201.42640686035156,49.398799896240234,123.90730285644531
352.69219970703125,201.12350463867188,53.173500061035156,125.78469848632812
351.74310302734375,202.13009643554688,50.15950012207031,124.06430053710938
350.5513000488281,201.577392578125,51.76169967651367,126.45110321044922
348.9075012207031,199.30560302734375,53.83769989013672,125.95059967041016
348.14459228515625,200.30569458007812,53.97639846801758,126.79389953613281
346.5960998535156,198.3675994873047,54.20880126953125,128.0399932861328
345.3113098144531,200.5334930419922,55.283599853515625,128.36270141601562
347.5664978027344,198.91650390625,53.95349884033203,125.74469757080078
344.5614013671875,199.06849670410156,52.989498138427734,127.35870361328125
343.9407043457031,196.78529357910156,57.52750015258789,129.95620727539062
342.83270263671875,196.35459899902344,56.042598724365234,129.79080200195312
341.42010498046875,196.17599487304688,56.434200286865234,126.19640350341797
341.6004943847656,197.6092987060547,56.3406982421875,126.5238037109375
339.6512145996094,193.66290283203125,56.51750183105469,127.80329895019531
340.3959045410156,195.21009826660156,56.040199279785156,128.93479919433594
339.0987854003906,195.28390502929688,55.7494010925293,125.13500213623047
338.6570129394531,195.07879638671875,55.92340087890625,131.54820251464844
337.0722961425781,193.0590057373047,55.610801696777344,127.73930358886719
338.43798828125,196.8018035888672,53.64550018310547,126.86109924316406
337.1152038574219,195.2393035888672,54.617801666259766,126.68990325927734
334.52880859375,193.48489379882812,55.95669937133789,127.45800018310547
334.28118896484375,195.1356964111328,56.33919906616211,125.90689849853516
333.6341857910156,193.92100524902344,56.4818000793457,126.65519714355469
333.6073913574219,195.8946075439453,56.74420166015625,126.52200317382812
333.2969970703125,194.31069946289062,57.2765998840332,125.93119812011719
332.1693115234375,196.49600219726562,56.568599700927734,125.356201171875
332.0581970214844,195.23590087890625,56.249000549316406,124.76110076904297
331.1853942871094,195.63270568847656,57.81340026855469,125.28289794921875
330.24090576171875,194.51390075683594,57.790199279785156,126.35790252685547
330.8424072265625,194.65260314941406,58.410499572753906,126.27040100097656
329.34979248046875,194.860107421875,58.498600006103516,127.44889831542969
328.6040954589844,196.3979949951172,58.23780059814453,123.94770050048828
328.02740478515625,196.82899475097656,59.96419906616211,126.23819732666016
327.268798828125,197.06680297851562,58.6515007019043,124.14330291748047
327.96820068359375,197.16090393066406,59.34149932861328,125.51229858398438
327.61669921875,196.0872039794922,59.23849868774414,124.466796875
327.3605041503906,198.93870544433594,60.896400451660156,125.21199798583984
326.23858642578125,195.44090270996094,60.26250076293945,125.35569763183594
326.7073974609375,195.7821044921875,61.403099060058594,129.00579833984375
325.1268005371094,198.18710327148438,60.36709976196289,122.96790313720703
325.1272888183594,198.44509887695312,61.862098693847656,124.0625991821289
325.69219970703125,200.39920043945312,59.74089813232422,121.99130249023438
326.4013977050781,203.60670471191406,60.18429946899414,120.285400390625
325.02288818359375,200.1049041748047,60.934898376464844,123.08580017089844
324.4007873535156,203.08709716796875,63.4005012512207,121.97440338134766
325.1180114746094,205.70779418945312,62.39659881591797,118.7969970703125
323.1943054199219,200.71060180664062,64.49459838867188,123.5270004272461
322.87091064453125,202.90879821777344,65.51080322265625,122.59739685058594
323.29278564453125,203.69610595703125,65.3958969116211,121.60749816894531
323.581298828125,203.03900146484375,65.50969696044922,122.24009704589844
322.4809875488281,205.622802734375,66.84629821777344,119.16329956054688
323.26031494140625,205.13340759277344,65.50650024414062,120.59750366210938
324.30828857421875,206.36109924316406,64.50420379638672,119.11399841308594
324.86810302734375,206.6887969970703,64.41179656982422,118.77989959716797
323.9176025390625,202.1750030517578,64.98770141601562,123.04609680175781
324.7471008300781,202.71420288085938,65.09049987792969,121.39559936523438
324.46868896484375,202.03750610351562,63.24549865722656,122.17939758300781
325.1382141113281,203.01710510253906,63.48400115966797,121.6510009765625
325.2997131347656,203.87249755859375,62.86130142211914,120.1802978515625
326.1289978027344,203.5457000732422,62.14419937133789,120.37159729003906
326.0780029296875,199.20440673828125,62.605098724365234,124.0073013305664
325.44488525390625,199.17019653320312,61.64540100097656,123.41840362548828
325.07379150390625,198.80320739746094,63.04859924316406,124.28099822998047
324.7908020019531,196.8697052001953,62.331600189208984,126.00800323486328
325.4867858886719,197.19259643554688,63.46369934082031,125.6072006225586
326.2491149902344,196.6114959716797,61.729000091552734,124.8469009399414
327.57440185546875,198.05880737304688,61.09560012817383,124.60459899902344
326.7301940917969,197.33030700683594,61.66389846801758,124.09380340576172
327.2919006347656,196.67919921875,61.237300872802734,124.55619812011719
328.4248046875,195.6844024658203,61.35409927368164,125.31729888916016
329.13189697265625,196.30259704589844,59.137298583984375,124.27549743652344
329.0837097167969,195.05650329589844,62.30379867553711,126.42009735107422
331.09259033203125,194.6894989013672,58.490699768066406,126.14330291748047
330.347412109375,196.27589416503906,60.82360076904297,125.1261978149414
331.73028564453125,195.60499572753906,59.22010040283203,125.431396484375
333.1897888183594,196.86199951171875,58.48649978637695,123.77279663085938
334.7655944824219,198.0070037841797,58.58300018310547,125.66739654541016
335.5098876953125,196.0749053955078,58.07529830932617,125.49700164794922
336.3681945800781,197.33819580078125,57.36280059814453,126.11900329589844
337.6723937988281,196.81179809570312,57.13520050048828,126.94709777832031
338.8739929199219,198.2736053466797,56.13639831542969,126.11630249023438
340.7434997558594,199.93910217285156,56.64609909057617,125.32099914550781
341.1393127441406,200.3621063232422,57.0880012512207,124.54830169677734
342.1283874511719,200.60549926757812,57.035301208496094,125.10420227050781
342.5992126464844,202.2259979248047,57.719200134277344,124.67430114746094
345.6942138671875,202.56109619140625,55.35380172729492,123.38520050048828
345.9508056640625,201.4595947265625,56.29280090332031,125.55370330810547
347.7970886230469,202.95550537109375,55.084598541259766,125.24819946289062
350.13580322265625,203.57679748535156,54.891300201416016,125.11389923095703
351.9661865234375,203.11729431152344,53.88560104370117,126.73729705810547
353.9761962890625,201.5177001953125,54.409400939941406,127.61949920654297
354.2013854980469,203.46420288085938,57.09450149536133,127.66889953613281
355.5303039550781,202.54319763183594,55.61370086669922,127.85269927978516
356.5892028808594,202.985595703125,56.25130081176758,127.53559875488281
357.5202941894531,202.08770751953125,55.832000732421875,128.14230346679688
359.7567138671875,203.22970581054688,55.443599700927734,127.71510314941406
361.1000061035156,202.39610290527344,56.292701721191406,128.79400634765625
363.93060302734375,205.0325927734375,55.53519821166992,127.35479736328125
364.6412048339844,205.21530151367188,56.34080123901367,128.44509887695312
366.9624938964844,205.17059326171875,54.90399932861328,128.26930236816406
368.89990234375,206.64149475097656,54.87990188598633,128.15870666503906
369.9818115234375,207.5821075439453,55.38859939575195,127.61609649658203
371.5162048339844,209.43179321289062,55.189300537109375,129.03790283203125
371.8211975097656,209.90469360351562,52.373199462890625,127.82749938964844
373.0557861328125,210.4207000732422,52.350101470947266,129.68429565429688
374.89801025390625,215.39349365234375,46.5093994140625,127.83599853515625
375.1767883300781,215.6938934326172,46.01530075073242,129.31300354003906
375.0115051269531,217.55560302734375,42.9547004699707,129.1298065185547
375.6423034667969,222.18960571289062,39.15950012207031,127.2073974609375
372.519287109375,225.17709350585938,37.49150085449219,126.8124008178711
371.7695007324219,226.05670166015625,37.74879837036133,127.59249877929688
365.49688720703125,227.4875030517578,42.35749816894531,129.22410583496094
362.5259094238281,234.4990997314453,43.63420104980469,126.18720245361328
359.7637939453125,237.59249877929688,44.929298400878906,126.09410095214844
357.1878967285156,239.21249389648438,46.542198181152344,126.89559936523438
355.7702941894531,244.2581024169922,46.879600524902344,125.09649658203125
353.80780029296875,245.6374053955078,48.489898681640625,127.5386962890625
354.5292053222656,248.24510192871094,46.3468017578125,127.41380310058594
352.8456115722656,250.20199584960938,47.72710037231445,129.0467071533203
356.1173095703125,259.1518859863281,42.85499954223633,124.16239929199219
356.0661926269531,259.9728088378906,43.8213005065918,126.37370300292969
359.9784851074219,265.7856140136719,39.90700149536133,123.80870056152344
358.6536865234375,264.63958740234375,42.72679901123047,127.69390106201172
358.8908996582031,270.1412048339844,41.973201751708984,126.74949645996094
358.6347961425781,271.73590087890625,42.13890075683594,127.57669830322266
357.1933898925781,276.2489929199219,42.03419876098633,126.1572036743164
357.01031494140625,279.9997863769531,42.4817008972168,127.2490005493164
355.2669982910156,279.7803039550781,43.16360092163086,129.35659790039062
354.5007019042969,285.3706970214844,43.28559875488281,127.3915023803711
353.57379150390625,287.6119079589844,44.16389846801758,127.6676025390625
350.7532958984375,290.1836853027344,46.11309814453125,127.80400085449219
349.2571105957031,293.1513977050781,45.549198150634766,126.85780334472656
347.26910400390625,293.9513854980469,46.26089859008789,128.86920166015625
347.86419677734375,294.2244873046875,44.91320037841797,130.2855987548828
346.40728759765625,299.12799072265625,45.839298248291016,128.3260040283203
342.3044128417969,298.4910888671875,48.192901611328125,131.64559936523438
342.51239013671875,305.4801025390625,47.496700286865234,128.53399658203125
339.8752136230469,304.90301513671875,48.17879867553711,132.15170288085938
339.5350036621094,308.7251892089844,48.19540023803711,130.50210571289062
337.64349365234375,311.40008544921875,48.749298095703125,129.58270263671875
337.9607849121094,314.12640380859375,49.17620086669922,129.97830200195312
336.243896484375,315.8959045410156,48.765201568603516,130.9680938720703
339.3016052246094,316.6119079589844,46.322200775146484,132.18490600585938
341.16571044921875,319.90631103515625,44.841800689697266,130.81210327148438
339.67010498046875,321.39849853515625,45.68170166015625,131.46009826660156
341.30108642578125,331.66900634765625,42.44850158691406,123.86229705810547
342.3815002441406,326.0945129394531,43.182701110839844,133.13429260253906
342.8747863769531,334.6835021972656,41.54280090332031,125.13619995117188
343.09930419921875,333.7253112792969,41.432899475097656,128.5157928466797
343.34930419921875,341.6868896484375,40.772098541259766,123.3093032836914
342.8839111328125,339.1863098144531,41.31850051879883,127.9010009765625
343.3922119140625,339.7215881347656,41.93659973144531,128.5782012939453
344.1914978027344,341.74688720703125,41.84619903564453,126.9613037109375
344.15350341796875,341.33319091796875,42.29389953613281,129.3343048095703
344.5987854003906,343.6250915527344,42.60029983520508,127.17639923095703
344.8138122558594,343.1532897949219,43.4724006652832,129.06590270996094
343.68438720703125,344.87359619140625,43.890201568603516,128.2884979248047
344.0331115722656,345.4122009277344,44.32320022583008,129.77659606933594
343.8887023925781,347.32550048828125,43.84170150756836,129.05740356445312
343.2146911621094,347.3185119628906,44.60599899291992,130.12860107421875
342.5672912597656,348.2778015136719,44.745601654052734,130.63670349121094
341.8673095703125,349.9142150878906,43.738800048828125,130.7904052734375
341.9147033691406,354.8569030761719,43.57680130004883,126.87229919433594
341.6336975097656,355.97259521484375,43.59429931640625,127.54650115966797
341.3634948730469,353.8533020019531,43.94729995727539,130.49639892578125
341.7361145019531,352.19158935546875,44.0525016784668,131.6728973388672
342.3858947753906,353.602294921875,43.69279861450195,130.5832061767578
342.5570983886719,354.02508544921875,43.905399322509766,130.74229431152344
342.0000915527344,356.5993957519531,45.019100189208984,128.55999755859375
342.47979736328125,352.64678955078125,45.62310028076172,132.55479431152344
342.0950012207031,351.9554138183594,48.09260177612305,131.99789428710938
341.79339599609375,353.1358947753906,50.19540023803711,129.62060546875
343.3965148925781,350.76031494140625,51.00469970703125,131.45359802246094
342.97869873046875,349.1257019042969,51.56209945678711,131.3531951904297
342.5140075683594,344.1748962402344,54.46229934692383,134.6540069580078
342.284912109375,335.9368896484375,56.167598724365234,140.18690490722656
344.76611328125,341.7102966308594,56.829898834228516,130.58689880371094
340.99261474609375,328.08660888671875,62.5817985534668,143.9844970703125
343.8999938964844,333.11309814453125,61.5166015625,134.1855010986328
341.1189880371094,321.33441162109375,64.88710021972656,143.17990112304688
341.3266906738281,319.51959228515625,70.3634033203125,141.8668975830078
342.6606140136719,318.1243896484375,71.79070281982422,139.4571075439453
342.30499267578125,310.2135009765625,75.59539794921875,144.564697265625
345.24951171875,314.53790283203125,76.31539916992188,135.36309814453125
344.1571960449219,305.37249755859375,78.21929931640625,142.4445037841797
346.8382873535156,306.9967956542969,77.40750122070312,134.689697265625
347.9043884277344,302.02288818359375,78.56079864501953,135.4990997314453
347.3565979003906,298.0443115234375,79.73880004882812,134.30760192871094
356.90771484375,299.3840026855469,74.72720336914062,124.93810272216797
362.5849914550781,299.6112060546875,74.38520050048828,123.30580139160156
360.6979064941406,286.212890625,82.90730285644531,130.80520629882812
366.0931091308594,288.5194091796875,77.8302993774414,125.73560333251953
366.4190979003906,289.260986328125,80.70970153808594,123.95590209960938
382.8226013183594,306.21490478515625,62.45690155029297,103.45179748535156
374.2557067871094,293.7008972167969,71.88459777832031,113.08219909667969
375.2886962890625,287.4613037109375,69.67960357666016,117.62190246582031
376.54840087890625,280.6346130371094,67.90579986572266,124.71320343017578
377.0138854980469,272.74920654296875,65.09750366210938,132.00979614257812
376.98199462890625,267.73590087890625,64.4561996459961,133.5373992919922
377.2734069824219,265.6408996582031,64.072998046875,132.63150024414062
377.97210693359375,264.7500915527344,63.38679885864258,132.96359252929688
377.9999084472656,263.6863098144531,64.82440185546875,130.85679626464844
378.9018859863281,260.7308044433594,67.24669647216797,132.20289611816406
380.0531005859375,259.54290771484375,66.1353988647461,130.69839477539062
380.2041015625,258.9190979003906,71.77339935302734,128.7093963623047
379.5769958496094,255.9355010986328,75.49929809570312,128.69070434570312
379.1253967285156,254.74459838867188,79.56410217285156,128.2104034423828
378.9884033203125,254.28689575195312,82.54519653320312,126.85669708251953
378.94989013671875,253.62759399414062,86.18350219726562,124.67330169677734
380.53009033203125,255.38319396972656,87.6677017211914,119.68009948730469
381.38861083984375,253.92379760742188,92.8864974975586,116.67230224609375
381.39898681640625,252.4788055419922,94.55570220947266,116.27130126953125
381.43450927734375,251.84559631347656,96.69830322265625,115.74960327148438
382.57611083984375,251.02920532226562,98.28040313720703,114.78299713134766
383.6913146972656,250.04530334472656,99.38349914550781,115.0343017578125
384.098388671875,247.83009338378906,100.9104995727539,115.41449737548828
386.0185852050781,246.2122039794922,99.17350006103516,116.46610260009766
386.6960144042969,245.7552032470703,98.03910064697266,118.39009857177734
388.35980224609375,244.3592987060547,95.1948013305664,120.31829833984375
389.73980712890625,244.0688934326172,93.09600067138672,121.76329803466797
391.0162048339844,243.46380615234375,90.08650207519531,122.47350311279297
391.2417907714844,241.61849975585938,86.95030212402344,124.70709991455078
393.6650085449219,241.56979370117188,80.2571029663086,124.47969818115234
393.66339111328125,241.19729614257812,78.31700134277344,126.36399841308594
396.091796875,240.93600463867188,72.64209747314453,127.53929901123047
397.4967041015625,239.15780639648438,70.95909881591797,128.6417999267578
398.1830139160156,239.47329711914062,65.86540222167969,129.3459930419922
398.9621887207031,239.97720336914062,63.082401275634766,127.9645004272461
398.8634948730469,239.66310119628906,58.860198974609375,128.34539794921875
399.90869140625,238.18380737304688,57.48630142211914,128.94149780273438
399.8092956542969,238.81849670410156,57.03960037231445,130.07369995117188
399.99920654296875,237.92230224609375,56.92959976196289,129.76829528808594
400.42059326171875,237.51559448242188,58.736000061035156,128.22669982910156
399.6051940917969,237.7545928955078,59.110801696777344,127.8207015991211
400.1134033203125,237.6096954345703,61.38859939575195,127.14469909667969
400.1430969238281,238.01480102539062,61.962799072265625,127.32610321044922
400.2782897949219,238.1717987060547,63.439300537109375,126.40080261230469
400.6347961425781,237.63270568847656,65.90799713134766,126.10900115966797
400.04071044921875,237.86929321289062,69.43820190429688,125.92330169677734
399.414794921875,238.68089294433594,71.9269027709961,123.9677963256836
400.2973937988281,238.5605010986328,73.28980255126953,123.37799835205078
400.5292053222656,237.10150146484375,69.18499755859375,124.52539825439453
401.6007995605469,235.37379455566406,63.1599006652832,128.65460205078125
403.2892150878906,236.70069885253906,56.63570022583008,128.07260131835938
405.68109130859375,236.70570373535156,49.4922981262207,129.4261016845703
406.4831848144531,235.385498046875,44.859901428222656,131.6674041748047
406.38848876953125,235.72900390625,41.40869903564453,129.30979919433594
404.8909912109375,234.75320434570312,40.38290023803711,130.8531951904297
406.92449951171875,234.6190948486328,36.822898864746094,129.92959594726562
407.7795104980469,235.80079650878906,36.77000045776367,128.2633056640625
406.3629150390625,236.81610107421875,39.265899658203125,127.6897964477539
408.14630126953125,235.6634979248047,39.270301818847656,129.16900634765625
407.3240966796875,235.27740478515625,41.9474983215332,130.3050994873047
407.17120361328125,236.76739501953125,45.34109878540039,129.39540100097656
406.7237854003906,236.4691925048828,48.27619934082031,128.62330627441406
405.948486328125,238.0655059814453,51.428001403808594,127.58329772949219
407.45721435546875,238.52569580078125,51.460601806640625,125.97689819335938
406.9331970214844,239.1269989013672,54.52539825439453,125.84259796142578
408.0465087890625,239.5753936767578,57.29140090942383,125.3385009765625
408.1216125488281,238.0751953125,57.71030044555664,126.27749633789062
409.0166015625,239.10130310058594,59.76649856567383,125.37570190429688
410.19171142578125,238.852294921875,60.37860107421875,125.8322982788086
410.9529113769531,238.79339599609375,61.07780075073242,126.20829772949219
412.3960876464844,238.00250244140625,62.51850128173828,126.74040222167969
414.0451965332031,238.69590759277344,60.84709930419922,125.47370147705078
414.9303894042969,239.23089599609375,61.94049835205078,125.23580169677734
416.74700927734375,239.4591064453125,61.36869812011719,125.12899780273438
418.00909423828125,238.8253936767578,61.21630096435547,126.18260192871094
418.25860595703125,239.57449340820312,61.72309875488281,125.75509643554688
418.9873046875,239.82330322265625,62.29209899902344,126.21279907226562
419.43780517578125,240.572998046875,62.08140182495117,125.97570037841797
419.4961853027344,239.53329467773438,62.7307014465332,126.35980224609375
419.67388916015625,240.37600708007812,62.77050018310547,125.82219696044922
420.6919860839844,241.73280334472656,62.277198791503906,124.5022964477539
420.18328857421875,242.12939453125,62.722198486328125,124.44259643554688
418.6769104003906,241.77020263671875,62.03419876098633,124.6041030883789
418.53179931640625,242.5626983642578,60.151100158691406,123.5364990234375
419.6510925292969,242.68299865722656,58.278900146484375,123.60929870605469
420.6393127441406,244.90960693359375,57.15950012207031,122.77770233154297
420.7650146484375,244.06460571289062,56.52069854736328,122.53350067138672
420.08819580078125,244.8583984375,57.022499084472656,122.34639739990234
421.21099853515625,244.87840270996094,58.13600158691406,121.40579986572266
422.972412109375,246.6685028076172,56.648399353027344,120.5531005859375
422.4786071777344,247.65640258789062,59.27289962768555,121.79949951171875
422.8033142089844,247.99729919433594,59.95209884643555,120.4551010131836
424.4255065917969,249.91270446777344,58.46099853515625,119.72000122070312
424.2567138671875,249.19149780273438,59.35850143432617,120.33789825439453
424.7880859375,248.7584991455078,60.51219940185547,119.6343994140625
424.1907043457031,249.17140197753906,61.337501525878906,119.64219665527344
425.26300048828125,250.3708953857422,61.35969924926758,119.04570007324219
424.2567138671875,248.74620056152344,61.69580078125,119.57440185546875
424.5476989746094,246.67520141601562,57.05099868774414,119.99569702148438
425.218994140625,246.7696990966797,50.792598724365234,120.43049621582031
422.8951110839844,245.02609252929688,48.61819839477539,123.02290344238281
425.305908203125,243.8679962158203,43.06159973144531,122.18599700927734
426.0400085449219,242.83140563964844,40.82619857788086,125.24009704589844
426.2015075683594,241.39259338378906,38.80580139160156,126.5250015258789
426.9281921386719,242.0847930908203,37.2327995300293,125.69930267333984
425.5867004394531,243.05149841308594,38.06060028076172,125.47029876708984
426.64190673828125,242.51319885253906,36.573299407958984,124.35859680175781
427.2264099121094,241.83389282226562,35.83679962158203,124.87110137939453
427.1697998046875,242.53289794921875,36.58259963989258,124.43620300292969
427.0589904785156,241.82859802246094,37.310699462890625,125.5302963256836
421.5586853027344,241.93870544433594,44.04059982299805,126.37629699707031
423.5221862792969,240.55050659179688,44.04079818725586,128.51300048828125
421.9978942871094,241.88330078125,49.563499450683594,127.97830200195312
420.74609375,241.27589416503906,55.974098205566406,129.05870056152344
420.9888000488281,240.6053924560547,57.16809844970703,127.07669830322266
421.4075012207031,240.29159545898438,59.231201171875,126.95069885253906
422.533203125,240.51220703125,58.22669982910156,126.07830047607422
423.94488525390625,240.05360412597656,58.12580108642578,126.7885971069336
423.6293029785156,240.0802001953125,58.2421989440918,127.80439758300781
424.0000915527344,239.32260131835938,58.24760055541992,127.83830261230469
424.90838623046875,239.3596954345703,57.683998107910156,128.4355010986328
425.7969970703125,238.3585968017578,56.33089828491211,128.9853973388672
425.7018127441406,238.46119689941406,54.850799560546875,128.35769653320312
425.5801086425781,236.3618927001953,50.359500885009766,129.12820434570312
426.6180114746094,235.49220275878906,47.66120147705078,129.93170166015625
426.6748046875,235.43679809570312,46.220298767089844,130.1060028076172
426.426513671875,235.1667022705078,46.559898376464844,130.38479614257812
425.3268127441406,235.71389770507812,47.10369873046875,130.25619506835938
425.2113952636719,235.1497039794922,47.32680130004883,129.3437042236328
425.164306640625,235.5778045654297,49.66299819946289,129.85000610351562
423.964111328125,234.40359497070312,51.81380081176758,129.35009765625
424.2865905761719,234.65330505371094,55.630401611328125,129.7279052734375
423.9446105957031,234.05450439453125,58.04410171508789,128.82420349121094
423.8013000488281,234.5012969970703,64.22309875488281,128.85879516601562
423.6859130859375,234.59359741210938,65.26589965820312,127.74359893798828
423.2333068847656,234.8636016845703,71.1447982788086,128.9217071533203
421.8826904296875,234.5845947265625,72.47899627685547,128.61599731445312
422.0650939941406,235.03070068359375,74.26589965820312,128.1840057373047
422.6448059082031,234.51510620117188,73.8311996459961,128.4492950439453
422.8293151855469,234.9958038330078,74.53739929199219,127.90299987792969
423.2262878417969,235.44500732421875,73.29340362548828,127.83809661865234
423.5343017578125,234.87899780273438,74.7499008178711,128.822998046875
424.49578857421875,234.6033935546875,75.70850372314453,128.5395965576172
424.25,234.42030334472656,75.89749908447266,129.9445037841797
424.7921142578125,234.8843994140625,77.3051986694336,129.65919494628906
424.6863098144531,235.43319702148438,79.74970245361328,128.8883056640625
424.8320007324219,235.4658966064453,83.0167007446289,128.7738037109375
425.6265869140625,236.283203125,82.31999969482422,127.96839904785156
426.00299072265625,236.46839904785156,85.46099853515625,128.37420654296875
426.0708923339844,238.4167022705078,86.90589904785156,126.26370239257812
426.306396484375,238.18699645996094,86.44519805908203,127.50420379638672
426.9480895996094,238.5395965576172,88.74440002441406,126.44409942626953
429.4408874511719,239.52239990234375,87.70020294189453,125.87920379638672
428.9411926269531,239.98280334472656,89.16639709472656,126.22160339355469
429.805908203125,240.4528045654297,89.38929748535156,125.57730102539062
430.0177917480469,242.1804962158203,90.34040069580078,124.55680084228516
430.6081848144531,241.91400146484375,90.42369842529297,124.62449645996094
432.2023010253906,242.8527069091797,89.64810180664062,123.42070007324219
432.0797119140625,243.3968963623047,89.98750305175781,122.96869659423828
432.8564147949219,243.68479919433594,89.83999633789062,123.50060272216797
434.15960693359375,245.28309631347656,88.91089630126953,122.75250244140625
434.212890625,244.1273956298828,88.15579986572266,123.15660095214844
435.2311096191406,245.24330139160156,87.73179626464844,122.74739837646484
436.1835021972656,244.87399291992188,86.72319793701172,122.7665023803711
436.7156066894531,244.79029846191406,86.38459777832031,122.6802978515625
438.0830078125,245.24099731445312,84.9990005493164,123.181396484375
438.13360595703125,245.16729736328125,85.02300262451172,123.22380065917969
438.768310546875,243.94439697265625,84.7040023803711,124.41649627685547
439.5982971191406,243.84449768066406,84.3311996459961,124.04080200195312
440.4742126464844,244.3031005859375,84.53199768066406,122.95159912109375
441.7950134277344,244.28909301757812,83.07839965820312,124.04930114746094
442.7381896972656,244.4080047607422,81.97090148925781,122.76830291748047
442.9660949707031,243.9477996826172,82.01239776611328,123.42479705810547
444.4371032714844,244.36720275878906,80.88890075683594,122.97229766845703
444.18560791015625,243.82989501953125,80.55840301513672,123.15660095214844
443.7934875488281,242.83949279785156,79.73490142822266,123.84369659423828
443.2763977050781,241.50450134277344,78.37879943847656,125.12409973144531
443.1365051269531,240.53140258789062,73.92489624023438,125.92410278320312
443.09698486328125,240.81649780273438,70.31559753417969,126.71479797363281
442.54888916015625,238.41409301757812,69.15689849853516,128.8831024169922
442.6044006347656,238.13450622558594,64.38459777832031,127.23809814453125
442.38739013671875,238.10079956054688,62.916900634765625,129.8896942138672
442.548095703125,237.4512939453125,58.92250061035156,129.7012939453125
443.92620849609375,237.12139892578125,56.19390106201172,131.48179626464844
443.5701904296875,235.12130737304688,55.68550109863281,132.17860412597656
445.3334045410156,235.71310424804688,53.160301208496094,132.11630249023438
445.014404296875,234.3531951904297,51.21670150756836,132.15769958496094
445.3164978027344,235.1060028076172,48.19060134887695,133.1042938232422
445.1882019042969,235.720703125,45.485198974609375,131.56619262695312
444.6546936035156,233.82919311523438,42.943599700927734,132.41580200195312
445.0039978027344,234.51019287109375,39.12049865722656,133.15899658203125
444.6752014160156,235.04100036621094,37.90679931640625,131.53419494628906
445.26739501953125,235.6291046142578,35.8921012878418,131.76980590820312
444.7998046875,235.1822967529297,35.38330078125,131.2487030029297
443.7323913574219,236.1217041015625,33.652198791503906,130.8365936279297
442.21380615234375,234.77549743652344,33.33610153198242,131.81149291992188
442.2254943847656,236.33799743652344,33.485801696777344,130.41380310058594
442.035400390625,236.42950439453125,35.08639907836914,130.78509521484375
440.9921875,236.71710205078125,37.10409927368164,130.3632049560547
440.6720886230469,236.66380310058594,38.918701171875,131.0019073486328
440.7388916015625,235.50059509277344,40.53969955444336,131.8701934814453
439.3534851074219,234.50880432128906,43.1952018737793,132.58189392089844
439.7413024902344,234.44850158691406,45.15190124511719,133.01910400390625
438.40570068359375,234.05889892578125,49.707298278808594,132.9490966796875
437.8340148925781,234.44070434570312,53.6432991027832,132.06869506835938
437.5910949707031,234.63699340820312,56.86259841918945,131.95269775390625
435.923095703125,233.85440063476562,59.79710006713867,132.5625
435.23541259765625,234.1134033203125,63.3583984375,131.63319396972656
434.22119140625,233.5458984375,65.47760009765625,132.0500946044922
435.0649108886719,232.77749633789062,66.38269805908203,133.09530639648438
435.55731201171875,236.33970642089844,67.42680358886719,130.029296875
435.3041076660156,234.11000061035156,67.7113037109375,132.2487030029297
435.3380126953125,237.56509399414062,69.09420013427734,128.78269958496094
435.40350341796875,236.23980712890625,70.85260009765625,130.68649291992188
436.0434875488281,235.65660095214844,70.8853988647461,130.67120361328125
436.5347900390625,236.4040069580078,70.00350189208984,129.7003936767578
436.5458068847656,233.71299743652344,68.1708984375,131.56869506835938
436.1863098144531,234.76930236816406,69.18579864501953,129.71560668945312
436.964111328125,235.84469604492188,67.85919952392578,128.6591033935547
436.580810546875,235.3704071044922,67.15850067138672,129.2664031982422
436.39599609375,239.58489990234375,66.57109832763672,124.49639892578125
436.4883117675781,236.79139709472656,67.24349975585938,128.4051055908203
436.5437927246094,236.6385040283203,66.85060119628906,128.44900512695312
436.62298583984375,235.45399475097656,66.99079895019531,130.01260375976562
437.372314453125,245.7366943359375,64.96289825439453,120.18879699707031
436.4743957519531,237.56689453125,64.66179656982422,128.76150512695312
435.94061279296875,237.3551025390625,65.23570251464844,129.0177001953125
435.82330322265625,239.17909240722656,64.38040161132812,127.44400024414062
434.3721923828125,238.2218017578125,65.41699981689453,128.62890625
433.44580078125,237.69439697265625,66.26270294189453,129.23260498046875
433.41461181640625,237.2176971435547,66.47709655761719,129.4951934814453
433.5546875,237.9394073486328,65.63970184326172,128.8636932373047
433.3642883300781,238.19459533691406,66.72579956054688,129.56019592285156
432.6044006347656,236.9862060546875,66.6552963256836,129.70370483398438
432.5450134277344,236.5009002685547,67.59030151367188,130.0478057861328
433.0386047363281,235.66819763183594,68.92040252685547,130.5238037109375
432.6415100097656,236.89920043945312,70.35289764404297,129.98269653320312
432.6383056640625,238.54739379882812,71.58260345458984,128.135498046875
433.36639404296875,237.74569702148438,71.35430145263672,127.76249694824219
433.1225891113281,237.91070556640625,71.86579895019531,127.71790313720703
432.4916076660156,238.0052947998047,72.71959686279297,128.07229614257812
432.9538879394531,237.42120361328125,72.21109771728516,128.42880249023438
433.3631896972656,237.87330627441406,70.10479736328125,128.7176055908203
432.9107971191406,238.7366943359375,70.53849792480469,128.6201934814453
432.76611328125,239.37559509277344,70.2843017578125,128.72439575195312
432.69940185546875,239.69180297851562,72.4113998413086,129.2718048095703
433.9364929199219,242.970703125,73.32640075683594,127.93150329589844
434.00311279296875,237.32420349121094,73.71320343017578,134.9364013671875
434.6539001464844,238.89559936523438,76.25849914550781,133.9842071533203
436.7113037109375,251.07080078125,72.16470336914062,120.95050048828125
431.1492004394531,229.052001953125,77.8595962524414,141.5052947998047
433.6376953125,244.9075927734375,74.28089904785156,126.17169952392578
433.4942932128906,240.6846923828125,70.20099639892578,131.64370727539062
432.02099609375,235.99899291992188,69.75399780273438,137.15220642089844
433.24969482421875,235.60809326171875,68.07389831542969,137.95030212402344
433.96258544921875,236.5615997314453,67.07340240478516,135.939697265625
434.31298828125,232.5135040283203,65.76249694824219,138.9134979248047
435.6896057128906,233.49330139160156,63.35390090942383,138.5269012451172
439.339111328125,234.7194061279297,58.116600036621094,136.69619750976562
440.67950439453125,231.53250122070312,54.78030014038086,138.6251983642578
443.90838623046875,231.58079528808594,48.98109817504883,138.86419677734375
446.7912902832031,231.94329833984375,44.73609924316406,136.46470642089844
446.5621032714844,229.71279907226562,44.329898834228516,137.23629760742188
445.77911376953125,230.56370544433594,46.300498962402344,136.09669494628906
445.9645080566406,228.720703125,48.89970016479492,136.3677978515625
445.01080322265625,229.40269470214844,53.03739929199219,135.0220947265625
444.5140075683594,229.32009887695312,56.052101135253906,134.47450256347656
443.4342956542969,227.98269653320312,58.047000885009766,133.41360473632812
444.72650146484375,229.1342010498047,58.28300094604492,132.91470336914062
444.13079833984375,227.4420928955078,59.9359016418457,133.10760498046875
444.4226989746094,227.4927978515625,59.07080078125,132.44940185546875
442.9328918457031,226.9512939453125,60.3734016418457,132.89649963378906
441.7369079589844,226.7469940185547,61.72529983520508,132.35130310058594
440.03961181640625,226.56539916992188,62.727699279785156,132.1988067626953
440.9646911621094,227.91799926757812,62.6619987487793,130.2895965576172
440.63641357421875,226.83090209960938,62.1515007019043,131.28790283203125
438.9078063964844,227.20010375976562,63.38840103149414,132.09910583496094
439.1283874511719,226.9550018310547,62.662498474121094,131.91209411621094
438.5456848144531,227.3050994873047,63.0619010925293,131.2982940673828
438.2981872558594,227.91490173339844,61.82709884643555,131.34210205078125
437.4888000488281,227.1448974609375,60.98649978637695,133.1649932861328
438.639892578125,227.03390502929688,59.01570129394531,132.91079711914062
437.1017150878906,226.66470336914062,58.749698638916016,134.67799377441406
438.7124938964844,227.5216064453125,57.21149826049805,132.37640380859375
437.78961181640625,226.80979919433594,57.943599700927734,134.93980407714844
437.4064025878906,227.19290161132812,59.06769943237305,133.8446044921875
436.7576904296875,227.16439819335938,61.087100982666016,134.63580322265625
436.0382995605469,227.58470153808594,63.330501556396484,134.0175018310547
435.5732116699219,228.20989990234375,67.06210327148438,134.9875946044922
434.3617858886719,227.66050720214844,68.74520111083984,136.08529663085938
435.93231201171875,228.63839721679688,70.03679656982422,135.28970336914062
436.1830139160156,229.3311004638672,70.89759826660156,135.97650146484375
435.61871337890625,228.9116973876953,72.86940002441406,136.29840087890625
435.3046875,229.39979553222656,73.00879669189453,136.25729370117188
434.9776916503906,230.2030029296875,74.83660125732422,135.4759063720703
434.2994079589844,231.40769958496094,76.54039764404297,135.27349853515625
432.7864074707031,231.1114959716797,78.73719787597656,136.00509643554688
431.6083068847656,230.8946990966797,82.31310272216797,135.8715057373047
430.23919677734375,230.02639770507812,82.40450286865234,136.93809509277344
431.156005859375,230.1230010986328,82.26319885253906,136.44900512695312
432.1534118652344,230.45799255371094,80.31390380859375,135.83560180664062
432.4183044433594,230.0155029296875,80.58550262451172,136.17860412597656
434.1069030761719,229.16490173339844,76.53340148925781,137.26449584960938
436.3439025878906,229.00259399414062,74.6135025024414,136.36050415039062
435.0992126464844,228.397705078125,73.78810119628906,136.17770385742188
434.9067077636719,228.87789916992188,73.46769714355469,135.50909423828125
433.60791015625,228.57179260253906,73.2208023071289,135.56930541992188
433.3381042480469,229.2480926513672,72.41680145263672,135.15170288085938
432.3757019042969,229.8105010986328,71.74230194091797,135.0240020751953
432.5617980957031,230.7895965576172,71.24030303955078,135.93649291992188
431.2257080078125,230.6024932861328,70.80780029296875,136.35499572753906
429.87359619140625,231.72850036621094,69.95230102539062,136.19070434570312
429.19879150390625,233.40379333496094,69.35900115966797,136.5438995361328
428.0732116699219,233.37030029296875,68.84249877929688,136.85350036621094
428.1119079589844,235.10079956054688,68.85209655761719,136.82069396972656
427.91180419921875,235.1566925048828,68.36620330810547,137.14149475097656
427.0751953125,234.5489959716797,68.2345962524414,137.4311065673828
426.8465881347656,236.60400390625,67.58350372314453,136.06399536132812
425.30621337890625,235.97650146484375,69.05619812011719,136.26620483398438
425.1607971191406,236.4051055908203,70.62899780273438,136.27220153808594
425.0906982421875,237.02650451660156,70.18090057373047,135.37899780273438
424.7590026855469,236.62789916992188,70.939697265625,135.44509887695312
424.5946044921875,236.88670349121094,70.32479858398438,135.09140014648438
424.7012939453125,237.3553924560547,71.85299682617188,134.63160705566406
423.2434997558594,237.12269592285156,73.8582992553711,133.62359619140625
423.3580017089844,236.95799255371094,75.11170196533203,133.11439514160156
422.43231201171875,236.12440490722656,77.23709869384766,133.22410583496094
422.2300109863281,236.05560302734375,79.10820007324219,133.27639770507812
422.056396484375,237.24070739746094,80.9645004272461,131.61000061035156
421.3163146972656,236.03829956054688,82.97309875488281,132.84339904785156
419.90740966796875,237.2761993408203,84.73750305175781,132.09339904785156
420.5118103027344,237.48899841308594,84.49369812011719,131.88079833984375
420.6286926269531,237.2248992919922,84.55180358886719,132.0478973388672
420.01251220703125,238.32090759277344,85.45860290527344,130.69650268554688
419.4912109375,238.0034942626953,85.77729797363281,132.32080078125
418.9093017578125,237.83799743652344,86.51750183105469,131.69149780273438
418.7774963378906,238.30889892578125,84.9446029663086,131.98779296875
419.91619873046875,238.74960327148438,83.49099731445312,132.0460968017578
418.0140075683594,238.9678955078125,83.33380126953125,131.5885009765625
419.8760070800781,239.9990997314453,80.09020233154297,131.11000061035156
419.97259521484375,239.12069702148438,78.97200012207031,131.65359497070312
421.151611328125,239.5688934326172,76.88710021972656,131.65249633789062
419.9442138671875,239.62440490722656,76.68309783935547,131.80580139160156
419.70941162109375,239.66250610351562,75.86260223388672,132.45669555664062
420.3215026855469,239.7397003173828,73.63839721679688,132.86380004882812
418.968505859375,239.18389892578125,74.90910339355469,133.46910095214844
419.2066955566406,239.37930297851562,75.76580047607422,132.52639770507812
417.8782043457031,239.75869750976562,76.21720123291016,132.4322052001953
418.5506896972656,239.40939331054688,76.38700103759766,132.68310546875
418.9346008300781,239.25509643554688,75.79759979248047,132.71229553222656
417.7254943847656,238.38690185546875,77.02860260009766,132.77040100097656
417.972900390625,238.93690490722656,76.1937026977539,132.05369567871094
417.9425048828125,238.6175994873047,76.4031982421875,132.1376953125
418.4335021972656,239.05490112304688,74.87950134277344,131.31039428710938
418.2984924316406,238.73550415039062,74.17050170898438,132.04910278320312
417.90460205078125,238.1907958984375,73.75340270996094,131.81790161132812
417.527587890625,237.75509643554688,73.37460327148438,131.91470336914062
418.22100830078125,237.706298828125,73.61959838867188,131.89979553222656
416.9530029296875,238.8365020751953,76.00299835205078,130.42739868164062
417.7239074707031,238.54840087890625,77.96029663085938,130.4134063720703
414.3323059082031,238.81480407714844,81.88359832763672,128.96539306640625
416.0111999511719,240.1416015625,82.53079986572266,127.74539947509766
414.50250244140625,239.4947052001953,84.6270980834961,127.53260040283203
414.6720886230469,241.23910522460938,84.86199951171875,125.8916015625
415.8583068847656,241.61929321289062,84.30989837646484,125.56320190429688
415.01629638671875,243.2751007080078,82.90170288085938,123.98100280761719
414.0780029296875,241.49639892578125,83.00289916992188,125.93209838867188
414.068115234375,241.97019958496094,81.00520324707031,125.11399841308594
413.41119384765625,241.28570556640625,79.106201171875,125.722900390625
414.30859375,241.67410278320312,76.57109832763672,125.5416030883789
413.3760986328125,241.61329650878906,74.7562026977539,126.42520141601562
413.59521484375,242.67919921875,73.2708969116211,126.51399993896484
414.03839111328125,243.1060028076172,71.46700286865234,125.45379638671875
413.9905090332031,242.5977020263672,69.2030029296875,127.36180114746094
414.1348876953125,242.46180725097656,69.61199951171875,128.26170349121094
414.8810119628906,242.5048065185547,71.5436019897461,130.0915985107422
415.764892578125,245.08230590820312,72.90640258789062,129.12049865722656
415.66839599609375,251.87510681152344,77.318603515625,124.060302734375
416.53271484375,252.05360412597656,80.73169708251953,123.3821029663086
413.1723937988281,251.80209350585938,86.8134994506836,123.99610137939453
413.18560791015625,250.6970977783203,85.65859985351562,125.36710357666016
413.49090576171875,250.7548065185547,83.41649627685547,126.15879821777344
415.6271057128906,254.87710571289062,79.54900360107422,125.25140380859375
413.9932861328125,246.55650329589844,78.39929962158203,133.5023956298828
416.5860900878906,250.8697967529297,72.82890319824219,130.9539031982422
414.156005859375,246.28480529785156,70.90380096435547,133.91439819335938
415.2981872558594,245.79299926757812,65.79679870605469,133.2812042236328
415.21258544921875,244.60440063476562,61.192501068115234,134.80169677734375
414.09710693359375,244.4044952392578,56.93769836425781,135.96099853515625
412.9635009765625,244.7469024658203,54.13639831542969,136.11599731445312
412.3034973144531,244.44020080566406,51.35200119018555,135.17660522460938
412.3725891113281,244.79029846191406,49.212100982666016,134.88999938964844
412.2355041503906,243.743896484375,48.754398345947266,135.84689331054688
411.4490051269531,242.94520568847656,49.44710159301758,136.0028076171875
410.7460021972656,244.0771942138672,49.97079849243164,134.6759033203125
412.3645935058594,243.3426971435547,47.94860076904297,134.1999053955078
411.647705078125,241.20950317382812,46.383201599121094,135.99549865722656
412.6680908203125,240.5854949951172,43.70930099487305,136.20260620117188
412.7705993652344,238.93539428710938,42.9567985534668,137.9886016845703
413.11041259765625,239.12820434570312,43.389801025390625,137.21099853515625
411.7943115234375,238.87869262695312,45.79349899291992,137.60659790039062
410.956787109375,239.4010009765625,48.285499572753906,137.0117950439453
411.2789001464844,240.4980010986328,49.31660079956055,135.2156982421875
412.2560119628906,240.63760375976562,49.449798583984375,134.64430236816406
412.4649963378906,242.29359436035156,50.587799072265625,134.68519592285156
412.0578918457031,241.0124053955078,50.91339874267578,135.87660217285156
412.0038146972656,243.2967071533203,52.150299072265625,134.72439575195312
411.3351135253906,243.11219787597656,54.09669876098633,134.0605926513672
412.9187927246094,241.99850463867188,52.330299377441406,134.97230529785156
412.8752136230469,241.07640075683594,51.352699279785156,135.86669921875
413.3655090332031,240.82139587402344,51.04169845581055,134.33180236816406
413.76251220703125,240.1999969482422,51.440101623535156,134.8280029296875
414.4584045410156,238.96080017089844,52.39149856567383,135.39480590820312
413.2912902832031,237.63609313964844,55.00120162963867,136.80960083007812
413.6111145019531,237.30520629882812,56.276100158691406,135.65789794921875
413.8727111816406,240.64439392089844,58.010799407958984,133.66209411621094
415.0715026855469,241.2801971435547,59.84429931640625,133.3029022216797
415.7110900878906,241.9884033203125,61.058998107910156,132.17759704589844
416.9424133300781,239.8824005126953,59.7952995300293,134.6002960205078
418.3089904785156,238.44639587402344,57.434200286865234,136.40589904785156
418.74139404296875,239.4989013671875,53.70320129394531,135.70689392089844
418.4786071777344,239.9886932373047,52.341800689697266,135.39370727539062
419.2799072265625,240.21690368652344,50.88880157470703,134.76260375976562
419.0701904296875,238.73440551757812,50.359901428222656,135.57699584960938
419.26708984375,240.84800720214844,50.15719985961914,133.99710083007812
420.94000244140625,239.79400634765625,48.675498962402344,135.56399536132812
421.809814453125,239.0325927734375,45.997798919677734,136.78030395507812
424.5714111328125,235.9040985107422,39.81629943847656,140.1217041015625
426.2076110839844,237.73599243164062,34.57170104980469,137.3383026123047
426.3562927246094,237.05580139160156,33.06809997558594,135.51170349121094
423.1354064941406,236.98910522460938,36.27669906616211,133.0955047607422
418.7655029296875,232.60679626464844,42.03099822998047,136.13450622558594
415.71160888671875,232.7884979248047,44.9208984375,133.97140502929688
411.7643127441406,232.1656036376953,48.910701751708984,132.7407989501953
408.5408020019531,232.7935028076172,50.6265983581543,130.18429565429688
407.31439208984375,233.02430725097656,51.92430114746094,129.2718963623047
406.49749755859375,232.35809326171875,52.260101318359375,128.3665008544922
404.4158020019531,232.10459899902344,53.6526985168457,129.10870361328125
405.2762145996094,230.40769958496094,53.230098724365234,130.15570068359375
406.9908142089844,228.5363006591797,53.36429977416992,132.4344024658203
407.32708740234375,233.91830444335938,50.94580078125,128.7725067138672
408.2663879394531,230.96290588378906,50.457698822021484,132.8092041015625
411.5364990234375,229.8885040283203,47.63100051879883,133.906005859375
413.31439208984375,229.6663055419922,45.29690170288086,134.60159301757812
417.0639953613281,229.66360473632812,41.7953987121582,136.61509704589844
418.8750915527344,230.13490295410156,39.66130065917969,136.21629333496094
421.44061279296875,230.91529846191406,36.3406982421875,135.19749450683594
422.6145935058594,231.83700561523438,35.22309875488281,134.27439880371094
424.8273010253906,228.7445068359375,33.37540054321289,137.01800537109375
425.57159423828125,231.41619873046875,32.89799880981445,134.87759399414062
425.95330810546875,232.1302947998047,32.6885986328125,135.18479919433594
427.373291015625,231.86740112304688,32.483001708984375,134.28309631347656
427.6581115722656,230.39300537109375,32.85020065307617,135.96009826660156
427.1116027832031,230.78050231933594,33.621498107910156,136.4893035888672
427.8695983886719,231.28089904785156,33.46110153198242,134.58470153808594
426.5766906738281,230.86410522460938,34.6327018737793,136.052001953125
427.0957946777344,231.31900024414062,34.367698669433594,135.31410217285156
426.1742858886719,230.48609924316406,34.851600646972656,136.4759979248047
426.0166015625,228.4687042236328,35.075801849365234,137.306396484375
426.059814453125,231.33200073242188,36.520198822021484,135.36619567871094
426.1748962402344,232.72019958496094,38.29199981689453,134.40919494628906
424.3216857910156,232.97889709472656,41.77050018310547,135.5550994873047
424.09979248046875,231.9429931640625,43.06919860839844,138.05889892578125
422.1647033691406,232.5417938232422,47.979801177978516,138.69070434570312
419.4617919921875,234.31329345703125,53.47060012817383,136.79539489746094
417.2207946777344,231.31089782714844,59.01179885864258,140.8865966796875
417.1724853515625,234.88519287109375,62.479400634765625,138.56199645996094
415.5526123046875,232.85830688476562,65.73739624023438,140.22129821777344
414.8788146972656,239.68099975585938,68.51589965820312,136.4055938720703
413.61981201171875,235.87449645996094,71.89620208740234,140.33670043945312
415.0621032714844,241.17160034179688,69.79000091552734,135.71170043945312
414.9325866699219,236.30709838867188,68.51309967041016,141.04400634765625
415.9755859375,242.15350341796875,67.65630340576172,135.0074005126953
414.6919860839844,237.81239318847656,69.45590209960938,140.735107421875
415.1001892089844,244.31410217285156,70.52459716796875,134.81849670410156
414.42138671875,237.8218994140625,70.34100341796875,140.2440948486328
415.1382141113281,243.7606964111328,70.18939971923828,134.36390686035156
415.2240905761719,241.1822967529297,70.71060180664062,136.76800537109375
415.12078857421875,241.20159912109375,71.81739807128906,134.32080078125
414.1036071777344,242.32749938964844,74.33609771728516,134.29600524902344
414.347900390625,243.88250732421875,77.9114990234375,132.2178955078125
414.62799072265625,241.57330322265625,79.42150115966797,134.59620666503906
415.6451110839844,243.73829650878906,74.32460021972656,132.63290405273438
414.97088623046875,243.20249938964844,74.27729797363281,134.4969940185547
415.7956848144531,244.3336944580078,72.44059753417969,135.34060668945312
415.25909423828125,240.56640625,70.3405990600586,138.8137969970703
416.2973937988281,241.6613006591797,70.73650360107422,138.9029998779297
415.13958740234375,240.14869689941406,71.01580047607422,139.86000061035156
416.2369079589844,246.36990356445312,70.14289855957031,134.2283935546875
415.3941955566406,248.21839904785156,70.63500213623047,132.40109252929688
415.127197265625,243.1219940185547,72.02400207519531,137.02169799804688
415.2403869628906,246.53489685058594,72.97750091552734,132.8701934814453
415.0140075683594,248.68069458007812,71.11750030517578,131.52040100097656
414.12860107421875,238.54229736328125,71.43099975585938,143.1654052734375
415.7665100097656,249.73739624023438,69.14350128173828,131.7050018310547
413.894287109375,237.82369995117188,69.6229019165039,143.9302978515625
415.72430419921875,250.58709716796875,67.2771987915039,131.69329833984375
413.80279541015625,245.33970642089844,67.80020141601562,136.41209411621094
414.400390625,247.96640014648438,67.41809844970703,133.65440368652344
413.9764099121094,247.33900451660156,66.64649963378906,133.69970703125
414.7228088378906,251.48899841308594,66.37989807128906,130.04730224609375
413.595703125,244.33590698242188,63.999698638916016,135.3719940185547
413.1055908203125,244.17140197753906,63.49190139770508,135.02439880371094
412.5917053222656,245.71839904785156,62.21879959106445,134.4250946044922
411.67779541015625,240.96620178222656,60.86980056762695,137.91319274902344
411.62890625,244.00509643554688,58.83869934082031,136.77740478515625
411.0741882324219,237.22189331054688,56.33250045776367,143.12840270996094
411.55230712890625,235.80250549316406,52.87699890136719,145.04139709472656
412.09710693359375,236.90719604492188,49.9286003112793,144.20840454101562
411.7331848144531,237.0093994140625,47.03710174560547,143.61070251464844
411.2203063964844,239.943603515625,43.87229919433594,141.25030517578125
411.50531005859375,243.86239624023438,42.22489929199219,136.11520385742188
410.9543151855469,243.91329956054688,42.66859817504883,135.75929260253906
410.8291931152344,243.65109252929688,43.64350128173828,136.25469970703125
411.17510986328125,244.23399353027344,44.08150100708008,135.71189880371094
410.2110900878906,242.92410278320312,46.21760177612305,137.13699340820312
410.08929443359375,245.6298065185547,46.32870101928711,134.86669921875
409.7882995605469,244.4691925048828,46.55759811401367,134.96499633789062
410.660888671875,247.48660278320312,46.12099838256836,133.16189575195312
409.4778137207031,243.2595977783203,46.86830139160156,137.0334930419922
412.59149169921875,247.83639526367188,44.28670120239258,133.36410522460938
411.9971008300781,246.36500549316406,43.03969955444336,134.26210021972656
413.5163879394531,245.39329528808594,38.41460037231445,135.1605987548828
414.3034973144531,245.55029296875,33.204898834228516,136.23849487304688
412.1993103027344,240.42640686035156,33.2318000793457,140.19259643554688
409.16070556640625,243.777099609375,34.886199951171875,134.9300994873047
405.79559326171875,246.9210968017578,37.614498138427734,130.9705047607422
403.6830139160156,247.20599365234375,38.7328987121582,130.69839477539062
401.8489990234375,249.78570556640625,38.88330078125,127.88379669189453
402.05230712890625,252.1248016357422,38.365299224853516,125.68000030517578
403.3280029296875,252.0364990234375,37.14789962768555,125.96949768066406
403.8909912109375,238.42410278320312,38.63529968261719,140.34950256347656
405.8558044433594,251.24009704589844,35.71609878540039,127.4811019897461
409.5172119140625,248.96229553222656,32.91749954223633,129.71780395507812
411.12860107421875,250.39410400390625,32.947898864746094,130.2779998779297
412.4991149902344,252.0959014892578,34.39469909667969,128.65660095214844
412.79620361328125,250.63259887695312,37.216800689697266,130.67579650878906
412.3843994140625,249.885498046875,40.163299560546875,132.80099487304688
412.26580810546875,246.0904998779297,42.80759811401367,136.83309936523438
412.7477111816406,252.3249969482422,45.16669845581055,130.4114990234375
412.53131103515625,250.82679748535156,47.3739013671875,132.36070251464844
412.3122863769531,250.66180419921875,49.80630111694336,131.02870178222656
413.2735900878906,249.595703125,50.48569869995117,132.24249267578125
413.0711975097656,248.79400634765625,50.76890182495117,132.7030029296875
412.9171142578125,247.38059997558594,50.42300033569336,132.96890258789062
413.6766052246094,247.4040069580078,50.089500427246094,133.25660705566406
414.07940673828125,246.5946044921875,49.419498443603516,133.52609252929688
414.5094909667969,246.71620178222656,49.096500396728516,133.73519897460938
413.8973083496094,247.14720153808594,48.78310012817383,134.00340270996094
415.0985107421875,247.41830444335938,49.34709930419922,132.79449462890625
414.23089599609375,246.52749633789062,49.81010055541992,133.47509765625
414.2242126464844,246.210693359375,50.882198333740234,133.29530334472656
413.79278564453125,246.24729919433594,51.63570022583008,132.4846954345703
413.6155090332031,245.52130126953125,53.4630012512207,133.35519409179688
413.74371337890625,246.1428985595703,54.444801330566406,132.8177947998047
414.3283996582031,247.5845947265625,53.561798095703125,130.0706024169922
414.07769775390625,247.11500549316406,53.904701232910156,129.60020446777344
412.71258544921875,244.1757049560547,54.132598876953125,133.29600524902344
412.63848876953125,243.27540588378906,54.30670166015625,133.06260681152344
412.8799133300781,243.1699981689453,54.41630172729492,133.16319274902344
412.5552062988281,242.9259033203125,53.29159927368164,132.57179260253906
412.156494140625,242.59230041503906,52.989200592041016,131.6811065673828
413.4189147949219,242.47230529785156,51.2958984375,131.7321014404297
412.2410888671875,241.8874969482422,51.3120002746582,132.83340454101562
413.06451416015625,241.7635955810547,50.230899810791016,131.62579345703125
413.1792907714844,241.1112060546875,49.4379997253418,132.12269592285156
413.1018981933594,241.76780700683594,49.00899887084961,132.41090393066406
413.1242980957031,241.977294921875,48.953399658203125,132.29769897460938
412.59368896484375,241.3979034423828,49.42449951171875,132.62899780273438
413.0181884765625,241.1501007080078,49.678001403808594,132.13330078125
413.1781005859375,240.66650390625,49.825599670410156,131.8740997314453
412.315185546875,241.3968048095703,50.31660079956055,131.26849365234375
412.8924865722656,240.326904296875,49.68510055541992,131.5301055908203
412.60321044921875,239.868896484375,49.67430114746094,131.8887939453125
413.2289123535156,239.4029998779297,49.1870002746582,131.8914031982422
413.5078125,240.3549041748047,48.9552001953125,131.13560485839844
413.65728759765625,240.86349487304688,48.85649871826172,131.0762939453125
412.80450439453125,239.62350463867188,48.89899826049805,131.38479614257812
413.31829833984375,239.79989624023438,48.951698303222656,131.5605010986328
413.8998107910156,240.076904296875,49.03860092163086,130.63330078125
413.69488525390625,241.59449768066406,50.609500885009766,130.10369873046875
413.7596130371094,242.9093017578125,52.60609817504883,129.7133026123047
413.33929443359375,244.61180114746094,54.81399917602539,129.3383026123047
414.18701171875,245.44869995117188,55.40119934082031,127.94239807128906
414.2825012207031,245.31680297851562,54.754398345947266,127.92859649658203
414.36810302734375,245.14219665527344,52.98870086669922,127.66459655761719
414.2466125488281,246.01480102539062,50.90169906616211,128.52960205078125
413.40838623046875,245.26499938964844,48.5723991394043,128.79310607910156
413.7525939941406,245.6132049560547,46.33869934082031,128.88360595703125
413.8641052246094,245.235595703125,44.45859909057617,129.22279357910156
413.23590087890625,246.9611053466797,43.9203987121582,127.3750991821289
413.5898132324219,244.88780212402344,43.12030029296875,129.30990600585938
413.0924987792969,249.65570068359375,43.29890060424805,124.98919677734375
413.60418701171875,247.5222930908203,43.9276008605957,126.56120300292969
412.97698974609375,247.19749450683594,45.23400115966797,127.62519836425781
412.7615966796875,247.8011932373047,45.93330001831055,126.98919677734375
413.1521911621094,248.67349243164062,46.35049819946289,126.17469787597656
413.40948486328125,247.97909545898438,46.4213981628418,126.35089874267578
413.52789306640625,247.26400756835938,46.40829849243164,126.88999938964844
413.74371337890625,245.94039916992188,46.35919952392578,128.8719024658203
413.8931884765625,244.33920288085938,46.19449996948242,130.193603515625
414.23919677734375,244.3946990966797,46.1776008605957,129.92430114746094
414.1249084472656,245.1472930908203,46.1864013671875,129.6573944091797
414.27239990234375,244.2216033935547,45.511199951171875,129.91879272460938
413.6203918457031,244.64999389648438,45.89289855957031,130.34979248046875
413.5810852050781,243.9803009033203,45.206298828125,130.38729858398438
414.159912109375,245.89309692382812,45.07849884033203,129.11929321289062
413.77349853515625,244.88189697265625,45.08000183105469,130.28280639648438
413.4563903808594,244.8679962158203,45.15950012207031,129.68370056152344
413.3299865722656,244.32550048828125,44.974998474121094,130.74899291992188
414.0517883300781,245.3433074951172,44.53730010986328,129.3813018798828
413.7294006347656,247.11749267578125,44.95790100097656,127.55740356445312
413.3472900390625,246.1009979248047,44.587398529052734,129.03700256347656
413.03680419921875,246.88209533691406,44.647701263427734,127.39230346679688
413.8389892578125,247.7174072265625,44.827999114990234,126.63600158691406
413.7515869140625,251.402099609375,44.422698974609375,123.25160217285156
412.8245849609375,246.4259033203125,45.68080139160156,128.83729553222656
413.9159851074219,247.3616943359375,44.512901306152344,127.66410064697266
413.6731872558594,247.3668975830078,44.65639877319336,127.99759674072266
412.9750061035156,246.3363037109375,44.760398864746094,128.99639892578125
414.1510925292969,248.84190368652344,44.30110168457031,126.37750244140625
413.7278137207031,247.51019287109375,43.987701416015625,128.15170288085938
413.6553955078125,248.81280517578125,43.99620056152344,126.93820190429688
413.56640625,247.53329467773438,43.88460159301758,128.2239990234375
414.0096130371094,248.4174041748047,42.374298095703125,127.78299713134766
413.206787109375,250.6540069580078,42.315101623535156,125.75969696044922
413.900390625,251.0570068359375,40.648101806640625,124.7405014038086
413.19110107421875,251.4906005859375,39.33060073852539,125.1001968383789
414.6105041503906,251.79400634765625,36.215999603271484,123.60240173339844
413.7214050292969,248.33090209960938,35.275001525878906,126.8832015991211
414.7508850097656,248.87579345703125,33.624298095703125,126.23680114746094
414.0286865234375,248.7012939453125,33.52280044555664,127.1510009765625
413.7904968261719,247.35499572753906,32.95589828491211,127.71540069580078
414.86920166015625,248.8885955810547,32.33829879760742,126.21659851074219
414.0260925292969,247.33279418945312,32.09489822387695,127.53109741210938
414.3487854003906,247.49349975585938,32.086299896240234,128.13259887695312
414.07470703125,247.85000610351562,31.962600708007812,126.93599700927734
413.3594970703125,247.6383056640625,31.588300704956055,126.65139770507812
413.5143127441406,247.39939880371094,31.484899520874023,126.82949829101562
412.28369140625,247.30690002441406,31.530799865722656,127.64620208740234
411.330810546875,246.98519897460938,32.79970169067383,126.74819946289062
410.4320983886719,246.84219360351562,32.41790008544922,126.80030059814453
409.2926025390625,246.29440307617188,33.82339859008789,126.87920379638672
408.6213073730469,247.6302947998047,34.00299835205078,126.47209930419922
407.9627990722656,247.20919799804688,35.22090148925781,127.52420043945312
408.1578063964844,249.5644073486328,34.212799072265625,125.59649658203125
408.309814453125,246.2657928466797,33.85380172729492,128.19729614257812
408.7716064453125,248.027099609375,34.00339889526367,127.35230255126953
408.0035095214844,246.6907958984375,34.39830017089844,127.30699920654297
408.13800048828125,248.5738983154297,34.0702018737793,126.67919921875
407.4602966308594,247.21470642089844,35.01110076904297,128.1416015625
407.7130126953125,248.24659729003906,34.854400634765625,127.37069702148438
407.0624084472656,246.82749938964844,35.379600524902344,127.76709747314453
406.24249267578125,245.13819885253906,36.200401306152344,128.14520263671875
404.77239990234375,243.9207000732422,38.30350112915039,126.89830017089844
402.10980224609375,242.99549865722656,41.66859817504883,126.89900207519531
397.62188720703125,241.3759002685547,46.9453010559082,126.47109985351562
391.4590148925781,240.1396942138672,52.80649948120117,126.06909942626953
389.26971435546875,238.65220642089844,55.565799713134766,125.08989715576172
385.052490234375,237.58099365234375,60.67250061035156,125.08519744873047
381.5264892578125,236.44619750976562,64.31839752197266,123.11060333251953
380.1047058105469,236.3105010986328,66.04319763183594,120.42269897460938
377.20318603515625,235.2209014892578,69.44290161132812,117.64530181884766
375.06829833984375,234.30580139160156,71.42630004882812,114.63770294189453
372.0638122558594,234.1042938232422,72.92269897460938,110.49539947509766
369.1101989746094,233.64700317382812,77.52189636230469,108.76329803466797
369.6026916503906,231.25929260253906,78.33689880371094,107.23639678955078
369.7101135253906,228.69869995117188,83.756103515625,105.00479888916016
363.8617858886719,227.91659545898438,90.18319702148438,102.14820098876953
364.1672058105469,228.80140686035156,90.26840209960938,93.9197006225586
367.5400085449219,228.13929748535156,87.05850219726562,89.18329620361328
374.5315856933594,225.87130737304688,79.935302734375,77.65509796142578
394.6156005859375,225.5897979736328,59.92499923706055,58.06959915161133
381.8053894042969,226.66949462890625,70.2261962890625,65.68000030517578
381.9910888671875,225.6697998046875,68.77770233154297,69.17040252685547
383.8660888671875,226.6273956298828,65.62349700927734,73.34700012207031
382.5946044921875,225.1566925048828,65.17469787597656,73.48870086669922
384.1752014160156,224.3907012939453,62.15879821777344,68.84010314941406
386.0328063964844,222.7957000732422,60.40959930419922,69.02300262451172
384.0238952636719,221.85260009765625,59.689998626708984,70.50350189208984
383.54998779296875,218.92990112304688,59.99209976196289,70.01480102539062
386.7366027832031,217.53590393066406,54.83399963378906,66.19409942626953
386.660888671875,218.3159942626953,54.49789810180664,65.84549713134766
392.2532043457031,217.56089782714844,48.077999114990234,60.01679992675781
393.5310974121094,213.9803009033203,45.10029983520508,41.492401123046875
395.0857849121094,214.57989501953125,43.36090087890625,37.27349853515625
395.94781494140625,215.2386016845703,41.362300872802734,38.61669921875
395.67730712890625,215.7230987548828,41.07170104980469,39.31610107421875
394.7030944824219,216.7122039794922,41.696998596191406,50.56809997558594
396.1239013671875,215.41329956054688,39.3927001953125,55.5010986328125
396.4222106933594,216.63819885253906,39.8656005859375,50.44020080566406
397.03948974609375,217.13389587402344,39.30289840698242,54.99810028076172
396.3215026855469,218.10400390625,38.30939865112305,51.3484001159668
396.7121887207031,219.8007049560547,37.45029830932617,53.26150131225586
394.400390625,221.23779296875,36.307701110839844,48.9380989074707
392.7803039550781,221.71200561523438,35.69710159301758,46.950401306152344
389.79669189453125,222.03900146484375,34.27360153198242,47.74209976196289
388.6138000488281,220.60499572753906,33.21390151977539,46.82469940185547
386.9288024902344,220.7819061279297,34.62310028076172,50.375701904296875
383.30120849609375,219.96449279785156,34.90399932861328,51.200801849365234
379.25201416015625,219.59429931640625,33.132301330566406,35.69200134277344
377.15771484375,220.4272003173828,32.5796012878418,39.3297004699707
375.94580078125,221.05859375,31.435100555419922,28.754199981689453
371.3688049316406,222.3843994140625,33.863399505615234,27.16320037841797
370.533203125,223.3289031982422,33.12710189819336,27.05699920654297
368.4195861816406,224.6885986328125,33.171600341796875,27.003799438476562
366.31939697265625,226.9532012939453,34.54280090332031,27.544599533081055
363.55609130859375,227.6083984375,36.37260055541992,28.61039924621582
364.2572937011719,228.4801025390625,34.43629837036133,29.130399703979492
363.2131042480469,230.48849487304688,35.78139877319336,28.267099380493164
362.2063903808594,232.07000732421875,35.94279861450195,28.9060001373291
361.9649963378906,233.5625,34.770198822021484,28.697200775146484
362.0751953125,233.9373016357422,35.347801208496094,29.90850067138672
362.86468505859375,234.18710327148438,35.54669952392578,33.417198181152344
363.25299072265625,233.8769073486328,34.24100112915039,29.904800415039062
365.3371887207031,234.327392578125,33.082698822021484,29.388700485229492
365.6224060058594,234.0865936279297,33.085601806640625,29.161300659179688
366.7278137207031,235.1584930419922,31.84429931640625,29.09149932861328
366.6575927734375,234.79600524902344,32.375301361083984,29.07710075378418
368.23480224609375,234.63290405273438,31.903600692749023,28.68160057067871
369.81719970703125,234.6739959716797,31.076099395751953,29.18549919128418
371.0918884277344,234.05360412597656,31.37019920349121,29.25670051574707
372.57501220703125,233.46890258789062,31.15760040283203,29.297199249267578
373.7571105957031,233.25999450683594,31.923099517822266,29.055999755859375
375.47711181640625,232.7657012939453,31.864599227905273,29.605499267578125
377.6964111328125,232.5343017578125,31.61639976501465,30.520700454711914
378.6614990234375,231.85780334472656,32.77799987792969,30.934999465942383
380.77960205078125,230.9998016357422,32.7661018371582,33.749698638916016
382.3981018066406,229.17669677734375,32.49209976196289,36.5166015625
384.32501220703125,228.7373046875,31.689300537109375,31.656400680541992
385.2633972167969,226.9781036376953,33.78559875488281,34.38290023803711
387.0244140625,225.00430297851562,33.14910125732422,36.55139923095703
386.8652038574219,224.38070678710938,36.80390167236328,43.20669937133789
389.9342041015625,223.16110229492188,37.4995002746582,42.2588996887207
390.7319030761719,222.30340576171875,38.707298278808594,42.66460037231445
392.7511901855469,221.78179931640625,41.21039962768555,40.89970016479492
394.5869140625,219.20509338378906,42.88119888305664,43.92559814453125
396.2038879394531,217.94459533691406,45.51459884643555,48.01390075683594
398.2492980957031,216.05230712890625,43.84400177001953,45.493499755859375
398.9324951171875,215.27239990234375,44.73630142211914,47.61940002441406
399.7001037597656,212.88250732421875,44.075199127197266,47.44889831542969
401.0530090332031,213.189697265625,45.27560043334961,46.58489990234375
401.4375915527344,212.15269470214844,44.76599884033203,49.0166015625
402.15130615234375,209.93490600585938,45.66400146484375,52.176700592041016
402.6617126464844,209.7510986328125,43.95930099487305,49.799198150634766
403.15240478515625,209.19830322265625,43.75379943847656,49.28710174560547
404.22021484375,209.5019989013672,46.4275016784668,49.5640983581543
405.3266906738281,209.289794921875,43.901100158691406,50.9739990234375
405.19219970703125,208.07449340820312,43.69990158081055,51.08720016479492
405.4844055175781,208.71820068359375,44.209999084472656,52.301700592041016
405.8681945800781,208.14999389648438,44.414100646972656,50.963199615478516
405.7919006347656,208.74609375,45.6077995300293,53.5968017578125
405.8157958984375,206.87339782714844,45.17729949951172,53.386600494384766
407.0992126464844,208.55650329589844,45.73820114135742,50.62689971923828
407.9718017578125,208.851806640625,48.039798736572266,53.38959884643555
408.3525085449219,207.814697265625,46.80730056762695,53.404598236083984
408.05810546875,207.4156951904297,47.3557014465332,52.891998291015625
408.7832946777344,208.3314971923828,49.632999420166016,53.089599609375
408.5450134277344,207.60960388183594,50.65650177001953,55.006900787353516
408.6720886230469,209.1123046875,53.338600158691406,54.26179885864258
409.8244934082031,208.85360717773438,54.08610153198242,55.10380172729492
410.8528137207031,207.9586944580078,55.40950012207031,57.62580108642578
411.2134094238281,207.43170166015625,56.211299896240234,59.577999114990234
411.97808837890625,206.335205078125,60.0166015625,62.90190124511719
412.44049072265625,204.00819396972656,60.99919891357422,64.54750061035156
413.14691162109375,202.44000244140625,62.139400482177734,63.65760040283203
413.71551513671875,202.10679626464844,64.29570007324219,63.61029815673828
413.7629089355469,199.4311065673828,65.02670288085938,64.8051986694336
414.6711120605469,198.2480010986328,66.04039764404297,64.5282974243164
414.6044006347656,196.30389404296875,68.8469009399414,65.85220336914062
415.1852111816406,195.95010375976562,68.56659698486328,65.01799774169922
416.0860900878906,194.87030029296875,70.29080200195312,66.38069915771484
416.5852966308594,193.64649963378906,71.19090270996094,67.78289794921875
417.00518798828125,192.67930603027344,72.27529907226562,67.87470245361328
417.51629638671875,193.1221923828125,74.52729797363281,68.45030212402344
418.5591125488281,194.08299255371094,75.80780029296875,68.17530059814453
419.7232971191406,194.31649780273438,77.2406005859375,68.72139739990234
420.5745849609375,193.06849670410156,77.90730285644531,70.97540283203125
420.1724853515625,192.60850524902344,79.69270324707031,69.07689666748047
421.1715087890625,193.49159240722656,79.85199737548828,69.6594009399414
421.60040283203125,193.08050537109375,81.09390258789062,70.4552993774414
422.48980712890625,192.4698944091797,82.04959869384766,71.2354965209961
423.349609375,192.4416961669922,82.53949737548828,70.29060363769531
425.2792053222656,192.50990295410156,81.45539855957031,70.13860321044922
425.94000244140625,192.3863067626953,82.74639892578125,70.07170104980469
426.76849365234375,192.16810607910156,84.18609619140625,70.95010375976562
427.5011901855469,190.75070190429688,84.88839721679688,72.72859954833984
429.6795959472656,191.04490661621094,84.29560089111328,71.5656967163086
431.03460693359375,191.2397003173828,84.05169677734375,71.01129913330078
431.5086975097656,189.79910278320312,83.60690307617188,74.17030334472656
433.75299072265625,190.2675018310547,82.83699798583984,71.8551025390625
435.3951110839844,189.36610412597656,81.67459869384766,71.50140380859375
438.1133117675781,190.1759033203125,80.08979797363281,70.12429809570312
440.447509765625,189.67410278320312,80.51239776611328,71.90609741210938
442.76239013671875,189.939697265625,80.74469757080078,71.05680084228516
445.8927917480469,190.3256072998047,79.4166030883789,71.59210205078125
449.347900390625,190.82730102539062,79.30290222167969,72.00019836425781
453.9480895996094,191.38890075683594,77.04779815673828,70.98889923095703
458.2007141113281,191.58799743652344,76.26860046386719,70.48809814453125
462.5968017578125,192.08790588378906,74.81610107421875,68.47029876708984
466.0903015136719,191.97830200195312,74.22530364990234,69.48970031738281
471.0704040527344,191.60789489746094,73.5260009765625,69.9979019165039
475.39080810546875,191.8834991455078,73.40850067138672,70.17939758300781
479.0553894042969,192.32640075683594,72.9448013305664,68.8738021850586
482.7184143066406,192.11749267578125,72.67669677734375,65.80619812011719
486.5032043457031,192.68820190429688,72.34290313720703,64.49919891357422
490.5715026855469,192.6199951171875,71.89230346679688,63.51499938964844
494.7333984375,192.8632049560547,71.22209930419922,62.922298431396484
497.9941101074219,193.85980224609375,71.28610229492188,62.081298828125
500.9552917480469,193.96560668945312,70.05269622802734,61.18410110473633
503.54730224609375,192.88330078125,69.94439697265625,61.9552001953125
505.8431091308594,193.50180053710938,68.47969818115234,60.02840042114258
507.8518981933594,193.3813018798828,68.5238037109375,60.144100189208984
510.1997985839844,193.3448944091797,68.33080291748047,59.71929931640625
512.8167724609375,193.01739501953125,68.65670013427734,59.291500091552734
514.0089111328125,193.36160278320312,67.62169647216797,59.14720153808594
515.697998046875,193.78570556640625,67.73739624023438,58.999698638916016
516.42138671875,192.81919860839844,67.72309875488281,58.564701080322266
518.1588745117188,193.21510314941406,67.40660095214844,58.54859924316406
517.9061279296875,194.27830505371094,68.35279846191406,58.992401123046875
518.6367797851562,194.06039428710938,67.70999908447266,57.59379959106445
520.3262939453125,193.8679962158203,67.78240203857422,57.53689956665039
520.2506713867188,194.31419372558594,67.14029693603516,58.03340148925781
520.5794067382812,195.2454071044922,65.8573989868164,57.50339889526367
520.7327880859375,195.81700134277344,66.15630340576172,57.50320053100586
520.646728515625,195.0402069091797,66.26100158691406,56.77840042114258
519.7061767578125,195.96510314941406,65.59249877929688,57.338401794433594
518.4984130859375,195.03709411621094,65.06759643554688,56.49549865722656
518.73876953125,195.42320251464844,63.56869888305664,57.2328987121582
517.5637817382812,195.67190551757812,63.411800384521484,57.0994987487793
517.3991088867188,195.62649536132812,61.832698822021484,56.55929946899414
516.9893798828125,196.89590454101562,62.30440139770508,57.051700592041016
516.4970703125,196.5417938232422,60.300899505615234,56.82619857788086
515.056884765625,197.48150634765625,60.13779830932617,56.55080032348633
513.551025390625,197.47540283203125,59.3739013671875,55.80070114135742
512.0712890625,197.9116973876953,58.007301330566406,55.6703987121582
510.78021240234375,198.70339965820312,57.5349006652832,55.48720169067383
509.1029968261719,200.0135955810547,55.95920181274414,54.87110137939453
506.0357971191406,202.67669677734375,55.250301361083984,51.87879943847656
505.1361999511719,201.91729736328125,54.83919906616211,53.51940155029297
503.4779052734375,203.21319580078125,53.4109992980957,54.7234992980957
501.2489013671875,204.1862030029297,51.570098876953125,52.911598205566406
498.0967102050781,205.3278045654297,51.907798767089844,53.05609893798828
496.08758544921875,206.7628936767578,51.516998291015625,52.00619888305664
493.8158874511719,208.34039306640625,50.2765007019043,51.50450134277344
491.7222900390625,210.1486053466797,49.348899841308594,51.112998962402344
488.9103088378906,211.15440368652344,48.97249984741211,50.930198669433594
487.35101318359375,211.92019653320312,47.67449951171875,50.53810119628906
484.8179016113281,213.1595001220703,46.706298828125,50.15510177612305
483.3960876464844,214.61439514160156,46.03810119628906,50.79280090332031
482.0321960449219,215.07049560546875,45.447200775146484,50.310699462890625
480.164306640625,216.15109252929688,45.910701751708984,53.77870178222656
478.5580139160156,215.74319458007812,44.6703987121582,51.222999572753906
477.6702880859375,217.56930541992188,45.038700103759766,49.554298400878906
476.0504150390625,217.96400451660156,45.47549819946289,48.64739990234375
476.1748046875,218.27549743652344,45.479801177978516,48.567298889160156
475.14898681640625,218.95530700683594,45.682498931884766,48.329898834228516
474.9920959472656,220.0771026611328,45.36669921875,48.538299560546875
473.6972961425781,222.75869750976562,46.20949935913086,46.535400390625
474.49139404296875,218.80459594726562,45.94459915161133,49.05659866333008
475.2605895996094,219.61830139160156,46.888099670410156,48.42770004272461
474.9815979003906,219.42210388183594,47.9651985168457,49.33509826660156
475.48968505859375,217.1623992919922,48.92259979248047,50.15879821777344
475.9678955078125,217.00909423828125,49.18629837036133,50.34080123901367
475.6105041503906,216.39739990234375,49.789100646972656,50.462799072265625
476.94830322265625,215.9084930419922,50.526100158691406,50.53160095214844
477.72540283203125,214.72850036621094,50.81890106201172,51.06380081176758
479.50750732421875,214.9530029296875,51.013301849365234,50.38639831542969
479.7474060058594,213.1009063720703,51.72169876098633,50.7578010559082
481.6127014160156,213.6761016845703,51.16310119628906,50.094398498535156
482.8612976074219,212.2982940673828,51.83440017700195,50.874900817871094
484.0245056152344,211.148193359375,52.07849884033203,50.96929931640625
485.79278564453125,210.22909545898438,52.67369842529297,51.99359893798828
487.77520751953125,210.51699829101562,52.75579833984375,51.1703987121582
489.84149169921875,209.3769989013672,52.55070114135742,51.87710189819336
491.326904296875,208.74609375,52.802799224853516,51.36429977416992
493.9753112792969,210.71249389648438,41.129398345947266,49.28519821166992
495.8052062988281,209.0417938232422,50.100101470947266,50.32600021362305
499.377197265625,206.83889770507812,52.37480163574219,51.989601135253906
501.2018127441406,208.67239379882812,51.01129913330078,49.25469970703125
503.90960693359375,209.15699768066406,50.08789825439453,48.21419906616211
507.6607971191406,208.8784942626953,52.20050048828125,48.54389953613281
509.05718994140625,208.6544952392578,51.1328010559082,48.43629837036133
512.028076171875,208.1916961669922,53.017398834228516,48.92729949951172
514.697021484375,209.20689392089844,51.82780075073242,47.26210021972656
517.184326171875,209.91920471191406,52.907798767089844,46.73849868774414
519.5858764648438,209.9405059814453,53.334800720214844,47.16709899902344
521.1671752929688,210.40890502929688,53.14509963989258,46.388301849365234
523.8076782226562,211.64169311523438,53.37919998168945,45.448299407958984
525.3278198242188,211.939697265625,53.375701904296875,44.604400634765625
527.67626953125,212.19110107421875,52.129600524902344,45.12269973754883
527.9868774414062,212.49310302734375,53.49150085449219,43.17649841308594
530.0166015625,211.35009765625,53.18980026245117,43.77579879760742
530.4924926757812,210.76400756835938,52.992000579833984,44.39619827270508
533.6832275390625,210.5063018798828,52.81230163574219,44.481300354003906
532.5977783203125,209.4167022705078,54.02370071411133,44.76179885864258
535.3681030273438,209.38209533691406,53.1260986328125,44.152801513671875
535.03271484375,209.37680053710938,53.67539978027344,45.08769989013672
536.75927734375,209.89259338378906,53.59590148925781,43.6442985534668
536.11669921875,209.99009704589844,53.32659912109375,43.39830017089844
537.8480224609375,209.97540283203125,53.83769989013672,43.4546012878418
538.08349609375,209.66600036621094,53.66889953613281,43.09640121459961
539.797119140625,210.10389709472656,52.42210006713867,41.493499755859375
537.540283203125,210.26809692382812,54.14860153198242,43.9640998840332
539.3369750976562,210.96119689941406,51.69279861450195,41.57789993286133
539.546875,210.44400024414062,52.50630187988281,42.029300689697266
536.8189697265625,210.7418975830078,52.976200103759766,45.533199310302734
537.40087890625,211.5384063720703,51.58399963378906,41.11040115356445
535.3076782226562,210.06080627441406,52.80889892578125,44.072601318359375
536.8867797851562,209.90530395507812,50.537200927734375,42.921600341796875
534.3632202148438,209.64529418945312,51.35419845581055,44.48109817504883
535.2747802734375,209.56170654296875,49.5098991394043,43.09000015258789
532.7661743164062,208.78909301757812,49.56380081176758,44.58599853515625
532.9517211914062,210.0489959716797,47.568599700927734,42.53689956665039
531.5745239257812,209.3769073486328,46.96139907836914,43.826900482177734
530.5498046875,209.3251953125,45.59519958496094,43.439998626708984
529.4456787109375,209.50689697265625,44.52220153808594,42.3213996887207
529.005126953125,210.139892578125,43.30220031738281,42.51430130004883
527.8563232421875,210.13819885253906,41.29119873046875,44.49980163574219
527.341796875,210.39370727539062,40.35649871826172,43.11470031738281
526.3060913085938,211.3625946044922,38.962799072265625,42.91749954223633
526.7224731445312,211.83160400390625,35.77050018310547,38.890899658203125
523.9871215820312,213.8607940673828,36.01359939575195,40.52539825439453
523.0336303710938,213.6558074951172,35.9556999206543,40.514198303222656
520.7302856445312,213.47109985351562,35.34049987792969,39.77840042114258
521.0172729492188,215.84210205078125,33.35820007324219,35.82310104370117
518.4835205078125,214.31190490722656,33.57619857788086,31.15920066833496
518.2905883789062,214.19200134277344,31.768699645996094,30.74530029296875
516.3491821289062,215.02330017089844,31.477399826049805,30.326900482177734
513.96630859375,214.92979431152344,31.653900146484375,30.012699127197266
512.456787109375,215.85169982910156,30.270200729370117,31.42959976196289
510.9895935058594,216.4691925048828,29.24959945678711,29.00749969482422
509.8540954589844,217.62240600585938,29.254199981689453,30.3439998626709
507.89739990234375,216.38600158691406,28.37459945678711,31.894399642944336
505.43438720703125,219.3155059814453,27.16080093383789,27.599000930786133
503.481201171875,220.58529663085938,27.57469940185547,27.222700119018555
502.5168151855469,219.36709594726562,25.806699752807617,26.77549934387207
499.3844909667969,219.11570739746094,26.255800247192383,28.35409927368164
496.66461181640625,220.014404296875,25.19890022277832,28.51219940185547
494.85760498046875,219.52650451660156,25.51799964904785,26.273500442504883
493.05059814453125,219.05690002441406,24.652599334716797,27.872100830078125
491.1427001953125,221.31260681152344,24.723600387573242,26.468399047851562
488.4779052734375,220.7445068359375,25.144399642944336,27.533300399780273
487.0718078613281,220.1739044189453,24.481800079345703,27.061500549316406
484.4834899902344,219.81039428710938,24.704099655151367,28.018999099731445
483.256591796875,220.98300170898438,24.003000259399414,27.909799575805664
481.8463134765625,218.85440063476562,24.59830093383789,29.840099334716797
480.32470703125,219.84669494628906,23.48150062561035,27.248699188232422
479.21160888671875,222.46299743652344,23.462400436401367,26.82080078125
477.8887023925781,220.47450256347656,24.05940055847168,29.93670082092285
474.81768798828125,217.1999969482422,25.080900192260742,30.993099212646484
464.0299072265625,215.72219848632812,33.8557014465332,31.701099395751953
466.1567077636719,212.74949645996094,31.53820037841797,36.016300201416016
460.18359375,213.24130249023438,36.10129928588867,37.52629852294922
462.3099060058594,212.9385986328125,33.02360153198242,33.60139846801758
459.6964111328125,213.9967041015625,33.14070129394531,32.076499938964844
467.10308837890625,213.8896026611328,24.515300750732422,30.46139907836914
465.25140380859375,217.91270446777344,26.02750015258789,29.96109962463379
454.7604064941406,204.82640075683594,35.460899353027344,36.710899353027344
462.05731201171875,216.27540588378906,26.156400680541992,28.515499114990234
444.29730224609375,161.92019653320312,62.60029983520508,73.36519622802734
454.00408935546875,211.30169677734375,34.3473014831543,40.66320037841797
458.19488525390625,218.35589599609375,27.07469940185547,29.501100540161133
457.6366882324219,215.25259399414062,24.82040023803711,28.321199417114258
446.3053894042969,161.25469970703125,52.737701416015625,72.73529815673828
447.3232116699219,212.5009002685547,35.01839828491211,79.97789764404297
452.3171081542969,167.9243927001953,25.847700119018555,48.47669982910156
465.2421875,159.17630004882812,33.326900482177734,31.21109962463379
439.7109069824219,197.47659301757812,42.58300018310547,57.9468994140625
440.2484130859375,173.62350463867188,34.245399475097656,33.35129928588867
451.2464904785156,213.73049926757812,22.1781005859375,24.60700035095215
449.2489013671875,178.91810607910156,27.2721004486084,36.342098236083984
445.5281982421875,170.718505859375,29.854000091552734,40.377201080322266
446.5990905761719,163.49949645996094,26.076200485229492,49.36819839477539
445.2969055175781,166.8466033935547,23.22319984436035,44.91189956665039
443.4495849609375,211.65350341796875,29.11009979248047,39.8109016418457
435.9317932128906,242.8719024658203,20.84469985961914,49.20859909057617
433.0982971191406,237.04010009765625,23.967300415039062,55.93550109863281
430.6730041503906,230.1772003173828,25.722900390625,63.45989990234375
427.9324951171875,230.55499267578125,28.752300262451172,65.05509948730469
425.66070556640625,238.64500427246094,26.808900833129883,57.07400131225586
423.74578857421875,209.66900634765625,25.263200759887695,85.88249969482422
420.7506103515625,205.94679260253906,33.93080139160156,90.52739715576172
420.5434875488281,209.9884033203125,30.72719955444336,88.51390075683594
418.4873046875,222.99879455566406,34.19029998779297,76.91639709472656
416.3158874511719,207.7198944091797,30.1117000579834,93.72329711914062
416.0968933105469,207.89120483398438,36.59080123901367,93.2113037109375
413.8096008300781,206.97869873046875,32.29180145263672,94.51820373535156
414.0209045410156,205.65469360351562,37.870601654052734,96.51239776611328
408.909912109375,206.68820190429688,36.45320129394531,96.24870300292969
410.7344970703125,206.40109252929688,36.68069839477539,97.20449829101562
407.5190124511719,205.85569763183594,35.892799377441406,96.98880004882812
408.2370910644531,206.38299560546875,38.95719909667969,98.34310150146484
405.3407897949219,206.31390380859375,36.30730056762695,98.65869903564453
405.04278564453125,205.38290405273438,46.45759963989258,100.24919891357422
403.1047058105469,209.21380615234375,40.81639862060547,96.81690216064453
402.0067138671875,206.22470092773438,38.35279846191406,99.24040222167969
398.4981994628906,207.77969360351562,43.41630172729492,102.04910278320312
400.5907897949219,207.32749938964844,37.86389923095703,99.7781982421875
394.58990478515625,208.82989501953125,46.10210037231445,102.3219985961914
397.85260009765625,208.2613983154297,39.858001708984375,101.57869720458984
394.2793884277344,208.52169799804688,46.37009811401367,104.30909729003906
394.8699035644531,209.0758056640625,42.955101013183594,104.40010070800781
392.0205078125,210.1949005126953,44.14699935913086,105.53359985351562
392.86199951171875,210.74490356445312,41.49660110473633,105.1801986694336
391.4961853027344,210.93190002441406,41.561100006103516,106.18920135498047
391.3268127441406,211.81280517578125,40.57789993286133,106.68340301513672
391.2909851074219,212.5561981201172,38.652099609375,106.90959930419922
390.83428955078125,212.1884002685547,37.134700775146484,107.9052963256836
391.6528015136719,214.13009643554688,36.57619857788086,106.99669647216797
392.3984069824219,213.32989501953125,34.32170104980469,107.9011001586914
393.14599609375,214.5417022705078,31.832300186157227,108.01509857177734
392.77490234375,216.14439392089844,30.883499145507812,107.37090301513672
392.5899963378906,218.42779541015625,29.524700164794922,106.32599639892578
392.7861022949219,219.65960693359375,28.50790023803711,105.47219848632812
392.0762939453125,220.79730224609375,27.355499267578125,104.8727035522461
391.5636901855469,221.23219299316406,26.678800582885742,104.71150207519531
390.7893981933594,221.59559631347656,26.516199111938477,104.49569702148438
389.87060546875,222.9075927734375,25.310400009155273,104.89810180664062
389.4281921386719,222.6468963623047,25.98080062866211,104.52400207519531
388.625,223.4882049560547,26.22130012512207,105.1541976928711
388.23779296875,222.7095947265625,26.444499969482422,104.93109893798828
387.4607849121094,222.39129638671875,26.735700607299805,105.67620086669922
387.5498962402344,222.02540588378906,26.496299743652344,106.39179992675781
387.10211181640625,222.20950317382812,26.730199813842773,106.34970092773438
386.8279113769531,223.51060485839844,27.318500518798828,105.6530990600586
386.3575134277344,221.37359619140625,26.952199935913086,106.74610137939453
387.5924072265625,223.32090759277344,26.96660041809082,105.84809875488281
386.77801513671875,222.23080444335938,29.125200271606445,106.61170196533203
385.877685546875,221.97219848632812,32.1598014831543,106.95359802246094
387.02398681640625,221.0030975341797,33.53609848022461,107.72440338134766
386.57958984375,221.2301025390625,35.885799407958984,107.89129638671875
385.86871337890625,219.55149841308594,38.47090148925781,109.30560302734375
384.73260498046875,221.04339599609375,42.516300201416016,108.87259674072266
386.22601318359375,221.00210571289062,42.88600158691406,106.67990112304688
387.7428894042969,221.0446014404297,43.68939971923828,105.19000244140625
387.9454040527344,220.9281005859375,43.11240005493164,104.60089874267578
388.35809326171875,220.09739685058594,44.355098724365234,105.31269836425781
387.7774963378906,220.89390563964844,45.15530014038086,105.14820098876953
389.4082946777344,221.07470703125,44.27239990234375,105.83059692382812
388.0111999511719,220.27220153808594,46.04029846191406,105.91809844970703
389.3591003417969,220.9300994873047,45.62459945678711,105.55870056152344
389.6050109863281,219.4575958251953,45.58300018310547,106.45020294189453
390.2792053222656,220.4114990234375,45.91270065307617,106.84390258789062
390.7159118652344,219.9781036376953,45.421600341796875,106.20880126953125
394.6189880371094,219.1929931640625,42.37310028076172,106.2957992553711
393.00750732421875,218.49220275878906,44.76110076904297,106.97450256347656
393.0174865722656,219.20419311523438,44.54999923706055,107.181396484375
390.1238098144531,218.09120178222656,47.215999603271484,108.18099975585938
388.8507995605469,218.8948974609375,48.33110046386719,106.67130279541016
387.7951965332031,219.49209594726562,49.51860046386719,108.16500091552734
387.0107116699219,219.84629821777344,49.327701568603516,108.74079895019531
387.2627868652344,219.36109924316406,48.036399841308594,108.73300170898438
388.45208740234375,220.80149841308594,45.722999572753906,106.51930236816406
388.5769958496094,221.6278076171875,44.0281982421875,108.1404037475586
390.9148864746094,220.98500061035156,41.20500183105469,107.3822021484375
390.26971435546875,221.04269409179688,39.73860168457031,107.41020202636719
391.1600036621094,221.74949645996094,39.522701263427734,107.95220184326172
394.1130065917969,220.96240234375,37.54600143432617,107.56300354003906
393.5325927734375,222.29539489746094,38.395999908447266,108.31719970703125
394.9202880859375,222.18069458007812,37.88290023803711,107.90750122070312
396.9224853515625,222.0341033935547,36.732601165771484,107.85230255126953
399.05499267578125,222.20590209960938,37.337398529052734,108.11150360107422
399.7847900390625,221.80020141601562,37.63970184326172,107.55079650878906
400.97320556640625,222.22889709472656,38.38840103149414,107.8864974975586
404.4862060546875,222.27560424804688,36.90520095825195,107.49510192871094
402.6413879394531,221.81590270996094,40.33530044555664,107.17790222167969
406.2041931152344,222.4416046142578,38.70240020751953,106.6771011352539
405.0150146484375,222.22329711914062,40.43479919433594,106.23770141601562
408.58599853515625,223.37730407714844,38.807701110839844,106.3364028930664
410.8432922363281,222.61289978027344,38.96969985961914,107.28780364990234
410.5508117675781,222.2147979736328,39.000099182128906,106.73149871826172
412.830810546875,223.4925994873047,37.967098236083984,107.06999969482422
413.8219909667969,222.88650512695312,37.951698303222656,107.54940032958984
414.94378662109375,222.19940185546875,37.69599914550781,108.1449966430664
414.7810974121094,223.94810485839844,38.82059860229492,108.35240173339844
416.27960205078125,223.32949829101562,37.53950119018555,107.74800109863281
417.1763000488281,222.50830078125,35.62910079956055,108.00689697265625
418.33349609375,223.1298065185547,36.61180114746094,108.15160369873047
417.78680419921875,223.99899291992188,36.00920104980469,108.29930114746094
417.9201965332031,223.602294921875,36.62009811401367,109.01129913330078
418.9088134765625,223.58270263671875,35.352901458740234,106.98829650878906
419.9294128417969,223.86459350585938,34.630401611328125,107.68479919433594
419.24261474609375,224.5406951904297,34.7849006652832,107.48249816894531
419.01519775390625,224.75160217285156,34.31380081176758,106.90399932861328
418.91339111328125,225.4575958251953,32.864601135253906,106.73100280761719
418.3794860839844,226.4774932861328,32.430599212646484,106.49089813232422
416.09259033203125,225.18150329589844,33.03860092163086,106.99690246582031
415.51080322265625,225.7738037109375,32.413299560546875,106.4093017578125
415.9656066894531,227.39639282226562,31.832199096679688,106.35070037841797
416.1571960449219,226.18190002441406,31.364599227905273,107.71929931640625
415.4661865234375,226.79550170898438,31.096900939941406,106.65239715576172
414.28509521484375,227.1457061767578,31.565799713134766,106.91200256347656
413.8456115722656,228.67300415039062,31.755699157714844,107.38169860839844
413.0215148925781,228.03590393066406,32.98270034790039,108.83910369873047
412.4383850097656,228.85670471191406,33.94810104370117,109.83519744873047
411.6383972167969,228.65550231933594,35.67959976196289,110.72239685058594
411.1944885253906,228.4208984375,37.915000915527344,111.33709716796875
409.2236022949219,229.66610717773438,41.10929870605469,112.18949890136719
406.8216857910156,230.110595703125,45.134700775146484,113.64779663085938
404.2705078125,230.8986053466797,48.96969985961914,114.12239837646484
402.75201416015625,231.07530212402344,52.31460189819336,113.18509674072266
401.5038146972656,230.50669860839844,56.398799896240234,114.84149932861328
400.4288024902344,233.14390563964844,54.23400115966797,112.70539855957031
398.2770080566406,232.86300659179688,58.31850051879883,112.95169830322266
396.4529113769531,238.80029296875,61.083900451660156,107.9635009765625
394.6619873046875,236.8278045654297,63.16389846801758,111.5186996459961
390.09600830078125,239.49839782714844,66.65519714355469,107.4397964477539
388.7481994628906,243.06640625,66.60279846191406,104.98789978027344
385.3918151855469,246.72349548339844,68.470703125,102.0457992553711
385.3938903808594,243.95140075683594,66.7656021118164,104.58550262451172
384.71661376953125,245.44119262695312,65.7761001586914,103.57630157470703
382.2486877441406,245.47019958496094,65.5647964477539,104.2396011352539
381.4064025878906,252.7884979248047,65.61280059814453,98.6884994506836
380.7629089355469,251.5637969970703,64.22229766845703,99.86019897460938
379.72589111328125,244.18589782714844,65.17160034179688,109.34619903564453
377.9910888671875,245.99600219726562,68.02559661865234,107.66919708251953
376.13409423828125,250.84039306640625,70.11329650878906,104.64540100097656
377.4818115234375,246.06399536132812,68.44120025634766,109.02159881591797
376.3434143066406,252.98660278320312,69.86430358886719,102.9749984741211
376.2168884277344,248.98880004882812,70.72219848632812,108.49960327148438
375.9823913574219,248.5493927001953,70.62480163574219,109.752197265625
376.1368103027344,248.65829467773438,70.8759994506836,112.16089630126953
376.9556884765625,249.7902069091797,72.60880279541016,113.76909637451172
377.7958068847656,249.73719787597656,74.12680053710938,116.36650085449219
