1
258.2037048339844,158.9207000732422,85.23090362548828,55.16659927368164
259.77099609375,161.54710388183594,85.43769836425781,53.3494987487793
259.67608642578125,164.43569946289062,85.92539978027344,51.89039993286133
260.0997009277344,167.11439514160156,85.964599609375,50.08700180053711
260.87860107421875,167.77490234375,85.11250305175781,46.9119987487793
260.9601135253906,170.1732940673828,86.07879638671875,45.215301513671875
261.4205017089844,173.0498046875,87.13520050048828,40.69860076904297
262.2847900390625,174.70669555664062,86.39910125732422,41.41830062866211
262.6701965332031,174.1802978515625,86.54519653320312,38.88410186767578
262.5538024902344,173.41050720214844,85.46240234375,37.32569885253906
262.66400146484375,172.28900146484375,85.91230010986328,36.26369857788086
263.565185546875,171.33380126953125,84.49539947509766,34.22610092163086
265.3721008300781,171.4145965576172,86.04199981689453,34.462100982666016
267.4483947753906,171.1779022216797,85.53109741210938,33.79690170288086
268.41778564453125,171.07139587402344,86.19149780273438,35.45009994506836
268.4277038574219,169.46090698242188,85.90850067138672,38.39440155029297
269.7311096191406,166.20989990234375,85.82099914550781,50.03850173950195
271.3174133300781,163.38760375976562,83.19450378417969,53.330299377441406
272.1603088378906,161.14190673828125,83.01860046386719,55.251800537109375
271.98748779296875,159.58580017089844,82.63259887695312,59.554901123046875
273.8918151855469,157.35940551757812,79.41729736328125,63.72079849243164
275.45831298828125,154.3459930419922,77.34850311279297,69.7667007446289
277.279296875,154.5792999267578,74.61489868164062,71.44080352783203
279.64019775390625,153.17840576171875,73.1260986328125,73.51899719238281
282.0133972167969,153.1968994140625,68.345703125,74.2593994140625
283.97210693359375,153.60189819335938,67.0238037109375,75.081298828125
287.4020080566406,153.83079528808594,84.83910369873047,75.80809783935547
288.2760925292969,155.8719024658203,52.4650993347168,63.22200012207031
285.3254089355469,154.17730712890625,60.935699462890625,73.48539733886719
279.5168151855469,155.12460327148438,68.5071029663086,78.26090240478516
276.05859375,155.25039672851562,71.20079803466797,75.091796875
271.9056091308594,155.7458953857422,75.3104019165039,78.93920135498047
272.1913146972656,155.48089599609375,75.2155990600586,78.22799682617188
270.0339050292969,156.22889709472656,77.7260971069336,77.45950317382812
267.9544982910156,157.13600158691406,79.38520050048828,75.12359619140625
266.9110107421875,157.69410705566406,79.80500030517578,73.94409942626953
263.9775085449219,157.2451934814453,84.30400085449219,73.88259887695312
262.9206848144531,157.79420471191406,84.14179992675781,73.88259887695312
261.5813903808594,157.48410034179688,83.3563003540039,71.15350341796875
260.4490051269531,157.6020050048828,83.2249984741211,69.0602035522461
259.3534851074219,157.7686004638672,86.79750061035156,68.314697265625
257.489990234375,158.31300354003906,87.76940155029297,69.68820190429688
255.6658935546875,156.1103973388672,85.75140380859375,66.02999877929688
255.34280395507812,154.66639709472656,83.70709991455078,65.72799682617188
253.85130310058594,154.1302947998047,81.35449981689453,64.27729797363281
252.09750366210938,153.90989685058594,83.01319885253906,64.53600311279297
251.16639709472656,154.01499938964844,82.2938003540039,61.15119934082031
250.9503936767578,153.85369873046875,83.29109954833984,61.793701171875
250.79550170898438,155.24609375,79.46549987792969,60.896400451660156
251.15919494628906,156.41639709472656,79.05449676513672,58.89139938354492
250.92979431152344,156.83790588378906,81.16539764404297,59.777099609375
251.33779907226562,157.02569580078125,82.69200134277344,57.687801361083984
253.8780059814453,158.5251007080078,76.27100372314453,55.66529846191406
254.5200958251953,157.86309814453125,78.08270263671875,57.45790100097656
254.68780517578125,156.32859802246094,79.5886001586914,56.98910140991211
256.93310546875,155.77529907226562,77.47850036621094,55.54779815673828
258.7284851074219,156.2458953857422,75.32959747314453,55.0724983215332
259.3169860839844,154.42320251464844,73.76020050048828,57.025699615478516
259.2159118652344,156.21629333496094,73.72859954833984,55.14830017089844
259.5332946777344,156.589599609375,72.38629913330078,54.711700439453125
261.281005859375,157.2653045654297,70.5988998413086,52.606300354003906
261.8146057128906,156.78419494628906,71.6489028930664,51.864498138427734
262.1156921386719,157.57420349121094,70.8125,53.28929901123047
262.0989074707031,157.30990600585938,71.37789916992188,50.89799880981445
260.2948913574219,157.94659423828125,72.48410034179688,57.65250015258789
260.3836975097656,157.88189697265625,72.1166000366211,54.29570007324219
261.3131103515625,158.79359436035156,72.05840301513672,55.08209991455078
258.8926086425781,158.97120666503906,75.72879791259766,52.286598205566406
261.14019775390625,161.89059448242188,72.50969696044922,54.54669952392578
263.1034851074219,163.54750061035156,69.4823989868164,51.54439926147461
261.7423095703125,164.5113983154297,71.37940216064453,51.96480178833008
266.43341064453125,164.51739501953125,66.63870239257812,51.19240188598633
266.3901062011719,165.1156005859375,63.20650100708008,50.744300842285156
274.019287109375,167.5222930908203,56.5703010559082,44.230499267578125
267.84368896484375,168.7165985107422,61.83980178833008,45.990699768066406
274.0205078125,168.78469848632812,54.7942008972168,41.95840072631836
272.3147888183594,170.64219665527344,54.685699462890625,40.16939926147461
267.2734069824219,171.4019012451172,56.81999969482422,42.32899856567383
266.3439025878906,172.9237060546875,59.010501861572266,39.791500091552734
265.2369079589844,173.59840393066406,58.27730178833008,37.75400161743164
265.65240478515625,175.9561004638672,58.0161018371582,35.82979965209961
266.1077880859375,176.55850219726562,56.15739822387695,36.01139831542969
261.3655090332031,178.03550720214844,61.031700134277344,45.64469909667969
262.0000915527344,177.26519775390625,58.29859924316406,41.510799407958984
263.5194091796875,176.44859313964844,54.10749816894531,49.59189987182617
260.88861083984375,176.52279663085938,56.97439956665039,52.230098724365234
257.4827880859375,175.38290405273438,58.41230010986328,59.51240158081055
252.45140075683594,174.30149841308594,64.24690246582031,62.51100158691406
251.8990020751953,171.98809814453125,65.01439666748047,67.53289794921875
254.10260009765625,170.71780395507812,61.150299072265625,73.8511962890625
252.01229858398438,170.60679626464844,65.79509735107422,77.35330200195312
252.6147003173828,171.53280639648438,63.12630081176758,78.23169708251953
251.28750610351562,171.17430114746094,63.74079895019531,76.05470275878906
250.29530334472656,170.29539489746094,64.91230010986328,79.36170196533203
253.4311065673828,168.64759826660156,58.43669891357422,79.51950073242188
250.9261932373047,166.69439697265625,58.41080093383789,79.72779846191406
249.48049926757812,164.63160705566406,58.808998107910156,81.72660064697266
249.50909423828125,162.59359741210938,60.342201232910156,82.29209899902344
251.01829528808594,160.69590759277344,58.945701599121094,82.30139923095703
249.21910095214844,160.30799865722656,62.3931999206543,82.9000015258789
249.62339782714844,159.70120239257812,67.06430053710938,81.84140014648438
250.00790405273438,160.98379516601562,69.81929779052734,79.20850372314453
249.21229553222656,161.88560485839844,70.58319854736328,75.84960174560547
249.34840393066406,162.18710327148438,71.96690368652344,75.10579681396484
247.59979248046875,160.48770141601562,73.69129943847656,73.41459655761719
244.7978057861328,159.56829833984375,76.34919738769531,72.11489868164062
246.20089721679688,158.8881072998047,77.4697036743164,70.31410217285156
247.47439575195312,158.5186004638672,76.70279693603516,69.74469757080078
245.91929626464844,158.53329467773438,79.152099609375,68.69219970703125
249.25799560546875,158.53660583496094,77.48200225830078,67.01570129394531
247.591796875,158.70260620117188,80.93160247802734,63.11640167236328
249.36439514160156,160.16549682617188,81.72589874267578,58.98889923095703
251.029296875,161.5001983642578,81.88629913330078,54.438899993896484
251.36630249023438,163.31829833984375,85.33899688720703,51.99250030517578
250.67050170898438,163.84429931640625,87.87190246582031,44.956199645996094
253.94239807128906,166.14720153808594,87.44080352783203,46.40060043334961
251.89430236816406,165.0937042236328,89.7468032836914,42.866798400878906
256.6012878417969,164.50489807128906,85.54350280761719,40.925201416015625
257.0564880371094,166.10940551757812,83.76920318603516,35.764801025390625
258.0127868652344,166.26710510253906,85.64230346679688,33.7661018371582
257.98370361328125,166.2324981689453,84.74079895019531,31.147600173950195
260.2854919433594,165.14259338378906,83.3281021118164,31.873600006103516
260.60009765625,162.8874053955078,87.16819763183594,32.898399353027344
259.8810119628906,158.64300537109375,84.38289642333984,36.88779830932617
262.3612976074219,155.3126983642578,85.52670288085938,40.23699951171875
263.28509521484375,151.85629272460938,85.94029998779297,50.958900451660156
263.5997009277344,147.85670471191406,86.96720123291016,60.871299743652344
265.7356872558594,147.19219970703125,84.3031997680664,64.81439971923828
265.31201171875,142.3988037109375,82.11509704589844,62.30390167236328
269.39898681640625,141.65089416503906,78.13909912109375,66.44159698486328
271.6778869628906,140.28700256347656,76.13909912109375,70.25250244140625
274.36981201171875,137.6750030517578,71.72589874267578,70.7979965209961
275.6249084472656,137.2006072998047,68.78060150146484,69.52010345458984
276.0791931152344,136.87950134277344,67.49739837646484,72.5281982421875
278.5127868652344,136.39520263671875,68.31300354003906,72.50990295410156
280.8583984375,135.43209838867188,65.92780303955078,73.652099609375
284.5841064453125,136.18670654296875,61.82630157470703,76.90730285644531
286.9330139160156,136.19119262695312,56.79010009765625,75.4448013305664
287.4410095214844,136.8748016357422,53.81840133666992,77.25830078125
286.9078063964844,135.39309692382812,50.055301666259766,75.00509643554688
284.5000915527344,136.41900634765625,57.89039993286133,77.13899993896484
284.1120910644531,134.8553924560547,58.845401763916016,76.60900115966797
279.806396484375,134.7924041748047,63.140098571777344,76.31819915771484
279.8702087402344,136.07110595703125,67.03379821777344,79.90550231933594
277.4154052734375,135.1002960205078,68.41590118408203,80.07559967041016
277.3935852050781,135.1300048828125,67.80709838867188,80.7261962890625
276.5325012207031,136.3614959716797,70.31300354003906,80.68150329589844
275.2585144042969,135.41180419921875,69.614501953125,80.24009704589844
274.99090576171875,137.1269989013672,71.37470245361328,79.45829772949219
273.0201110839844,137.1396026611328,74.22019958496094,79.66690063476562
272.06561279296875,137.664306640625,76.466796875,79.37169647216797
271.8497009277344,138.08070373535156,76.6521987915039,79.33920288085938
271.83538818359375,137.7198944091797,78.37470245361328,76.36229705810547
271.3992919921875,137.77369689941406,77.09639739990234,76.24749755859375
271.5078125,138.91290283203125,75.76190185546875,75.58170318603516
268.6968994140625,138.06610107421875,77.81289672851562,76.02519989013672
268.98388671875,138.80599975585938,81.27349853515625,73.31539916992188
264.1545104980469,139.4626007080078,82.88099670410156,72.64109802246094
263.398193359375,139.74659729003906,85.35569763183594,70.88330078125
263.02398681640625,140.2906036376953,85.75140380859375,72.47109985351562
260.17181396484375,140.92660522460938,89.0145034790039,68.6156997680664
247.7115020751953,142.976806640625,102.68399810791016,68.83409881591797
262.3482971191406,144.3571014404297,86.85540008544922,63.85409927368164
258.1907043457031,146.1295928955078,87.52999877929688,63.392601013183594
259.414794921875,147.14599609375,89.40160369873047,64.98650360107422
256.7854919433594,149.01840209960938,90.55480194091797,64.84970092773438
258.5409851074219,150.923095703125,85.98999786376953,59.99660110473633
255.99380493164062,152.5930938720703,90.41390228271484,58.59749984741211
255.02000427246094,153.6656036376953,91.29750061035156,55.38639831542969
255.23489379882812,155.77749633789062,89.29190063476562,55.04180145263672
255.32110595703125,158.15480041503906,88.87200164794922,49.29990005493164
253.7530059814453,161.29930114746094,88.6720962524414,48.47330093383789
251.92669677734375,163.60220336914062,88.44940185546875,46.992401123046875
251.51429748535156,165.9499053955078,88.06759643554688,44.465301513671875
250.3533935546875,165.71620178222656,86.57379913330078,45.54990005493164
251.4239959716797,166.4821014404297,84.99169921875,46.602298736572266
251.26609802246094,166.44900512695312,86.51339721679688,46.842498779296875
251.94659423828125,167.2010040283203,84.32749938964844,44.30390167236328
250.98590087890625,168.0511932373047,85.82720184326172,44.480098724365234
250.12229919433594,169.0532989501953,86.1448974609375,41.99340057373047
250.35299682617188,169.90859985351562,87.59269714355469,43.37329864501953
249.08839416503906,171.28250122070312,88.75460052490234,39.5906982421875
249.1645965576172,171.0863037109375,87.90260314941406,41.368499755859375
248.22439575195312,171.63340759277344,85.22250366210938,39.02259826660156
248.5695037841797,172.00149536132812,85.15519714355469,38.435298919677734
246.61529541015625,172.56320190429688,83.43609619140625,37.21110153198242
246.82879638671875,171.41709899902344,82.95079803466797,36.969200134277344
245.37010192871094,171.01199340820312,84.39520263671875,35.41469955444336
243.97740173339844,170.00540161132812,84.22660064697266,37.25379943847656
243.22799682617188,170.08670043945312,84.8821029663086,38.71760177612305
242.4541015625,171.1363983154297,84.19499969482422,39.242000579833984
242.085205078125,169.8970947265625,83.5979995727539,40.71549987792969
241.7404022216797,168.93460083007812,83.74669647216797,44.77069854736328
244.40330505371094,167.4510040283203,80.40190124511719,47.11909866333008
242.28720092773438,166.43539428710938,82.65029907226562,50.00149917602539
242.9102020263672,166.1248016357422,79.9751968383789,52.23970031738281
244.02450561523438,165.89370727539062,78.7655029296875,52.238800048828125
243.4069061279297,163.7666015625,77.52729797363281,53.65760040283203
244.43609619140625,163.7957000732422,77.51950073242188,54.05459976196289
243.7606964111328,162.57620239257812,76.13420104980469,55.10350036621094
247.82179260253906,159.85760498046875,72.66339874267578,59.081600189208984
246.46910095214844,157.96400451660156,71.6083984375,60.5099983215332
249.65719604492188,156.99819946289062,68.94999694824219,62.47309875488281
250.32859802246094,153.74139404296875,65.37239837646484,64.4041976928711
247.74029541015625,153.94459533691406,68.13780212402344,64.59839630126953
249.27149963378906,157.0845947265625,62.6526985168457,61.45989990234375
249.1071014404297,155.9700927734375,67.01850128173828,63.461700439453125
249.0904998779297,152.40130615234375,72.67680358886719,63.892398834228516
252.4532012939453,150.9600067138672,71.5988998413086,63.19340133666992
255.36129760742188,150.57400512695312,70.7654037475586,63.97919845581055
253.66709899902344,149.92660522460938,71.17970275878906,68.05349731445312
259.05108642578125,150.2803955078125,69.15789794921875,71.30680084228516
259.89898681640625,148.5207061767578,70.5999984741211,67.26799774169922
261.19580078125,148.1031036376953,70.12349700927734,67.13809967041016
254.5883026123047,148.0334930419922,74.63200378417969,67.9896011352539
260.1343078613281,147.92430114746094,70.36540222167969,61.76020050048828
253.16839599609375,147.5059051513672,79.30999755859375,66.98609924316406
261.80230712890625,147.58900451660156,68.19280242919922,62.91230010986328
255.44309997558594,148.15040588378906,76.14340209960938,63.02220153808594
257.5105895996094,148.13839721679688,74.12989807128906,63.34429931640625
257.45928955078125,149.04660034179688,76.40049743652344,66.63030242919922
261.323486328125,150.6822052001953,69.40859985351562,59.726898193359375
267.0545959472656,152.397705078125,64.90869903564453,64.86969757080078
258.8568115234375,153.93299865722656,72.33670043945312,55.663700103759766
259.48028564453125,155.53819274902344,71.4729995727539,66.47419738769531
249.72720336914062,157.26260375976562,86.3656005859375,56.89229965209961
251.59800720214844,159.55349731445312,82.48619842529297,60.76150131225586
251.85169982910156,160.5592041015625,84.77020263671875,55.164398193359375
251.9163055419922,161.99850463867188,84.99310302734375,51.042301177978516
247.3153076171875,162.64849853515625,90.16560363769531,49.93629837036133
255.84449768066406,163.65939331054688,80.23410034179688,49.151100158691406
262.6466979980469,168.15829467773438,72.4135971069336,48.70859909057617
246.9582061767578,166.53179931640625,85.76860046386719,51.694801330566406
252.597900390625,168.09869384765625,80.7135009765625,48.84270095825195
252.59219360351562,169.24789428710938,79.09600067138672,50.23030090332031
248.02740478515625,167.70030212402344,82.34739685058594,48.76129913330078
254.3784942626953,167.57359313964844,78.53160095214844,48.861900329589844
250.5821990966797,165.0345001220703,80.38890075683594,51.340599060058594
253.7530059814453,166.71429443359375,77.51349639892578,47.098201751708984
250.7436065673828,167.335693359375,79.268798828125,48.70029830932617
242.1750946044922,166.44400024414062,87.12259674072266,47.38859939575195
249.17410278320312,166.9344024658203,79.70439910888672,43.68619918823242
256.4012145996094,165.64830017089844,71.28630065917969,41.78960037231445
243.61740112304688,165.80490112304688,82.510498046875,38.80870056152344
250.66749572753906,165.74139404296875,75.50080108642578,39.255699157714844
243.10629272460938,166.6094970703125,82.63009643554688,39.224700927734375
240.018798828125,165.35800170898438,83.79989624023438,37.65399932861328
249.25660705566406,164.2220001220703,74.34429931640625,37.77830123901367
248.20379638671875,164.1295928955078,75.80719757080078,36.47880172729492
248.87750244140625,162.9875030517578,74.47720336914062,37.11360168457031
241.42190551757812,162.4925994873047,81.65609741210938,37.34429931640625
245.43930053710938,161.53500366210938,77.93830108642578,38.52080154418945
242.82020568847656,160.79550170898438,78.95249938964844,39.56869888305664
245.77569580078125,158.41140747070312,77.83740234375,41.63990020751953
237.38619995117188,156.8800048828125,83.70210266113281,43.28730010986328
237.71339416503906,154.5135955810547,85.10639953613281,44.236000061035156
247.16189575195312,151.86459350585938,76.50080108642578,47.28810119628906
245.39219665527344,149.30909729003906,78.27899932861328,49.80799865722656
245.90029907226562,147.49620056152344,78.42379760742188,50.370399475097656
244.69039916992188,144.75990295410156,78.99919891357422,51.97439956665039
243.5166015625,144.68930053710938,79.00669860839844,51.490501403808594
241.4351043701172,142.80239868164062,80.4625015258789,53.091400146484375
239.648193359375,141.05209350585938,80.62239837646484,52.60380172729492
245.03089904785156,139.6168975830078,76.2313003540039,52.57590103149414
245.38209533691406,138.9239044189453,71.48860168457031,53.8568000793457
246.03289794921875,140.91650390625,70.32499694824219,50.39400100708008
247.31680297851562,139.7436981201172,68.36589813232422,51.70280075073242
245.04510498046875,139.95640563964844,71.9103012084961,53.1598014831543
247.23629760742188,142.45689392089844,68.7865982055664,52.1338996887207
246.16299438476562,143.4145050048828,69.01599884033203,51.43109893798828
242.41380310058594,145.20700073242188,74.05819702148438,52.597900390625
246.71270751953125,148.88119506835938,48.95830154418945,49.60660171508789
243.40640258789062,146.460205078125,75.05169677734375,54.50429916381836
240.85569763183594,147.80389404296875,78.12879943847656,56.0452995300293
242.34170532226562,147.2938995361328,77.31430053710938,58.8130989074707
240.53790283203125,146.81629943847656,81.68299865722656,58.19070053100586
240.0792999267578,147.43930053710938,81.95700073242188,60.777198791503906
241.78329467773438,148.12969970703125,82.62110137939453,59.82460021972656
243.3343963623047,148.147705078125,83.55970001220703,60.13990020751953
245.30859375,148.9239959716797,82.34559631347656,57.28340148925781
245.20770263671875,150.36770629882812,87.32240295410156,56.00400161743164
247.55589294433594,152.18789672851562,84.581298828125,55.74879837036133
249.4272003173828,150.57479858398438,87.97589874267578,54.30009841918945
252.63980102539062,152.85870361328125,85.10769653320312,55.13850021362305
252.80850219726562,152.6446990966797,89.86009979248047,51.301300048828125
255.12550354003906,153.49110412597656,94.71610260009766,54.85430145263672
257.3099060058594,153.67550659179688,93.21320343017578,55.12099838256836
258.2997131347656,152.99819946289062,96.26069641113281,53.453800201416016
259.1438903808594,154.94110107421875,95.4989013671875,53.916900634765625
260.75030517578125,153.5792999267578,95.92240142822266,52.64189910888672
261.7477111816406,154.65420532226562,92.91929626464844,53.0078010559082
262.89019775390625,155.31959533691406,92.72460174560547,50.59049987792969
263.0625,155.66409301757812,89.01000213623047,41.50590133666992
261.49481201171875,157.20399475097656,89.87409973144531,39.80070114135742
262.86529541015625,157.49000549316406,91.57929992675781,45.20650100708008
261.30499267578125,158.66969299316406,90.23100280761719,41.1505012512207
262.2273864746094,159.0980987548828,89.94110107421875,38.673301696777344
262.3046875,159.02090454101562,88.6864013671875,36.441001892089844
261.8052978515625,159.70469665527344,91.3915023803711,40.345001220703125
262.7909851074219,161.34390258789062,89.0165023803711,39.09159851074219
262.997802734375,161.8488006591797,88.09239959716797,35.234100341796875
262.7319030761719,161.54119873046875,89.90689849853516,36.479801177978516
262.0216064453125,160.83949279785156,80.84049987792969,33.8484001159668
263.96771240234375,160.86180114746094,88.88600158691406,40.278499603271484
262.58770751953125,159.8665008544922,90.47550201416016,43.77330017089844
260.4684143066406,157.23179626464844,86.2406005859375,41.70709991455078
261.5940856933594,155.70140075683594,90.91850280761719,48.26900100708008
262.53509521484375,153.64300537109375,82.97450256347656,49.14830017089844
263.1846923828125,151.41709899902344,87.6635971069336,53.08769989013672
264.4350891113281,149.64210510253906,86.29789733886719,57.07460021972656
264.8223876953125,146.3760986328125,87.53109741210938,59.762001037597656
265.6564025878906,146.92759704589844,86.8115005493164,60.721900939941406
265.2052917480469,143.58770751953125,85.75869750976562,65.14559936523438
267.2998046875,141.9385986328125,82.6281967163086,67.47100067138672
269.93389892578125,140.79139709472656,81.74559783935547,68.5802001953125
271.3747863769531,140.27699279785156,80.2771987915039,70.07160186767578
273.3677978515625,139.3437957763672,80.12100219726562,70.58650207519531
275.839111328125,139.3184051513672,77.42310333251953,73.06169891357422
277.98040771484375,138.86790466308594,66.56909942626953,73.06649780273438
278.1968994140625,138.78579711914062,63.647499084472656,73.99189758300781
280.23748779296875,138.2624969482422,64.11499786376953,74.9719009399414
283.2593078613281,138.19129943847656,60.65999984741211,74.08190155029297
282.65899658203125,139.34010314941406,59.94129943847656,72.07569885253906
284.3623046875,139.07040405273438,60.13420104980469,72.40039825439453
285.38690185546875,139.39529418945312,58.89820098876953,72.08660125732422
283.9338073730469,138.41879272460938,59.777099609375,71.19210052490234
283.314697265625,138.39759826660156,61.99610137939453,73.2197036743164
284.0201110839844,139.6291046142578,60.708099365234375,71.73809814453125
282.1890869140625,139.97320556640625,64.42639923095703,74.02239990234375
281.3959045410156,140.12249755859375,65.94309997558594,73.30419921875
280.293701171875,141.27220153808594,65.06929779052734,72.53839874267578
280.0107116699219,140.51939392089844,64.92019653320312,74.98490142822266
279.5299072265625,141.56239318847656,64.89939880371094,74.53040313720703
280.07379150390625,141.57330322265625,64.99690246582031,76.3240966796875
279.52569580078125,140.83290100097656,66.04650115966797,76.00330352783203
276.8622131347656,140.0438995361328,67.99449920654297,75.61750030517578
275.302490234375,139.16270446777344,70.3760986328125,76.8136978149414
274.5823059082031,138.0843048095703,72.30670166015625,79.20140075683594
274.4978942871094,137.46499633789062,72.25900268554688,77.70709991455078
274.5090026855469,137.58779907226562,74.30400085449219,75.24169921875
274.2789001464844,137.22689819335938,76.82869720458984,74.66120147705078
275.04339599609375,137.3489990234375,78.4072036743164,76.38839721679688
273.623291015625,136.70849609375,77.27230072021484,77.9489974975586
272.9075927734375,137.62879943847656,80.0177993774414,75.3009033203125
273.0309143066406,136.91470336914062,81.75869750976562,75.14610290527344
272.1600036621094,138.49240112304688,81.29450225830078,75.94259643554688
271.94659423828125,138.82789611816406,81.07890319824219,73.3740005493164
270.28729248046875,139.07090759277344,83.6094970703125,71.9312973022461
270.28741455078125,138.42660522460938,82.72260284423828,72.03450012207031
270.981689453125,138.6739044189453,81.42720031738281,72.6073989868164
270.2789001464844,139.0164031982422,83.29440307617188,72.34860229492188
271.53179931640625,138.70700073242188,81.12740325927734,72.97550201416016
271.1116943359375,139.13720703125,81.62409973144531,74.2770004272461
269.930908203125,139.45689392089844,83.86710357666016,69.13700103759766
270.8955993652344,137.460205078125,81.1510009765625,72.83989715576172
269.7207946777344,137.94580078125,85.96540069580078,70.57039642333984
269.8418884277344,136.50999450683594,82.90489959716797,70.81809997558594
269.0888977050781,135.6490936279297,80.84549713134766,67.25630187988281
267.9606018066406,134.09779357910156,83.39070129394531,65.11209869384766
268.2799072265625,133.72059631347656,80.9845962524414,66.9916000366211
268.6570129394531,133.4055938720703,78.68329620361328,63.27790069580078
267.82720947265625,132.11160278320312,80.3676986694336,64.52870178222656
267.5343933105469,132.27760314941406,78.5863037109375,64.64029693603516
268.7185974121094,133.48599243164062,77.80460357666016,65.79789733886719
270.3669128417969,135.4813995361328,80.56819915771484,61.334800720214844
270.21881103515625,135.27200317382812,82.83000183105469,59.5078010559082
270.364013671875,134.00950622558594,84.14730072021484,58.94559860229492
271.6785888671875,133.78750610351562,84.44329833984375,60.925899505615234
272.6850891113281,134.0364990234375,82.0635986328125,57.729801177978516
272.3111877441406,134.0054931640625,85.97859954833984,56.38079833984375
272.9844970703125,133.96890258789062,86.54570007324219,56.99150085449219
271.78350830078125,134.85560607910156,88.18399810791016,56.3135986328125
273.1055908203125,135.17359924316406,85.48799896240234,55.48939895629883
273.9883117675781,136.32139587402344,86.0553970336914,50.47600173950195
275.9740905761719,136.53329467773438,84.5374984741211,52.71540069580078
275.7361145019531,138.3511962890625,86.49530029296875,51.377601623535156
276.98980712890625,139.88040161132812,85.8219985961914,48.2661018371582
276.7611999511719,142.1313934326172,87.73880004882812,48.33940124511719
278.80059814453125,144.70449829101562,86.26850128173828,46.051700592041016
278.131103515625,148.1793975830078,89.0105972290039,43.775001525878906
277.981201171875,150.83450317382812,89.74150085449219,43.84130096435547
278.3135986328125,152.35809326171875,89.32640075683594,44.923500061035156
276.7497863769531,152.13900756835938,85.0541000366211,47.97600173950195
275.30670166015625,153.73680114746094,88.32879638671875,53.925899505615234
273.76849365234375,153.8061065673828,84.50959777832031,56.10340118408203
272.04119873046875,153.58779907226562,81.34529876708984,59.519798278808594
273.5740966796875,154.2187957763672,76.10369873046875,62.53860092163086
272.4942932128906,153.8975067138672,74.96700286865234,67.35479736328125
273.2547912597656,154.29710388183594,75.29920196533203,69.11930084228516
272.1700134277344,154.22019958496094,72.2582015991211,71.30770111083984
273.1217041015625,154.15660095214844,68.35469818115234,72.17160034179688
272.8041076660156,156.00399780273438,66.27059936523438,69.7936019897461
272.0895080566406,157.95689392089844,65.14600372314453,71.1626968383789
271.279296875,157.78370666503906,64.63670349121094,75.32620239257812
268.6943054199219,158.87319946289062,61.2775993347168,72.62419891357422
268.8420104980469,156.4490966796875,56.297000885009766,77.04530334472656
263.36761474609375,156.50869750976562,60.78229904174805,76.92949676513672
261.8158874511719,157.74830627441406,62.87710189819336,76.38069915771484
262.0476989746094,158.5850067138672,60.95869827270508,76.6343994140625
258.15948486328125,159.48399353027344,68.6780014038086,77.27999877929688
259.4429016113281,162.3459014892578,61.422698974609375,77.54740142822266
251.92520141601562,161.3177947998047,67.57489776611328,78.6968994140625
255.37969970703125,163.31739807128906,63.22200012207031,75.94259643554688
250.16529846191406,163.25770568847656,73.30729675292969,78.17829895019531
249.77439880371094,164.4154052734375,72.86910247802734,75.5896987915039
246.52769470214844,167.30479431152344,69.72100067138672,73.16600036621094
246.24029541015625,168.02980041503906,70.23580169677734,74.74299621582031
245.18479919433594,170.1804962158203,70.08499908447266,73.18209838867188
245.13169860839844,170.42930603027344,69.6427001953125,74.57009887695312
246.45140075683594,172.7617950439453,69.22949981689453,73.006103515625
243.7187957763672,173.33900451660156,71.55799865722656,75.0739974975586
242.2012939453125,173.07919311523438,70.8384017944336,73.93659973144531
241.98069763183594,174.34629821777344,70.90160369873047,73.35800170898438
238.39120483398438,173.87049865722656,75.43579864501953,73.32129669189453
241.095703125,174.14309692382812,72.1001968383789,72.92060089111328
237.17489624023438,175.0364990234375,73.66539764404297,73.54409790039062
237.65870666503906,175.6510009765625,75.83779907226562,72.87580108642578
234.58189392089844,177.21449279785156,77.14510345458984,70.04039764404297
232.47720336914062,177.27000427246094,80.85420227050781,66.99700164794922
229.98179626464844,177.1876983642578,82.94629669189453,66.0551986694336
227.17349243164062,177.3769989013672,83.4719009399414,63.98350143432617
226.95849609375,180.3271026611328,83.9905014038086,56.54610061645508
227.60980224609375,180.27000427246094,80.9386978149414,53.77920150756836
226.1907958984375,180.216796875,80.73169708251953,51.21659851074219
251.4445037841797,178.94509887695312,55.57320022583008,51.413700103759766
224.46749877929688,173.09249877929688,82.02320098876953,61.82780075073242
238.7230987548828,170.24859619140625,67.56849670410156,62.801998138427734
237.37069702148438,168.7091064453125,68.93379974365234,62.539100646972656
238.9853973388672,166.66099548339844,69.11949920654297,72.66519927978516
237.68699645996094,163.506103515625,70.30599975585938,74.27539825439453
242.2017059326172,162.64410400390625,67.40579986572266,74.25509643554688
240.66729736328125,161.2030029296875,67.11669921875,77.31919860839844
241.51480102539062,161.9145965576172,65.50879669189453,79.80760192871094
243.0941925048828,159.4207000732422,61.90420150756836,80.93209838867188
243.83059692382812,160.14329528808594,63.76499938964844,81.22699737548828
244.23350524902344,159.0944061279297,60.50709915161133,79.50810241699219
247.72900390625,159.53219604492188,58.486900329589844,80.34359741210938
248.2998046875,159.60760498046875,59.3125,79.94180297851562
250.03720092773438,159.2967987060547,57.12120056152344,77.38710021972656
250.84449768066406,159.5012969970703,56.50809860229492,77.39109802246094
252.10789489746094,159.91140747070312,57.15840148925781,74.29720306396484
253.33079528808594,160.89649963378906,59.14659881591797,70.04399871826172
253.68739318847656,158.1833038330078,61.35329818725586,70.03260040283203
252.69920349121094,155.32269287109375,63.0640983581543,72.17330169677734
254.74249267578125,154.26119995117188,61.82870101928711,71.33219909667969
255.53720092773438,148.5670928955078,64.07620239257812,74.25199890136719
255.88619995117188,142.71209716796875,69.80159759521484,82.53199768066406
255.139404296875,144.7790069580078,72.69129943847656,80.23709869384766
258.0650939941406,143.55039978027344,71.74089813232422,81.31210327148438
256.5805969238281,142.60360717773438,71.22250366210938,82.37079620361328
257.91790771484375,141.29229736328125,73.32029724121094,82.6333999633789
258.99749755859375,140.74679565429688,74.18170166015625,83.17479705810547
260.3208923339844,142.33200073242188,74.93409729003906,81.43659973144531
259.61920166015625,142.8289031982422,75.32080078125,82.52539825439453
258.430908203125,144.17469787597656,79.06210327148438,81.97360229492188
258.9241027832031,144.2465057373047,81.30370330810547,79.41780090332031
256.32379150390625,145.01300048828125,82.14140319824219,80.33370208740234
254.70620727539062,145.9405975341797,87.68710327148438,76.17109680175781
257.154296875,146.06640625,84.54550170898438,76.98780059814453
260.5622863769531,146.45840454101562,79.57150268554688,74.84870147705078
259.0049133300781,147.26319885253906,89.1365966796875,74.41889953613281
259.4013977050781,149.20860290527344,81.92369842529297,68.26229858398438
258.7106018066406,149.36050415039062,86.09089660644531,65.24490356445312
259.5492858886719,151.64520263671875,84.55590057373047,63.44940185546875
262.0841979980469,150.6083984375,82.41580200195312,64.15650177001953
260.33770751953125,151.77670288085938,89.8156967163086,60.08140182495117
263.5461120605469,153.6345977783203,88.82749938964844,57.605098724365234
260.72119140625,154.06190490722656,88.73090362548828,51.76369857788086
260.2923889160156,154.9246063232422,92.03050231933594,49.24689865112305
261.5686950683594,155.01260375976562,95.63099670410156,49.496498107910156
264.8319091796875,151.302001953125,81.21289825439453,52.39030075073242
269.2569885253906,146.8040008544922,75.11620330810547,54.1776008605957
275.38519287109375,145.80419921875,77.07659912109375,57.397701263427734
271.3976135253906,142.00250244140625,80.5780029296875,62.48749923706055
269.20318603515625,143.25750732421875,82.66210174560547,62.786800384521484
268.8501892089844,142.39439392089844,86.3009033203125,64.5302963256836
273.2283020019531,140.20069885253906,76.91829681396484,67.38999938964844
270.3038024902344,140.0186004638672,87.3738021850586,68.3228988647461
274.5555114746094,139.36300659179688,77.37580108642578,69.05280303955078
273.44879150390625,137.54649353027344,76.45570373535156,70.79239654541016
274.4826965332031,137.6636962890625,81.84980010986328,74.21379852294922
276.72259521484375,137.0261993408203,83.47660064697266,75.5615005493164
274.3507995605469,139.85740661621094,80.64450073242188,72.81749725341797
276.185302734375,139.24620056152344,79.54029846191406,74.81809997558594
278.41949462890625,140.8936004638672,79.53179931640625,74.97920227050781
279.4590148925781,141.77459716796875,79.15360260009766,77.14409637451172
281.3147888183594,141.42640686035156,73.32599639892578,78.30030059814453
282.5609130859375,142.6501007080078,70.53450012207031,78.11039733886719
284.08209228515625,146.3784942626953,68.31849670410156,75.28130340576172
282.0317077636719,146.31219482421875,64.1781005859375,72.92109680175781
283.8960876464844,148.1302947998047,61.30059814453125,71.74810028076172
284.65771484375,149.7086944580078,56.614601135253906,70.81739807128906
283.6398010253906,150.48899841308594,54.8380012512207,71.2925033569336
282.2450866699219,151.4871063232422,53.69419860839844,71.05220031738281
281.1044921875,152.04100036621094,55.81269836425781,72.48600006103516
279.7738037109375,153.9322052001953,55.83639907836914,68.96949768066406
279.35931396484375,154.74070739746094,54.205299377441406,72.79630279541016
278.2041015625,158.02810668945312,51.59659957885742,64.91110229492188
274.3351135253906,152.4571075439453,61.11800003051758,74.57029724121094
271.03179931640625,153.24839782714844,63.9651985168457,78.34359741210938
272.4501953125,151.65249633789062,60.10240173339844,77.8373031616211
273.03790283203125,151.46929931640625,58.832801818847656,76.86849975585938
270.9530029296875,151.30979919433594,60.08679962158203,77.99559783935547
271.6026916503906,156.5596923828125,60.523399353027344,71.63099670410156
272.2255859375,152.95449829101562,57.580101013183594,77.82170104980469
273.83428955078125,152.1230926513672,56.221099853515625,80.90689849853516
274.91619873046875,153.04209899902344,55.342899322509766,75.9823989868164
275.4393005371094,153.289794921875,53.25270080566406,78.86270141601562
274.8815002441406,153.40750122070312,53.11989974975586,77.06749725341797
272.1799011230469,154.31539916992188,55.4286994934082,77.05130004882812
273.402587890625,155.75999450683594,56.91699981689453,77.32589721679688
272.4136047363281,155.78610229492188,58.76110076904297,74.86810302734375
271.4447021484375,156.281005859375,59.57500076293945,76.78929901123047
272.4088134765625,155.72650146484375,55.92470169067383,72.43109893798828
272.0552978515625,156.01669311523438,62.421600341796875,79.39669799804688
272.12310791015625,155.56080627441406,61.35660171508789,69.61949920654297
273.63018798828125,157.602294921875,58.0182991027832,76.0344009399414
275.2030029296875,157.7906951904297,59.364498138427734,65.8031997680664
272.9136047363281,159.8939971923828,61.26969909667969,68.95169830322266
271.4861145019531,162.74110412597656,64.54149627685547,65.19329833984375
272.8374938964844,162.58740234375,63.58919906616211,58.85540008544922
274.1986999511719,163.398193359375,64.97869873046875,51.63199996948242
273.69000244140625,163.61810302734375,68.69950103759766,67.4977035522461
272.6593017578125,163.2032928466797,69.43479919433594,64.03410339355469
276.2265930175781,163.35450744628906,63.12889862060547,68.02100372314453
273.56109619140625,162.4517059326172,68.71910095214844,65.26689910888672
270.8349914550781,165.06019592285156,72.1708984375,68.4655990600586
269.2004089355469,163.28329467773438,72.88300323486328,70.82150268554688
268.065185546875,162.73060607910156,75.29429626464844,71.73470306396484
265.73431396484375,163.55380249023438,75.73290252685547,69.8938980102539
262.20050048828125,164.19149780273438,78.27739715576172,68.84519958496094
264.1111145019531,165.51480102539062,77.7885971069336,67.47480010986328
261.9110107421875,166.2863006591797,78.93009948730469,67.51419830322266
261.8525085449219,167.29379272460938,80.51100158691406,66.27570343017578
261.5434875488281,168.0821990966797,78.80909729003906,63.34590148925781
264.0863952636719,168.5753936767578,78.25659942626953,59.550498962402344
260.7450866699219,168.28799438476562,80.54080200195312,58.617000579833984
259.956787109375,169.7545928955078,77.072998046875,57.27360153198242
263.65460205078125,169.52830505371094,81.80390167236328,56.41339874267578
260.55950927734375,168.2324981689453,77.44670104980469,56.86029815673828
259.0296936035156,169.3424072265625,78.41300201416016,54.38090133666992
258.1881103515625,168.9835968017578,83.36910247802734,55.915199279785156
259.16510009765625,170.6251983642578,79.67359924316406,54.38840103149414
260.5650939941406,171.10670471191406,83.0645980834961,52.484100341796875
259.3682861328125,170.4241943359375,77.25700378417969,52.868499755859375
259.4364929199219,169.82330322265625,78.28959655761719,52.083900451660156
259.2196044921875,170.17550659179688,80.52279663085938,50.66450119018555
261.2391052246094,169.747802734375,78.45580291748047,52.41669845581055
261.7427978515625,169.02430725097656,78.54769897460938,53.8224983215332
262.10040283203125,167.3325958251953,78.21119689941406,54.78300094604492
264.239013671875,165.9853057861328,73.2136001586914,53.8474006652832
264.00048828125,165.19020080566406,79.20700073242188,56.251800537109375
265.5060119628906,164.7866973876953,76.99400329589844,55.654300689697266
266.6907043457031,163.9918975830078,72.75350189208984,55.17430114746094
266.6922912597656,164.27340698242188,73.76380157470703,53.04460144042969
268.12640380859375,165.35560607910156,77.99449920654297,53.14590072631836
270.1000061035156,164.74110412597656,74.21199798583984,55.34349822998047
269.3749084472656,164.00689697265625,74.43990325927734,52.09360122680664
272.4794006347656,164.4508056640625,72.50550079345703,51.33720016479492
266.3994140625,162.460205078125,79.38999938964844,55.566001892089844
271.66119384765625,162.69970703125,71.22440338134766,51.197200775146484
270.3525085449219,162.7436981201172,72.72109985351562,52.540401458740234
271.9930114746094,162.3441925048828,71.15450286865234,52.85540008544922
273.910888671875,162.06509399414062,68.65869903564453,52.9734992980957
272.5885925292969,161.67149353027344,70.37239837646484,51.72800064086914
277.6213073730469,162.63070678710938,64.34760284423828,52.30039978027344
276.0921936035156,163.25790405273438,67.8102035522461,50.587398529052734
273.0917053222656,162.51809692382812,70.86070251464844,53.99589920043945
278.2744140625,162.42359924316406,57.956600189208984,56.04130172729492
279.1405944824219,162.1696014404297,58.973899841308594,55.33440017700195
280.0835876464844,162.02830505371094,52.96220016479492,55.2963981628418
277.95050048828125,161.7740936279297,54.17610168457031,55.22159957885742
275.12640380859375,161.29710388183594,56.03730010986328,57.200401306152344
271.3673095703125,162.41259765625,58.716800689697266,59.710601806640625
273.6120910644531,162.39280700683594,50.10599899291992,55.98149871826172
271.4966125488281,162.0345001220703,62.80799865722656,60.197601318359375
269.8236999511719,161.43580627441406,71.61840057373047,59.409400939941406
268.9617004394531,160.53660583496094,74.52839660644531,60.357200622558594
263.77508544921875,161.37240600585938,77.25440216064453,59.29819869995117
263.9570007324219,160.08399963378906,77.42179870605469,61.15299987792969
263.8002014160156,158.33120727539062,78.73590087890625,63.9026985168457
264.6051940917969,158.3271026611328,79.57929992675781,65.33350372314453
265.7518005371094,156.40699768066406,78.96309661865234,65.25039672851562
265.7605895996094,155.40989685058594,79.23979949951172,66.73100280761719
265.95001220703125,156.0592041015625,79.36589813232422,68.08660125732422
265.1239013671875,154.80670166015625,78.86540222167969,68.68270111083984
264.57440185546875,155.976806640625,81.31289672851562,70.01920318603516
265.19140625,157.54620361328125,79.80290222167969,67.36150360107422
265.205810546875,158.27549743652344,80.91239929199219,66.61399841308594
263.40869140625,156.85890197753906,82.03839874267578,70.37049865722656
264.7002868652344,158.10890197753906,80.5374984741211,69.52749633789062
264.3348083496094,157.42320251464844,81.95140075683594,67.05239868164062
263.9476013183594,159.52560424804688,82.24099731445312,66.8324966430664
262.3689880371094,158.55810546875,84.30110168457031,67.5875015258789
261.8837890625,158.60760498046875,82.79429626464844,67.0958023071289
263.2807922363281,158.36920166015625,84.84760284423828,68.7354965209961
264.0154113769531,156.8936004638672,83.81759643554688,69.31999969482422
265.19610595703125,157.98150634765625,83.43199920654297,66.63079833984375
264.86029052734375,158.7657012939453,85.97100067138672,66.11720275878906
265.4823913574219,158.62570190429688,87.42019653320312,63.577999114990234
267.26458740234375,157.6240997314453,86.36039733886719,63.570701599121094
267.9627990722656,157.24349975585938,86.63150024414062,64.78230285644531
267.2130126953125,155.89700317382812,89.48699951171875,64.13670349121094
267.81878662109375,155.1029052734375,87.8228988647461,64.91259765625
266.6986083984375,152.71380615234375,90.94869995117188,65.97730255126953
269.37359619140625,151.2429962158203,92.79820251464844,65.82260131835938
275.3067932128906,149.89199829101562,79.779296875,63.27349853515625
278.11810302734375,149.09779357910156,73.00969696044922,63.52199935913086
276.4841003417969,149.02459716796875,74.189697265625,63.60380172729492
276.5830078125,148.86489868164062,71.48069763183594,61.02399826049805
276.3800048828125,147.91400146484375,68.80570220947266,60.73529815673828
276.16650390625,147.39950561523438,72.76100158691406,61.8765983581543
275.8111877441406,147.07960510253906,68.39859771728516,62.600101470947266
278.427001953125,146.64500427246094,71.993896484375,63.23699951171875
279.3482971191406,147.110595703125,69.53299713134766,62.82889938354492
281.0210876464844,146.25390625,67.97350311279297,64.86199951171875
282.9790954589844,146.24899291992188,65.48539733886719,66.36430358886719
282.9985046386719,149.19009399414062,67.49980163574219,63.327598571777344
280.1592102050781,147.5998992919922,94.62470245361328,67.69349670410156
281.2677001953125,147.79910278320312,63.25899887084961,66.19719696044922
282.3786926269531,148.63279724121094,70.23889923095703,69.08899688720703
284.2242126464844,149.56089782714844,64.1697998046875,64.86920166015625
285.2715148925781,151.1381072998047,82.82980346679688,66.53970336914062
283.5549011230469,150.92759704589844,70.41719818115234,67.4884033203125
285.8099060058594,152.4976043701172,103.40879821777344,64.9832992553711
280.2862854003906,155.36380004882812,60.70220184326172,59.992401123046875
280.3020935058594,154.62179565429688,58.58319854736328,61.875999450683594
278.7539978027344,155.5854034423828,64.3781967163086,59.144901275634766
282.39471435546875,155.99789428710938,60.642601013183594,56.892799377441406
278.714111328125,157.50450134277344,63.00559997558594,55.53120040893555
276.4617004394531,159.0991973876953,64.52850341796875,55.21649932861328
275.6565856933594,160.59829711914062,66.80850219726562,53.26150131225586
272.1708068847656,153.8137969970703,87.77999877929688,56.889198303222656
271.42889404296875,154.35020446777344,83.69760131835938,55.731201171875
273.1921081542969,157.69839477539062,67.16120147705078,51.68000030517578
271.36199951171875,160.423095703125,84.74919891357422,47.44350051879883
274.4490051269531,163.79710388183594,73.94709777832031,44.15700149536133
271.9126892089844,163.78770446777344,80.91529846191406,42.78820037841797
273.6370849609375,164.18380737304688,75.5188980102539,42.209999084472656
272.9974060058594,165.15269470214844,81.39099884033203,39.37879943847656
274.4512939453125,165.37269592285156,73.53959655761719,39.52149963378906
276.23431396484375,165.5572052001953,74.22979736328125,37.79169845581055
276.7969055175781,166.23069763183594,75.56549835205078,35.91790008544922
275.57708740234375,164.05320739746094,77.53250122070312,38.25519943237305
274.75909423828125,163.13540649414062,79.28739929199219,39.125701904296875
275.5022888183594,159.6488037109375,78.26709747314453,43.02450180053711
274.8854064941406,156.2393035888672,77.67790222167969,45.79119873046875
274.477294921875,153.8428955078125,81.44439697265625,47.71590042114258
277.1684875488281,152.5592041015625,80.33999633789062,49.26409912109375
275.5686950683594,151.1154022216797,80.39240264892578,53.24829864501953
275.4352111816406,149.86270141601562,79.818603515625,54.40840148925781
276.9602966308594,151.37640380859375,78.4021987915039,55.93170166015625
282.2471008300781,151.13690185546875,72.06749725341797,56.37480163574219
284.381591796875,152.82139587402344,68.85890197753906,48.65639877319336
286.8783874511719,155.2487030029297,67.11060333251953,51.845401763916016
285.7869873046875,158.49639892578125,66.17569732666016,47.04290008544922
285.7955017089844,160.45199584960938,64.89320373535156,48.206298828125
282.70361328125,160.1313018798828,67.51270294189453,60.39440155029297
278.5292053222656,161.981201171875,69.60579681396484,52.8484001159668
273.7007141113281,159.99229431152344,74.59100341796875,54.92660140991211
277.26708984375,160.139892578125,73.50080108642578,53.810298919677734
276.0762023925781,158.86399841308594,73.99320220947266,54.13990020751953
277.48431396484375,161.00570678710938,73.04669952392578,52.3401985168457
277.1387023925781,161.44760131835938,75.1134033203125,50.48789978027344
276.25738525390625,161.2480010986328,77.60870361328125,50.34239959716797
276.53759765625,161.260498046875,78.06690216064453,50.49549865722656
276.0386047363281,161.3679962158203,78.1854019165039,50.19279861450195
275.81768798828125,162.3531036376953,78.35030364990234,48.507598876953125
275.456787109375,162.51499938964844,78.00890350341797,49.09709930419922
275.0964050292969,161.7147979736328,78.84159851074219,49.390499114990234
274.6719055175781,162.97259521484375,80.22419738769531,49.749698638916016
275.6288146972656,162.60240173339844,79.86270141601562,49.63169860839844
276.1603088378906,164.54190063476562,85.0916976928711,48.293399810791016
276.92181396484375,166.39610290527344,92.1156005859375,48.06959915161133
281.2947082519531,168.18179321289062,93.03780364990234,47.68960189819336
281.7222900390625,168.70460510253906,84.35749816894531,46.668701171875
286.0408935546875,170.9674072265625,75.83650207519531,43.101200103759766
284.2323913574219,174.12579345703125,73.26629638671875,38.62879943847656
286.39208984375,175.09849548339844,77.62339782714844,38.57720184326172
282.8111877441406,174.91470336914062,79.79740142822266,40.427398681640625
283.6422119140625,174.5615997314453,75.89330291748047,37.22800064086914
284.0035095214844,173.5229949951172,78.37809753417969,37.82619857788086
282.5263977050781,173.88720703125,75.8541030883789,39.332401275634766
284.4796142578125,173.44700622558594,64.22720336914062,37.300498962402344
285.1767883300781,173.17860412597656,71.5469970703125,35.54669952392578
286.3599853515625,172.50819396972656,75.15789794921875,37.21649932861328
287.05718994140625,172.139404296875,69.59500122070312,35.77159881591797
285.0295104980469,171.02679443359375,69.97560119628906,39.51169967651367
286.4486083984375,170.68130493164062,77.07140350341797,42.77239990234375
289.59478759765625,170.30810546875,52.58580017089844,45.398399353027344
290.1899108886719,168.3625946044922,87.97029876708984,48.79349899291992
294.5686950683594,167.52960205078125,89.83149719238281,52.441200256347656
292.135498046875,165.42210388183594,70.68720245361328,50.402400970458984
288.4360046386719,161.92779541015625,88.64649963378906,56.42839813232422
299.28759765625,161.67820739746094,77.2177963256836,56.4922981262207
300.1754150390625,162.8887939453125,78.61139678955078,56.324501037597656
302.752685546875,162.2606964111328,74.71410369873047,55.025299072265625
301.5472106933594,163.75160217285156,69.8865966796875,54.619300842285156
305.1387023925781,163.18589782714844,70.79810333251953,55.55690002441406
297.2615051269531,162.68690490722656,74.9406967163086,56.29859924316406
291.7638854980469,162.27330017089844,82.4000015258789,59.07429885864258
289.34381103515625,161.52749633789062,84.30069732666016,58.867801666259766
287.25518798828125,160.69850158691406,85.10350036621094,60.12900161743164
286.3283996582031,159.37460327148438,86.96859741210938,60.7224006652832
287.3815002441406,158.29840087890625,82.97109985351562,62.173301696777344
286.0755920410156,157.2239990234375,79.58329772949219,60.56330108642578
284.56610107421875,155.0093994140625,82.05879974365234,59.387001037597656
283.7655944824219,154.8762969970703,83.7853012084961,60.99570083618164
281.5591125488281,153.10650634765625,80.83540344238281,56.49959945678711
279.5535888671875,152.4019012451172,84.02909851074219,55.56669998168945
279.16119384765625,152.60049438476562,80.23049926757812,51.86349868774414
277.3546142578125,150.86070251464844,86.55030059814453,55.99449920654297
276.298095703125,151.60890197753906,87.51409912109375,56.659698486328125
274.8103942871094,152.37069702148438,92.10970306396484,55.70859909057617
275.2231140136719,153.14630126953125,96.26200103759766,53.963401794433594
275.8153991699219,154.01809692382812,105.77220153808594,56.1614990234375
276.3515930175781,155.08920288085938,100.0353012084961,49.77330017089844
276.8446044921875,157.56080627441406,107.0781021118164,51.013999938964844
279.260986328125,157.49380493164062,98.56269836425781,49.62590026855469
282.16229248046875,160.09219360351562,91.40039825439453,49.67100143432617
283.24688720703125,161.28700256347656,92.70159912109375,47.093299865722656
284.18798828125,162.5677947998047,86.6229019165039,45.56100082397461
283.21881103515625,163.32620239257812,90.38729858398438,43.683799743652344
280.9393005371094,163.26690673828125,94.13990020751953,45.78710174560547
280.489501953125,164.67779541015625,86.40670013427734,41.19089889526367
282.2156066894531,165.95359802246094,88.57170104980469,40.2864990234375
283.05560302734375,166.4510955810547,87.40969848632812,39.28030014038086
281.3617858886719,168.62179565429688,59.94309997558594,36.17449951171875
285.0733947753906,165.6909942626953,80.60050201416016,39.87630081176758
285.0401916503906,164.7216033935547,76.45079803466797,38.42259979248047
284.7939147949219,161.6116943359375,75.07520294189453,43.275001525878906
284.4302062988281,158.02059936523438,105.46080017089844,53.93339920043945
289.6766052246094,155.70249938964844,99.54019927978516,57.39699935913086
289.1520080566406,153.13720703125,101.4229965209961,60.831600189208984
289.4327087402344,153.0325927734375,95.36190032958984,59.16960144042969
290.2012023925781,153.33360290527344,97.91329956054688,59.330101013183594
289.5072937011719,155.42469787597656,94.29949951171875,57.510501861572266
292.2676086425781,153.99510192871094,91.21929931640625,57.721900939941406
291.7485046386719,155.19219970703125,76.8895034790039,50.31529998779297
290.84521484375,154.6990966796875,80.61190032958984,50.429100036621094
289.88140869140625,155.1096954345703,81.3490982055664,51.814701080322266
288.6419982910156,156.12579345703125,82.56310272216797,53.9828987121582
286.6263122558594,158.0989990234375,82.48370361328125,52.67959976196289
286.2287902832031,159.99249267578125,81.62409973144531,51.45819854736328
289.99798583984375,159.86940002441406,78.51339721679688,51.192100524902344
292.74688720703125,161.7707061767578,77.35569763183594,49.973201751708984
294.1777038574219,162.71710205078125,79.14659881591797,49.91320037841797
295.4493103027344,164.37469482421875,79.55120086669922,46.395999908447266
295.95050048828125,165.9969024658203,87.9207992553711,42.73109817504883
294.3595886230469,169.76190185546875,88.68479919433594,39.05329895019531
295.13970947265625,171.57400512695312,88.94010162353516,41.05149841308594
298.2506103515625,172.9528045654297,83.70429992675781,41.57709884643555
295.39990234375,172.50979614257812,92.41169738769531,39.98160171508789
305.0050964355469,172.0738983154297,82.7394027709961,44.979400634765625
301.93939208984375,173.4069061279297,90.34970092773438,40.045501708984375
303.4472961425781,172.11329650878906,88.65390014648438,42.027198791503906
309.573486328125,169.81080627441406,85.80570220947266,43.2057991027832
308.6393127441406,169.16409301757812,88.28040313720703,44.4375
311.40740966796875,166.87550354003906,88.30359649658203,46.83140182495117
310.1182861328125,162.6217041015625,88.67620086669922,50.51139831542969
308.7703857421875,159.69940185546875,90.23999786376953,52.214500427246094
307.705810546875,159.2834014892578,93.03669738769531,52.82460021972656
309.14898681640625,157.3773956298828,91.01950073242188,55.29629898071289
304.84161376953125,156.77149963378906,88.20539855957031,53.97909927368164
303.9526062011719,156.5637969970703,89.64240264892578,55.6151008605957
301.95941162109375,153.6645965576172,82.87590026855469,56.2317008972168
300.4497985839844,151.7805938720703,80.80989837646484,58.229698181152344
297.7767028808594,149.59210205078125,80.34310150146484,58.790401458740234
293.9595031738281,148.0377960205078,78.89700317382812,58.90299987792969
289.5403137207031,147.26759338378906,77.0802001953125,62.055999755859375
284.6792907714844,145.67979431152344,80.99659729003906,51.934898376464844
279.139404296875,144.2512969970703,82.65129852294922,59.70920181274414
275.27490234375,145.12840270996094,83.3844985961914,61.70869827270508
274.93780517578125,145.43800354003906,83.0624008178711,60.97909927368164
269.5508117675781,145.02450561523438,92.11669921875,60.909000396728516
266.0552978515625,146.4893035888672,90.1583023071289,61.52149963378906
268.9966125488281,145.57420349121094,81.0824966430664,61.39860153198242
268.1643981933594,144.485107421875,84.5302963256836,59.68870162963867
267.7430114746094,143.44729614257812,81.26190185546875,58.25960159301758
267.9375915527344,142.3585968017578,81.78279876708984,58.191898345947266
267.64990234375,141.9490966796875,79.15579986572266,55.23749923706055
266.05230712890625,140.84559631347656,84.85130310058594,52.095401763916016
271.12921142578125,139.0968017578125,75.49539947509766,54.67210006713867
272.00469970703125,138.93760681152344,74.54399871826172,54.279598236083984
274.0780029296875,138.9062957763672,71.03730010986328,54.60649871826172
271.08990478515625,139.53610229492188,75.19539642333984,54.635501861572266
274.9906005859375,140.42359924316406,70.1281967163086,54.074100494384766
273.794189453125,141.4282989501953,69.8855972290039,52.3036003112793
271.0775146484375,142.0989990234375,68.47419738769531,52.018699645996094
268.6234130859375,144.53329467773438,67.10260009765625,49.11640167236328
261.2229919433594,145.21449279785156,68.9437026977539,48.60100173950195
254.58030700683594,145.7480926513672,69.80729675292969,46.277000427246094
247.8704071044922,146.07260131835938,70.80139923095703,47.00170135498047
241.4293975830078,146.58970642089844,71.47930145263672,49.47420120239258
238.8415069580078,146.9073028564453,67.33180236816406,53.87620162963867
236.20469665527344,145.8632049560547,63.680301666259766,60.653900146484375
228.3050994873047,142.99339294433594,65.10160064697266,63.5255012512207
222.3029022216797,142.8249969482422,65.8511962890625,69.85659790039062
213.34500122070312,142.1533966064453,69.09519958496094,69.7739028930664
212.9709930419922,141.20809936523438,62.597599029541016,71.57720184326172
205.7633056640625,139.0543975830078,65.94259643554688,73.28990173339844
205.74569702148438,140.88540649414062,58.62739944458008,70.13400268554688
195.2095947265625,141.46170043945312,70.32209777832031,61.39619827270508
192.3155059814453,139.19830322265625,68.23280334472656,68.2114028930664
190.39480590820312,142.3397979736328,69.37689971923828,62.01300048828125
189.8271942138672,143.4595947265625,66.51170349121094,60.333099365234375
186.7277069091797,143.779296875,66.10759735107422,54.609500885009766
186.44430541992188,144.4499969482422,66.22530364990234,55.48789978027344
185.23390197753906,146.19039916992188,66.40979766845703,56.51490020751953
181.00540161132812,142.85830688476562,70.60189819335938,62.00239944458008
180.38279724121094,136.23959350585938,69.84329986572266,72.02220153808594
181.04469299316406,135.38909912109375,76.73970031738281,74.62010192871094
183.9521942138672,128.38949584960938,76.72930145263672,54.329498291015625
193.32980346679688,120.98750305175781,71.30680084228516,55.52109909057617
196.9561004638672,117.70030212402344,71.34600067138672,43.66910171508789
191.845703125,112.01499938964844,70.93409729003906,44.12910079956055
189.08340454101562,109.17030334472656,69.85749816894531,45.67179870605469
182.44960021972656,108.68679809570312,70.29830169677734,46.43840026855469
176.2344970703125,112.15560150146484,69.86070251464844,47.07120132446289
168.3708038330078,114.04769897460938,69.11029815673828,48.116798400878906
160.09140014648438,119.62460327148438,68.13150024414062,46.78150177001953
150.3896026611328,126.8582992553711,69.6240005493164,45.996299743652344
140.80250549316406,134.52259826660156,70.2123031616211,45.99869918823242
133.83090209960938,142.11830139160156,68.3240966796875,45.98809814453125
67.1404037475586,91.85859680175781,129.4748992919922,161.58920288085938
77.77639770507812,155.2418975830078,112.33779907226562,55.182701110839844
117.73249816894531,161.72169494628906,72.74259948730469,68.42839813232422
109.18209838867188,164.17349243164062,71.36900329589844,42.53689956665039
114.80329895019531,164.24769592285156,66.35820007324219,41.82490158081055
114.16329956054688,162.68299865722656,69.01390075683594,43.232398986816406
114.82749938964844,163.74169921875,67.05799865722656,41.57389831542969
113.27890014648438,163.10240173339844,68.00540161132812,41.77299880981445
114.03109741210938,163.61709594726562,66.95140075683594,41.334598541259766
112.95159912109375,163.0738067626953,68.1511001586914,41.44409942626953
112.50019836425781,163.56239318847656,67.9490966796875,41.442901611328125
112.69760131835938,163.1793975830078,68.29080200195312,41.869998931884766
113.010498046875,163.61289978027344,67.59410095214844,41.44609832763672
113.02149963378906,164.26519775390625,67.35790252685547,41.32229995727539
112.55960083007812,163.00750732421875,68.0988998413086,42.10369873046875
113.08319854736328,163.32350158691406,67.86170196533203,41.27190017700195
113.21489715576172,163.54530334472656,67.44229888916016,41.65140151977539
113.18379974365234,163.17750549316406,68.4385986328125,41.65729904174805
113.6947021484375,163.4049072265625,67.32319641113281,41.905799865722656
112.57730102539062,162.9987030029297,68.13899993896484,42.26340103149414
113.06999969482422,163.32949829101562,67.9738998413086,41.869998931884766
113.23159790039062,163.8657989501953,67.31590270996094,41.73059844970703
113.1957015991211,163.65240478515625,68.1781005859375,42.29460144042969
112.80829620361328,164.16909790039062,67.56759643554688,41.329200744628906
112.61199951171875,163.40530395507812,67.62550354003906,41.77280044555664
112.82730102539062,163.23770141601562,68.35549926757812,42.55730056762695
