1
429.4883117675781,45.898101806640625,111.16960144042969,312.49468994140625
429.0985107421875,47.32640075683594,113.31529998779297,311.3844909667969
428.0451965332031,45.47269821166992,115.17769622802734,313.8133850097656
429.5773010253906,45.760398864746094,110.19629669189453,313.15380859375
430.0137023925781,47.597999572753906,111.97509765625,310.6346130371094
430.6191101074219,47.855201721191406,109.2947006225586,311.2356872558594
430.814697265625,48.92369842529297,110.33910369873047,308.81640625
431.0315856933594,48.8109016418457,108.11609649658203,308.5159912109375
427.6357116699219,48.549800872802734,106.88890075683594,308.0535888671875
429.1671142578125,49.4640998840332,105.86389923095703,305.3622131347656
428.3581848144531,50.64929962158203,106.50990295410156,307.01568603515625
427.79449462890625,50.37929916381836,107.57559967041016,305.060791015625
430.0835876464844,50.885799407958984,111.04830169677734,304.4525146484375
429.4307861328125,48.45920181274414,108.71489715576172,306.6571960449219
429.4256896972656,50.4833984375,108.93199920654297,302.88299560546875
429.34429931640625,51.21699905395508,109.53790283203125,304.7276916503906
429.93450927734375,51.474998474121094,108.35260009765625,302.560791015625
431.42608642578125,50.243099212646484,109.27880096435547,303.3229064941406
432.8186950683594,50.0093994140625,111.67350006103516,305.0235900878906
434.2681884765625,50.29499816894531,110.26100158691406,305.4371032714844
435.7417907714844,49.9370002746582,111.57350158691406,305.49591064453125
434.4277038574219,50.944400787353516,110.6011962890625,304.85919189453125
436.6330871582031,50.00199890136719,112.46260070800781,305.6044921875
435.718994140625,50.855499267578125,111.24150085449219,305.05841064453125
434.4674987792969,49.76969909667969,115.76689910888672,306.9081115722656
434.5546875,50.75130081176758,116.74739837646484,305.79730224609375
433.0657958984375,50.48139953613281,118.26920318603516,307.77520751953125
436.3774108886719,52.677101135253906,114.747802734375,304.4284973144531
437.2987976074219,51.08340072631836,116.22930145263672,307.1217041015625
437.6966857910156,50.006500244140625,114.25150299072266,308.735595703125
436.5343017578125,51.60969924926758,116.30169677734375,306.856689453125
436.1358947753906,52.03580093383789,117.0656967163086,307.4164123535156
438.0079040527344,52.612998962402344,117.106201171875,303.89581298828125
436.6748046875,52.83760070800781,119.83280181884766,306.0067138671875
439.8680114746094,53.30080032348633,115.98690032958984,303.54278564453125
441.74798583984375,53.098201751708984,118.21800231933594,306.02978515625
442.94049072265625,53.51729965209961,117.7394027709961,303.3662109375
434.3782043457031,53.677398681640625,125.38159942626953,306.12530517578125
439.4097900390625,53.65650177001953,123.88990020751953,301.0115051269531
435.07861328125,53.02299880981445,128.148193359375,304.4726867675781
440.3828125,53.361000061035156,123.15760040283203,300.6263122558594
440.26690673828125,55.522701263427734,124.72440338134766,295.04010009765625
441.877685546875,53.51860046386719,123.7614974975586,300.595703125
441.4966125488281,55.2681999206543,125.06069946289062,299.82049560546875
444.0528869628906,55.399898529052734,122.33609771728516,295.48699951171875
444.8984069824219,54.42679977416992,121.9563980102539,301.7539978027344
445.3467102050781,56.08720016479492,122.5730972290039,299.4176940917969
447.8262023925781,55.488800048828125,121.84420013427734,298.3035888671875
449.52630615234375,53.755001068115234,116.23770141601562,300.8775939941406
448.9396057128906,52.21149826049805,118.43789672851562,304.1361083984375
452.72760009765625,53.7666015625,114.2853012084961,304.4541931152344
446.6029052734375,55.29610061645508,122.68659973144531,301.8445129394531
453.3160095214844,54.2224006652832,116.32420349121094,302.32861328125
450.889892578125,52.85390090942383,124.81659698486328,303.7731018066406
453.5201110839844,51.12929916381836,123.63729858398438,304.0823059082031
452.3410949707031,52.33980178833008,125.46990203857422,304.5216064453125
451.6814880371094,52.03960037231445,127.79869842529297,302.99591064453125
445.3518981933594,52.502201080322266,134.8177947998047,301.9043884277344
452.9158935546875,51.42890167236328,126.78630065917969,303.1152038574219
456.13238525390625,50.841800689697266,126.16400146484375,306.5389099121094
465.96429443359375,49.1890983581543,121.5708999633789,306.4142150878906
470.5320129394531,49.72949981689453,111.97669982910156,305.1534118652344
469.7055969238281,50.81019973754883,117.91549682617188,305.80731201171875
483.7644958496094,48.11669921875,96.98829650878906,309.00799560546875
488.572998046875,53.467201232910156,96.56819915771484,300.7947082519531
493.037109375,41.77840042114258,89.06939697265625,297.7391052246094
489.5581970214844,33.500301361083984,91.55909729003906,295.01458740234375
368.7362060546875,21.153600692749023,202.1739959716797,333.4695129394531
365.5497131347656,14.679900169372559,209.5457000732422,343.3102111816406
373.8196105957031,10.00570011138916,211.6116943359375,346.5538024902344
374.1962890625,9.235099792480469,217.76840209960938,345.8782043457031
391.0177917480469,10.072400093078613,211.872802734375,346.54119873046875
407.84161376953125,8.138799667358398,212.529296875,347.73858642578125
422.54791259765625,9.184800148010254,198.18460083007812,347.1946105957031
429.5408935546875,7.873899936676025,202.26980590820312,351.6582946777344
442.789794921875,16.11479949951172,186.14149475097656,342.86260986328125
444.3096923828125,14.085800170898438,189.69949340820312,344.1112976074219
433.3523864746094,44.487701416015625,115.99749755859375,315.4236145019531
440.2054138183594,44.36899948120117,110.45999908447266,284.6333923339844
429.8839111328125,44.99599838256836,125.5531997680664,299.1747131347656
436.7679138183594,45.752201080322266,119.20960235595703,304.9801025390625
427.1947021484375,41.8400993347168,121.49749755859375,312.227294921875
428.30609130859375,44.59769821166992,121.55249786376953,310.6408996582031
423.9877014160156,41.86520004272461,126.24340057373047,315.3919982910156
421.49810791015625,43.7599983215332,127.57890319824219,312.4848937988281
418.8210144042969,42.204898834228516,127.27870178222656,311.6453857421875
423.7182922363281,41.64690017700195,126.05049896240234,310.44879150390625
411.2056884765625,37.59629821777344,138.13040161132812,318.43499755859375
409.89068603515625,42.24959945678711,139.29100036621094,311.4085998535156
404.33599853515625,39.02939987182617,151.58419799804688,313.4696960449219
397.1814880371094,38.250099182128906,166.8748016357422,316.8576965332031
390.326904296875,36.25379943847656,175.6118927001953,319.909912109375
384.2027893066406,35.752498626708984,178.8173065185547,321.5356140136719
378.3081970214844,35.792701721191406,186.2628936767578,323.63360595703125
373.2301025390625,36.7681999206543,190.37249755859375,321.62689208984375
377.8529968261719,37.32619857788086,180.13690185546875,319.305908203125
372.4242858886719,34.61249923706055,189.45840454101562,324.5378112792969
367.4552001953125,35.8026008605957,191.67239379882812,324.1973876953125
370.03509521484375,35.265201568603516,190.05130004882812,321.25799560546875
371.4468994140625,35.1775016784668,183.17239379882812,323.4403076171875
375.3464050292969,35.25400161743164,178.98060607910156,322.0570068359375
371.0372009277344,35.49319839477539,186.3336944580078,321.3765869140625
371.83538818359375,35.37179946899414,177.30760192871094,305.9031066894531
375.40179443359375,35.9359016418457,174.38589477539062,313.631591796875
376.7262878417969,31.062000274658203,167.22470092773438,325.9693908691406
383.8016052246094,36.286598205566406,156.6049041748047,281.8507080078125
375.5592956542969,32.53269958496094,155.8105010986328,317.8981018066406
389.9122009277344,32.3036994934082,141.85000610351562,323.11529541015625
387.9945983886719,36.0718994140625,141.95860290527344,313.46270751953125
387.92388916015625,35.86800003051758,142.24139404296875,317.8739013671875
388.5097961425781,37.288700103759766,141.90829467773438,316.0625
388.6568908691406,38.69260025024414,142.07420349121094,312.42608642578125
385.815185546875,34.299198150634766,144.63229370117188,320.2658996582031
386.19879150390625,33.762001037597656,143.05140686035156,321.498291015625
388.37799072265625,34.937198638916016,142.818603515625,319.62469482421875
380.230712890625,34.043800354003906,155.93389892578125,322.0461120605469
382.3013000488281,32.025901794433594,153.07009887695312,325.2289123535156
390.1485900878906,31.1466007232666,148.03489685058594,324.12298583984375
381.1441955566406,30.53580093383789,156.79849243164062,325.77899169921875
388.6997985839844,30.070499420166016,150.1790008544922,324.3900146484375
375.076904296875,29.430099487304688,167.1457977294922,326.14239501953125
386.8631896972656,22.092100143432617,155.6905059814453,330.5668029785156
370.08441162109375,24.603900909423828,174.118896484375,331.81658935546875
383.7774963378906,23.17919921875,160.7277069091797,332.6317138671875
376.4140930175781,23.04960060119629,169.87449645996094,333.3702087402344
386.8169860839844,26.920299530029297,160.1282958984375,327.0535888671875
381.8125,26.655000686645508,163.0070037841797,329.7048034667969
379.1217956542969,22.69700050354004,167.69520568847656,332.0271911621094
380.3044128417969,26.528200149536133,168.17340087890625,327.9855041503906
381.943115234375,28.36199951171875,165.35299682617188,326.002197265625
373.743408203125,25.247800827026367,174.74819946289062,329.7041015625
371.4031066894531,26.937299728393555,177.09689331054688,328.56988525390625
368.3605041503906,26.54680061340332,179.65769958496094,331.02630615234375
360.9591064453125,24.53580093383789,187.17300415039062,333.37939453125
355.2182922363281,23.988800048828125,190.65809631347656,336.0111999511719
350.5419006347656,26.792299270629883,194.42979431152344,330.9827880859375
347.3158874511719,24.772300720214844,197.1719970703125,332.389404296875
343.793212890625,24.8528995513916,196.335693359375,332.8074951171875
334.7601013183594,27.10070037841797,205.01539611816406,332.4231872558594
330.0701904296875,27.707300186157227,209.52569580078125,329.5129089355469
313.79559326171875,28.527099609375,221.26339721679688,330.8746032714844
304.90289306640625,29.667400360107422,224.539306640625,330.31201171875
294.8528137207031,28.869300842285156,231.05079650878906,331.1307067871094
292.92608642578125,29.25349998474121,231.25390625,329.0877990722656
290.135009765625,29.956100463867188,230.41690063476562,330.0439147949219
281.35479736328125,30.238100051879883,234.5030975341797,329.06719970703125
273.306884765625,31.08799934387207,233.62399291992188,327.6553039550781
272.7412109375,34.21620178222656,226.76800537109375,323.92919921875
271.8280029296875,32.11069869995117,222.89779663085938,327.8893127441406
264.91790771484375,33.230499267578125,226.0438995361328,326.7695007324219
260.37640380859375,38.03839874267578,226.90350341796875,319.53790283203125
256.2013854980469,35.96770095825195,224.52310180664062,322.9523010253906
257.2889099121094,46.37459945678711,222.55279541015625,313.6253967285156
256.91668701171875,44.66389846801758,221.72219848632812,313.7886962890625
256.6390075683594,50.877601623535156,218.80340576171875,307.68560791015625
258.2908935546875,55.39899826049805,211.01480102539062,303.67559814453125
260.1545104980469,60.97480010986328,208.10650634765625,299.02520751953125
266.7001953125,64.84719848632812,201.0095977783203,295.1527099609375
278.4891052246094,66.21499633789062,189.6309051513672,293.7850036621094
274.3467102050781,65.56710052490234,189.7373046875,294.4328918457031
272.49090576171875,68.51200103759766,191.48880004882812,291.4880065917969
273.0292053222656,69.42849731445312,191.3520965576172,290.5715026855469
270.8334045410156,71.1583023071289,195.77149963378906,288.65570068359375
267.2715148925781,71.1635971069336,198.75259399414062,288.8363952636719
254.5211944580078,69.97709655761719,210.09910583496094,290.02288818359375
253.15780639648438,70.88490295410156,208.47210693359375,289.1151123046875
252.40660095214844,67.71119689941406,206.79600524902344,292.2887878417969
251.91209411621094,63.03739929199219,210.6905975341797,295.26629638671875
248.66099548339844,55.53310012817383,213.5312042236328,302.4809875488281
254.5424041748047,59.40010070800781,208.0467071533203,300.59991455078125
249.25250244140625,49.03110122680664,216.45970153808594,310.9689025878906
245.87179565429688,42.24359893798828,221.97450256347656,316.747802734375
277.45928955078125,43.20539855957031,189.74929809570312,316.7945861816406
292.2056884765625,35.560699462890625,174.85009765625,318.6593017578125
297.9460144042969,32.9922981262207,170.539794921875,324.5669860839844
305.6509094238281,31.194000244140625,162.92320251464844,322.72198486328125
304.0752868652344,27.781600952148438,166.10850524902344,326.3445129394531
310.70550537109375,25.196800231933594,166.46170043945312,326.27288818359375
314.926513671875,22.098499298095703,166.17959594726562,332.7287902832031
322.9028015136719,21.33009910583496,154.8594970703125,333.4530944824219
326.2410888671875,20.237600326538086,155.12100219726562,332.5174865722656
330.4798889160156,18.476499557495117,152.2454071044922,335.5716857910156
336.30950927734375,18.207500457763672,147.66050720214844,334.57049560546875
341.56640625,15.917400360107422,141.91119384765625,338.01141357421875
345.4339904785156,22.184499740600586,140.90809631347656,333.315185546875
351.1794128417969,24.67140007019043,138.44830322265625,328.6986083984375
355.15399169921875,17.411500930786133,140.66690063476562,338.5474853515625
354.75628662109375,15.503600120544434,140.15350341796875,337.114501953125
358.2088928222656,12.342900276184082,138.45840454101562,342.848388671875
355.03900146484375,14.667900085449219,144.67869567871094,338.18231201171875
351.5184020996094,12.919599533081055,150.92379760742188,339.5362854003906
348.95318603515625,15.62090015411377,154.6667022705078,336.6798095703125
349.11981201171875,20.5226993560791,155.9980010986328,332.12640380859375
353.27960205078125,17.347700119018555,154.19349670410156,334.9314880371094
357.04150390625,17.92889976501465,153.3050994873047,334.6523132324219
356.96258544921875,19.81290054321289,156.08120727539062,332.88641357421875
357.64080810546875,21.002099990844727,156.58389282226562,333.9126892089844
361.53900146484375,20.04640007019043,157.44149780273438,333.3171081542969
368.2690124511719,20.958200454711914,151.3125,331.3434143066406
370.1878967285156,20.58639907836914,151.44419860839844,331.8315124511719
367.639404296875,21.567899703979492,157.9114990234375,329.9992980957031
362.8429870605469,23.04669952392578,161.45840454101562,329.1116943359375
357.7983093261719,18.297100067138672,167.44630432128906,337.3214111328125
357.6628112792969,20.484399795532227,170.68150329589844,336.2200927734375
364.76031494140625,22.284500122070312,163.82859802246094,331.1039123535156
362.6723937988281,22.340200424194336,166.6038055419922,330.9573059082031
366.94720458984375,22.734600067138672,163.26719665527344,333.23809814453125
363.70159912109375,22.358299255371094,163.9951934814453,334.14678955078125
381.6850891113281,23.766799926757812,147.63729858398438,331.8369140625
377.5115051269531,26.893699645996094,151.04800415039062,329.1665954589844
382.5775146484375,29.75309944152832,145.51710510253906,326.12060546875
386.2232971191406,31.98419952392578,142.06410217285156,325.3028869628906
386.934814453125,32.391998291015625,137.65679931640625,325.0282897949219
379.5953063964844,34.29840087890625,146.125,323.0744934082031
367.8406982421875,33.819400787353516,156.82460021972656,323.43109130859375
359.8581848144531,35.42689895629883,166.2519989013672,324.031005859375
382.0757141113281,39.362998962402344,142.84109497070312,318.1206970214844
385.6658935546875,41.02790069580078,135.69960021972656,316.0751953125
394.4967956542969,44.35319900512695,127.94300079345703,311.75628662109375
393.8042907714844,46.79029846191406,132.7593994140625,308.8407897949219
400.0310974121094,42.73929977416992,126.52880096435547,314.9525146484375
393.3402099609375,47.43119812011719,135.02139282226562,308.3721923828125
381.3934020996094,52.08610153198242,148.8199005126953,303.1839904785156
377.2914123535156,48.950199127197266,153.2028045654297,308.19659423828125
390.8367919921875,48.741600036621094,141.11990356445312,304.5372009277344
399.3251037597656,51.791099548339844,134.6208953857422,304.8870849609375
386.0762023925781,49.74340057373047,152.08250427246094,306.9612121582031
378.2755126953125,51.26089859008789,160.08839416503906,304.9206848144531
378.5248107910156,52.8484992980957,160.50160217285156,302.84130859375
390.9892883300781,54.96289825439453,148.41110229492188,300.0408935546875
390.5840148925781,54.462398529052734,148.40989685058594,302.95770263671875
381.144287109375,54.37630081176758,160.22019958496094,304.38031005859375
395.57489013671875,52.66450119018555,144.3437957763672,305.51849365234375
394.3548889160156,54.393798828125,144.73800659179688,301.9873962402344
398.6216125488281,52.60260009765625,141.1862030029297,305.9562072753906
400.9408874511719,51.81100082397461,140.91290283203125,304.7110900878906
402.6964111328125,52.75299835205078,142.99969482421875,304.9023132324219
401.6754150390625,53.19580078125,146.30470275878906,305.00640869140625
402.0444030761719,53.530399322509766,145.65919494628906,306.2792053222656
404.8490905761719,52.306800842285156,144.87249755859375,306.3913879394531
406.7424011230469,52.40359878540039,142.27439880371094,306.03271484375
415.00079345703125,51.61920166015625,135.76480102539062,305.30731201171875
416.6600036621094,51.135101318359375,133.78819274902344,303.89691162109375
415.2037048339844,51.93429946899414,135.89930725097656,301.0085144042969
417.9910888671875,49.86259841918945,136.90989685058594,301.78289794921875
417.6054992675781,51.039798736572266,139.42160034179688,301.11871337890625
417.6340026855469,51.744598388671875,141.45919799804688,302.0022888183594
417.80731201171875,53.33549880981445,141.5883026123047,301.5788879394531
417.72039794921875,53.41170120239258,143.2436981201172,302.3562927246094
417.97711181640625,55.6421012878418,144.46620178222656,301.619384765625
422.5141906738281,58.93450164794922,141.86480712890625,298.39569091796875
423.97119140625,57.51089859008789,139.39869689941406,299.29901123046875
430.7184143066406,62.40950012207031,134.3199005126953,295.23309326171875
429.5845947265625,62.5265007019043,136.36219787597656,295.9220886230469
432.5972900390625,61.6880989074707,135.2086944580078,296.9913024902344
434.8658142089844,62.55649948120117,138.75450134277344,297.1683044433594
430.8550109863281,62.50189971923828,136.3679962158203,296.5506896972656
433.0069885253906,64.12670135498047,139.2012939453125,293.02099609375
433.5574035644531,64.01490020751953,138.37429809570312,293.17620849609375
437.05731201171875,62.13909912109375,136.3437957763672,295.62689208984375
436.91241455078125,63.11790084838867,133.50689697265625,295.28369140625
440.3922119140625,64.2468032836914,132.13870239257812,294.5526123046875
441.7987060546875,62.35749816894531,131.67579650878906,295.9493103027344
440.8147888183594,62.07460021972656,129.57550048828125,295.2583923339844
441.4202880859375,63.25849914550781,131.2935028076172,294.6138916015625
438.9923095703125,62.93980026245117,131.30780029296875,293.17669677734375
438.8356018066406,61.3921012878418,134.3986053466797,294.6402893066406
437.2240905761719,62.23419952392578,134.8887939453125,292.3305969238281
436.739501953125,61.25040054321289,134.55130004882812,293.1171875
434.2774963378906,61.495399475097656,136.27740478515625,295.93341064453125
432.28021240234375,60.5713005065918,139.61720275878906,296.9111022949219
424.5798034667969,58.06700134277344,146.06109619140625,297.2587890625
424.9433898925781,58.41910171508789,142.7095947265625,298.42169189453125
420.7204895019531,56.09040069580078,148.0883026123047,300.8299865722656
418.8326110839844,55.813499450683594,143.31829833984375,302.7630920410156
410.8074035644531,53.75640106201172,156.68060302734375,305.5303039550781
405.7987976074219,55.27000045776367,156.2581024169922,303.56561279296875
407.5361022949219,54.499698638916016,155.743896484375,304.152587890625
405.8131103515625,54.638301849365234,155.4803924560547,301.36041259765625
403.6260070800781,55.72140121459961,154.3719024658203,299.4045104980469
419.98309326171875,58.03969955444336,134.24119567871094,290.0286865234375
386.2522888183594,56.13130187988281,171.5554962158203,296.5155944824219
402.6706848144531,51.37689971923828,153.61720275878906,302.2618103027344
400.0797119140625,56.29010009765625,157.39889526367188,301.052490234375
410.48760986328125,55.2510986328125,141.468994140625,298.4512939453125
404.0408935546875,54.25149917602539,148.42269897460938,299.7348937988281
403.4267883300781,51.13710021972656,148.98410034179688,305.62469482421875
406.595703125,53.21030044555664,144.6522979736328,304.3257141113281
405.3572998046875,51.7963981628418,143.7407989501953,305.9421081542969
409.8133850097656,51.77220153808594,139.4842987060547,305.0306091308594
413.5414123535156,51.455299377441406,136.0644073486328,305.78009033203125
413.6123046875,51.49720001220703,135.62489318847656,305.1221008300781
410.2594909667969,50.890899658203125,139.13360595703125,306.05938720703125
408.76708984375,50.35150146484375,137.80780029296875,306.1983947753906
417.1365051269531,51.94559860229492,129.1602020263672,300.8471984863281
414.256591796875,51.599998474121094,131.1676025390625,299.9945983886719
427.4950866699219,50.26900100708008,115.76719665527344,299.3124084472656
423.0295104980469,50.97669982910156,117.83930206298828,299.93701171875
429.6942138671875,50.42720031738281,109.15409851074219,300.2637023925781
431.8599853515625,52.377201080322266,102.12090301513672,292.0546875
430.33660888671875,53.6068000793457,97.01370239257812,284.8457946777344
429.84478759765625,52.82619857788086,91.29720306396484,279.198486328125
431.2543029785156,53.15919876098633,81.67410278320312,230.0290069580078
429.95880126953125,50.35900115966797,82.08070373535156,196.58470153808594
426.4739074707031,34.64250183105469,94.98979949951172,223.60000610351562
422.8346862792969,30.93549919128418,106.29129791259766,227.5323028564453
415.3940124511719,26.65089988708496,190.3571014404297,326.1592102050781
414.43548583984375,19.99570083618164,184.12620544433594,337.4656982421875
414.9305114746094,18.604999542236328,176.1157989501953,337.6871032714844
417.4349060058594,21.384199142456055,167.20889282226562,335.1142883300781
416.0191955566406,24.34000015258789,162.55679321289062,330.4014892578125
415.6796875,24.45479965209961,151.4553985595703,332.1091003417969
413.28741455078125,22.94849967956543,145.46189880371094,331.7950134277344
408.4772033691406,22.341999053955078,149.89639282226562,332.1935119628906
406.71539306640625,20.266000747680664,139.181396484375,337.48529052734375
392.568115234375,23.38909912109375,120.85179901123047,327.2676086425781
385.2926940917969,22.02630043029785,145.1407012939453,330.1871032714844
382.7272033691406,22.513999938964844,151.49899291992188,331.4588928222656
375.7485046386719,21.8789005279541,151.97300720214844,332.3843994140625
366.3074035644531,24.849899291992188,164.96730041503906,331.7654113769531
361.0929870605469,26.100900650024414,150.41799926757812,328.7284851074219
352.56048583984375,29.60569953918457,167.30580139160156,325.051513671875
342.4296875,30.580299377441406,164.1179962158203,321.6824035644531
341.5869140625,29.00749969482422,188.9196014404297,329.2757873535156
340.1355895996094,27.34040069580078,147.1779022216797,326.1654968261719
455.7554016113281,47.553001403808594,98.85600280761719,303.93450927734375
448.75579833984375,53.571998596191406,72.99980163574219,294.72509765625
439.92181396484375,48.58369827270508,79.0884017944336,304.7669982910156
325.0877990722656,37.13959884643555,190.0395965576172,316.79901123046875
418.6578063964844,41.06850051879883,110.26860046386719,313.28338623046875
428.8858947753906,48.09090042114258,96.4926986694336,305.2237854003906
421.64520263671875,52.6786003112793,94.00969696044922,302.25799560546875
420.3526916503906,53.24169921875,102.24639892578125,301.73968505859375
418.8252868652344,51.24100112915039,100.29180145263672,303.8392028808594
413.2500915527344,54.07780075073242,106.31770324707031,304.3197937011719
414.11468505859375,54.306800842285156,106.13349914550781,300.73260498046875
412.83319091796875,53.31629943847656,106.82479858398438,303.50030517578125
410.1234130859375,53.356300354003906,114.96479797363281,303.10870361328125
409.67840576171875,50.223201751708984,117.69229888916016,307.28741455078125
408.6470947265625,52.851898193359375,129.77420043945312,306.1346130371094
409.2782897949219,51.847801208496094,123.05989837646484,306.1802978515625
413.65460205078125,53.52180099487305,99.66529846191406,305.3418884277344
413.7998962402344,55.36819839477539,202.76930236816406,304.6318054199219
415.2445983886719,50.09000015258789,107.75160217285156,309.9100036621094
407.77569580078125,54.44860076904297,203.1374969482422,304.2189025878906
412.5469055175781,50.40299987792969,128.90159606933594,308.323486328125
409.77081298828125,52.438899993896484,190.5648956298828,302.4490966796875
403.7221984863281,54.79570007324219,137.94149780273438,300.8402099609375
408.264404296875,54.5463981628418,210.45799255371094,303.1346130371094
397.385009765625,55.882598876953125,139.07009887695312,304.1174011230469
402.75628662109375,56.12179946899414,138.8126983642578,302.8913879394531
391.4388122558594,56.45289993286133,227.08279418945312,301.0993957519531
393.2184143066406,50.775699615478516,208.80079650878906,309.22430419921875
398.1866149902344,51.77619934082031,140.46969604492188,308.2237854003906
406.7939147949219,55.7849006652832,203.6280975341797,303.8052978515625
393.4023132324219,49.73939895629883,222.1750946044922,309.081298828125
393.9598083496094,48.19369888305664,204.91400146484375,310.7878112792969
393.9464111328125,53.002899169921875,196.9329071044922,305.0934143066406
393.8905944824219,47.455299377441406,210.2386016845703,312.3638000488281
415.0830993652344,52.7765007019043,135.658203125,307.2235107421875
401.2663879394531,51.963600158691406,200.90609741210938,304.46270751953125
415.36279296875,52.73030090332031,109.89810180664062,304.1982116699219
417.085205078125,51.61140060424805,152.7819061279297,304.43231201171875
423.710693359375,47.25230026245117,143.89810180664062,310.55621337890625
416.3923034667969,45.03020095825195,150.4884033203125,312.38800048828125
419.7912902832031,46.90739822387695,146.26800537109375,312.5166931152344
408.6169128417969,50.51359939575195,162.2397003173828,308.36639404296875
423.0787048339844,49.96989822387695,146.94979858398438,310.03021240234375
400.9637145996094,49.961299896240234,171.8159942626953,307.9330139160156
426.3664855957031,46.51350021362305,143.1049041748047,311.5649108886719
399.4435119628906,45.923500061035156,176.96620178222656,312.15679931640625
421.5491943359375,46.05139923095703,156.17599487304688,311.01141357421875
400.3883972167969,47.426300048828125,180.8126983642578,311.26251220703125
409.4424133300781,45.230899810791016,174.4219970703125,312.46209716796875
392.5895080566406,51.3025016784668,196.8966064453125,307.98291015625
392.6227111816406,47.684898376464844,205.64439392089844,309.9862060546875
384.61029052734375,50.543399810791016,211.41029357910156,308.5050964355469
391.8031005859375,49.742000579833984,209.60079956054688,309.88018798828125
389.7713928222656,49.736900329589844,214.0872039794922,310.0502014160156
399.9101867675781,49.811798095703125,205.4445037841797,310.1881103515625
394.9241943359375,50.315399169921875,215.8623046875,308.57501220703125
397.8252868652344,49.86360168457031,212.1873016357422,310.13641357421875
392.1283874511719,48.91529846191406,220.2821044921875,311.0846862792969
409.9419860839844,48.79410171508789,198.83889770507812,311.03460693359375
406.60888671875,56.2666015625,192.98500061035156,303.2585144042969
421.86590576171875,55.589599609375,174.64559936523438,302.289794921875
438.68011474609375,56.65489959716797,149.89089965820312,300.0769958496094
439.3507995605469,57.90959930419922,148.23289489746094,297.7286071777344
442.150390625,60.28099822998047,139.99090576171875,299.7190856933594
426.8922119140625,58.5630989074707,152.54469299316406,300.6659851074219
430.6152038574219,60.41740036010742,146.6448974609375,296.5602111816406
427.8393859863281,58.3130989074707,151.0482940673828,298.1068115234375
428.6117858886719,58.09560012817383,149.1356964111328,296.8948059082031
426.0028076171875,57.836299896240234,154.9980010986328,298.210693359375
417.7842102050781,57.77690124511719,160.21319580078125,300.6087951660156
422.91790771484375,59.05649948120117,160.3647003173828,300.9435119628906
436.32269287109375,57.213401794433594,148.62269592285156,299.15838623046875
435.7698059082031,57.8135986328125,145.48680114746094,297.3172912597656
442.4159851074219,60.91360092163086,141.85690307617188,296.55560302734375
438.9804992675781,55.668701171875,146.01589965820312,302.3551940917969
444.5246887207031,57.17610168457031,145.18710327148438,302.82391357421875
441.3316955566406,54.269901275634766,154.029296875,302.47698974609375
442.8822937011719,55.95009994506836,148.02890014648438,302.5068054199219
444.0474853515625,50.52410125732422,148.74609375,305.95819091796875
443.66461181640625,55.64659881591797,155.27029418945312,304.3533935546875
442.9956970214844,56.81949996948242,151.1020965576172,302.431396484375
444.1659851074219,53.68600082397461,145.460693359375,305.8482971191406
442.5423889160156,52.93009948730469,160.6009063720703,305.2762145996094
441.4444885253906,56.49250030517578,155.63400268554688,302.8019104003906
441.6590881347656,53.914100646972656,151.38619995117188,305.9283142089844
436.88128662109375,50.914100646972656,169.98260498046875,308.15771484375
439.80029296875,51.62820053100586,146.5417022705078,308.3717956542969
439.2142028808594,51.05910110473633,169.99339294433594,306.644287109375
437.8904113769531,53.48929977416992,161.81919860839844,306.5107116699219
443.7013854980469,53.21730041503906,160.82150268554688,304.7369079589844
435.2778015136719,50.69419860839844,154.84109497070312,309.3057861328125
442.7876892089844,52.90719985961914,153.0762939453125,303.87921142578125
437.6084899902344,49.00640106201172,161.33790588378906,310.99359130859375
440.0104064941406,47.47719955444336,156.3242950439453,312.1221008300781
446.11248779296875,47.78200149536133,145.52259826660156,312.139404296875
444.49530029296875,49.27669906616211,144.37069702148438,310.7232971191406
447.52978515625,48.39649963378906,141.4438018798828,311.6034851074219
446.559814453125,50.0265007019043,143.02389526367188,309.0440979003906
444.5733947753906,47.71630096435547,144.14349365234375,312.1361083984375
449.3883056640625,50.227298736572266,138.27000427246094,308.364501953125
447.7320861816406,49.615699768066406,143.45260620117188,310.2998962402344
450.8703918457031,50.214900970458984,137.0052947998047,309.2951965332031
450.8677978515625,52.17850112915039,139.4248046875,307.8215026855469
443.7994079589844,50.41809844970703,136.3195037841797,309.5819091796875
444.9945068359375,50.278099060058594,159.09869384765625,307.5527038574219
445.91790771484375,54.452999114990234,152.2635955810547,305.5469970703125
443.5174865722656,53.30149841308594,131.1457061767578,306.5274963378906
441.0693054199219,50.92580032348633,140.64019775390625,305.39581298828125
442.80621337890625,50.690799713134766,142.797607421875,307.6828918457031
440.2550048828125,49.820499420166016,134.8784942626953,308.01580810546875
437.9059143066406,51.6974983215332,151.96299743652344,306.0061950683594
433.9624938964844,49.9202995300293,144.84519958496094,305.0267028808594
435.2688903808594,50.70280075073242,165.74049377441406,309.2972106933594
440.51708984375,54.75080108642578,156.14329528808594,302.7638854980469
440.6470947265625,53.892799377441406,151.91619873046875,304.4643859863281
433.7131042480469,49.125,154.06590270996094,307.87908935546875
437.9551086425781,52.65039825439453,160.02769470214844,304.4501953125
439.6565856933594,53.22600173950195,164.6468048095703,305.293701171875
442.7283935546875,54.78850173950195,156.11940002441406,305.21148681640625
442.06890869140625,53.927101135253906,170.34800720214844,306.0729064941406
449.4867858886719,53.69060134887695,153.50669860839844,306.30938720703125
444.8962097167969,51.66019821166992,161.15699768066406,308.3398132324219
449.14581298828125,52.087100982666016,136.64540100097656,307.91290283203125
443.93780517578125,51.65729904174805,131.5417022705078,308.34271240234375
447.8818054199219,51.40549850463867,154.21620178222656,306.12249755859375
451.92138671875,54.73929977416992,127.39959716796875,305.2607116699219
445.5924072265625,51.330501556396484,134.92539978027344,305.9595031738281
439.1871032714844,49.78860092163086,130.92320251464844,300.9678039550781
442.5205993652344,47.89899826049805,148.9080047607422,307.8982849121094
441.6874084472656,54.5614013671875,146.1750030517578,299.33740234375
431.9195861816406,50.51210021972656,147.19369506835938,298.4222106933594
444.6171875,50.27790069580078,141.34979248046875,309.406494140625
441.97198486328125,50.74129867553711,146.4001007080078,305.95318603515625
440.51300048828125,51.15169906616211,145.2429962158203,306.77349853515625
440.2644958496094,49.61940002441406,146.85670471191406,308.1055908203125
441.3501892089844,51.11410140991211,145.48699951171875,308.2417907714844
440.4169921875,49.12379837036133,147.25799560546875,309.8799133300781
441.5050048828125,50.659000396728516,141.6925048828125,307.2298889160156
440.294189453125,49.56370162963867,142.7489013671875,309.2096862792969
438.55230712890625,51.57889938354492,151.789794921875,305.85589599609375
445.0880126953125,51.4109992980957,140.3043975830078,305.2724914550781
437.0006103515625,51.04890060424805,145.8488006591797,308.95098876953125
439.45111083984375,51.74449920654297,139.4217987060547,304.2327880859375
434.6253967285156,50.605499267578125,147.56979370117188,306.6408996582031
439.7619934082031,52.28300094604492,138.1916961669922,306.5765075683594
438.2484130859375,50.200199127197266,145.26040649414062,309.7998046875
438.673095703125,50.47949981689453,141.87989807128906,307.38470458984375
440.45111083984375,51.418399810791016,137.6094970703125,307.2146911621094
437.501708984375,47.434600830078125,149.14439392089844,310.7804870605469
441.4383850097656,54.42390060424805,142.35299682617188,303.79290771484375
443.69549560546875,51.48590087890625,136.36929321289062,305.1005859375
447.3276062011719,51.154598236083984,131.51170349121094,306.7110900878906
443.1391906738281,53.70140075683594,138.9114990234375,303.4967041015625
446.80218505859375,53.11149978637695,134.7628936767578,305.9595031738281
443.6592102050781,51.61669921875,141.42559814453125,305.9112854003906
446.627197265625,48.625701904296875,134.7958984375,307.96728515625
446.8608093261719,49.91170120239258,134.7288055419922,307.0498046875
419.2923889160156,49.9275016784668,160.87869262695312,308.1380920410156
433.7583923339844,56.97760009765625,159.62939453125,301.5038146972656
437.4057922363281,54.05830001831055,147.09939575195312,305.5067138671875
397.8982849121094,50.5260009765625,182.81680297851562,304.0386962890625
383.64691162109375,56.58649826049805,203.697998046875,298.806396484375
382.10260009765625,54.65480041503906,202.76620483398438,302.8688049316406
395.715087890625,55.16109848022461,193.84120178222656,303.49530029296875
382.9595031738281,57.50519943237305,206.36900329589844,298.9126892089844
381.9172058105469,57.268699645996094,205.99600219726562,300.0577087402344
421.91339111328125,56.83409881591797,169.37660217285156,301.0144958496094
413.343994140625,58.84629821777344,173.48390197753906,295.5032043457031
438.393310546875,58.24769973754883,154.785400390625,299.5586853027344
440.9809875488281,50.53070068359375,143.78050231933594,306.9934997558594
434.2102966308594,51.268798828125,154.22329711914062,305.6188049316406
446.8548889160156,54.62879943847656,136.61329650878906,303.0003967285156
439.0723876953125,51.037899017333984,150.78640747070312,306.92510986328125
450.4024963378906,51.17490005493164,132.33290100097656,304.2178039550781
441.12548828125,50.670799255371094,146.8433074951172,303.2677001953125
439.87689208984375,49.91699981689453,146.20689392089844,308.0098876953125
443.9142150878906,51.676700592041016,144.4376983642578,304.79638671875
446.0779113769531,51.20159912109375,139.05079650878906,304.3153991699219
449.8677062988281,47.915401458740234,137.03439331054688,307.6597900390625
445.96978759765625,49.03559875488281,139.06100463867188,307.3995056152344
445.072998046875,49.471500396728516,138.07220458984375,307.4034118652344
446.7937927246094,49.35060119628906,137.14340209960938,305.43218994140625
448.5898132324219,49.2848014831543,134.36610412597656,306.1796875
448.1935119628906,51.06809997558594,135.77420043945312,303.16900634765625
443.9468078613281,51.45940017700195,144.3302001953125,304.2430114746094
444.985595703125,50.71649932861328,137.87930297851562,307.52978515625
443.2253112792969,50.35879898071289,147.4687042236328,307.31640625
443.948486328125,50.48830032348633,140.4965057373047,307.8428039550781
447.393310546875,50.557701110839844,143.23919677734375,308.2655029296875
447.2876892089844,51.92110061645508,135.40370178222656,305.6438903808594
446.5578918457031,49.88309860229492,135.9886016845703,306.25738525390625
442.01300048828125,49.30820083618164,139.7144012451172,308.3417053222656
440.9205017089844,49.47890090942383,139.02029418945312,307.0429992675781
447.585693359375,50.94260025024414,132.5989990234375,304.3951110839844
447.9241943359375,52.3401985168457,132.9210968017578,302.90771484375
450.6849060058594,51.957698822021484,131.75399780273438,302.4154052734375
451.4114074707031,52.15650177001953,131.57440185546875,304.93450927734375
451.34991455078125,52.40079879760742,132.6802978515625,303.9197998046875
446.114013671875,53.40840148925781,142.1833953857422,302.7925109863281
446.53741455078125,51.81560134887695,148.41299438476562,306.99169921875
446.12548828125,51.740699768066406,145.11630249023438,304.9313049316406
447.7262878417969,54.0968017578125,152.6833038330078,303.7244873046875
446.08599853515625,56.03070068359375,150.96949768066406,301.7807922363281
444.0549011230469,52.695098876953125,140.85719299316406,305.04541015625
449.8346862792969,50.34590148925781,139.34219360351562,308.2033996582031
425.5101013183594,52.53919982910156,168.38189697265625,304.7251892089844
384.25189208984375,68.43360137939453,116.41320037841797,246.7548065185547
455.9786071777344,52.34519958496094,158.91409301757812,307.2438049316406
450.21319580078125,60.40639877319336,132.60150146484375,299.5935974121094
440.7456970214844,49.566001892089844,159.2469024658203,310.4339904785156
445.63629150390625,53.61869812011719,157.95140075683594,305.15789794921875
373.7569885253906,70.3822021484375,108.74710083007812,267.89599609375
450.9497985839844,51.18669891357422,153.24459838867188,308.6390075683594
448.89080810546875,52.34239959716797,138.24139404296875,306.7643127441406
437.3033142089844,51.18069839477539,151.78720092773438,307.2080993652344
446.6319885253906,52.649898529052734,150.1345977783203,299.2179870605469
444.6962890625,55.667198181152344,152.2534942626953,302.27459716796875
445.7615966796875,51.65530014038086,147.48460388183594,308.0693054199219
442.0523986816406,51.540401458740234,162.97569274902344,304.0508117675781
439.09320068359375,54.293800354003906,181.36160278320312,301.4443054199219
447.4840087890625,53.189701080322266,170.76649475097656,299.9870910644531
445.7998962402344,51.4276008605957,169.91229248046875,307.4565124511719
448.2727966308594,51.426300048828125,163.43930053710938,307.793701171875
447.5538024902344,53.86600112915039,169.8083038330078,304.13250732421875
446.3807067871094,53.706199645996094,163.0511016845703,303.3822937011719
446.4685974121094,52.9463996887207,167.9449005126953,307.0535888671875
448.4254150390625,52.874298095703125,166.8571014404297,307.1257019042969
447.9941101074219,54.41939926147461,167.52679443359375,305.42889404296875
448.1192932128906,50.36589813232422,169.42709350585938,309.31170654296875
451.70489501953125,51.18339920043945,156.20779418945312,305.9292907714844
454.9018859863281,50.94060134887695,158.28790283203125,308.0398864746094
453.1536865234375,56.5609016418457,144.36279296875,297.7633056640625
456.9778137207031,54.846500396728516,135.39599609375,305.15350341796875
315.1726989746094,67.4218978881836,88.92900085449219,249.80140686035156
301.9967956542969,51.83209991455078,267.2410888671875,285.87078857421875
318.3692932128906,72.15570068359375,93.37480163574219,262.3832092285156
453.0622863769531,51.707298278808594,158.04330444335938,307.79058837890625
455.4590148925781,52.55390167236328,153.3394012451172,307.44610595703125
454.16290283203125,50.674400329589844,151.49380493164062,309.2970886230469
454.87811279296875,51.4734001159668,155.56039428710938,308.4154968261719
455.5450134277344,50.519500732421875,152.81089782714844,309.35540771484375
452.8346862792969,49.388999938964844,162.70689392089844,310.34381103515625
454.3127136230469,52.86539840698242,157.79110717773438,307.1346130371094
451.6828918457031,50.45100021362305,157.564697265625,309.54901123046875
453.1195068359375,51.157501220703125,159.2642059326172,307.8609924316406
451.9555969238281,51.61880111694336,158.68719482421875,306.75311279296875
450.7662048339844,50.373600006103516,170.65719604492188,309.1037902832031
450.1759033203125,50.34189987182617,168.33230590820312,309.6581115722656
452.42181396484375,50.654300689697266,157.1074981689453,309.345703125
450.4435119628906,50.57339859008789,170.90420532226562,309.426513671875
449.940185546875,50.77629852294922,165.3155059814453,309.0061950683594
453.4540100097656,51.361000061035156,161.2790069580078,308.6390075683594
453.8063049316406,51.61090087890625,158.26449584960938,308.38909912109375
453.85650634765625,51.941001892089844,157.7574005126953,308.0591125488281
451.6072082519531,51.568199157714844,157.81610107421875,306.88409423828125
454.28009033203125,52.282501220703125,155.9951934814453,306.5174865722656
457.47808837890625,52.16709899902344,153.41079711914062,304.4660949707031
459.23388671875,51.62070083618164,152.1779022216797,305.7091064453125
458.7301940917969,51.111900329589844,150.58079528808594,307.1494140625
454.8591003417969,50.69219970703125,150.00469970703125,307.676513671875
452.39068603515625,50.01179885864258,151.05999755859375,306.33709716796875
448.8041076660156,51.838600158691406,147.5341033935547,307.5740966796875
452.9744873046875,51.236900329589844,141.9822998046875,306.7273864746094
450.1452941894531,51.63010025024414,142.66270446777344,307.8656005859375
452.2349853515625,52.79999923706055,143.18829345703125,307.20001220703125
456.45220947265625,53.07350158691406,137.99830627441406,306.926513671875
456.1029968261719,54.33380126953125,139.40899658203125,304.07281494140625
453.1097106933594,54.13529968261719,138.339599609375,305.86468505859375
454.3815002441406,53.767799377441406,137.75819396972656,304.0378112792969
456.18951416015625,53.96670150756836,131.60130310058594,305.6986083984375
456.1261901855469,52.70790100097656,135.54859924316406,307.14129638671875
453.1379089355469,52.563899993896484,134.90499877929688,307.08599853515625
449.1134033203125,51.881900787353516,143.9694061279297,308.11810302734375
450.4377136230469,50.84230041503906,143.2364044189453,309.035888671875
449.5094909667969,51.167701721191406,143.5157928466797,307.9881896972656
448.3865051269531,50.67250061035156,139.048095703125,309.0517883300781
446.79541015625,49.002601623535156,143.32350158691406,310.9974060058594
441.73040771484375,50.170101165771484,140.46099853515625,309.8157958984375
438.61981201171875,47.556400299072266,148.1873016357422,310.80938720703125
434.1903076171875,51.64830017089844,143.602294921875,308.3517150878906
432.66949462890625,48.481201171875,143.21359252929688,311.518798828125
429.9453125,47.672401428222656,146.4582061767578,311.25689697265625
422.9845886230469,50.306800842285156,150.4477996826172,309.6015930175781
426.4461975097656,48.83810043334961,143.81520080566406,311.1618957519531
424.53741455078125,51.2328987121582,146.1623992919922,308.76708984375
426.63330078125,47.37369918823242,141.55389404296875,309.71649169921875
435.71160888671875,49.58470153808594,126.43720245361328,310.4153137207031
434.33819580078125,48.545799255371094,129.06260681152344,311.1831970214844
439.65020751953125,50.14039993286133,121.12799835205078,306.4302062988281
441.1069030761719,46.87519836425781,113.61830139160156,312.04901123046875
440.21649169921875,45.71369934082031,117.5531005859375,312.595703125
437.71099853515625,47.13669967651367,117.61669921875,312.61041259765625
434.44488525390625,48.520999908447266,117.50350189208984,311.073486328125
412.52850341796875,45.61399841308594,138.6875,311.35198974609375
433.3774108886719,48.88420104980469,122.96009826660156,309.0361022949219
412.7748107910156,50.21369934082031,137.877197265625,309.7862854003906
434.5548095703125,50.707401275634766,122.10040283203125,309.2926025390625
422.80419921875,51.11650085449219,125.65789794921875,305.17169189453125
425.6357116699219,49.39419937133789,119.16809844970703,306.31640625
423.28759765625,50.4114990234375,123.07779693603516,309.176513671875
421.94879150390625,52.30690002441406,122.82350158691406,303.8702087402344
423.17010498046875,51.716400146484375,122.84140014648438,304.63861083984375
422.5867004394531,51.32080078125,121.45980072021484,306.4544982910156
416.05029296875,52.867401123046875,138.2843017578125,305.9932861328125
425.212890625,55.21160125732422,123.99980163574219,304.78839111328125
424.5633850097656,52.36330032348633,122.27529907226562,303.5486145019531
429.34930419921875,51.51599884033203,109.84010314941406,305.3717956542969
428.97979736328125,54.788299560546875,111.29720306396484,300.9978942871094
430.75628662109375,53.95940017700195,106.43009948730469,304.0869140625
429.40838623046875,54.29570007324219,107.55750274658203,300.2467041015625
430.28271484375,54.179901123046875,106.41819763183594,300.1565856933594
431.2590026855469,53.323299407958984,104.94660186767578,300.9103088378906
434.1444091796875,54.389801025390625,102.04879760742188,300.8110046386719
428.0198974609375,53.027198791503906,105.8427963256836,300.8565979003906
426.8584899902344,54.148399353027344,106.55470275878906,301.13238525390625
424.4028015136719,55.31209945678711,106.46060180664062,298.5284118652344
421.44061279296875,54.334999084472656,106.71649932861328,298.21258544921875
421.5007019042969,53.89939880371094,108.46170043945312,303.622802734375
414.59649658203125,51.33980178833008,113.22460174560547,304.248291015625
424.3912048339844,51.030799865722656,106.67479705810547,307.118408203125
420.15008544921875,54.18119812011719,106.33589935302734,301.47540283203125
423.82391357421875,51.063201904296875,109.17120361328125,302.5835876464844
424.95330810546875,53.5713005065918,106.78230285644531,298.9872131347656
420.831298828125,53.02899932861328,111.18579864501953,303.306884765625
411.52978515625,51.72209930419922,128.48910522460938,302.52349853515625
409.785888671875,52.92399978637695,128.2884063720703,301.94329833984375
413.2998962402344,51.89630126953125,127.54869842529297,302.8052978515625
413.0403137207031,51.016300201416016,126.10970306396484,304.5216064453125
405.6877136230469,52.209800720214844,136.98269653320312,305.2637939453125
403.0989990234375,49.121299743652344,140.6842041015625,308.9435119628906
385.10479736328125,51.275001525878906,162.7263946533203,308.7250061035156
379.15289306640625,53.12300109863281,172.87069702148438,305.7231140136719
373.7582092285156,50.521400451660156,179.63369750976562,307.8909912109375
375.66558837890625,51.45429992675781,183.19720458984375,307.85479736328125
358.45318603515625,52.772499084472656,200.99560546875,304.560791015625
412.7825012207031,53.47959899902344,156.21519470214844,303.55560302734375
392.1463928222656,53.379798889160156,175.57589721679688,304.8699951171875
416.63018798828125,53.96419906616211,149.44149780273438,301.8117980957031
412.4718017578125,52.43230056762695,157.91920471191406,304.349609375
414.57708740234375,51.557098388671875,159.13119506835938,304.3706970214844
409.8810119628906,53.544498443603516,168.10719299316406,299.1842956542969
384.7421875,52.54600143432617,193.73519897460938,304.1048889160156
414.6748962402344,52.98529815673828,162.03329467773438,297.9101867675781
404.039306640625,52.079498291015625,169.36160278320312,294.4461975097656
399.7401123046875,52.90950012207031,170.32659912109375,300.0661926269531
409.4023132324219,57.62710189819336,161.41090393066406,299.4637145996094
426.6719055175781,54.305301666259766,139.0552978515625,300.0711975097656
419.47100830078125,56.6609001159668,148.3238983154297,296.4859924316406
409.56500244140625,55.284000396728516,154.9029998779297,298.6011047363281
424.5504150390625,55.30950164794922,135.56320190429688,298.9596862792969
436.05999755859375,54.64139938354492,123.03299713134766,302.14129638671875
436.1780090332031,56.08539962768555,120.31559753417969,297.6614990234375
431.58270263671875,57.64080047607422,127.11849975585938,299.7986145019531
441.7284851074219,57.26210021972656,116.89240264892578,297.07440185546875
435.3877868652344,56.2765998840332,133.0330047607422,301.7557067871094
445.38250732421875,53.4114990234375,120.39199829101562,304.7416076660156
438.3584899902344,57.016998291015625,123.41600036621094,299.8529052734375
444.8221130371094,57.26530075073242,127.95320129394531,297.68719482421875
443.6531066894531,55.15079879760742,132.19149780273438,301.28399658203125
440.0880126953125,57.880401611328125,130.3155975341797,295.4335021972656
440.2716064453125,57.65650177001953,133.0469970703125,294.0942077636719
440.1557922363281,58.09669876098633,137.81149291992188,295.5932922363281
443.568603515625,56.753299713134766,134.65370178222656,296.797607421875
446.7027893066406,55.75529861450195,131.13079833984375,298.2110900878906
442.1929016113281,57.88029861450195,133.70050048828125,298.63848876953125
425.643798828125,58.12379837036133,149.52969360351562,297.99578857421875
419.8887023925781,55.69219970703125,158.5028076171875,301.0509033203125
425.9267883300781,55.83169937133789,152.29769897460938,302.9870910644531
430.7864074707031,54.504600524902344,143.10940551757812,303.0574035644531
426.4674072265625,55.50550079345703,148.13490295410156,299.6838073730469
424.07379150390625,55.63100051879883,147.6490020751953,301.90380859375
420.5262145996094,57.26029968261719,148.25120544433594,300.51348876953125
422.74920654296875,55.93040084838867,145.21600341796875,299.260498046875
424.46929931640625,55.9182014465332,140.85800170898438,301.1849060058594
420.90838623046875,56.9379997253418,140.5010986328125,299.9757995605469
425.84869384765625,56.18949890136719,137.0854949951172,300.14581298828125
421.28839111328125,57.319000244140625,138.4322967529297,296.5802001953125
427.9223937988281,57.742698669433594,130.91119384765625,294.31890869140625
425.9949951171875,57.76789855957031,136.81089782714844,293.9473876953125
428.8619079589844,56.189300537109375,136.7760009765625,295.8075866699219
425.1264953613281,55.36880111694336,140.6591033935547,297.24261474609375
428.784912109375,57.97779846191406,137.53590393066406,296.6018981933594
429.85528564453125,56.781898498535156,135.98069763183594,297.88531494140625
430.4081115722656,55.427398681640625,135.2554931640625,298.89678955078125
428.7734069824219,56.18299865722656,136.29559326171875,296.6742858886719
430.0992126464844,56.38529968261719,135.99710083007812,298.4773864746094
430.099609375,55.20560073852539,127.28160095214844,300.6477966308594
429.13018798828125,55.09270095825195,127.30740356445312,299.0271911621094
431.0614929199219,53.2588005065918,122.53700256347656,300.5837097167969
426.59710693359375,52.82600021362305,121.4563980102539,301.6709899902344
426.8554992675781,51.06529998779297,118.8926010131836,300.2161865234375
429.85211181640625,53.1786994934082,113.68599700927734,299.412109375
425.6534118652344,53.17570114135742,113.16690063476562,297.3839111328125
420.3262023925781,52.9557991027832,114.25520324707031,299.08599853515625
419.7467041015625,53.07849884033203,110.58599853515625,298.11151123046875
418.4778137207031,50.88840103149414,106.24970245361328,298.3085021972656
424.4617004394531,51.6531982421875,99.80999755859375,296.18280029296875
422.3403015136719,53.427398681640625,100.34439849853516,296.7008056640625
410.79278564453125,52.11899948120117,107.40589904785156,297.44110107421875
416.747314453125,53.331600189208984,99.95110321044922,281.7237854003906
417.1112976074219,56.62710189819336,95.23269653320312,279.29180908203125
407.05230712890625,52.81629943847656,97.11820220947266,256.5797119140625
404.4706115722656,51.644798278808594,96.51419830322266,266.3981018066406
402.0107116699219,54.847801208496094,94.74310302734375,259.422607421875
406.601806640625,53.79130172729492,86.04759979248047,233.96490478515625
391.56298828125,45.812599182128906,96.595703125,283.9036865234375
374.08648681640625,49.40909957885742,124.37000274658203,301.44580078125
357.951904296875,44.74300003051758,153.17750549316406,310.69549560546875
283.8789978027344,16.117799758911133,156.90029907226562,324.9112854003906
282.15960693359375,10.917499542236328,126.81340026855469,346.23980712890625
291.1026916503906,21.808399200439453,134.65989685058594,323.0387878417969
292.0981140136719,18.914100646972656,132.6663055419922,332.6625061035156
291.1339111328125,20.608800888061523,121.10469818115234,324.5586853027344
293.6239929199219,23.20170021057129,106.44830322265625,325.7648010253906
