1
315.3163146972656,204.1248016357422,53.78070068359375,49.75320053100586
315.50201416015625,204.48939514160156,54.342899322509766,49.94179916381836
316.4305114746094,207.99270629882812,58.40850067138672,49.24079895019531
316.0120849609375,210.9542999267578,61.70069885253906,46.495201110839844
316.2768859863281,209.99090576171875,61.117000579833984,49.21910095214844
314.8870849609375,207.61289978027344,58.83060073852539,51.982601165771484
315.53961181640625,205.94529724121094,55.71080017089844,51.20800018310547
315.5364074707031,208.04580688476562,58.7135009765625,48.597599029541016
315.12078857421875,211.92649841308594,61.94179916381836,48.13309860229492
315.0487060546875,212.76629638671875,62.07279968261719,42.09080123901367
314.4230041503906,210.01980590820312,62.178001403808594,47.52220153808594
314.6792907714844,209.51980590820312,61.63600158691406,40.47529983520508
317.4693908691406,208.66580200195312,60.225799560546875,42.757999420166016
317.26629638671875,208.80589294433594,61.27149963378906,41.487998962402344
317.8562927246094,208.96600341796875,61.12820053100586,42.85660171508789
318.55419921875,210.26060485839844,61.049198150634766,39.900299072265625
318.96661376953125,210.91659545898438,60.52000045776367,42.94219970703125
319.381591796875,211.35409545898438,60.249000549316406,43.23899841308594
319.31439208984375,209.8282928466797,57.567298889160156,45.23059844970703
318.6059875488281,206.66000366210938,54.929100036621094,46.78229904174805
317.7052001953125,204.52650451660156,52.485198974609375,49.880001068115234
318.3808898925781,204.01080322265625,51.292301177978516,53.69810104370117
317.76141357421875,202.44189453125,49.76750183105469,57.53239822387695
316.5769958496094,199.80259704589844,48.253299713134766,57.935298919677734
319.8492126464844,201.03829956054688,45.236000061035156,62.66310119628906
316.1647033691406,202.3719024658203,49.01219940185547,54.948001861572266
316.9111022949219,201.4853057861328,45.39780044555664,58.669498443603516
316.0458068847656,200.25430297851562,42.000301361083984,57.135501861572266
315.601806640625,199.04879760742188,39.62030029296875,56.12099838256836
315.3642883300781,198.88470458984375,39.94879913330078,54.145301818847656
314.8008117675781,200.88400268554688,40.442298889160156,52.82889938354492
315.6769104003906,199.84469604492188,39.06129837036133,51.25899887084961
315.2204895019531,199.61199951171875,39.28099822998047,51.75310134887695
315.67059326171875,200.0489959716797,40.632301330566406,50.31769943237305
316.8081970214844,200.13589477539062,41.053001403808594,48.1531982421875
316.4505920410156,200.48170471191406,42.24290084838867,47.63180160522461
315.69659423828125,199.35890197753906,42.582801818847656,48.48849868774414
316.98370361328125,199.57330322265625,41.89289855957031,47.5265007019043
318.75799560546875,200.2541961669922,40.85070037841797,47.11199951171875
317.2112121582031,200.1074981689453,42.59239959716797,47.547698974609375
316.3075866699219,200.14169311523438,42.0629997253418,48.09339904785156
316.5448913574219,200.0758056640625,42.25600051879883,48.16910171508789
316.797607421875,200.03619384765625,40.89059829711914,48.2307014465332
316.8528137207031,201.78689575195312,40.6161003112793,47.21739959716797
316.8539123535156,200.84519958496094,41.04460144042969,48.92300033569336
317.5867919921875,199.9799041748047,41.84400177001953,48.84370040893555
317.27191162109375,201.47549438476562,44.30229949951172,47.252899169921875
318.21319580078125,203.9084930419922,47.476600646972656,44.80099868774414
319.0577087402344,201.29490661621094,48.137298583984375,47.457698822021484
319.3786926269531,201.72059631347656,48.68880081176758,47.1797981262207
319.052490234375,203.59080505371094,50.23350143432617,45.997100830078125
318.62548828125,202.05340576171875,51.1880989074707,45.6172981262207
320.0910949707031,200.80380249023438,50.679901123046875,47.361900329589844
321.07989501953125,201.45570373535156,51.61040115356445,46.940101623535156
320.8442077636719,202.03590393066406,53.120601654052734,47.85860061645508
321.8398132324219,198.92469787597656,53.289798736572266,44.7943000793457
322.53228759765625,200.04859924316406,53.51530075073242,49.60329818725586
320.63531494140625,201.19149780273438,55.53110122680664,42.02690124511719
323.0740966796875,200.46499633789062,54.4635009765625,46.7327995300293
322.29449462890625,198.91079711914062,53.79010009765625,41.349998474121094
323.52459716796875,198.74339294433594,51.02389907836914,46.5620002746582
323.0107116699219,199.63279724121094,50.088600158691406,42.15010070800781
325.1976013183594,200.8280029296875,47.279598236083984,38.6172981262207
324.7568054199219,200.0738983154297,43.7317008972168,40.72919845581055
323.456787109375,200.87660217285156,41.06230163574219,39.60860061645508
323.0198974609375,202.0507049560547,37.87580108642578,33.8036994934082
319.28741455078125,203.93919372558594,39.03229904174805,36.439300537109375
319.17279052734375,205.76519775390625,35.51129913330078,34.40800094604492
318.605712890625,208.4893035888672,33.37459945678711,31.648000717163086
318.0557861328125,212.35189819335938,33.104698181152344,27.911100387573242
316.2345886230469,213.5552978515625,33.51219940185547,28.179000854492188
316.03729248046875,216.74159240722656,34.02560043334961,28.55579948425293
311.4921875,218.9315948486328,36.89670181274414,23.869300842285156
305.4877014160156,221.57569885253906,43.493099212646484,25.75279998779297
301.55670166015625,223.63180541992188,40.852500915527344,21.068599700927734
300.84320068359375,222.96380615234375,48.6260986328125,27.872499465942383
303.8197937011719,223.6414031982422,62.55099868774414,35.214900970458984
300.8349914550781,224.11090087890625,68.39630126953125,34.235801696777344
303.73150634765625,223.70790100097656,65.591796875,35.474300384521484
305.8828125,223.33290100097656,63.06460189819336,35.795101165771484
304.9634094238281,224.55320739746094,56.38560104370117,34.074501037597656
305.08648681640625,226.0447998046875,48.20249938964844,32.294898986816406
309.07879638671875,228.05169677734375,40.08679962158203,31.657400131225586
311.13800048828125,226.2357940673828,36.312400817871094,34.18299865722656
309.9497985839844,224.71519470214844,36.91109848022461,35.592899322509766
307.82330322265625,227.6074981689453,38.52880096435547,32.64139938354492
306.1611022949219,228.03759765625,40.16510009765625,32.342498779296875
309.2102966308594,228.36109924316406,34.89469909667969,31.782400131225586
311.4341125488281,229.2209014892578,32.838199615478516,32.85609817504883
310.1393127441406,228.9868927001953,35.28070068359375,33.002899169921875
311.2781982421875,230.68739318847656,38.5432014465332,32.42399978637695
307.0466003417969,231.1112060546875,41.83449935913086,32.76210021972656
307.43310546875,233.68739318847656,45.694698333740234,31.50200080871582
305.6733093261719,235.63099670410156,41.06019973754883,30.872499465942383
306.0747985839844,234.6970977783203,42.40370178222656,30.40220069885254
306.7513122558594,234.78500366210938,46.88290023803711,30.832599639892578
306.30938720703125,236.43499755859375,45.20500183105469,28.388999938964844
308.0495910644531,236.985107421875,41.36360168457031,28.206100463867188
309.2466125488281,236.33889770507812,40.685699462890625,29.196300506591797
293.4035949707031,232.643798828125,58.467201232910156,32.80390167236328
309.6640930175781,236.4114990234375,43.0442008972168,29.604799270629883
286.7961120605469,230.49249267578125,66.1769027709961,35.55569839477539
315.4375915527344,236.3986053466797,46.25080108642578,30.26219940185547
322.27288818359375,236.52389526367188,39.0880012512207,30.76300048828125
328.601806640625,234.6551055908203,34.28710174560547,36.01390075683594
335.6785888671875,242.9364013671875,37.86520004272461,30.31049919128418
342.4961853027344,246.2165985107422,43.773399353027344,30.196300506591797
352.1590881347656,250.6907958984375,45.87009811401367,30.641300201416016
361.7786865234375,254.04119873046875,46.040401458740234,32.32789993286133
373.6807861328125,254.24949645996094,62.92290115356445,35.80059814453125
384.8830871582031,258.6908874511719,55.33599853515625,37.54499816894531
396.3695068359375,256.0622863769531,54.6442985534668,46.17639923095703
405.37200927734375,265.60650634765625,61.725399017333984,38.1870002746582
414.7937927246094,272.319091796875,57.173301696777344,38.12300109863281
402.8479919433594,274.6492004394531,70.85269927978516,55.16389846801758
422.80340576171875,278.90509033203125,65.15280151367188,50.12950134277344
424.2921142578125,284.8940124511719,60.989601135253906,43.914398193359375
419.4643859863281,282.82940673828125,74.13999938964844,46.213600158691406
415.77130126953125,287.4549865722656,77.5259017944336,43.44269943237305
428.8674011230469,283.2206115722656,64.26850128173828,46.279598236083984
418.9861145019531,283.8197021484375,76.61409759521484,45.57160186767578
420.57598876953125,283.25469970703125,72.97560119628906,44.500701904296875
421.1418151855469,282.6203918457031,70.43900299072266,44.27080154418945
424.8888854980469,285.5950012207031,60.20090103149414,43.652099609375
418.65289306640625,283.60400390625,69.06159973144531,44.44329833984375
427.1369934082031,290.2305908203125,57.6786003112793,37.60319900512695
431.89111328125,289.96600341796875,52.14739990234375,37.12030029296875
414.2149963378906,287.5559997558594,70.93000030517578,39.349300384521484
411.3334045410156,290.1767883300781,73.55419921875,37.545501708984375
408.83758544921875,284.5158996582031,77.49590301513672,42.73139953613281
418.4975891113281,286.4377136230469,66.60289764404297,40.660301208496094
411.19610595703125,287.5581970214844,74.22319793701172,40.52560043334961
408.53839111328125,288.3179931640625,76.04840087890625,37.34149932861328
414.4280090332031,284.9945068359375,70.30380249023438,42.432899475097656
423.2060852050781,289.9065856933594,61.28369903564453,38.065399169921875
416.8450927734375,283.222412109375,68.36209869384766,43.8296012878418
435.2273864746094,290.2726135253906,47.03269958496094,37.5796012878418
417.9534912109375,285.814697265625,68.40840148925781,41.447601318359375
425.9385070800781,288.255615234375,63.18239974975586,39.47549819946289
416.43829345703125,284.0198059082031,69.73909759521484,43.71139907836914
436.3576965332031,288.7746887207031,62.404998779296875,38.50699996948242
415.9634094238281,283.80731201171875,74.72139739990234,42.689998626708984
418.1005859375,285.95599365234375,80.77290344238281,40.60319900512695
429.1542053222656,288.0032958984375,55.105499267578125,40.38240051269531
417.2113037109375,282.51251220703125,72.98819732666016,44.03310012817383
419.3081970214844,285.60980224609375,73.37870025634766,40.93159866333008
415.83990478515625,286.72369384765625,71.46160125732422,39.525699615478516
428.45599365234375,288.5640869140625,64.12689971923828,38.06460189819336
435.95849609375,290.17291259765625,46.81779861450195,36.263099670410156
417.01629638671875,285.555908203125,69.42569732666016,41.48789978027344
434.4971923828125,289.319091796875,53.35409927368164,37.58300018310547
425.8102111816406,289.6643981933594,59.77220153808594,35.99100112915039
415.9466857910156,277.2322082519531,85.29350280761719,45.4906005859375
453.1664123535156,259.6471862792969,51.60070037841797,46.94729995727539
438.17169189453125,289.3432922363281,52.532901763916016,38.08769989013672
415.25048828125,285.81988525390625,72.0895004272461,39.93149948120117
420.0120849609375,284.61151123046875,63.808799743652344,43.38759994506836
418.39068603515625,287.875,64.55439758300781,41.88140106201172
422.6527099609375,288.660400390625,60.107398986816406,40.339599609375
416.1047058105469,285.5736083984375,68.66490173339844,44.11399841308594
419.5541076660156,291.222900390625,63.041500091552734,37.93080139160156
416.264892578125,288.4413146972656,68.01399993896484,39.672000885009766
427.518798828125,291.78338623046875,56.095699310302734,36.11880111694336
420.8450012207031,289.1770935058594,63.60279846191406,39.6327018737793
400.3454895019531,208.34719848632812,48.936798095703125,49.00019836425781
373.8818054199219,188.0623016357422,111.82250213623047,101.66709899902344
422.9927978515625,290.3124084472656,62.52349853515625,41.17179870605469
415.9195861816406,287.68890380859375,68.01329803466797,41.38330078125
434.96258544921875,292.8865051269531,49.592098236083984,35.21609878540039
418.6910095214844,288.8465881347656,65.69149780273438,39.19409942626953
417.99090576171875,283.32501220703125,67.7864990234375,45.981201171875
420.8747863769531,286.93939208984375,63.183799743652344,42.77989959716797
418.9462890625,285.2641906738281,65.09320068359375,43.875301361083984
418.87091064453125,284.5920104980469,64.564697265625,45.018001556396484
418.5434875488281,285.9101867675781,64.19830322265625,43.046600341796875
427.5091857910156,287.5870056152344,56.26959991455078,41.14889907836914
418.9678955078125,284.5963134765625,66.71150207519531,43.8922004699707
424.3323974609375,285.99169921875,58.75149917602539,43.2151985168457
420.46258544921875,286.2734069824219,62.79330062866211,42.939701080322266
418.8306884765625,283.3428955078125,64.11009979248047,45.71910095214844
432.2143859863281,290.24591064453125,50.50979995727539,38.850399017333984
420.0423889160156,288.864990234375,65.74089813232422,40.10749816894531
423.34698486328125,287.8406066894531,59.51259994506836,40.52239990234375
417.8591003417969,285.63238525390625,66.73159790039062,43.30270004272461
430.9212951660156,287.2110900878906,51.47829818725586,42.063201904296875
420.0828857421875,287.7040100097656,64.09980010986328,40.700199127197266
420.206787109375,285.3096008300781,62.217201232910156,43.155601501464844
432.31768798828125,288.1217956542969,51.777198791503906,40.76219940185547
420.8608093261719,288.59271240234375,63.52149963378906,40.23979949951172
425.0368957519531,288.54791259765625,59.003501892089844,41.05540084838867
420.53961181640625,288.0716857910156,63.85070037841797,41.273399353027344
426.06280517578125,289.3848876953125,57.67959976196289,39.170501708984375
420.37420654296875,287.8765869140625,65.26850128173828,41.858299255371094
435.0425109863281,291.79058837890625,48.66550064086914,36.327701568603516
426.6164855957031,290.6083984375,57.65650177001953,39.140201568603516
421.3340148925781,288.283203125,64.06050109863281,40.207000732421875
424.6368103027344,288.5087890625,59.34519958496094,41.66669845581055
419.8254089355469,287.7511901855469,64.40049743652344,40.83039855957031
433.1119079589844,291.531005859375,49.42250061035156,38.070701599121094
419.752197265625,288.3092956542969,65.71769714355469,40.516300201416016
432.1199035644531,290.25860595703125,51.15840148925781,38.71229934692383
422.7106018066406,289.3822021484375,60.649600982666016,39.77579879760742
420.38238525390625,287.8699035644531,63.3671989440918,41.42110061645508
427.5107116699219,290.9154968261719,54.73569869995117,38.2859992980957
428.4747009277344,290.193115234375,55.95750045776367,39.70920181274414
433.7351989746094,290.4366149902344,50.214698791503906,38.5359992980957
418.9007873535156,287.443115234375,65.0385971069336,40.905799865722656
432.7226867675781,290.31390380859375,49.844398498535156,39.14400100708008
434.1348876953125,291.662109375,50.262901306152344,37.39310073852539
426.6770935058594,290.6402893066406,57.5807991027832,38.508399963378906
419.64068603515625,288.3168029785156,64.86750030517578,41.135799407958984
417.7402038574219,284.3706970214844,65.7051010131836,45.061500549316406
431.63519287109375,290.0976867675781,50.3651008605957,39.21080017089844
435.3017883300781,291.14068603515625,49.04290008544922,37.607398986816406
424.4154968261719,289.8623046875,59.98099899291992,38.49570083618164
419.7640075683594,287.1351013183594,64.36509704589844,41.85219955444336
431.2986145019531,290.41351318359375,52.33100128173828,38.944000244140625
434.1899108886719,291.5404052734375,49.234901428222656,38.13100051879883
428.6332092285156,289.7640075683594,56.68080139160156,39.239200592041016
435.3153076171875,291.1351013183594,48.45199966430664,38.298301696777344
422.83819580078125,288.9097900390625,62.06010055541992,39.30009841918945
419.37030029296875,284.1264953613281,64.41680145263672,44.40530014038086
424.8760986328125,286.8103942871094,58.11349868774414,42.660701751708984
419.1630859375,285.8778991699219,65.4197006225586,43.60139846801758
425.0591125488281,288.0181884765625,56.998199462890625,40.34769821166992
418.0743103027344,286.52978515625,66.28839874267578,42.38869857788086
417.96270751953125,285.58770751953125,64.08260345458984,43.04100036621094
422.47210693359375,287.3612976074219,59.851200103759766,40.90810012817383
418.6864013671875,286.9945068359375,66.21389770507812,40.93080139160156
419.8855895996094,285.6849060058594,64.12920379638672,43.34709930419922
417.569091796875,284.35540771484375,66.32640075683594,44.90290069580078
432.95819091796875,290.56439208984375,50.62770080566406,39.28519821166992
420.0429992675781,287.176513671875,64.02330017089844,41.167701721191406
417.654296875,284.7536926269531,66.13680267333984,44.5281982421875
414.7130126953125,287.32598876953125,67.87300109863281,41.977298736572266
417.3316955566406,288.0625,66.49710083007812,41.05189895629883
433.9888916015625,291.06658935546875,49.31560134887695,37.5349006652832
436.71661376953125,290.7763977050781,47.240699768066406,37.93960189819336
421.6462097167969,288.118896484375,62.81340026855469,38.797298431396484
425.0122985839844,287.789306640625,58.40999984741211,41.06520080566406
429.09979248046875,288.9984130859375,54.058101654052734,39.89569854736328
429.87811279296875,289.648193359375,52.755401611328125,38.777000427246094
429.7427978515625,289.25469970703125,51.134700775146484,37.53929901123047
423.32220458984375,289.91668701171875,53.34980010986328,34.834999084472656
411.9578857421875,287.8822937011719,60.68299865722656,34.84920120239258
411.04840087890625,287.472900390625,55.419898986816406,35.65639877319336
398.48919677734375,286.1370849609375,61.96549987792969,37.177398681640625
396.71990966796875,285.2898864746094,57.55080032348633,37.140899658203125
392.41790771484375,285.78338623046875,53.70399856567383,36.67070007324219
385.4772033691406,285.4009094238281,53.946998596191406,34.5968017578125
381.97979736328125,284.62420654296875,52.52870178222656,34.9536018371582
377.7294006347656,282.7074890136719,49.48350143432617,36.35449981689453
368.33758544921875,281.1332092285156,48.577999114990234,37.385799407958984
359.8204040527344,280.9555969238281,48.758399963378906,36.020301818847656
356.4613037109375,279.2669982910156,47.605899810791016,35.958900451660156
351.2662048339844,279.8476867675781,50.440399169921875,33.22100067138672
348.97491455078125,279.3359069824219,48.58369827270508,33.97169876098633
348.4205017089844,278.58770751953125,45.855899810791016,33.80690002441406
343.55010986328125,278.497314453125,50.687198638916016,34.388301849365234
348.0356140136719,278.9233093261719,45.6171989440918,34.71580123901367
344.88409423828125,278.9299011230469,49.01449966430664,33.948001861572266
343.2460021972656,278.39019775390625,50.768001556396484,33.9453010559082
343.1095886230469,278.11248779296875,50.85200119018555,34.32350158691406
342.3175964355469,278.2597961425781,50.73899841308594,34.746700286865234
338.0653991699219,277.2513122558594,54.806800842285156,34.756500244140625
353.0733947753906,279.56658935546875,39.7067985534668,33.484500885009766
352.0458984375,279.6339111328125,41.35710144042969,32.69969940185547
350.7257995605469,279.3799133300781,42.75630187988281,32.93439865112305
350.7455139160156,279.7337951660156,42.38479995727539,32.90169906616211
352.0674133300781,279.15960693359375,41.47959899902344,33.75849914550781
351.676513671875,279.4035949707031,41.94820022583008,32.88479995727539
351.7286071777344,279.6940002441406,42.05149841308594,32.973201751708984
353.22210693359375,279.1632080078125,40.47719955444336,32.43330001831055
352.7296142578125,279.2414855957031,40.66640090942383,32.61940002441406
353.14959716796875,278.98260498046875,40.409400939941406,33.325199127197266
351.90008544921875,279.65899658203125,41.72650146484375,32.920101165771484
352.1234130859375,279.11370849609375,41.584999084472656,32.8942985534668
352.45220947265625,279.1322937011719,41.08760070800781,33.005401611328125
351.4804992675781,279.1745910644531,42.37689971923828,32.85380172729492
351.2300109863281,278.6253967285156,42.11429977416992,32.86429977416992
351.57220458984375,278.3179016113281,41.76729965209961,33.417598724365234
350.88189697265625,279.05560302734375,43.007999420166016,32.70109939575195
350.7159118652344,278.9009094238281,42.593101501464844,33.17279815673828
350.8382873535156,279.08758544921875,41.97610092163086,32.963401794433594
352.07708740234375,279.1413879394531,41.44490051269531,33.1859016418457
348.9172058105469,278.8291015625,44.81779861450195,33.39179992675781
347.2616882324219,278.4693908691406,45.84749984741211,33.41109848022461
344.3315124511719,277.9921875,48.88349914550781,33.69380187988281
345.5600891113281,277.48089599609375,48.160099029541016,35.88180160522461
345.30841064453125,276.5841979980469,50.47809982299805,35.262298583984375
346.20831298828125,275.96881103515625,51.17190170288086,35.84479904174805
346.6122131347656,277.18670654296875,50.6172981262207,35.0181999206543
347.9656066894531,278.3163146972656,50.285099029541016,34.11410140991211
349.15350341796875,278.1653137207031,45.756900787353516,34.415000915527344
350.2701110839844,277.87548828125,45.02180099487305,35.37990188598633
349.45330810546875,277.9313049316406,46.503299713134766,35.08470153808594
348.8987121582031,278.5120849609375,47.19580078125,35.35820007324219
353.0423889160156,278.81768798828125,47.79669952392578,34.58399963378906
352.6075134277344,278.3052062988281,46.38679885864258,34.44160079956055
327.97589111328125,241.85110473632812,41.924400329589844,34.76150131225586
352.28741455078125,278.30731201171875,48.649600982666016,33.33449935913086
350.144287109375,279.243896484375,49.36040115356445,31.756999969482422
351.6068115234375,278.8648986816406,46.200599670410156,31.421199798583984
352.2513122558594,271.4414978027344,51.74789810180664,38.2327995300293
351.1698913574219,269.4075012207031,51.86600112915039,37.369998931884766
347.7589111328125,266.9867858886719,53.17729949951172,36.808799743652344
342.9411926269531,265.2856140136719,55.86790084838867,35.41510009765625
340.83819580078125,263.4844055175781,55.30540084838867,35.229698181152344
336.62689208984375,260.2492980957031,48.121700286865234,33.05839920043945
327.6886901855469,255.60650634765625,48.385799407958984,31.919599533081055
324.2491149902344,247.4459991455078,47.090599060058594,32.66849899291992
321.2497863769531,241.24899291992188,38.07469940185547,32.52899932861328
310.75860595703125,229.95660400390625,38.83489990234375,34.60049819946289
312.7720947265625,220.62330627441406,35.43669891357422,33.52880096435547
309.50640869140625,211.42059326171875,39.702701568603516,34.54029846191406
306.2221984863281,205.2971954345703,40.29389953613281,33.90599822998047
303.9580078125,200.55430603027344,42.16130065917969,33.44889831542969
301.4997863769531,196.3321075439453,40.88779830932617,33.7234992980957
300.30828857421875,194.547607421875,35.88240051269531,33.10969924926758
299.406005859375,192.14920043945312,37.56449890136719,34.482398986816406
298.7513122558594,192.76480102539062,32.85749816894531,33.3213005065918
297.77960205078125,191.143798828125,31.23200035095215,33.92100143432617
297.2475891113281,189.80799865722656,34.032798767089844,34.75849914550781
297.79010009765625,189.10760498046875,40.91669845581055,36.0984992980957
296.57879638671875,189.46029663085938,39.01679992675781,36.23849868774414
296.6018981933594,189.0666961669922,40.48979949951172,36.97159957885742
296.95269775390625,189.59849548339844,40.352901458740234,37.17369842529297
295.1781005859375,190.69020080566406,39.758201599121094,36.160099029541016
295.5434875488281,190.6623992919922,40.16400146484375,37.16389846801758
294.81170654296875,191.44309997558594,40.951499938964844,37.4984016418457
293.34521484375,193.52920532226562,37.25279998779297,36.2849006652832
292.91290283203125,193.12840270996094,38.5629997253418,37.93119812011719
292.6878967285156,193.9387969970703,39.653900146484375,38.83219909667969
292.04010009765625,196.2261962890625,42.76070022583008,38.82820129394531
263.9652099609375,189.539794921875,55.476600646972656,46.27859878540039
289.3927917480469,199.28489685058594,39.98360061645508,38.62540054321289
289.6737060546875,199.4324951171875,36.63800048828125,37.841400146484375
290.0421142578125,201.69580078125,34.209999084472656,36.88479995727539
288.1877136230469,201.99920654296875,33.52909851074219,36.68069839477539
288.9578857421875,202.4145965576172,34.9635009765625,37.45949935913086
287.8315124511719,200.54110717773438,37.144500732421875,38.85490036010742
287.9862976074219,202.0666046142578,37.91299819946289,37.96580123901367
286.5625,202.6750030517578,36.610801696777344,37.2681999206543
286.39691162109375,202.62860107421875,35.9193000793457,37.40359878540039
286.2959899902344,201.4302978515625,35.38199996948242,38.535499572753906
286.52239990234375,203.23890686035156,35.5281982421875,36.307098388671875
286.3517150878906,203.272705078125,35.64609909057617,37.463199615478516
286.1319885253906,202.41749572753906,34.88529968261719,37.31269836425781
286.6282958984375,201.45689392089844,35.684600830078125,37.773101806640625
287.3782043457031,202.34530639648438,36.82320022583008,37.2765007019043
287.97210693359375,203.18850708007812,34.87580108642578,36.680999755859375
288.0723876953125,202.7957000732422,33.82080078125,35.57109832763672
289.0162048339844,202.25469970703125,36.76430130004883,35.952598571777344
289.4549865722656,201.8809051513672,34.54600143432617,36.1870002746582
288.5846862792969,201.9219970703125,33.010799407958984,35.30609893798828
288.605712890625,202.44529724121094,32.41379928588867,34.534000396728516
288.860107421875,201.5926971435547,31.30769920349121,34.234798431396484
290.5633850097656,200.0048065185547,32.9911994934082,35.117698669433594
290.698486328125,198.06619262695312,36.71099853515625,37.23699951171875
291.90478515625,198.5355987548828,32.50809860229492,34.242000579833984
292.96868896484375,196.1920928955078,33.89910125732422,34.86759948730469
293.6028137207031,194.84609985351562,36.12369918823242,34.268001556396484
294.6499938964844,193.779296875,39.32609939575195,34.90039825439453
295.16839599609375,191.352294921875,41.25640106201172,35.50379943847656
296.28509521484375,190.4208984375,41.66379928588867,35.05780029296875
296.85369873046875,193.43370056152344,28.056100845336914,32.48040008544922
297.7651062011719,190.272705078125,37.130001068115234,34.458499908447266
298.29010009765625,189.72459411621094,36.75849914550781,33.47019958496094
298.31219482421875,191.75970458984375,30.240800857543945,32.58190155029297
298.32659912109375,189.39370727539062,36.68389892578125,34.35860061645508
298.37078857421875,190.2738037109375,33.860599517822266,33.24420166015625
298.1283874511719,190.41909790039062,31.944700241088867,32.784698486328125
298.1940002441406,188.62069702148438,38.19240188598633,33.96870040893555
298.21551513671875,189.21249389648438,35.00239944458008,34.02360153198242
298.52960205078125,188.1967010498047,37.14649963378906,33.510501861572266
298.9106140136719,188.20399475097656,36.05009841918945,33.722599029541016
299.8340148925781,188.14920043945312,32.857200622558594,33.12900161743164
299.027099609375,186.54600524902344,44.79909896850586,35.149200439453125
300.1077880859375,189.3542022705078,26.86870002746582,31.80739974975586
298.8902893066406,186.86749267578125,40.72589874267578,34.55160140991211
298.6452941894531,189.11309814453125,27.787599563598633,32.83489990234375
297.6177978515625,188.2366943359375,41.73429870605469,34.6255989074707
297.1918029785156,188.5467987060547,35.56209945678711,35.629798889160156
297.51739501953125,188.0028076171875,35.17620086669922,35.5536994934082
297.16790771484375,185.5366973876953,33.85089874267578,38.36520004272461
296.53009033203125,189.2003936767578,39.98320007324219,35.55720138549805
295.34698486328125,189.2991943359375,35.95800018310547,36.13759994506836
295.2098083496094,189.46780395507812,35.81269836425781,34.98540115356445
294.8677062988281,188.52499389648438,32.647098541259766,36.331298828125
295.2156982421875,188.356201171875,35.62049865722656,36.600101470947266
294.2710876464844,187.86709594726562,33.60279846191406,38.20719909667969
294.8587951660156,189.69000244140625,32.47420120239258,36.98720169067383
292.6225891113281,189.81930541992188,38.762298583984375,37.440399169921875
292.8026123046875,190.41600036621094,43.30609893798828,38.80830001831055
292.7674865722656,191.09930419921875,47.16600036621094,39.12289810180664
290.9291076660156,193.02340698242188,42.40250015258789,37.6786003112793
290.69610595703125,192.53610229492188,41.59360122680664,39.105201721191406
289.5013122558594,192.5395050048828,47.435298919677734,40.82659912109375
288.5539855957031,196.1063995361328,42.837398529052734,39.05500030517578
284.53399658203125,191.49859619140625,43.0718994140625,42.89759826660156
287.60888671875,196.03070068359375,40.47269821166992,39.78770065307617
262.1285095214844,189.106201171875,59.20370101928711,46.4286003112793
286.18719482421875,197.2028045654297,41.65610122680664,39.24330139160156
260.30450439453125,191.12069702148438,58.645999908447266,43.989498138427734
286.7699890136719,197.3238983154297,40.7140998840332,39.486900329589844
256.6156921386719,190.98849487304688,59.670799255371094,42.28519821166992
285.78399658203125,197.90679931640625,38.308998107910156,38.40449905395508
274.7789001464844,195.14720153808594,46.81639862060547,41.45819854736328
285.0790100097656,199.8798065185547,35.682701110839844,38.2681999206543
284.8208923339844,199.24029541015625,36.229698181152344,38.708099365234375
280.5498046875,198.22560119628906,41.23099899291992,40.001800537109375
283.50408935546875,200.51629638671875,36.46070098876953,38.069698333740234
283.989501953125,200.16580200195312,36.859798431396484,38.05440139770508
285.31298828125,199.55360412597656,36.62379837036133,39.312400817871094
283.17388916015625,198.79330444335938,37.345699310302734,40.21419906616211
280.6744079589844,197.94500732421875,41.287601470947266,40.86259841918945
283.00970458984375,201.39239501953125,37.112998962402344,37.87689971923828
284.2344055175781,200.6811981201172,36.60499954223633,39.22760009765625
274.9700012207031,197.74339294433594,44.342899322509766,42.051300048828125
283.61309814453125,202.70779418945312,35.36159896850586,36.90230178833008
283.4851989746094,200.26870727539062,37.04909896850586,38.588401794433594
284.1888122558594,198.33489990234375,38.37049865722656,40.024600982666016
283.8229064941406,199.1376953125,36.96670150756836,39.34339904785156
283.3599853515625,200.06129455566406,36.382999420166016,38.720298767089844
283.6571044921875,199.0684051513672,38.71849822998047,39.293800354003906
283.3533020019531,198.9145965576172,38.37649917602539,39.38759994506836
283.53680419921875,197.6226043701172,37.10309982299805,39.834598541259766
284.44549560546875,198.25650024414062,35.65060043334961,39.0630989074707
284.5714111328125,198.1298065185547,36.41490173339844,39.09199905395508
276.8746032714844,196.13279724121094,42.72589874267578,41.289398193359375
256.0082092285156,192.42990112304688,59.605098724365234,43.07680130004883
284.3414001464844,200.14430236816406,37.64630126953125,38.347198486328125
283.9906921386719,197.64300537109375,36.007198333740234,40.08060073852539
284.22509765625,198.52529907226562,35.34189987182617,38.801998138427734
284.22698974609375,198.9282989501953,36.05619812011719,38.40729904174805
283.6094055175781,197.09120178222656,35.83380126953125,38.94969940185547
283.3717956542969,196.19810485839844,36.25339889526367,39.589298248291016
284.6507873535156,195.16409301757812,35.38890075683594,40.47779846191406
284.9111022949219,194.9019012451172,37.32709884643555,40.412601470947266
260.3229064941406,187.61590576171875,57.138099670410156,46.16320037841797
258.1842956542969,184.09950256347656,60.457801818847656,49.04710006713867
272.42919921875,187.14410400390625,50.86050033569336,45.518699645996094
258.185302734375,182.4456024169922,59.979801177978516,48.21889877319336
286.35308837890625,185.09539794921875,35.0447998046875,43.91709899902344
279.5342102050781,181.17739868164062,42.81959915161133,46.13970184326172
290.0740051269531,187.17160034179688,35.507301330566406,39.6422004699707
291.9602966308594,187.40020751953125,34.61479949951172,37.888099670410156
293.93121337890625,183.70509338378906,36.13370132446289,39.50170135498047
295.6531066894531,184.43350219726562,34.77799987792969,37.80590057373047
298.0033874511719,182.26980590820312,35.80379867553711,38.84199905395508
300.0840148925781,179.23609924316406,35.526798248291016,40.151100158691406
301.8848876953125,180.49200439453125,36.2598991394043,38.05739974975586
293.6827087402344,170.78089904785156,44.03379821777344,46.78710174560547
290.4305114746094,166.2613067626953,51.25669860839844,51.08660125732422
288.5450134277344,164.45370483398438,53.28710174560547,52.03030014038086
291.8894958496094,168.24819946289062,53.74359893798828,48.670501708984375
290.90350341796875,162.81239318847656,54.140499114990234,52.64739990234375
291.70721435546875,164.6840057373047,52.690101623535156,51.10200119018555
313.90521240234375,180.17039489746094,43.48109817504883,38.71390151977539
292.2322082519531,165.56320190429688,56.44240188598633,53.63959884643555
294.46759033203125,165.30499267578125,56.19350051879883,57.81589889526367
315.127197265625,189.7310028076172,41.1875,36.67919921875
293.05389404296875,178.74729919433594,64.66100311279297,49.6057014465332
315.71649169921875,198.77940368652344,41.2510986328125,33.9453010559082
316.6330871582031,202.30360412597656,41.44269943237305,32.608001708984375
316.08221435546875,204.27130126953125,40.57820129394531,31.658300399780273
296.6976013183594,198.8856964111328,60.16019821166992,40.5802001953125
316.8658142089844,210.4237060546875,39.85029983520508,30.88360023498535
317.02020263671875,212.3582000732422,39.40959930419922,27.560100555419922
316.5419006347656,213.1551971435547,39.5547981262207,26.854400634765625
317.0393981933594,212.77890014648438,33.9984016418457,26.367700576782227
317.962890625,211.97579956054688,34.402000427246094,26.006999969482422
319.62249755859375,212.19729614257812,37.647701263427734,24.634599685668945
319.3172912597656,211.94189453125,31.231599807739258,24.543100357055664
318.77899169921875,212.93319702148438,36.54499816894531,25.195600509643555
318.0751037597656,214.9575958251953,32.43090057373047,24.0856990814209
305.1142883300781,204.8513946533203,43.019901275634766,37.16529846191406
319.07861328125,218.19149780273438,40.242401123046875,26.7814998626709
318.8454895019531,220.32020568847656,37.669700622558594,25.403799057006836
311.1048889160156,207.23089599609375,41.391700744628906,40.86600112915039
310.35870361328125,210.4492950439453,42.78929901123047,41.605499267578125
317.05889892578125,214.42970275878906,33.152801513671875,38.65639877319336
318.1383972167969,217.07699584960938,35.4026985168457,37.55970001220703
314.7078857421875,218.81480407714844,41.04520034790039,37.574100494384766
316.5867004394531,219.7812042236328,36.58509826660156,36.751399993896484
317.5043029785156,221.3076934814453,36.0260009765625,34.37950134277344
317.4270935058594,222.98060607910156,35.42409896850586,33.85139846801758
317.9267883300781,224.85020446777344,35.188201904296875,33.275299072265625
320.3185119628906,225.576904296875,34.46160125732422,34.09299850463867
320.0932922363281,226.96609497070312,36.37590026855469,34.44060134887695
322.130615234375,229.8260040283203,37.63990020751953,34.487098693847656
323.7349853515625,232.0821075439453,41.29399871826172,32.78300094604492
326.4595031738281,235.09779357910156,40.30870056152344,32.160301208496094
326.46759033203125,236.0998992919922,32.5265998840332,31.026199340820312
327.8716125488281,236.21780395507812,33.23059844970703,32.285099029541016
331.3381042480469,238.76600646972656,33.36830139160156,32.695098876953125
332.1507873535156,238.52870178222656,32.470699310302734,34.38859939575195
335.7464904785156,242.23770141601562,36.229801177978516,33.78879928588867
336.5202941894531,242.26109313964844,33.883201599121094,36.31930160522461
340.3562927246094,247.87210083007812,41.45180130004883,34.297298431396484
343.2582092285156,252.11109924316406,47.5452995300293,35.71070098876953
342.9964904785156,258.3750915527344,49.40620040893555,32.19160079956055
343.5108947753906,261.9533996582031,56.73569869995117,33.109798431396484
346.6700134277344,265.9637145996094,44.42169952392578,31.015899658203125
348.1935119628906,269.05621337890625,40.61669921875,29.450300216674805
349.2847900390625,271.9836120605469,41.14699935913086,30.25160026550293
349.07501220703125,273.1415100097656,42.076900482177734,31.41160011291504
349.3667907714844,274.2356872558594,44.913299560546875,32.557498931884766
352.3434143066406,275.5733947753906,40.42900085449219,32.270599365234375
353.3970947265625,275.20318603515625,41.428199768066406,33.081600189208984
354.0317077636719,275.922607421875,39.56489944458008,32.42539978027344
354.7322082519531,275.6737976074219,41.195899963378906,33.18939971923828
355.223388671875,275.9717102050781,39.480201721191406,32.707698822021484
355.34271240234375,276.2815856933594,39.211700439453125,32.8130989074707
350.34539794921875,273.9862976074219,43.499900817871094,34.08000183105469
355.96929931640625,275.3174133300781,37.13169860839844,33.0255012512207
355.61309814453125,276.4767150878906,38.09270095825195,32.532798767089844
355.4831848144531,276.1675109863281,38.217098236083984,32.36429977416992
355.9017028808594,276.0172119140625,37.76649856567383,32.306400299072266
355.3016052246094,276.1983947753906,38.232200622558594,32.92169952392578
356.62921142578125,275.97021484375,37.28049850463867,32.446998596191406
355.8562927246094,276.3013000488281,37.940799713134766,32.83919906616211
356.0531005859375,276.0828857421875,37.376399993896484,32.25120162963867
356.177001953125,276.0368957519531,37.53670120239258,32.394901275634766
356.2464904785156,276.281005859375,37.32609939575195,33.03620147705078
356.0138854980469,276.53839111328125,37.92530059814453,32.27370071411133
356.49310302734375,276.0797119140625,37.15660095214844,31.70829963684082
356.2589111328125,276.1415100097656,37.35580062866211,32.41389846801758
355.46661376953125,276.4804992675781,38.209999084472656,32.447601318359375
356.1203918457031,276.3653869628906,37.48550033569336,32.36109924316406
356.0375061035156,275.960693359375,37.56570053100586,32.13090133666992
356.15838623046875,275.693603515625,37.637699127197266,32.623600006103516
356.3026123046875,275.8839111328125,37.59550094604492,32.1593017578125
355.68560791015625,276.0447082519531,38.26100158691406,32.721500396728516
355.06219482421875,276.3999938964844,38.50899887084961,32.83720016479492
354.4410095214844,276.4292907714844,39.0276985168457,32.577999114990234
355.3013000488281,276.6763916015625,38.645599365234375,32.454200744628906
352.6117858886719,275.9892883300781,40.611698150634766,32.72380065917969
355.1133117675781,276.6424865722656,38.304500579833984,32.32590103149414
353.7008056640625,276.70440673828125,39.31909942626953,31.913000106811523
356.4657897949219,275.90179443359375,37.16659927368164,32.854400634765625
356.03179931640625,276.5068054199219,37.65589904785156,32.934600830078125
354.1449890136719,276.51220703125,39.459598541259766,33.036800384521484
356.81719970703125,276.0552978515625,36.96659851074219,32.480499267578125
356.1545104980469,276.3241882324219,37.15190124511719,32.152801513671875
356.0874938964844,276.4455871582031,37.619998931884766,32.40409851074219
354.5548095703125,275.78839111328125,38.63560104370117,32.457801818847656
355.1285095214844,276.48028564453125,38.21379852294922,32.69710159301758
355.3623962402344,276.0924072265625,38.22529983520508,32.23160171508789
354.61090087890625,275.99029541015625,38.73529815673828,32.439300537109375
355.18438720703125,276.2961120605469,38.49440002441406,32.926998138427734
315.0838928222656,252.0977020263672,84.9657974243164,49.339298248291016
355.2123107910156,276.83758544921875,38.54880142211914,34.707401275634766
353.6590881347656,275.4281005859375,39.34090042114258,32.2681999206543
354.3374938964844,276.1343078613281,39.13869857788086,32.77510070800781
355.58648681640625,275.8501892089844,37.427799224853516,31.38450050354004
354.9632873535156,275.62579345703125,38.60419845581055,31.809900283813477
355.2909851074219,276.1814880371094,38.003299713134766,31.556800842285156
355.6874084472656,276.78948974609375,37.75189971923828,32.08539962768555
356.0627136230469,276.1716003417969,37.17100143432617,32.04309844970703
356.10150146484375,276.3276062011719,37.836700439453125,31.845600128173828
355.9473876953125,276.184814453125,37.30540084838867,32.21580123901367
356.2593078613281,276.4453125,37.625,32.05459976196289
355.7974853515625,276.5246887207031,37.425201416015625,31.931100845336914
356.2608947753906,276.55450439453125,37.31740188598633,32.00709915161133
356.6430969238281,276.489013671875,37.45199966430664,31.957300186157227
356.4071044921875,276.284912109375,37.087398529052734,32.1864013671875
356.2578125,276.569091796875,37.94770050048828,31.756500244140625
356.0154113769531,276.631591796875,37.358001708984375,31.855100631713867
355.7582092285156,275.84149169921875,37.40449905395508,32.140098571777344
355.9884948730469,276.6521911621094,37.76190185546875,32.134700775146484
355.9526062011719,276.09271240234375,37.58980178833008,32.135398864746094
356.4635009765625,276.7388916015625,37.19900131225586,32.01259994506836
355.6679992675781,276.6877136230469,37.76219940185547,31.957000732421875
355.84759521484375,276.60418701171875,37.85240173339844,31.917600631713867
356.01611328125,275.8133850097656,37.291500091552734,32.42940139770508
355.9939880371094,276.2965087890625,37.71440124511719,32.53020095825195
356.3027038574219,276.4596862792969,37.65700149536133,31.953500747680664
355.877685546875,276.43341064453125,37.71760177612305,32.11899948120117
356.1326904296875,276.7078857421875,37.57500076293945,32.63100051879883
355.839599609375,275.6424865722656,38.219398498535156,32.811798095703125
355.70458984375,276.4175109863281,38.47159957885742,32.309600830078125
356.2591857910156,275.6709899902344,37.37200164794922,32.87710189819336
356.2373962402344,276.1947021484375,37.80270004272461,31.692399978637695
355.4512939453125,276.0168151855469,38.23590087890625,32.15230178833008
355.6239929199219,275.9053039550781,38.269100189208984,32.214900970458984
355.87188720703125,275.8431091308594,38.39870071411133,32.2510986328125
355.8406066894531,276.70458984375,37.97309875488281,32.021400451660156
355.94830322265625,276.07830810546875,37.58509826660156,32.31449890136719
356.04730224609375,276.64208984375,37.76919937133789,32.34280014038086
355.58599853515625,276.2712097167969,38.117801666259766,31.855199813842773
356.3323059082031,276.6736145019531,37.061100006103516,32.083099365234375
356.32080078125,275.90399169921875,37.364498138427734,32.403499603271484
355.9818115234375,276.5310974121094,37.94839859008789,31.96780014038086
356.0981140136719,276.184814453125,37.655601501464844,31.6914005279541
356.2207946777344,276.1863098144531,37.99319839477539,31.936199188232422
356.7672119140625,276.6850891113281,37.194000244140625,31.687400817871094
356.55419921875,275.78839111328125,37.34469985961914,32.072898864746094
355.55059814453125,277.0307922363281,38.24140167236328,32.0098991394043
355.5205078125,276.4912109375,37.75510025024414,32.000999450683594
356.1423034667969,276.9739074707031,37.93579864501953,32.13759994506836
356.3594055175781,276.6614990234375,37.37409973144531,31.805599212646484
356.01959228515625,275.8467102050781,37.4922981262207,32.09370040893555
355.95458984375,276.8075866699219,37.989898681640625,31.590599060058594
356.47210693359375,276.4856872558594,37.511199951171875,32.13880157470703
355.2943115234375,276.6108093261719,38.1974983215332,31.7406005859375
356.1034851074219,277.1597900390625,37.99300003051758,31.97279930114746
355.5133972167969,276.5708923339844,38.01969909667969,32.10110092163086
355.1897888183594,276.0979919433594,37.8931999206543,32.04869842529297
356.0863952636719,276.5530090332031,37.726200103759766,32.100101470947266
356.4111022949219,276.0867004394531,37.10319900512695,32.15610122680664
356.7673034667969,276.222900390625,37.24549865722656,31.741300582885742
356.2294006347656,276.5185852050781,37.973201751708984,32.0609016418457
356.24951171875,275.8783874511719,37.419700622558594,32.1598014831543
355.8288879394531,276.7178955078125,38.38140106201172,32.131099700927734
355.87969970703125,276.5986022949219,37.489200592041016,32.2489013671875
355.7048034667969,276.1072082519531,37.50210189819336,31.838899612426758
355.8869934082031,275.9827880859375,37.89550018310547,31.830900192260742
356.01739501953125,276.7500915527344,38.2510986328125,32.40399932861328
356.20050048828125,276.8583984375,37.29930114746094,32.01639938354492
356.58599853515625,276.7601013183594,37.29520034790039,32.4275016784668
356.3114929199219,276.3009948730469,37.46189880371094,32.56060028076172
356.0069885253906,276.03961181640625,37.69150161743164,32.172698974609375
355.8006896972656,276.2973937988281,37.80569839477539,32.38669967651367
355.5163879394531,276.6047058105469,37.984798431396484,32.29439926147461
355.1506042480469,276.5870056152344,38.36249923706055,31.831499099731445
355.9219970703125,275.7777099609375,37.92900085449219,31.96139907836914
355.7911071777344,276.0050964355469,37.94089889526367,33.83700180053711
354.8103942871094,276.3775939941406,38.83580017089844,34.0447998046875
355.6022033691406,276.7434997558594,38.51169967651367,36.072200775146484
355.06048583984375,276.3500061035156,38.748199462890625,33.441001892089844
355.22900390625,276.52911376953125,38.74959945678711,32.43669891357422
354.0382080078125,276.04779052734375,39.095699310302734,31.841699600219727
353.9031982421875,276.1615905761719,39.31010055541992,32.869998931884766
354.18548583984375,276.02960205078125,38.824501037597656,32.249698638916016
353.8905944824219,276.3536071777344,39.37889862060547,32.409400939941406
354.9797058105469,276.30120849609375,38.831298828125,32.26089859008789
355.34649658203125,276.6062927246094,38.642799377441406,32.29990005493164
354.72088623046875,275.90509033203125,38.55889892578125,32.36259841918945
354.5259094238281,276.3605041503906,38.99879837036133,32.34960174560547
353.73590087890625,276.2253112792969,38.976200103759766,32.35559844970703
354.61468505859375,276.2901916503906,38.479801177978516,32.0718994140625
354.3306884765625,276.2554931640625,39.75410079956055,32.12300109863281
352.6723937988281,276.1969909667969,40.25590133666992,32.28609848022461
352.97760009765625,275.394287109375,40.79669952392578,33.419498443603516
356.3431091308594,276.59051513671875,37.457698822021484,32.49079895019531
353.9750061035156,275.95318603515625,39.688499450683594,32.15629959106445
352.9036865234375,275.7514953613281,41.15129852294922,32.03139877319336
355.4768981933594,276.1628112792969,38.72249984741211,32.64250183105469
353.92529296875,276.64111328125,40.14360046386719,31.693300247192383
355.5885009765625,276.7643127441406,38.824798583984375,31.960500717163086
355.1361999511719,276.87109375,38.43980026245117,31.95439910888672
354.58349609375,277.0502014160156,38.846900939941406,31.969900131225586
354.2698974609375,275.9872131347656,38.537200927734375,32.25809860229492
354.6512145996094,276.723388671875,38.597599029541016,31.963199615478516
356.2232971191406,276.6722106933594,37.80329895019531,32.29610061645508
349.9164123535156,275.6033020019531,43.010101318359375,32.744300842285156
355.2914123535156,276.4060974121094,38.4650993347168,32.81570053100586
355.2207946777344,276.6839904785156,38.293701171875,32.3650016784668
354.5650939941406,276.560302734375,38.85419845581055,32.4651985168457
354.90411376953125,276.42559814453125,39.385101318359375,32.44599914550781
353.6955871582031,276.4027099609375,40.10100173950195,32.27280044555664
355.5989074707031,275.7062072753906,37.54460144042969,32.878700256347656
354.5486145019531,275.8503112792969,38.45790100097656,32.170799255371094
355.69049072265625,276.55950927734375,38.348899841308594,32.674198150634766
354.4298095703125,275.9632873535156,38.90629959106445,32.47549819946289
355.7405090332031,275.7331848144531,38.309200286865234,32.43280029296875
355.5085144042969,276.3869934082031,38.62229919433594,32.73210144042969
354.4034118652344,276.268310546875,39.15530014038086,32.32619857788086
355.7589111328125,275.98309326171875,38.729400634765625,32.49639892578125
355.1145935058594,276.3291931152344,38.558799743652344,32.789398193359375
354.30029296875,276.1932067871094,39.06880187988281,32.34379959106445
355.1896057128906,275.6578063964844,38.91889953613281,32.912498474121094
354.28021240234375,276.3316955566406,39.273101806640625,32.78269958496094
355.5838928222656,275.9104919433594,37.89080047607422,32.90570068359375
355.3846130371094,276.51568603515625,37.84199905395508,33.79759979248047
356.8420104980469,276.7640075683594,37.07440185546875,31.839000701904297
357.2033996582031,275.947509765625,36.510799407958984,31.3031005859375
356.2486877441406,276.2080993652344,37.996299743652344,32.075599670410156
355.8131103515625,276.42950439453125,38.24420166015625,32.26530075073242
355.7077941894531,276.28448486328125,38.1973991394043,32.61859893798828
356.5497131347656,275.97869873046875,36.89910125732422,32.26919937133789
355.96099853515625,275.5526123046875,38.50339889526367,32.89870071411133
354.6919860839844,275.6156921386719,39.22610092163086,32.56449890136719
354.1354064941406,276.23040771484375,39.768798828125,33.10689926147461
355.4515075683594,275.0791015625,38.388099670410156,33.62200164794922
355.523193359375,275.6737976074219,38.142398834228516,32.727298736572266
355.1622009277344,276.0968017578125,38.24909973144531,33.04779815673828
355.61669921875,275.93389892578125,38.189701080322266,32.90719985961914
355.72711181640625,275.94000244140625,37.85850143432617,33.800498962402344
355.34100341796875,275.6806945800781,38.1598014831543,32.894100189208984
356.23309326171875,275.58270263671875,37.911598205566406,33.23899841308594
356.2781982421875,275.9187927246094,37.82509994506836,32.44350051879883
355.4945068359375,275.6531982421875,38.332401275634766,32.532901763916016
355.6980895996094,275.5310974121094,37.920501708984375,32.958900451660156
355.7770080566406,276.0221862792969,37.882301330566406,32.72560119628906
356.0002136230469,275.8565979003906,37.80670166015625,32.56230163574219
356.48760986328125,275.62298583984375,37.777099609375,32.6619987487793
354.5523986816406,276.5552062988281,39.39350128173828,32.69369888305664
356.0924987792969,275.81939697265625,37.748199462890625,32.93790054321289
354.55419921875,276.3348083496094,39.30289840698242,32.69960021972656
355.3800964355469,275.73980712890625,38.69710159301758,32.96269989013672
353.84600830078125,275.9049072265625,40.0181999206543,32.42879867553711
355.46728515625,275.9305114746094,38.799198150634766,32.47100067138672
354.9587097167969,276.7640075683594,38.55189895629883,31.99139976501465
354.485107421875,276.7572021484375,39.08000183105469,32.1411018371582
355.5504150390625,276.1969909667969,38.27389907836914,32.61320114135742
355.39410400390625,276.1788024902344,38.07339859008789,31.754600524902344
355.7090148925781,276.3835144042969,38.59989929199219,32.55229949951172
355.9122009277344,276.6722106933594,37.97359848022461,31.443700790405273
355.9010925292969,276.4910888671875,38.59189987182617,31.95439910888672
355.08319091796875,276.74859619140625,38.726200103759766,31.29330062866211
356.3844909667969,277.1958923339844,37.9817008972168,32.01430130004883
356.9455871582031,276.93310546875,37.020599365234375,31.742700576782227
357.0740051269531,276.2027893066406,37.31209945678711,31.88909912109375
355.80279541015625,277.0780944824219,38.19660186767578,31.864200592041016
356.3706970214844,276.4652099609375,37.25320053100586,31.842599868774414
355.6253967285156,277.0534973144531,38.28559875488281,32.13650131225586
355.5421142578125,276.35089111328125,38.85089874267578,31.76569938659668
356.4909973144531,276.8009033203125,37.87580108642578,31.22439956665039
355.631103515625,277.3298034667969,38.94649887084961,31.65180015563965
355.4198913574219,276.25531005859375,38.08570098876953,31.685800552368164
355.6325988769531,276.16778564453125,38.243099212646484,32.32109832763672
355.77130126953125,276.1662902832031,38.32460021972656,32.483001708984375
355.980712890625,275.214599609375,37.707401275634766,33.634700775146484
355.98760986328125,274.0347900390625,38.01259994506836,33.7932014465332
356.0212097167969,274.0820007324219,38.195701599121094,34.52299880981445
356.4930114746094,276.61419677734375,37.867801666259766,32.30649948120117
356.7546081542969,276.20831298828125,37.7400016784668,31.91230010986328
355.42041015625,276.0674133300781,39.024600982666016,32.05739974975586
354.4115905761719,276.4197998046875,39.378700256347656,32.80550003051758
353.7156982421875,275.78118896484375,39.49589920043945,32.765499114990234
352.2237854003906,275.81878662109375,39.28139877319336,33.567901611328125
348.8953857421875,275.1955871582031,39.09600067138672,33.702598571777344
347.68060302734375,275.7575988769531,38.04899978637695,33.64540100097656
344.1604919433594,275.71990966796875,38.90190124511719,32.97159957885742
342.9971923828125,276.4578857421875,39.108001708984375,32.54679870605469
343.62548828125,276.17498779296875,38.58689880371094,32.977298736572266
344.6326904296875,276.085205078125,37.625301361083984,32.952999114990234
343.1377868652344,276.5331115722656,38.63890075683594,32.10940170288086
342.8788146972656,275.91400146484375,39.04949951171875,32.99800109863281
343.7164001464844,276.10150146484375,38.85139846801758,33.43040084838867
343.8965148925781,276.00909423828125,38.207000732421875,33.35350036621094
344.4352111816406,276.052490234375,38.21780014038086,32.83980178833008
345.2337951660156,276.444091796875,37.8317985534668,33.39759826660156
346.2662048339844,275.40740966796875,37.79790115356445,33.66630172729492
346.5989074707031,275.5523986816406,37.471500396728516,33.62670135498047
347.5816955566406,276.335205078125,37.53089904785156,33.42380142211914
347.5704040527344,275.80218505859375,37.888301849365234,33.28990173339844
347.1954040527344,275.5902099609375,37.78379821777344,33.97890090942383
347.9551086425781,275.73529052734375,36.72909927368164,33.17110061645508
347.8832092285156,276.89459228515625,37.19179916381836,32.99470138549805
347.17059326171875,276.1285095214844,37.59450149536133,33.49020004272461
345.348388671875,276.7997131347656,37.73860168457031,33.25849914550781
343.2033996582031,276.89111328125,39.10940170288086,33.72330093383789
340.6943054199219,276.5393981933594,39.01789855957031,33.5614013671875
338.6744079589844,277.1860046386719,39.08610153198242,33.812400817871094
337.3157043457031,277.9263000488281,39.23590087890625,35.29869842529297
335.36151123046875,278.5400085449219,40.31800079345703,35.31439971923828
334.7255859375,280.02801513671875,40.54869842529297,35.724998474121094
335.0202941894531,282.2117919921875,40.6161994934082,36.91630172729492
334.2109069824219,283.6521911621094,42.5181999206543,37.74679946899414
335.693603515625,285.50909423828125,43.6083984375,38.811100006103516
336.3731994628906,287.3576965332031,45.63880157470703,40.29999923706055
338.3204040527344,288.8277893066406,46.111698150634766,40.0192985534668
339.45361328125,291.06439208984375,47.662899017333984,41.81679916381836
341.9173889160156,292.8999938964844,47.091400146484375,43.51029968261719
345.9800109863281,294.6639099121094,47.4994010925293,41.4281005859375
345.7069091796875,295.46661376953125,47.279998779296875,40.99610137939453
349.0458068847656,296.8382873535156,50.13410186767578,42.77939987182617
349.9021911621094,296.6062927246094,48.4640007019043,42.0786018371582
353.6979064941406,298.9148864746094,50.746700286865234,42.2775993347168
356.2184143066406,300.3136901855469,55.24319839477539,43.14720153808594
361.97149658203125,301.34619140625,55.596900939941406,43.43629837036133
363.50390625,301.8302917480469,62.8218994140625,45.36399841308594
376.8935852050781,304.3140869140625,56.9567985534668,44.3140983581543
381.1065979003906,305.0710144042969,64.38400268554688,45.8494987487793
395.3116149902344,308.960693359375,57.762699127197266,45.95560073852539
413.323486328125,309.2090148925781,75.53410339355469,47.05630111694336
416.3948059082031,308.0212097167969,106.94210052490234,51.06829833984375
431.4096984863281,311.3315124511719,91.84300231933594,46.06269836425781
459.42041015625,309.9637145996094,62.831298828125,48.032901763916016
460.4670104980469,306.2911071777344,67.4884033203125,51.20399856567383
446.50628662109375,300.8840026855469,88.44339752197266,55.96630096435547
448.19061279296875,296.74530029296875,86.1144027709961,25.467500686645508
443.94329833984375,293.69610595703125,89.23580169677734,23.694499969482422
443.690185546875,289.5635070800781,85.46279907226562,30.348499298095703
442.5234069824219,287.898193359375,80.19709777832031,30.341800689697266
436.3793029785156,285.222900390625,76.18569946289062,33.58570098876953
431.98370361328125,282.5032958984375,71.99330139160156,31.361400604248047
428.2178039550781,281.789306640625,62.46099853515625,37.77360153198242
425.11761474609375,286.6310119628906,42.64820098876953,38.24599838256836
422.2959899902344,289.18609619140625,36.054298400878906,31.22410011291504
410.4179992675781,279.11810302734375,40.297698974609375,41.34749984741211
402.7658996582031,281.6824951171875,40.99449920654297,35.641700744628906
397.135009765625,280.1637878417969,40.8114013671875,36.28609848022461
391.3363037109375,277.87548828125,40.56760025024414,36.32889938354492
385.4512023925781,271.04998779296875,40.043701171875,42.074501037597656
379.7253112792969,267.7914123535156,40.78770065307617,43.865501403808594
370.8583984375,264.1044006347656,44.222198486328125,47.307899475097656
363.0024108886719,264.2760925292969,47.17919921875,47.81700134277344
355.0342102050781,264.381591796875,47.008201599121094,47.94889831542969
347.462890625,264.9607849121094,48.698299407958984,46.54570007324219
343.4660949707031,264.4103088378906,49.58150100708008,46.73630142211914
345.1543884277344,270.56500244140625,42.708900451660156,40.95209884643555
340.6339111328125,273.9018859863281,43.61199951171875,37.84270095825195
337.1328125,274.2712097167969,44.30649948120117,38.72819900512695
336.23370361328125,274.57879638671875,42.23759841918945,37.099300384521484
331.29150390625,272.6477966308594,44.70880126953125,39.34939956665039
336.94580078125,278.6734924316406,38.49660110473633,35.3317985534668
337.69158935546875,279.72198486328125,39.756099700927734,34.48509979248047
340.14019775390625,280.32501220703125,39.66310119628906,35.07160186767578
342.0981140136719,280.56890869140625,41.20899963378906,34.80110168457031
344.5339050292969,280.6983947753906,42.50320053100586,35.24259948730469
352.37640380859375,281.381591796875,39.81719970703125,35.54909896850586
356.8797912597656,281.10321044921875,40.04520034790039,35.082298278808594
360.49481201171875,282.4140930175781,43.717201232910156,33.66170120239258
369.6033020019531,282.7950134277344,42.79520034790039,33.194400787353516
372.3517150878906,280.9023132324219,45.84239959716797,37.89780044555664
376.602294921875,281.6054992675781,57.50579833984375,34.70930099487305
379.0638122558594,279.52099609375,62.68920135498047,35.48139953613281
380.46710205078125,277.8327941894531,65.73780059814453,35.737701416015625
380.98858642578125,278.0931091308594,38.49169921875,33.60340118408203
380.6004943847656,277.9530944824219,37.57569885253906,34.33340072631836
380.01849365234375,277.8337097167969,37.723899841308594,33.67399978637695
379.5592041015625,277.5794982910156,36.86940002441406,33.269500732421875
377.56768798828125,276.9880065917969,36.423500061035156,32.343299865722656
373.8431091308594,275.4139099121094,41.740299224853516,32.87929916381836
369.73651123046875,274.43109130859375,41.39070129394531,33.29209899902344
364.03271484375,267.4820861816406,59.59600067138672,39.044700622558594
360.84478759765625,269.37811279296875,46.993499755859375,36.63959884643555
358.31439208984375,272.25030517578125,36.70610046386719,33.45249938964844
354.4136962890625,269.7919006347656,50.70220184326172,36.28390121459961
351.79229736328125,271.4906921386719,35.714500427246094,32.59239959716797
350.5787048339844,272.7073974609375,34.44900131225586,32.209999084472656
348.3583068847656,272.8418884277344,33.79759979248047,31.87809944152832
346.3020935058594,272.968994140625,36.42359924316406,31.366199493408203
344.41729736328125,273.2181091308594,36.62269973754883,31.773000717163086
344.3059997558594,273.32708740234375,39.39899826049805,32.39860153198242
343.3922119140625,273.9367980957031,36.9723014831543,32.53300094604492
343.1256103515625,273.5758972167969,38.508399963378906,33.67409896850586
341.9866943359375,274.48431396484375,38.32680130004883,32.8838996887207
341.231201171875,275.1925048828125,37.33570098876953,32.38850021362305
340.71148681640625,274.9703063964844,40.770301818847656,33.45119857788086
340.5086975097656,274.0971984863281,47.13420104980469,32.86009979248047
341.3678894042969,274.2464904785156,39.82680130004883,33.104698181152344
340.293212890625,273.1690979003906,56.19889831542969,33.43790054321289
341.2261047363281,273.5968933105469,54.76689910888672,34.80270004272461
342.418212890625,275.4471130371094,38.4379997253418,33.168800354003906
341.9986877441406,272.8931884765625,34.80419921875,34.182899475097656
340.9721984863281,271.5491027832031,37.331298828125,36.02560043334961
338.5685119628906,271.2164001464844,54.424598693847656,36.6156005859375
340.1405944824219,269.4905090332031,45.962100982666016,39.060699462890625
340.02960205078125,268.2862854003906,49.135799407958984,38.93619918823242
339.654296875,267.33599853515625,55.2400016784668,39.97570037841797
339.0880126953125,273.6724853515625,56.09809875488281,30.662900924682617
340.7626953125,273.3075866699219,45.51179885864258,32.658199310302734
339.755615234375,275.0943908691406,42.468101501464844,30.28689956665039
339.7477111816406,274.50579833984375,44.287498474121094,32.117698669433594
340.0718078613281,274.168212890625,42.58760070800781,32.745399475097656
340.0185852050781,274.0000915527344,42.21009826660156,32.65449905395508
339.3638916015625,274.4299011230469,43.658599853515625,31.83880043029785
339.49139404296875,274.79888916015625,51.57780075073242,30.128000259399414
340.1495056152344,274.393310546875,51.3401985168457,32.377601623535156
340.12860107421875,274.1881103515625,46.940101623535156,31.917999267578125
339.5278015136719,273.7107849121094,55.43149948120117,33.02370071411133
339.94439697265625,272.1575927734375,61.64339828491211,34.52069854736328
339.7066955566406,270.6036071777344,60.681800842285156,35.295799255371094
338.347412109375,269.92291259765625,62.019798278808594,37.689300537109375
339.3140869140625,269.6507873535156,63.32400131225586,35.929500579833984
339.9831848144531,269.00079345703125,63.589900970458984,36.47010040283203
340.3352966308594,267.8153991699219,64.06420135498047,37.38819885253906
340.5033874511719,266.698486328125,64.97560119628906,37.331199645996094
342.0365905761719,266.6889953613281,66.75769805908203,37.272499084472656
344.4637145996094,266.4276123046875,67.6083984375,37.26620101928711
345.4425048828125,265.7585144042969,68.158203125,36.52870178222656
346.05059814453125,265.4888000488281,68.89620208740234,36.37739944458008
348.5693054199219,260.7344970703125,68.00769805908203,38.335201263427734
349.4353942871094,258.38250732421875,67.07540130615234,37.42169952392578
350.88531494140625,259.0564880371094,61.762901306152344,36.1265983581543
349.9646911621094,250.97279357910156,68.55829620361328,41.02669906616211
347.52288818359375,245.24490356445312,67.07939910888672,39.74300003051758
345.2721862792969,236.61380004882812,66.92070007324219,27.818899154663086
342.93218994140625,234.702392578125,66.5115966796875,26.997699737548828
340.7016906738281,233.43539428710938,67.13780212402344,14.318400382995605
338.3298034667969,227.14549255371094,66.33419799804688,14.632599830627441
340.1449890136719,218.1313018798828,59.66230010986328,16.75749969482422
335.8200988769531,211.19979858398438,59.89039993286133,24.86050033569336
332.5350036621094,206.91639709472656,56.02669906616211,35.77259826660156
331.6986083984375,203.95750427246094,52.25559997558594,36.46799850463867
330.6131896972656,203.78720092773438,47.408599853515625,32.2151985168457
330.13720703125,200.99110412597656,43.18600082397461,31.34320068359375
330.0111083984375,196.91099548339844,53.22669982910156,33.48550033569336
330.0133056640625,195.24240112304688,51.227901458740234,34.77069854736328
329.56280517578125,183.80029296875,54.320098876953125,33.32849884033203
329.3229064941406,188.85690307617188,51.84870147705078,45.368499755859375
326.927490234375,185.87759399414062,35.644901275634766,31.336000442504883
326.6412048339844,183.57040405273438,37.816001892089844,31.009899139404297
326.404296875,182.2855987548828,38.345001220703125,31.15719985961914
326.02789306640625,177.39169311523438,51.63800048828125,34.16699981689453
326.7578125,181.93170166015625,33.684898376464844,30.536699295043945
324.47900390625,182.11929321289062,33.971500396728516,28.591999053955078
323.84649658203125,182.51109313964844,35.20930099487305,29.83449935913086
323.4324035644531,182.93089294433594,31.444299697875977,29.409700393676758
321.5132141113281,182.84539794921875,37.230899810791016,30.77050018310547
321.343505859375,183.80909729003906,36.22679901123047,26.914899826049805
320.6234130859375,184.68890380859375,34.47990036010742,26.92889976501465
319.6376953125,185.7689971923828,36.86069869995117,31.678499221801758
319.76031494140625,186.9987030029297,36.20389938354492,34.1328010559082
320.5718078613281,186.63729858398438,37.710899353027344,33.925899505615234
321.1807861328125,182.84010314941406,48.05720138549805,32.498600006103516
320.54339599609375,187.93829345703125,35.44419860839844,32.27320098876953
322.1754150390625,189.97239685058594,35.781700134277344,30.837499618530273
319.4202880859375,188.625,35.672401428222656,32.368099212646484
323.5397033691406,189.1844024658203,43.68539810180664,38.38990020751953
323.89678955078125,188.83709716796875,48.48899841308594,40.48569869995117
324.8208923339844,182.9669952392578,48.70389938354492,22.532899856567383
323.3487854003906,181.9154052734375,53.51470184326172,20.990299224853516
321.94488525390625,191.00559997558594,56.02579879760742,16.17289924621582
318.32391357421875,192.36180114746094,60.130401611328125,18.71739959716797
323.3114929199219,197.66909790039062,54.74250030517578,17.707700729370117
326.93701171875,201.8489990234375,51.41939926147461,16.912599563598633
327.01611328125,207.1728057861328,50.736698150634766,15.728099822998047
329.2184143066406,210.8052978515625,48.12110137939453,16.456199645996094
330.8835144042969,211.04690551757812,45.89830017089844,20.714399337768555
325.1877136230469,213.4058074951172,51.66619873046875,27.01140022277832
327.2793884277344,214.6923065185547,50.12540054321289,24.64389991760254
323.9486999511719,215.4066925048828,51.838401794433594,27.955699920654297
323.0632019042969,217.26910400390625,53.06209945678711,34.547698974609375
322.70379638671875,219.09719848632812,52.974300384521484,30.90049934387207
323.81201171875,221.48570251464844,53.589698791503906,24.817699432373047
324.7322082519531,224.09039306640625,52.11399841308594,24.08060073852539
323.57611083984375,225.84719848632812,52.67300033569336,23.378599166870117
323.0921936035156,227.3076934814453,54.261199951171875,24.06290054321289
321.19781494140625,228.88040161132812,56.024200439453125,26.539199829101562
322.29150390625,229.5659942626953,53.0802001953125,22.256000518798828
321.5093994140625,230.23410034179688,54.14030075073242,37.196998596191406
322.2033996582031,232.2593994140625,54.59859848022461,20.762699127197266
322.5354919433594,234.7812957763672,55.84519958496094,21.586200714111328
322.69659423828125,235.53329467773438,55.69089889526367,21.154300689697266
321.98980712890625,236.19859313964844,57.39390182495117,23.158100128173828
322.9796142578125,237.0258026123047,57.41299819946289,28.05900001525879
324.44891357421875,239.07859802246094,57.26210021972656,22.092199325561523
323.6890869140625,240.47470092773438,57.81380081176758,27.372400283813477
324.71160888671875,243.31790161132812,59.27220153808594,25.367599487304688
326.6249084472656,245.4029998779297,60.70709991455078,24.278400421142578
327.30670166015625,246.87600708007812,61.416099548339844,24.428600311279297
327.7803955078125,248.30569458007812,62.20140075683594,23.317899703979492
328.922607421875,250.93690490722656,64.83039855957031,26.607799530029297
328.801513671875,254.61790466308594,65.5364990234375,30.965999603271484
328.275390625,257.026611328125,66.82330322265625,29.971500396728516
327.189208984375,256.94378662109375,66.23919677734375,35.97999954223633
325.868408203125,257.0967102050781,66.44560241699219,41.34349822998047
324.98028564453125,259.3122863769531,66.28179931640625,40.5005989074707
324.88128662109375,261.2340087890625,65.54730224609375,40.220001220703125
324.6098937988281,262.7757873535156,65.80950164794922,40.902400970458984
324.5685119628906,263.15631103515625,66.16059875488281,41.465301513671875
324.2052917480469,263.93389892578125,67.63310241699219,40.680301666259766
324.6241149902344,266.0262145996094,68.41739654541016,39.62929916381836
325.52801513671875,266.71490478515625,68.14070129394531,39.567100524902344
325.1344909667969,266.2887878417969,66.4041976928711,40.86840057373047
324.8465881347656,266.40008544921875,68.59439849853516,41.25669860839844
325.79840087890625,267.1112060546875,67.04959869384766,41.040199279785156
326.4518127441406,265.1802978515625,66.21749877929688,42.0005989074707
325.7257995605469,263.035400390625,65.75980377197266,45.201900482177734
326.0364074707031,265.9068908691406,67.3052978515625,42.732200622558594
325.6304016113281,270.39520263671875,70.22650146484375,35.59510040283203
324.6199035644531,272.5086975097656,70.62789916992188,35.866798400878906
324.9486083984375,272.6836853027344,70.64140319824219,36.8120002746582
325.1492919921875,272.4396057128906,70.16410064697266,34.50130081176758
323.96929931640625,271.73968505859375,71.27549743652344,37.949798583984375
324.8799133300781,270.38360595703125,69.70500183105469,38.188201904296875
324.8117980957031,268.2619934082031,67.73919677734375,39.885398864746094
324.8504943847656,270.3310852050781,48.48379898071289,38.077598571777344
325.2431945800781,273.0450134277344,47.63959884643555,35.55590057373047
325.7796936035156,272.9287109375,56.88629913330078,35.34400177001953
326.5805969238281,273.8857116699219,37.831298828125,32.85380172729492
326.92840576171875,274.43121337890625,40.885101318359375,32.879398345947266
326.6979064941406,274.76190185546875,37.7041015625,33.40549850463867
325.7486877441406,274.5362854003906,39.13759994506836,33.479801177978516
326.1014099121094,273.752685546875,37.534400939941406,33.19770050048828
326.7488098144531,275.251708984375,37.13290023803711,31.982900619506836
327.4393005371094,274.7680969238281,38.148399353027344,32.86370086669922
326.6202087402344,274.6943054199219,37.036800384521484,33.06919860839844
328.05999755859375,274.24688720703125,37.14419937133789,33.89889907836914
328.6553955078125,274.41949462890625,36.562801361083984,34.18619918823242
329.7732849121094,271.3398132324219,35.004798889160156,36.58290100097656
329.9088134765625,270.51300048828125,36.891998291015625,37.217498779296875
329.30731201171875,270.4137878417969,37.829200744628906,37.62480163574219
329.2320861816406,271.1629943847656,38.393699645996094,37.062400817871094
329.8580017089844,272.648193359375,37.07500076293945,36.42129898071289
332.1075134277344,273.6087951660156,35.167198181152344,35.2224006652832
333.8302001953125,273.5635070800781,35.158599853515625,34.05440139770508
334.3479919433594,273.9130859375,35.15950012207031,34.37350082397461
335.5711975097656,273.8034973144531,34.569698333740234,34.807899475097656
337.72821044921875,273.418212890625,33.41450119018555,34.410499572753906
338.77899169921875,273.356689453125,33.63010025024414,33.91310119628906
338.9352111816406,274.1908874511719,33.463401794433594,33.82350158691406
341.19549560546875,273.2408142089844,33.16590118408203,33.424598693847656
341.9385986328125,273.5082092285156,35.05649948120117,33.39419937133789
342.9508056640625,272.9591979980469,35.27880096435547,33.13819885253906
344.7864990234375,273.3381042480469,35.29119873046875,32.83980178833008
346.7456970214844,273.6014099121094,33.82109832763672,32.347198486328125
347.9867858886719,273.4847106933594,34.12379837036133,32.41939926147461
348.72930908203125,273.05621337890625,34.168800354003906,32.15380096435547
350.4023132324219,272.94769287109375,34.85179901123047,31.643299102783203
352.3612976074219,273.31939697265625,34.66749954223633,31.68589973449707
353.6402893066406,272.9659118652344,33.689998626708984,31.86090087890625
354.01519775390625,273.0223083496094,35.027099609375,31.78700065612793
354.1322021484375,273.0784912109375,34.59109878540039,32.59870147705078
354.6897888183594,273.0459899902344,34.629398345947266,32.39039993286133
355.9656066894531,273.3951110839844,33.41210174560547,32.34489822387695
356.1260070800781,272.74700927734375,33.05929946899414,32.492401123046875
356.0138854980469,273.39630126953125,33.58340072631836,31.880699157714844
356.1510925292969,273.2142028808594,34.095699310302734,31.915700912475586
356.19830322265625,273.51568603515625,34.07270050048828,32.22119903564453
356.6083984375,273.4165954589844,33.20669937133789,32.269500732421875
356.3117980957031,273.2864990234375,33.2318000793457,32.400699615478516
356.8959045410156,273.83770751953125,32.64720153808594,31.901100158691406
356.81280517578125,273.14910888671875,33.02730178833008,31.66510009765625
357.24310302734375,273.29119873046875,32.72050094604492,31.627500534057617
356.67999267578125,273.0470886230469,33.164798736572266,31.841400146484375
357.47100830078125,273.43341064453125,32.208099365234375,31.27429962158203
357.3598937988281,273.159912109375,32.220699310302734,31.312700271606445
357.4241943359375,273.5888977050781,32.28499984741211,31.041400909423828
357.6748962402344,274.15789794921875,31.920799255371094,30.515600204467773
358.3638916015625,275.2550964355469,31.113100051879883,29.646099090576172
357.7434997558594,275.4211120605469,32.09640121459961,30.777599334716797
357.0089111328125,275.4473876953125,32.440399169921875,30.4950008392334
357.2420959472656,275.6234130859375,32.98139953613281,29.945499420166016
357.77459716796875,275.827392578125,32.22309875488281,29.6072998046875
357.8930969238281,276.39300537109375,32.54499816894531,29.262500762939453
358.27398681640625,277.06988525390625,32.81669998168945,29.63360023498535
358.1188049316406,278.6435852050781,33.19820022583008,28.798099517822266
358.2865905761719,279.50140380859375,32.46739959716797,28.20199966430664
358.50518798828125,279.3761901855469,33.28580093383789,28.77829933166504
358.81170654296875,280.056396484375,33.643001556396484,28.94059944152832
359.8705139160156,280.47918701171875,33.94300079345703,28.8218994140625
360.3999938964844,280.5661926269531,34.53129959106445,29.05470085144043
361.9028015136719,280.6736145019531,34.504798889160156,28.9325008392334
362.4544982910156,280.65411376953125,34.51959991455078,29.39739990234375
362.78851318359375,281.5060119628906,33.96989822387695,28.86520004272461
362.2073974609375,280.2167053222656,34.448001861572266,29.201000213623047
315.210205078125,277.9737854003906,79.15249633789062,31.29129981994629
306.59539794921875,272.1387023925781,86.82050323486328,32.52199935913086
308.09210205078125,268.6700134277344,84.46549987792969,34.43149948120117
314.4018859863281,268.1210021972656,74.841796875,32.84600067138672
310.7098083496094,267.07330322265625,79.02729797363281,25.090700149536133
351.7969055175781,263.4410095214844,35.135101318359375,32.77190017700195
303.91558837890625,260.9533996582031,75.82980346679688,29.118499755859375
306.37091064453125,252.5153045654297,72.01010131835938,32.22529983520508
344.12548828125,248.9237060546875,42.23609924316406,34.54130172729492
306.50970458984375,244.26919555664062,76.93930053710938,34.916900634765625
344.3818054199219,241.34410095214844,39.885501861572266,32.40530014038086
348.6505126953125,240.7884063720703,33.09109878540039,29.274799346923828
348.3139953613281,240.1898956298828,32.31330108642578,27.002399444580078
348.80389404296875,238.8144073486328,32.49300003051758,26.832799911499023
346.3811950683594,241.03399658203125,32.930999755859375,21.889699935913086
313.2427978515625,222.3238983154297,71.50289916992188,63.156898498535156
308.4211120605469,220.44290161132812,71.79090118408203,36.64070129394531
346.91351318359375,234.75570678710938,62.85049819946289,51.09510040283203
310.5220031738281,224.0625,69.0114974975586,36.5281982421875
305.40631103515625,221.6782989501953,69.24549865722656,31.624000549316406
307.1130065917969,220.59860229492188,69.27330017089844,32.16569900512695
341.70208740234375,230.0491943359375,40.499698638916016,24.391000747680664
347.23040771484375,227.08380126953125,32.36050033569336,24.269500732421875
342.7518005371094,224.5670928955078,40.74729919433594,19.951400756835938
344.04168701171875,224.60459899902344,40.837501525878906,17.367300033569336
346.26470947265625,223.51559448242188,39.876800537109375,16.853200912475586
347.61871337890625,222.42559814453125,40.07360076904297,19.330900192260742
348.2416076660156,221.33380126953125,41.03739929199219,24.170400619506836
349.06451416015625,221.01449584960938,40.64910125732422,26.493499755859375
351.2221984863281,219.8907012939453,40.38180160522461,25.837200164794922
353.4834899902344,218.20770263671875,41.306400299072266,28.89150047302246
354.6048889160156,218.50790405273438,40.55339813232422,29.035600662231445
355.5382995605469,219.3271026611328,44.281898498535156,31.81170082092285
356.7391052246094,221.3946990966797,41.74259948730469,31.563400268554688
356.0445861816406,224.52029418945312,52.192100524902344,36.212398529052734
356.95989990234375,226.39210510253906,53.86880111694336,38.717098236083984
358.11700439453125,230.01910400390625,50.93830108642578,38.55720138549805
357.4700927734375,232.539306640625,57.68510055541992,45.4197998046875
358.11700439453125,236.18890380859375,48.652000427246094,43.122100830078125
360.1076965332031,237.16879272460938,45.973899841308594,46.334800720214844
359.6326904296875,238.77239990234375,46.19839859008789,49.659400939941406
359.7820129394531,239.38490295410156,44.62770080566406,42.801700592041016
358.1535949707031,239.89889526367188,46.85710144042969,47.007999420166016
357.1706848144531,239.19830322265625,44.83409881591797,47.426998138427734
358.0610046386719,237.70230102539062,46.78620147705078,44.00379943847656
358.49261474609375,234.3917999267578,49.468101501464844,41.52130126953125
359.3492126464844,232.75250244140625,57.53730010986328,45.175498962402344
360.9410095214844,230.0301055908203,53.97549819946289,38.673099517822266
359.6217041015625,220.50750732421875,58.21039962768555,39.839698791503906
358.4530944824219,212.3448028564453,58.23789978027344,44.03049850463867
359.2605895996094,205.4541015625,55.4015007019043,47.46549987792969
361.62420654296875,199.21099853515625,55.441001892089844,48.29280090332031
363.8658142089844,192.95660400390625,52.205299377441406,49.904598236083984
369.7153015136719,188.2801971435547,54.464698791503906,51.19940185546875
373.5380859375,182.131103515625,58.529998779296875,52.6786003112793
376.1532897949219,178.0312957763672,57.35390090942383,55.47549819946289
375.6943054199219,176.38619995117188,62.92369842529297,57.76139831542969
376.88519287109375,174.75379943847656,49.54029846191406,56.922698974609375
376.0104064941406,174.4832000732422,57.35660171508789,55.57320022583008
374.6575927734375,175.25180053710938,58.499698638916016,54.49399948120117
375.119384765625,175.09429931640625,60.06529998779297,56.2052001953125
374.2406921386719,174.5321044921875,60.42639923095703,56.947898864746094
374.7804870605469,174.5402069091797,60.06809997558594,57.588199615478516
375.8785095214844,176.4925994873047,58.697898864746094,56.795799255371094
376.69000244140625,175.79600524902344,62.02149963378906,56.93560028076172
378.5491027832031,174.91819763183594,63.94430160522461,58.433799743652344
382.17138671875,175.2427978515625,63.70240020751953,58.65589904785156
384.9009094238281,177.6909942626953,62.09830093383789,58.860599517822266
386.36309814453125,184.4320068359375,60.77909851074219,54.74150085449219
385.55218505859375,189.65980529785156,61.984100341796875,51.36790084838867
383.6534118652344,195.41619873046875,62.09040069580078,49.88610076904297
383.08441162109375,200.5106964111328,61.736900329589844,52.30500030517578
381.29681396484375,205.78640747070312,61.67290115356445,52.12699890136719
381.0010986328125,212.6551971435547,60.106998443603516,49.9193000793457
381.44000244140625,219.7451934814453,60.34709930419922,50.364200592041016
381.239013671875,225.94459533691406,59.50379943847656,49.15340042114258
379.0841979980469,230.5207977294922,59.685699462890625,48.4005012512207
377.9653015136719,236.21139526367188,59.37310028076172,48.53950119018555
377.3702087402344,240.46949768066406,56.525699615478516,47.9182014465332
375.0963134765625,242.76849365234375,56.71689987182617,48.6327018737793
373.4346008300781,243.42640686035156,57.12030029296875,50.958099365234375
371.4530029296875,244.26589965820312,59.13249969482422,51.68579864501953
370.8163146972656,244.63340759277344,57.82789993286133,50.63520050048828
370.4541931152344,245.8220977783203,56.956199645996094,49.58620071411133
369.23651123046875,244.90060424804688,57.02939987182617,51.051998138427734
366.5653076171875,243.00430297851562,59.227901458740234,52.59469985961914
366.6418151855469,239.79379272460938,58.78950119018555,56.05400085449219
364.32470703125,238.84129333496094,59.2135009765625,55.13520050048828
362.9599914550781,239.9832000732422,57.60499954223633,50.79100036621094
361.11138916015625,241.11920166015625,57.794898986816406,49.83509826660156
359.7076110839844,240.55690002441406,58.38290023803711,49.87540054321289
358.7528991699219,241.73660278320312,56.68659973144531,48.151100158691406
358.5187072753906,241.2628936767578,56.10139846801758,47.381500244140625
357.95111083984375,240.30560302734375,55.286800384521484,45.88479995727539
357.68890380859375,237.83970642089844,55.46080017089844,45.72010040283203
359.5367126464844,235.28550720214844,53.68730163574219,44.407798767089844
359.95318603515625,238.30870056152344,52.79209899902344,40.189300537109375
358.36419677734375,236.91879272460938,53.305301666259766,37.23040008544922
354.7322082519531,233.64739990234375,52.37590026855469,41.3213996887207
354.85198974609375,230.9980926513672,48.6974983215332,37.780799865722656
353.5787048339844,227.9293975830078,48.295101165771484,40.610801696777344
352.2672119140625,223.7707061767578,47.358001708984375,40.51380157470703
350.2033996582031,219.31509399414062,47.12519836425781,39.21620178222656
348.9790954589844,215.61740112304688,47.57109832763672,39.52370071411133
348.6817932128906,213.01150512695312,47.92539978027344,37.38029861450195
350.9700012207031,209.0738983154297,46.96979904174805,35.86330032348633
354.1942138671875,206.4272003173828,45.64440155029297,34.29050064086914
353.8293151855469,203.8527069091797,46.8931999206543,34.20069885253906
355.26611328125,200.84689331054688,48.014198303222656,38.76750183105469
355.6051940917969,197.02879333496094,45.475101470947266,38.02510070800781
357.9526062011719,195.2946014404297,45.74980163574219,38.13079833984375
360.41259765625,195.5802001953125,45.17319869995117,34.69309997558594
363.0177917480469,197.2097930908203,45.717201232910156,34.28350067138672
363.7192077636719,195.2490997314453,47.99980163574219,38.26969909667969
366.0994873046875,194.12359619140625,46.61819839477539,40.80910110473633
370.4440002441406,191.0605926513672,44.87080001831055,39.71379852294922
373.4956970214844,188.47239685058594,43.99449920654297,37.35879898071289
373.6112976074219,185.216796875,45.067501068115234,42.8828010559082
376.0209045410156,182.78880310058594,44.4098014831543,42.964698791503906
375.9953918457031,181.69419860839844,45.61909866333008,40.513301849365234
376.01611328125,180.30679321289062,45.782501220703125,42.553199768066406
376.99139404296875,178.4075927734375,46.11410140991211,50.11360168457031
380.48919677734375,176.5009002685547,41.354801177978516,35.322898864746094
383.6969909667969,174.8094024658203,41.285701751708984,33.63520050048828
386.44439697265625,174.73609924316406,40.44649887084961,30.440099716186523
386.3384094238281,175.88699340820312,43.89440155029297,74.2833023071289
388.42779541015625,173.67849731445312,40.960601806640625,44.96979904174805
388.4455871582031,176.74749755859375,43.868900299072266,67.39129638671875
389.8481140136719,178.9759979248047,35.09149932861328,31.62350082397461
390.5942077636719,180.58740234375,39.14569854736328,34.32120132446289
390.5924072265625,183.8054962158203,43.55220031738281,34.97990036010742
391.8877868652344,186.922607421875,42.25299835205078,33.06169891357422
392.6122131347656,190.7725067138672,43.520599365234375,35.15869903564453
392.5163879394531,194.38900756835938,43.160701751708984,37.21730041503906
391.3138122558594,200.7637939453125,41.99760055541992,37.1693000793457
390.62579345703125,205.845703125,42.039398193359375,36.289798736572266
389.3211975097656,212.94700622558594,42.64739990234375,36.87260055541992
388.10308837890625,219.12890625,42.73630142211914,39.70690155029297
386.38800048828125,227.24110412597656,43.59560012817383,38.69279861450195
383.18011474609375,234.08709716796875,45.72740173339844,39.04090118408203
381.53948974609375,240.4936065673828,43.121299743652344,40.8931999206543
378.20458984375,247.5167999267578,46.09510040283203,41.86410140991211
375.6828918457031,254.96209716796875,44.9833984375,37.61819839477539
372.0909118652344,262.356689453125,41.90719985961914,40.3484001159668
366.71820068359375,267.1521911621094,39.54029846191406,38.480201721191406
363.79541015625,271.5412902832031,45.02439880371094,37.52320098876953
361.7037048339844,274.8865051269531,44.50979995727539,37.03889846801758
360.7206115722656,277.2117919921875,39.7067985534668,36.51750183105469
359.65399169921875,278.7143859863281,43.34870147705078,36.534400939941406
360.2994079589844,280.85809326171875,43.68439865112305,35.642601013183594
360.32769775390625,279.5794982910156,43.674598693847656,36.832401275634766
359.4595947265625,281.96759033203125,44.9541015625,35.52090072631836
359.3987121582031,279.74591064453125,42.55699920654297,36.71030044555664
360.07861328125,280.2279968261719,42.273799896240234,36.34320068359375
357.5343017578125,280.18170166015625,42.26679992675781,36.17020034790039
359.65478515625,280.90179443359375,43.226898193359375,35.27239990234375
359.34381103515625,280.6820068359375,41.472900390625,35.61149978637695
360.6470031738281,280.7430114746094,41.53739929199219,36.29669952392578
362.2867126464844,279.3359069824219,38.49039840698242,36.60110092163086
362.99139404296875,283.4574890136719,38.97480010986328,32.955501556396484
363.45001220703125,283.7869873046875,39.74420166015625,30.9822998046875
364.07391357421875,283.5580139160156,38.347999572753906,30.533000946044922
363.6693115234375,283.57281494140625,37.135799407958984,30.798200607299805
362.3721923828125,283.5132141113281,37.937400817871094,31.486600875854492
361.3080139160156,282.46771240234375,37.95970153808594,31.286399841308594
360.7676086425781,281.4017028808594,36.304901123046875,31.650699615478516
357.3848876953125,278.3764953613281,34.70690155029297,31.425899505615234
354.889892578125,276.5846862792969,33.492801666259766,30.900800704956055
351.95550537109375,276.9458923339844,33.25410079956055,28.273000717163086
347.14581298828125,272.9993896484375,33.7515983581543,27.65399932861328
341.10089111328125,269.8851013183594,36.433101654052734,29.2322998046875
334.4804992675781,271.0788879394531,36.080501556396484,26.805700302124023
327.9096984863281,270.4762878417969,36.76100158691406,27.371999740600586
323.2077941894531,265.7832946777344,38.38850021362305,31.02899932861328
317.3988037109375,264.0690002441406,38.187801361083984,32.45709991455078
313.2225036621094,263.0711975097656,36.23780059814453,33.716400146484375
308.7255859375,263.06219482421875,35.38629913330078,31.98349952697754
302.29669189453125,263.3644104003906,36.042598724365234,30.55069923400879
296.9916076660156,262.5721130371094,35.64659881591797,32.23189926147461
294.981689453125,263.0921936035156,34.100101470947266,32.010398864746094
289.2679138183594,261.78271484375,35.216400146484375,32.39039993286133
287.7618103027344,263.755615234375,32.67060089111328,31.53339958190918
284.6333923339844,262.2502136230469,34.135398864746094,32.44499969482422
283.6033935546875,266.42010498046875,32.70830154418945,29.02899932861328
281.1227111816406,265.67730712890625,33.434200286865234,28.336200714111328
280.20379638671875,264.597412109375,32.73849868774414,29.215999603271484
253.51409912109375,235.06260681152344,61.69660186767578,102.65249633789062
207.685302734375,166.45089721679688,147.1522979736328,170.3708038330078
67.14219665527344,179.95750427246094,245.27749633789062,173.70069885253906
77.48359680175781,176.15899658203125,278.7903137207031,173.05039978027344
76.38610076904297,183.87620544433594,233.9279022216797,170.46780395507812
81.61730194091797,138.49989318847656,410.4989013671875,221.50010681152344
60.36009979248047,176.24530029296875,263.9912109375,177.78750610351562
359.2412109375,189.93490600585938,62.938499450683594,62.86309814453125
366.75469970703125,194.47500610351562,24.14889907836914,44.411399841308594
361.29541015625,187.07989501953125,24.67770004272461,41.94179916381836
356.36871337890625,180.35699462890625,24.44300079345703,42.226200103759766
353.84698486328125,176.14230346679688,25.825599670410156,43.008201599121094
349.8583068847656,170.56199645996094,26.509700775146484,43.65380096435547
345.7578125,167.07749938964844,27.533300399780273,42.911598205566406
344.7051086425781,163.83880615234375,27.121200561523438,43.343299865722656
343.5946044921875,163.7637939453125,28.723499298095703,41.52870178222656
341.93341064453125,162.02439880371094,28.838899612426758,42.420799255371094
335.69281005859375,130.87969970703125,45.385101318359375,73.41459655761719
340.1017150878906,160.21780395507812,28.500699996948242,41.84120178222656
337.46881103515625,158.02529907226562,32.34149932861328,43.83919906616211
337.1116027832031,155.177001953125,31.882299423217773,46.62929916381836
335.573486328125,154.82369995117188,32.00709915161133,45.9099006652832
336.658203125,154.46209716796875,32.18439865112305,46.04290008544922
334.6632995605469,145.76220703125,35.48109817504883,54.64459991455078
336.18231201171875,143.59140014648438,33.817901611328125,55.02579879760742
336.4226989746094,155.85890197753906,29.756099700927734,43.141700744628906
337.4341125488281,156.29879760742188,29.364099502563477,43.51729965209961
336.36248779296875,155.93209838867188,29.84939956665039,42.19599914550781
336.9978942871094,156.13040161132812,29.416400909423828,42.9286994934082
336.7539978027344,156.35609436035156,29.834199905395508,42.69169998168945
336.3362121582031,155.908203125,30.658700942993164,42.48820114135742
336.8048095703125,155.02769470214844,30.479299545288086,42.79410171508789
335.2069091796875,151.7274932861328,33.92599868774414,47.30459976196289
331.9508056640625,132.8170928955078,44.74020004272461,65.99009704589844
332.6326904296875,136.6273956298828,36.340599060058594,62.43050003051758
336.0693054199219,156.71029663085938,34.095298767089844,42.45640182495117
335.5526123046875,155.514892578125,32.29970169067383,43.81480026245117
335.6614990234375,154.06500244140625,33.859500885009766,45.66299819946289
331.497802734375,131.46240234375,44.93220138549805,68.0
336.8660888671875,160.1020050048828,32.62189865112305,40.963199615478516
335.1694030761719,143.10910034179688,34.597198486328125,56.17789840698242
338.269287109375,158.61700439453125,32.80440139770508,41.31209945678711
335.48431396484375,145.16799926757812,37.047401428222656,56.00080108642578
337.68890380859375,159.297607421875,31.54050064086914,41.88869857788086
337.10430908203125,145.03390502929688,35.46649932861328,56.118499755859375
339.5869140625,160.47390747070312,31.26810073852539,41.362998962402344
338.5252990722656,160.5677032470703,30.392099380493164,41.95199966430664
340.630615234375,161.44290161132812,28.22960090637207,42.331199645996094
341.26031494140625,162.2602996826172,28.536300659179688,41.668399810791016
340.7041015625,162.20140075683594,28.820100784301758,41.51810073852539
342.3241882324219,163.4405975341797,27.000699996948242,41.45050048828125
344.47808837890625,163.556396484375,26.770299911499023,41.191001892089844
346.22869873046875,163.06399536132812,26.689899444580078,41.589599609375
344.79058837890625,163.8173065185547,28.364700317382812,41.15449905395508
348.5024108886719,165.41819763183594,26.623199462890625,40.763099670410156
349.4632873535156,165.6387939453125,26.819900512695312,40.68429946899414
350.94140625,166.7790985107422,26.484500885009766,40.9380989074707
351.8955078125,167.5009002685547,27.407699584960938,41.35649871826172
353.5060119628906,168.06190490722656,27.34600067138672,41.109901428222656
355.0509033203125,168.97239685058594,26.854799270629883,41.373199462890625
357.8291931152344,169.76280212402344,25.390300750732422,40.01250076293945
358.7710876464844,169.84890747070312,25.36639976501465,41.733001708984375
361.0166015625,171.3354034423828,24.02750015258789,41.402801513671875
362.5860900878906,173.41769409179688,24.375099182128906,40.08000183105469
364.1813049316406,175.75909423828125,23.777099609375,39.67179870605469
365.4913024902344,177.57850646972656,25.501100540161133,38.43170166015625
367.9508056640625,178.4665069580078,25.38360023498535,38.471099853515625
369.5244140625,179.39520263671875,27.76420021057129,40.638999938964844
371.5404052734375,181.18519592285156,26.930200576782227,38.90299987792969
374.114501953125,181.60899353027344,26.6830997467041,38.75019836425781
375.9200134277344,184.4145965576172,25.685199737548828,38.67219924926758
378.2273864746094,184.79640197753906,26.6564998626709,39.31740188598633
379.89190673828125,186.22030639648438,27.66390037536621,39.44169998168945
383.2945861816406,188.1988067626953,26.457799911499023,38.37220001220703
385.095703125,189.8175048828125,27.991500854492188,39.35100173950195
388.2955017089844,191.45350646972656,27.270200729370117,38.66170120239258
391.97369384765625,193.97740173339844,28.07859992980957,38.35129928588867
395.0067138671875,197.71389770507812,28.527299880981445,40.53179931640625
398.3389892578125,201.6417999267578,27.85700035095215,40.84749984741211
401.3750915527344,206.8887939453125,26.82040023803711,35.80939865112305
404.66259765625,210.92869567871094,28.552200317382812,36.38520050048828
408.7043151855469,214.6251983642578,28.979000091552734,38.33489990234375
410.852294921875,220.15480041503906,31.554100036621094,40.76470184326172
413.39019775390625,227.79640197753906,32.863399505615234,41.21030044555664
417.7423095703125,234.86929321289062,32.673099517822266,40.707298278808594
421.4258117675781,240.0153045654297,35.844200134277344,42.910099029541016
421.3794860839844,245.8616943359375,35.44390106201172,40.48379898071289
423.91448974609375,251.35040283203125,36.19129943847656,42.85540008544922
424.6900939941406,257.1766052246094,36.875301361083984,47.41419982910156
425.12078857421875,261.3197021484375,39.69729995727539,46.54209899902344
425.0867919921875,265.5472106933594,40.74079895019531,48.05009841918945
425.51519775390625,267.9537048339844,40.410499572753906,48.00199890136719
426.2117919921875,269.96630859375,40.15999984741211,47.0015983581543
426.781494140625,269.7890930175781,39.90800094604492,47.32440185546875
426.0458068847656,269.8547058105469,41.1890983581543,48.07429885864258
426.501708984375,269.49359130859375,42.54240036010742,47.5364990234375
425.5784912109375,269.67138671875,44.41189956665039,45.92179870605469
426.4341125488281,269.6990051269531,43.57680130004883,47.023399353027344
426.29791259765625,269.4916076660156,44.09339904785156,47.35110092163086
425.3648986816406,269.001708984375,45.69160079956055,47.387699127197266
423.82220458984375,268.581298828125,47.67829895019531,48.79209899902344
426.19769287109375,268.3941955566406,45.23189926147461,50.726600646972656
426.64300537109375,267.39190673828125,41.99620056152344,51.444698333740234
426.6607971191406,268.2174072265625,40.338199615478516,51.17770004272461
427.14111328125,267.6997985839844,39.0546989440918,50.91429901123047
426.868896484375,267.0404052734375,39.88059997558594,52.38600158691406
427.37701416015625,268.3464050292969,38.25659942626953,50.8406982421875
422.15740966796875,234.31289672851562,32.11640167236328,41.46310043334961
427.8900146484375,270.61639404296875,37.74380111694336,48.96149826049805
427.3774108886719,268.72589111328125,37.3916015625,50.72359848022461
426.8450012207031,268.2804870605469,37.49700164794922,50.49879837036133
426.68121337890625,268.3915100097656,38.08570098876953,51.24079895019531
422.41650390625,268.4447021484375,42.15340042114258,48.71860122680664
352.4457092285156,277.8765869140625,35.17020034790039,36.02259826660156
345.9725036621094,279.8934020996094,40.95320129394531,32.97460174560547
345.9130859375,279.1733093261719,42.472999572753906,34.40829849243164
346.2474060058594,279.00628662109375,40.8218994140625,34.152000427246094
346.3503112792969,279.0657043457031,40.291900634765625,34.43090057373047
346.464111328125,279.0038146972656,41.127601623535156,34.01860046386719
346.6908874511719,279.1448974609375,40.430999755859375,34.08940124511719
346.809814453125,279.177001953125,41.225399017333984,33.65399932861328
