1
179.79339599609375,75.09010314941406,159.18629455566406,83.72329711914062
176.05540466308594,73.64830017089844,159.83389282226562,86.31510162353516
183.41140747070312,78.74970245361328,142.6468963623047,82.3998031616211
176.75729370117188,83.03089904785156,144.56900024414062,78.125
174.58709716796875,83.4646987915039,144.9197998046875,79.94300079345703
174.36099243164062,82.65360260009766,131.31190490722656,82.99739837646484
178.37210083007812,89.0271987915039,112.04060363769531,82.92240142822266
179.33169555664062,88.80989837646484,106.92350006103516,84.26069641113281
180.14450073242188,91.02749633789062,105.57499694824219,80.3021011352539
178.49400329589844,88.89920043945312,88.68460083007812,89.41549682617188
169.97470092773438,90.95700073242188,90.50309753417969,94.70760345458984
167.14920043945312,88.95429992675781,95.31909942626953,94.15660095214844
162.72610473632812,89.2927017211914,91.88030242919922,101.10649871826172
154.90020751953125,87.73280334472656,93.60359954833984,105.88700103759766
155.57460021972656,89.93119812011719,88.2343978881836,107.04949951171875
156.39419555664062,89.94190216064453,84.36609649658203,109.83719635009766
149.90199279785156,91.88379669189453,86.13990020751953,109.54530334472656
150.3592987060547,91.4229965209961,84.10359954833984,112.65560150146484
142.30799865722656,91.39550018310547,91.66639709472656,114.1426010131836
141.75289916992188,92.06060028076172,86.2864990234375,115.19819641113281
134.12069702148438,92.11100006103516,89.08170318603516,115.7114028930664
132.1885986328125,92.1227035522461,86.7479019165039,115.39089965820312
126.56800079345703,90.79889678955078,86.95570373535156,115.98030090332031
129.0904998779297,89.79119873046875,85.57360076904297,115.93080139160156
122.9292984008789,88.9845962524414,85.59519958496094,116.47450256347656
123.01589965820312,87.69930267333984,89.32669830322266,117.23269653320312
123.48860168457031,87.07620239257812,84.85299682617188,115.76380157470703
129.93609619140625,85.70989990234375,81.84120178222656,120.1875991821289
129.59800720214844,85.32620239257812,82.03569793701172,118.16059875488281
129.9564971923828,85.20960235595703,83.43060302734375,122.37069702148438
128.0930938720703,84.07589721679688,85.67500305175781,122.40139770507812
124.52320098876953,84.74629974365234,90.95269775390625,120.04280090332031
122.50959777832031,84.13200378417969,96.0427017211914,121.97789764404297
129.07069396972656,85.62210083007812,88.6178970336914,122.65869903564453
125.72000122070312,86.12750244140625,93.2052993774414,120.79290008544922
133.37879943847656,89.48729705810547,88.51809692382812,112.5333023071289
132.53909301757812,92.30110168457031,87.53790283203125,112.34010314941406
137.57620239257812,95.32379913330078,87.84989929199219,110.6050033569336
142.82879638671875,97.32559967041016,81.518798828125,111.66079711914062
155.16949462890625,97.16909790039062,77.46070098876953,116.89610290527344
154.6898956298828,100.01200103759766,79.04280090332031,114.99210357666016
177.87460327148438,101.08589935302734,72.8396987915039,104.42569732666016
176.31649780273438,99.16089630126953,62.73889923095703,115.16729736328125
179.09019470214844,99.60980224609375,66.66819763183594,115.44779968261719
186.9718017578125,99.01170349121094,92.85310363769531,110.80829620361328
195.02130126953125,99.59919738769531,101.63369750976562,97.50990295410156
195.01589965820312,98.83499908447266,105.30000305175781,98.75140380859375
198.10780334472656,100.99579620361328,102.56159973144531,94.45379638671875
207.75799560546875,100.05670166015625,121.15070343017578,81.18150329589844
216.78709411621094,93.44439697265625,130.64529418945312,83.78949737548828
224.2073974609375,92.70330047607422,121.2654037475586,84.60820007324219
238.22019958496094,91.80139923095703,121.23429870605469,83.3926010131836
241.40289306640625,92.04640197753906,123.24759674072266,83.34439849853516
254.5518035888672,94.32060241699219,121.56300354003906,81.48719787597656
257.8568115234375,95.57740020751953,119.125,78.57659912109375
272.5828857421875,107.40540313720703,128.33309936523438,66.68419647216797
281.7922058105469,105.74739837646484,121.40010070800781,70.39019775390625
300.3019104003906,111.66300201416016,108.98590087890625,62.28390121459961
300.3409118652344,112.60710144042969,110.70950317382812,58.67470169067383
321.9002990722656,116.43669891357422,105.17729949951172,66.94550323486328
323.1007080078125,115.65699768066406,105.30359649658203,66.63710021972656
337.7934875488281,118.12409973144531,102.8865966796875,72.42849731445312
337.4269104003906,119.27690124511719,105.87689971923828,80.42289733886719
340.06390380859375,119.97740173339844,106.66840362548828,87.22869873046875
353.568115234375,128.66029357910156,98.72350311279297,84.21320343017578
362.787109375,133.33670043945312,91.4406967163086,84.93669891357422
371.94659423828125,144.92689514160156,79.18319702148438,90.41349792480469
372.9831848144531,148.70730590820312,75.0281982421875,85.87550354003906
383.3143005371094,162.68919372558594,55.230201721191406,97.50420379638672
385.6256103515625,171.7032012939453,52.66619873046875,88.3501968383789
389.8653869628906,181.39930725097656,48.04349899291992,78.61250305175781
380.74481201171875,184.87359619140625,57.99760055541992,82.39530181884766
385.8800964355469,194.06199645996094,71.80249786376953,83.52179718017578
384.3468933105469,199.2895050048828,70.83570098876953,80.14669799804688
386.6178894042969,207.61160278320312,74.07579803466797,65.6803970336914
386.1842956542969,208.57919311523438,80.5802001953125,64.58270263671875
385.88531494140625,207.29359436035156,78.20829772949219,60.81700134277344
386.8879089355469,205.39010620117188,77.53479766845703,61.06999969482422
384.5661926269531,206.82749938964844,79.6769027709961,57.38759994506836
385.28271484375,184.7032928466797,81.59320068359375,75.8290023803711
386.4555969238281,193.5269012451172,76.4093017578125,62.884700775146484
384.64239501953125,166.27330017089844,81.02359771728516,87.35639953613281
379.3360900878906,171.27499389648438,85.04010009765625,79.72779846191406
345.04620361328125,114.06500244140625,110.32230377197266,124.05249786376953
351.27349853515625,113.34420013427734,97.74230194091797,115.92109680175781
329.20269775390625,77.50409698486328,113.4031982421875,145.9763946533203
326.0350036621094,76.6718978881836,115.07730102539062,133.3538055419922
323.91009521484375,82.08570098876953,111.0873031616211,121.56939697265625
314.1054992675781,69.9529037475586,105.35690307617188,124.47869873046875
296.2666015625,77.41739654541016,98.39779663085938,105.28140258789062
284.42388916015625,78.94450378417969,108.87760162353516,109.27210235595703
253.44960021972656,83.30780029296875,100.68419647216797,84.92720031738281
252.8769989013672,83.93930053710938,101.36119842529297,82.39209747314453
228.5915069580078,83.17620086669922,106.81089782714844,96.80970001220703
229.77099609375,83.48899841308594,106.3207015991211,102.17900085449219
224.78599548339844,85.96309661865234,109.42839813232422,107.44029998779297
215.15289306640625,97.0448989868164,101.37680053710938,110.41280364990234
211.79269409179688,103.23269653320312,94.79029846191406,107.72599792480469
211.451904296875,105.40299987792969,93.07129669189453,115.18150329589844
213.5012969970703,112.42960357666016,86.90440368652344,113.41110229492188
223.0968017578125,132.0417938232422,65.9635009765625,99.57759857177734
221.95809936523438,144.88279724121094,78.62310028076172,100.94059753417969
221.03469848632812,143.75100708007812,82.84110260009766,106.94170379638672
220.75250244140625,144.0352020263672,85.13680267333984,115.89099884033203
215.81829833984375,160.18170166015625,84.66230010986328,118.33719635009766
216.99729919433594,173.73779296875,67.09480285644531,116.84249877929688
217.7310028076172,183.5865020751953,53.192100524902344,125.29399871826172
221.97390747070312,167.75579833984375,57.246498107910156,114.41059875488281
219.656494140625,141.80560302734375,63.78810119628906,157.91909790039062
221.49029541015625,168.7436065673828,63.629600524902344,127.54090118408203
221.01390075683594,140.82369995117188,63.37419891357422,124.63990020751953
223.5489959716797,115.43460083007812,76.89140319824219,134.05580139160156
230.30819702148438,65.96320343017578,113.82949829101562,168.69960021972656
225.16160583496094,62.52289962768555,120.83699798583984,165.69679260253906
240.4907989501953,32.94049835205078,132.4517059326172,169.4947052001953
245.90289306640625,29.334400177001953,144.53359985351562,158.62489318847656
263.7112121582031,13.833999633789062,143.06289672851562,164.21420288085938
259.96038818359375,12.44159984588623,143.05470275878906,163.83770751953125
273.8424072265625,7.5777997970581055,131.3813018798828,153.84689331054688
282.3257141113281,3.1888999938964844,127.14929962158203,135.49169921875
302.25140380859375,2.0590999126434326,104.81320190429688,136.2819061279297
323.4327087402344,10.172200202941895,101.52020263671875,104.74440002441406
344.2065124511719,19.859600067138672,101.95330047607422,91.35659790039062
364.23388671875,15.69729995727539,107.25409698486328,96.9177017211914
364.9612121582031,23.265499114990234,108.38809967041016,77.4176025390625
389.77069091796875,26.473600387573242,101.78109741210938,87.37960052490234
392.6716003417969,26.46139907836914,120.23600006103516,105.15750122070312
413.5411071777344,42.79159927368164,116.76850128173828,113.05699920654297
428.22479248046875,55.856300354003906,96.45790100097656,116.49199676513672
438.99859619140625,70.51930236816406,102.0363998413086,136.15260314941406
436.1095886230469,82.1791000366211,103.34510040283203,129.6761016845703
446.26220703125,107.19869995117188,84.40550231933594,123.71800231933594
447.08599853515625,128.59210205078125,74.55049896240234,116.46019744873047
448.47320556640625,132.6907958984375,69.74749755859375,121.71620178222656
447.5609130859375,134.32420349121094,71.03919982910156,130.7480926513672
448.0296936035156,145.3383026123047,72.90560150146484,134.18699645996094
448.3963928222656,156.49339294433594,75.69210052490234,130.93789672851562
448.0179138183594,159.8083953857422,72.39859771728516,131.0583953857422
433.58380126953125,150.8502960205078,108.00589752197266,138.99630737304688
425.9997863769531,148.4051971435547,119.93190002441406,135.66310119628906
410.20928955078125,119.16120147705078,139.22579956054688,131.8112030029297
408.5848083496094,118.6530990600586,139.472900390625,126.07430267333984
411.1164855957031,123.0376968383789,129.1710968017578,107.60060119628906
397.0526123046875,94.07599639892578,122.59860229492188,116.50990295410156
340.6597900390625,25.00429916381836,133.76600646972656,157.2071075439453
285.8998107910156,19.266300201416016,165.04490661621094,141.1053009033203
288.2984924316406,20.267000198364258,164.19439697265625,138.93389892578125
265.0527038574219,23.63610076904297,148.98280334472656,133.3563995361328
263.4252014160156,17.321399688720703,148.19400024414062,142.7563018798828
259.4525146484375,23.047399520874023,130.0352020263672,135.7279052734375
236.8258056640625,47.05400085449219,125.74120330810547,98.11620330810547
227.38519287109375,54.43790054321289,127.82369995117188,99.09839630126953
215.0930938720703,66.17430114746094,127.8010025024414,103.54170227050781
214.78500366210938,78.4885025024414,120.77030181884766,104.6583023071289
218.44259643554688,92.89830017089844,116.1084976196289,126.90889739990234
229.3144073486328,119.77290344238281,96.5353012084961,127.07479858398438
237.38319396972656,134.79530334472656,88.91850280761719,137.85369873046875
246.98500061035156,162.69659423828125,88.02050018310547,126.20680236816406
253.59100341796875,173.44979858398438,81.46279907226562,117.70089721679688
261.4695129394531,186.30279541015625,93.16799926757812,124.53389739990234
258.8324890136719,184.48739624023438,112.92859649658203,127.9197006225586
263.031494140625,192.80999755859375,114.2582015991211,124.9104995727539
267.52520751953125,200.04319763183594,117.18360137939453,113.3270034790039
267.2951965332031,198.8603973388672,122.37899780273438,118.78089904785156
271.309814453125,196.81610107421875,119.89119720458984,122.78730010986328
273.4130859375,194.36659240722656,120.02690124511719,120.63899993896484
289.0104064941406,192.51629638671875,105.16580200195312,120.49980163574219
285.3865966796875,192.16909790039062,106.10260009765625,119.04309844970703
305.23858642578125,190.66819763183594,86.74349975585938,118.47219848632812
310.8020935058594,192.34860229492188,81.2166976928711,117.16480255126953
323.6444091796875,186.8256072998047,67.92410278320312,118.64990234375
327.90789794921875,178.39610290527344,63.686100006103516,122.67720031738281
327.8312072753906,171.12289428710938,63.411598205566406,127.86270141601562
329.0089111328125,167.9954071044922,62.69580078125,131.3791046142578
330.5221862792969,159.82550048828125,64.89309692382812,133.52169799804688
335.26190185546875,156.53750610351562,60.8406982421875,135.96719360351562
332.73370361328125,154.13150024414062,64.56629943847656,137.88479614257812
334.9823913574219,157.185302734375,61.18000030517578,138.68710327148438
340.40631103515625,158.0991973876953,55.69139862060547,139.21780395507812
345.79949951171875,162.4893035888672,50.16389846801758,137.5048065185547
349.74261474609375,166.68040466308594,46.015899658203125,134.30679321289062
354.04901123046875,175.72079467773438,40.46950149536133,127.26609802246094
359.9059143066406,176.19020080566406,35.33219909667969,130.64300537109375
367.423095703125,183.36309814453125,27.455299377441406,126.01629638671875
366.5768127441406,183.23919677734375,28.03230094909668,126.35459899902344
368.497802734375,177.84530639648438,27.535900115966797,135.57760620117188
369.07989501953125,178.74960327148438,25.806800842285156,135.05169677734375
371.697509765625,173.168701171875,25.680200576782227,138.50160217285156
370.5528869628906,170.8865966796875,26.017000198364258,142.6781005859375
372.6477966308594,166.4752960205078,24.0674991607666,143.4095001220703
373.9219970703125,165.2006072998047,23.347999572753906,144.40530395507812
374.72869873046875,166.5543975830078,19.031700134277344,141.55459594726562
375.2056884765625,165.89259338378906,18.464799880981445,145.20799255371094
375.1365051269531,168.2989044189453,19.271499633789062,142.6540069580078
371.7345886230469,171.55320739746094,23.236900329589844,136.4403076171875
372.9273986816406,170.19839477539062,23.043800354003906,135.8347930908203
370.74688720703125,183.82290649414062,34.76620101928711,128.8032989501953
371.702392578125,184.9936981201172,33.483299255371094,128.16140747070312
371.8041076660156,189.6092071533203,34.150001525878906,131.2637939453125
373.789306640625,206.8979949951172,32.64070129394531,116.6249008178711
352.17059326171875,195.57269287109375,96.2385025024414,164.42730712890625
372.8714904785156,219.8813018798828,46.68199920654297,109.08889770507812
316.8424072265625,164.6490020751953,160.42559814453125,195.3509979248047
364.93951416015625,182.90809631347656,65.5145034790039,155.05349731445312
370.6787109375,219.57749938964844,51.16590118408203,120.22530364990234
371.6943054199219,227.92129516601562,61.82310104370117,123.06330108642578
376.04058837890625,218.52130126953125,45.814300537109375,118.49729919433594
371.4215087890625,214.46560668945312,48.35960006713867,112.05909729003906
311.668212890625,162.5511932373047,174.1551055908203,197.4488067626953
375.131103515625,212.82479858398438,89.51969909667969,122.76200103759766
370.593994140625,216.15789794921875,105.61509704589844,111.90760040283203
368.1328125,215.9355926513672,108.2708969116211,116.29280090332031
373.8486022949219,219.37680053710938,104.70909881591797,109.78970336914062
373.1321105957031,218.87649536132812,107.09729766845703,104.79869842529297
384.6575927734375,211.6248016357422,88.82240295410156,102.1395034790039
386.3837890625,215.28089904785156,85.7479019165039,93.99919891357422
390.418701171875,194.5980987548828,71.85179901123047,100.44149780273438
391.8207092285156,194.04769897460938,67.20500183105469,93.3124008178711
393.1741027832031,180.02960205078125,62.945499420166016,106.00260162353516
393.0459899902344,169.70570373535156,58.89830017089844,109.86129760742188
394.13018798828125,143.64410400390625,49.089698791503906,126.55339813232422
387.71209716796875,136.86520385742188,51.76060104370117,130.38499450683594
386.7135925292969,127.82420349121094,50.24340057373047,135.90829467773438
378.805908203125,139.89169311523438,59.9739990234375,126.93070220947266
375.5245056152344,130.93719482421875,62.52000045776367,134.9864959716797
371.4092102050781,136.868896484375,66.12310028076172,128.7888946533203
373.4020080566406,140.8572998046875,70.3927001953125,136.63800048828125
369.9779052734375,146.4897003173828,71.1051025390625,131.57769775390625
363.5024108886719,158.16810607910156,72.1321029663086,143.4720001220703
363.8580017089844,168.33399963378906,72.16729736328125,136.23199462890625
338.16668701171875,194.73570251464844,80.11699676513672,117.18270111083984
267.4639892578125,219.8253936767578,137.9597930908203,86.981201171875
268.2638854980469,223.6938934326172,134.01499938964844,80.13269805908203
231.66229248046875,232.21609497070312,149.78399658203125,66.80570220947266
232.08639526367188,236.66319274902344,140.8188934326172,61.85319900512695
220.02169799804688,230.9897003173828,118.72380065917969,60.93339920043945
208.6063995361328,209.1551971435547,122.13590240478516,84.53890228271484
200.6649932861328,188.08290100097656,102.11750030517578,99.71440124511719
193.8166961669922,171.83509826660156,106.83679962158203,105.45880126953125
190.7458038330078,139.4947967529297,80.20020294189453,120.92369842529297
192.806396484375,124.9126968383789,74.40809631347656,118.06890106201172
195.8583984375,96.7645034790039,65.7874984741211,125.50469970703125
198.17579650878906,92.76390075683594,73.22419738769531,120.11840057373047
201.9571990966797,93.70970153808594,76.10350036621094,101.08159637451172
200.65260314941406,93.91259765625,93.8322982788086,92.46910095214844
212.4954071044922,98.3093032836914,77.60150146484375,81.5354995727539
214.002197265625,97.35240173339844,86.66130065917969,80.74800109863281
216.77389526367188,100.73570251464844,112.6010971069336,85.39550018310547
229.6851043701172,105.043701171875,106.41190338134766,95.0895004272461
259.1705017089844,115.93470001220703,78.91539764404297,92.93000030517578
257.6565856933594,113.48699951171875,88.94879913330078,113.37960052490234
274.5185852050781,124.85399627685547,78.93620300292969,130.44960021972656
296.58599853515625,147.47720336914062,61.86579895019531,142.1844024658203
309.0382080078125,200.22300720214844,40.424800872802734,101.00309753417969
309.44720458984375,207.33030700683594,39.01110076904297,109.28099822998047
291.2477111816406,229.289306640625,42.621299743652344,104.72090148925781
288.1897888183594,228.99180603027344,45.890899658203125,105.51730346679688
275.9075927734375,253.22909545898438,41.46989822387695,80.60009765625
263.4635009765625,241.32659912109375,52.78049850463867,92.05079650878906
222.66180419921875,255.8092041015625,78.68489837646484,81.5072021484375
196.5727996826172,256.6412048339844,103.58329772949219,80.2343978881836
187.91400146484375,258.62030029296875,93.00019836425781,78.54209899902344
178.22129821777344,244.54539489746094,104.76740264892578,91.56490325927734
173.635498046875,199.55459594726562,103.65730285644531,120.46050262451172
182.65150451660156,170.7845001220703,78.54660034179688,128.7902069091797
195.8625946044922,132.7552032470703,117.45860290527344,121.38359832763672
197.78309631347656,123.24870300292969,103.67649841308594,106.88610076904297
200.83920288085938,114.99079895019531,112.61699676513672,95.34809875488281
209.08990478515625,118.97309875488281,122.01679992675781,69.28199768066406
224.11520385742188,117.59459686279297,122.93229675292969,84.71420288085938
255.4456024169922,121.24310302734375,90.79840087890625,89.8832015991211
257.4413146972656,123.48090362548828,90.99459838867188,93.65059661865234
284.2745056152344,128.58380126953125,67.02320098876953,101.6615982055664
291.12860107421875,135.92520141601562,63.96160125732422,109.04720306396484
299.3019104003906,148.28790283203125,50.415000915527344,112.99729919433594
315.2070007324219,174.15370178222656,39.775699615478516,103.3147964477539
321.75689697265625,201.2281036376953,25.022199630737305,85.73529815673828
323.5967102050781,202.73179626464844,25.00979995727539,104.16799926757812
303.9453125,212.39930725097656,35.15769958496094,93.24240112304688
272.3695068359375,228.2498016357422,64.7218017578125,101.93319702148438
235.45640563964844,229.46119689941406,94.34760284423828,94.1604995727539
239.15359497070312,233.68409729003906,83.7489013671875,91.37699890136719
229.08450317382812,234.29319763183594,86.8198013305664,91.93620300292969
209.40249633789062,228.15530395507812,85.50499725341797,74.07779693603516
195.8885040283203,198.75,91.9375,89.63580322265625
186.1470947265625,172.9217987060547,81.05879974365234,94.17780303955078
188.50149536132812,147.393798828125,75.14810180664062,98.81939697265625
192.06260681152344,125.05249786376953,70.0823974609375,96.54109954833984
192.56210327148438,118.61129760742188,79.09600067138672,101.86180114746094
196.80360412597656,86.28890228271484,84.93769836425781,102.97139739990234
197.13600158691406,93.65579986572266,84.86150360107422,87.28679656982422
213.78250122070312,81.95089721679688,84.73680114746094,88.6708984375
234.98660278320312,78.61319732666016,65.81169891357422,73.93840026855469
231.68190002441406,80.76519775390625,71.42759704589844,74.60710144042969
241.0177001953125,82.61119842529297,65.39929962158203,77.64350128173828
259.6065979003906,87.54429626464844,51.944000244140625,82.72380065917969
281.26708984375,101.6415023803711,36.848201751708984,98.33080291748047
284.0036926269531,106.29000091552734,32.229698181152344,90.57649993896484
289.5870056152344,112.80239868164062,27.034700393676758,89.84200286865234
289.9065856933594,136.58360290527344,26.17919921875,84.13580322265625
277.1437072753906,162.7216033935547,32.640098571777344,58.77080154418945
267.0685119628906,166.5758056640625,42.89830017089844,64.75650024414062
262.9903869628906,168.08230590820312,46.77259826660156,63.84560012817383
236.27870178222656,180.00230407714844,70.42939758300781,51.75519943237305
222.21429443359375,186.97860717773438,68.60099792480469,43.451499938964844
209.5355987548828,187.75390625,83.39450073242188,35.23979949951172
207.08920288085938,187.4510955810547,81.4926986694336,30.90290069580078
199.0832977294922,167.8074951171875,78.97419738769531,37.015098571777344
195.23829650878906,161.00680541992188,77.7739028930664,41.8317985534668
194.7490997314453,140.3863983154297,75.00240325927734,63.66460037231445
193.7135009765625,146.0428009033203,76.77970123291016,58.229000091552734
188.32850646972656,131.3760986328125,80.94529724121094,72.86329650878906
188.6676025390625,128.8343963623047,81.88829803466797,75.00520324707031
187.69769287109375,128.764404296875,84.14209747314453,76.48030090332031
185.23069763183594,130.35609436035156,83.13330078125,81.47370147705078
181.05130004882812,133.78250122070312,86.08789825439453,80.60389709472656
185.22659301757812,143.02259826660156,78.14779663085938,81.15889739990234
184.6894989013672,160.46429443359375,73.1229019165039,72.46990203857422
186.0216064453125,173.50509643554688,71.30110168457031,71.81909942626953
184.33070373535156,190.02029418945312,73.52660369873047,71.88349914550781
182.38670349121094,201.7808074951172,76.70249938964844,78.5553970336914
186.45730590820312,206.98019409179688,74.54280090332031,81.18679809570312
187.593505859375,219.11570739746094,79.0239028930664,80.89800262451172
193.38319396972656,222.61329650878906,76.9885025024414,78.0020980834961
200.56419372558594,231.67860412597656,67.92520141601562,63.851200103759766
204.16110229492188,228.89759826660156,64.22689819335938,55.14350128173828
204.53729248046875,229.74830627441406,63.1973991394043,49.84000015258789
209.8397979736328,210.40570068359375,55.935699462890625,59.020999908447266
209.9459991455078,207.87289428710938,57.27170181274414,54.936500549316406
210.50990295410156,212.2490997314453,55.45289993286133,47.89939880371094
210.735107421875,183.58889770507812,59.74319839477539,62.634300231933594
208.99420166015625,181.9595947265625,63.897499084472656,61.03990173339844
206.47039794921875,165.3282928466797,65.9020004272461,65.50550079345703
201.96499633789062,155.5493927001953,68.96949768066406,70.30760192871094
201.58380126953125,150.83639526367188,70.40460205078125,74.62889862060547
202.42039489746094,152.50799560546875,67.31420135498047,72.6583023071289
197.54750061035156,150.59390258789062,70.52239990234375,73.18589782714844
196.6627960205078,155.86659240722656,68.52200317382812,66.68170166015625
194.13259887695312,164.05099487304688,71.82980346679688,59.6072998046875
193.5028076171875,165.02920532226562,72.98419952392578,60.33039855957031
190.3115997314453,175.8415985107422,76.75579833984375,53.63019943237305
188.9833984375,183.5113067626953,77.85299682617188,48.80339813232422
189.3444061279297,185.3852996826172,77.89080047607422,48.51129913330078
189.33670043945312,191.76620483398438,75.31819915771484,41.27180099487305
187.78439331054688,193.5384979248047,77.73750305175781,39.95050048828125
188.24339294433594,193.6992950439453,76.09329986572266,39.67259979248047
185.65789794921875,192.4315948486328,78.39199829101562,39.94279861450195
183.48719787597656,193.99679565429688,78.21540069580078,37.72919845581055
178.41310119628906,184.4741973876953,82.58429718017578,30.835100173950195
178.35870361328125,160.70509338378906,82.67109680175781,43.001800537109375
178.9344940185547,162.3184051513672,81.68820190429688,34.37730026245117
181.7570037841797,168.71710205078125,80.20030212402344,30.11720085144043
174.226806640625,141.2321014404297,86.83070373535156,49.686500549316406
178.3115997314453,141.71429443359375,82.5197982788086,46.82929992675781
178.75250244140625,122.91459655761719,82.62149810791016,60.91849899291992
178.14999389648438,126.6415023803711,82.78469848632812,57.070499420166016
180.2279052734375,114.6531982421875,80.66999816894531,61.25830078125
182.94149780273438,111.68260192871094,79.63619995117188,60.75239944458008
184.2895965576172,111.59919738769531,77.50170135498047,56.74169921875
185.88670349121094,112.606201171875,77.53140258789062,54.781898498535156
186.86070251464844,113.95159912109375,76.04850006103516,53.7244987487793
187.19529724121094,116.94129943847656,77.44439697265625,52.63180160522461
188.3076934814453,120.87259674072266,75.73930358886719,50.14179992675781
187.48289489746094,127.7667007446289,79.59390258789062,47.754798889160156
188.70730590820312,131.19720458984375,71.08460235595703,44.16709899902344
186.77310180664062,141.5811004638672,73.78959655761719,39.934898376464844
186.15969848632812,142.55960083007812,74.41259765625,40.29669952392578
186.36399841308594,153.2209014892578,74.69390106201172,37.75299835205078
186.27349853515625,160.67449951171875,73.51529693603516,28.886600494384766
182.91160583496094,171.75799560546875,76.77780151367188,24.989700317382812
184.3424072265625,175.81300354003906,76.48320007324219,20.697500228881836
184.7519989013672,175.29840087890625,75.10559844970703,21.21179962158203
182.89759826660156,180.3719940185547,77.9197998046875,19.919700622558594
183.84170532226562,182.50169372558594,75.92070007324219,18.014400482177734
181.7227020263672,183.94329833984375,79.33519744873047,17.43869972229004
181.34710693359375,184.92149353027344,79.66439819335938,16.735599517822266
179.3271026611328,184.96670532226562,82.1084976196289,15.94909954071045
179.0218963623047,185.61529541015625,82.80329895019531,16.797800064086914
180.53309631347656,185.09939575195312,81.22699737548828,16.06719970703125
177.91180419921875,184.41969299316406,84.6852035522461,16.002300262451172
178.23779296875,184.7270965576172,87.84230041503906,14.817399978637695
176.22450256347656,183.6112060546875,88.23680114746094,14.840900421142578
176.82659912109375,181.75990295410156,89.90180206298828,15.119099617004395
176.8448028564453,182.60650634765625,91.6990966796875,15.234000205993652
177.79879760742188,179.95289611816406,93.09220123291016,15.888199806213379
177.54229736328125,179.86849975585938,95.11489868164062,15.297800064086914
177.99490356445312,176.10389709472656,98.69020080566406,17.783300399780273
176.29849243164062,175.91119384765625,98.91799926757812,17.058900833129883
180.21969604492188,168.5959014892578,102.01139831542969,21.935800552368164
179.78050231933594,169.79800415039062,100.10099792480469,19.18549919128418
179.6761932373047,170.81869506835938,101.73480224609375,18.530000686645508
186.38250732421875,162.35079956054688,103.0687026977539,22.28969955444336
194.1269989013672,155.4272003173828,110.47470092773438,25.06879997253418
198.25360107421875,157.1884002685547,104.45829772949219,21.755300521850586
197.80589294433594,155.7104034423828,110.08080291748047,21.161399841308594
213.17709350585938,144.79429626464844,106.45970153808594,30.315500259399414
229.9635009765625,133.8450927734375,100.29450225830078,39.620201110839844
235.29010009765625,135.4990997314453,99.91580200195312,35.822601318359375
257.5260009765625,129.27439880371094,89.54290008544922,40.19620132446289
264.8591003417969,126.27290344238281,94.43730163574219,41.38359832763672
275.40301513671875,126.6897964477539,83.29329681396484,39.9656982421875
297.6510925292969,127.32379913330078,73.82579803466797,38.444400787353516
300.77978515625,127.65809631347656,70.98169708251953,38.939300537109375
318.4822082519531,125.66429901123047,62.75230026245117,42.71580123901367
320.97039794921875,127.02619934082031,59.67179870605469,41.464599609375
340.10321044921875,123.04119873046875,47.42210006713867,50.82590103149414
340.9729919433594,122.92970275878906,46.02239990234375,50.262001037597656
356.5898132324219,123.10089874267578,45.741798400878906,54.14939880371094
357.381103515625,123.36900329589844,45.570701599121094,55.27730178833008
356.91241455078125,122.66929626464844,45.56230163574219,55.670799255371094
367.40380859375,124.16179656982422,50.02859878540039,60.2947998046875
374.8026123046875,133.13450622558594,64.0634994506836,52.29140090942383
374.0589904785156,134.42489624023438,63.047000885009766,50.9718017578125
380.81939697265625,140.76600646972656,81.64640045166016,39.57059860229492
379.88128662109375,140.85150146484375,81.51180267333984,39.54629898071289
385.0616149902344,143.918701171875,115.11499786376953,37.3302001953125
382.29229736328125,143.83700561523438,120.71759796142578,40.56159973144531
380.5238037109375,143.7071990966797,123.23210144042969,40.25419998168945
389.3778076171875,143.410400390625,139.04150390625,39.60390090942383
395.3150939941406,143.42959594726562,152.6663055419922,40.23059844970703
394.9256896972656,143.22850036621094,151.67559814453125,39.42559814453125
397.1064147949219,143.697998046875,148.12789916992188,39.6416015625
414.3656921386719,144.12330627441406,148.02000427246094,42.77050018310547
406.2491149902344,146.75210571289062,165.00509643554688,42.92250061035156
414.3818054199219,147.23609924316406,156.03900146484375,41.58869934082031
413.6809997558594,147.33290100097656,159.9676055908203,42.125999450683594
434.835693359375,149.07769775390625,147.05760192871094,41.39590072631836
432.6524963378906,148.09109497070312,152.1219024658203,43.74769973754883
455.5790100097656,149.23849487304688,128.54660034179688,41.935001373291016
457.93450927734375,148.2415008544922,125.32369995117188,43.30590057373047
455.94049072265625,148.23129272460938,131.19700622558594,43.919498443603516
460.8240966796875,147.67739868164062,129.94509887695312,44.9807014465332
463.0018005371094,147.1549072265625,127.71540069580078,44.93360137939453
465.3634033203125,147.13900756835938,124.21260070800781,45.4203987121582
472.591796875,146.40029907226562,121.39820098876953,46.28409957885742
482.6929016113281,144.04299926757812,115.87220001220703,47.25490188598633
478.81109619140625,144.77920532226562,122.19300079345703,47.10200119018555
488.7002868652344,146.0814971923828,110.74829864501953,46.8218994140625
483.8288879394531,147.648193359375,121.6218032836914,48.25299835205078
493.51629638671875,148.80340576171875,114.1250991821289,47.00640106201172
488.5403137207031,148.23849487304688,121.32929992675781,47.50279998779297
500.9565124511719,150.07530212402344,111.14009857177734,48.39649963378906
497.7572021484375,152.90269470214844,119.868896484375,48.315101623535156
502.9064025878906,151.97129821777344,113.04329681396484,48.59270095825195
507.9342041015625,151.00169372558594,113.14399719238281,51.34749984741211
506.35211181640625,149.64720153808594,118.20919799804688,52.54819869995117
515.1456298828125,145.8916015625,111.82589721679688,55.68939971923828
510.7547912597656,145.63450622558594,115.49649810791016,56.44390106201172
516.6035766601562,139.64190673828125,112.55879974365234,60.198001861572266
511.2044982910156,139.37010192871094,118.42970275878906,59.734500885009766
517.8790283203125,139.2321014404297,111.2916030883789,62.30820083618164
516.56298828125,136.5959930419922,115.38480377197266,66.05180358886719
518.7177124023438,137.36709594726562,113.34480285644531,65.09880065917969
515.5635986328125,134.3690948486328,117.14540100097656,68.59880065917969
515.9044799804688,134.61489868164062,115.30650329589844,68.48269653320312
514.47021484375,131.74710083007812,116.30049896240234,70.98889923095703
509.4740905761719,128.09320068359375,120.8634033203125,78.4751968383789
506.7461853027344,127.58170318603516,122.37059783935547,80.43009948730469
506.7001953125,126.46089935302734,122.39920043945312,81.8322982788086
507.30230712890625,125.66130065917969,121.5083999633789,83.4260025024414
492.70361328125,128.26089477539062,127.25740051269531,82.23619842529297
497.3528137207031,127.6636962890625,125.00420379638672,84.05000305175781
490.5693054199219,129.13699340820312,124.08370208740234,82.98480224609375
490.86968994140625,127.314697265625,123.22589874267578,85.39669799804688
490.86090087890625,125.23750305175781,123.16819763183594,88.13400268554688
481.994384765625,125.72810363769531,124.54309844970703,85.72000122070312
473.0069885253906,126.40390014648438,124.45600128173828,82.08920288085938
473.1383056640625,126.1051025390625,121.68440246582031,81.09269714355469
460.61419677734375,123.4813003540039,128.0594024658203,84.7416000366211
461.5338134765625,123.00900268554688,124.3313980102539,83.47810363769531
446.1075134277344,115.7322998046875,132.00579833984375,91.71299743652344
448.27520751953125,116.09249877929688,128.2178955078125,90.51619720458984
448.6673889160156,115.87940216064453,126.31199645996094,88.56390380859375
428.8660888671875,118.0199966430664,137.87319946289062,94.80860137939453
412.3569030761719,120.70700073242188,144.07569885253906,99.1187973022461
415.2655944824219,121.65160369873047,134.04690551757812,96.67980194091797
405.4747009277344,123.58390045166016,131.16070556640625,105.25
405.67620849609375,124.58309936523438,127.00160217285156,104.43720245361328
400.77490234375,120.70500183105469,117.5781021118164,116.50270080566406
399.56939697265625,123.87220001220703,117.78250122070312,112.02940368652344
400.10980224609375,121.877197265625,113.18000030517578,113.722900390625
397.4679870605469,119.35199737548828,101.3958969116211,120.37740325927734
399.0403137207031,117.61409759521484,97.77230072021484,123.01290130615234
398.5545959472656,120.72799682617188,85.00559997558594,122.34300231933594
400.05950927734375,122.67009735107422,88.41960144042969,122.63899993896484
400.4967956542969,122.33879852294922,87.4530029296875,123.2051010131836
399.4082946777344,118.91300201416016,96.91220092773438,125.62030029296875
400.1640930175781,116.9352035522461,93.73419952392578,127.8917007446289
400.34588623046875,118.07630157470703,103.82869720458984,124.97229766845703
401.072998046875,117.2437973022461,102.47039794921875,126.42780303955078
398.88861083984375,122.01619720458984,115.29460144042969,122.9011001586914
401.2601013183594,122.20269775390625,112.010498046875,122.402099609375
398.41339111328125,126.38960266113281,125.98290252685547,123.5344009399414
403.0675964355469,125.935302734375,132.58859252929688,124.54989624023438
405.033203125,126.47810363769531,128.7946014404297,125.69039916992188
405.6658935546875,126.07430267333984,129.3795928955078,125.67440032958984
404.6933898925781,126.2688980102539,134.7299041748047,123.0031967163086
405.8735046386719,126.83439636230469,133.24319458007812,120.91570281982422
410.6134948730469,127.31109619140625,131.90469360351562,120.91220092773438
409.7366027832031,124.6395034790039,132.74600219726562,124.91639709472656
410.9505920410156,126.17890167236328,131.92539978027344,124.39669799804688
418.7572937011719,123.8727035522461,127.59850311279297,127.49909973144531
416.0412902832031,125.06559753417969,131.18190002441406,128.6051025390625
420.8952941894531,121.91059875488281,130.0113067626953,133.20350646972656
421.5555114746094,121.4126968383789,129.3502960205078,131.8114013671875
420.5260925292969,119.68209838867188,130.1728973388672,133.91720581054688
427.5985107421875,121.38130187988281,126.42289733886719,137.62559509277344
429.1260986328125,124.58560180664062,125.54090118408203,134.69580078125
430.1648864746094,126.87629699707031,125.33370208740234,132.12750244140625
435.5636901855469,132.32510375976562,119.33869934082031,129.9550018310547
431.6924133300781,134.45249938964844,122.7842025756836,124.44349670410156
440.9039001464844,136.77890014648438,115.28610229492188,126.09339904785156
436.49578857421875,138.077392578125,119.86239624023438,125.131103515625
437.7909851074219,138.24169921875,119.9634017944336,123.56790161132812
443.09259033203125,140.11199951171875,116.13639831542969,125.9113998413086
440.5198974609375,141.1376953125,119.58370208740234,122.5927963256836
448.83538818359375,140.85060119628906,112.5281982421875,124.98930358886719
444.9444885253906,141.81399536132812,118.2135009765625,123.85880279541016
452.54058837890625,142.20849609375,111.81159973144531,127.24929809570312
451.8346862792969,141.96609497070312,114.19300079345703,127.47440338134766
458.85150146484375,145.17529296875,110.85160064697266,129.90919494628906
456.32110595703125,145.0847930908203,113.19879913330078,128.01429748535156
464.5591125488281,148.11309814453125,107.6895980834961,125.07209777832031
459.9548034667969,148.99049377441406,114.61190032958984,121.4229965209961
469.4159851074219,148.4687957763672,104.56900024414062,105.28130340576172
469.9779052734375,148.5070037841797,105.89859771728516,105.3822021484375
469.9126892089844,149.4394989013672,106.68360137939453,106.34850311279297
474.9075927734375,146.51080322265625,105.6709976196289,120.2593994140625
475.4855041503906,145.84320068359375,109.18080139160156,122.81510162353516
480.43890380859375,146.19590759277344,104.77189636230469,124.19779968261719
478.372802734375,145.83200073242188,102.65360260009766,123.5271987915039
483.10101318359375,146.52459716796875,98.60320281982422,119.89140319824219
481.1214904785156,148.552001953125,98.94380187988281,108.25340270996094
484.17388916015625,152.70480346679688,95.37699890136719,84.9220962524414
484.1553955078125,155.5959014892578,93.75599670410156,89.36759948730469
482.5089111328125,156.31179809570312,95.93070220947266,70.9625015258789
479.9472961425781,159.80419921875,98.49469757080078,78.62660217285156
472.00140380859375,158.7386932373047,106.83300018310547,69.18679809570312
470.87811279296875,159.1746063232422,108.57360076904297,68.16950225830078
463.7840881347656,154.54330444335938,114.46880340576172,72.59300231933594
462.19781494140625,149.74659729003906,116.8676986694336,76.38790130615234
460.81298828125,150.52499389648438,117.00489807128906,74.59950256347656
451.45880126953125,142.97630310058594,124.0801010131836,74.10679626464844
452.8389892578125,143.85850524902344,117.1417007446289,71.68620300292969
427.1922912597656,131.9553985595703,140.94129943847656,69.08290100097656
427.4689025878906,130.23880004882812,140.82640075683594,71.58999633789062
427.4224853515625,131.38070678710938,133.81919860839844,67.19400024414062
409.8131103515625,103.58910369873047,139.3217010498047,86.64720153808594
386.70330810546875,92.2052993774414,130.96890258789062,84.35559844970703
386.931884765625,93.68769836425781,119.67669677734375,79.22560119628906
376.8465881347656,84.63760375976562,109.83290100097656,76.45240020751953
378.33538818359375,86.95659637451172,107.34960174560547,70.84919738769531
356.9578857421875,80.26239776611328,107.34020233154297,67.16940307617188
354.9034118652344,77.9480972290039,103.60299682617188,70.84700012207031
339.3207092285156,70.84490203857422,100.3279037475586,71.43910217285156
323.54998779296875,64.9136962890625,114.36830139160156,78.00679779052734
321.79150390625,63.22019958496094,98.00869750976562,81.23390197753906
316.8501892089844,57.97100067138672,105.8406982421875,88.947998046875
308.6903991699219,57.63079833984375,108.24639892578125,94.63610076904297
287.56201171875,55.48030090332031,110.83170318603516,103.59950256347656
278.16180419921875,55.78900146484375,98.75409698486328,110.83000183105469
274.340087890625,55.92509841918945,98.99369812011719,113.79989624023438
273.50390625,60.41239929199219,100.63909912109375,111.07109832763672
261.8688049316406,66.71410369873047,98.20469665527344,109.181396484375
253.84469604492188,72.06939697265625,90.36699676513672,105.50679779052734
246.32080078125,82.1093978881836,82.80729675292969,103.24369812011719
240.94189453125,83.43840026855469,85.68199920654297,102.40229797363281
234.39520263671875,92.46510314941406,83.07080078125,103.08830261230469
235.5937957763672,92.24759674072266,76.56829833984375,101.90560150146484
228.74270629882812,106.1082992553711,75.86949920654297,97.70240020751953
228.47030639648438,112.6771011352539,71.33399963378906,94.41529846191406
225.92239379882812,122.21800231933594,67.654296875,94.87920379638672
228.0738983154297,122.51069641113281,64.88680267333984,96.69830322265625
229.41510009765625,135.63470458984375,58.675498962402344,93.77529907226562
229.7364959716797,137.92599487304688,57.69070053100586,93.32499694824219
231.6584930419922,150.10740661621094,50.207000732421875,89.48770141601562
234.7091064453125,150.50320434570312,48.91419982910156,91.60810089111328
235.3197021484375,152.7624053955078,47.24039840698242,95.42829895019531
240.50039672851562,167.90109252929688,42.73320007324219,93.1166000366211
241.83169555664062,180.72830200195312,44.36130142211914,82.0167007446289
240.9290008544922,182.72239685058594,48.90510177612305,91.76599884033203
241.21470642089844,182.24440002441406,47.502201080322266,96.26010131835938
239.07090759277344,195.2259063720703,60.688899993896484,96.14730072021484
238.30909729003906,194.88470458984375,62.766300201416016,100.7572021484375
234.36700439453125,202.05029296875,64.24539947509766,94.1447982788086
233.7510986328125,203.19650268554688,68.18350219726562,96.3313980102539
232.3863983154297,202.71310424804688,69.5447006225586,96.23040008544922
226.8079071044922,207.93780517578125,55.3296012878418,94.9448013305664
222.68280029296875,212.19039916992188,50.26689910888672,91.84040069580078
200.16990661621094,212.35110473632812,67.73919677734375,90.589599609375
190.88330078125,210.36309814453125,82.02349853515625,83.7970962524414
176.93649291992188,215.52769470214844,88.47820281982422,75.5656967163086
174.3155059814453,195.7978057861328,97.98729705810547,82.23249816894531
173.4385986328125,171.2613983154297,99.77670288085938,95.83489990234375
173.6291961669922,153.87789916992188,98.43299865722656,102.64679718017578
174.3878936767578,138.45010375976562,102.30359649658203,105.3584976196289
181.26260375976562,100.8115005493164,99.95230102539062,138.96609497070312
183.19869995117188,121.63069915771484,93.93219757080078,113.15699768066406
185.21429443359375,108.06829833984375,92.85079956054688,112.97209930419922
201.922607421875,73.26010131835938,83.68409729003906,125.20899963378906
208.22430419921875,48.80110168457031,111.08789825439453,128.43260192871094
203.13580322265625,49.10879898071289,119.3302993774414,123.44989776611328
205.55880737304688,46.190799713134766,117.43099975585938,128.0115966796875
216.0709991455078,50.000701904296875,126.7499008178711,107.33380126953125
231.92759704589844,43.35749816894531,142.64869689941406,106.11470031738281
242.5345001220703,31.9419002532959,177.60189819335938,96.55719757080078
258.9171142578125,30.500999450683594,160.1291046142578,90.15039825439453
288.6560974121094,35.787899017333984,158.41470336914062,82.56809997558594
298.2120056152344,33.74190139770508,148.4781951904297,83.52549743652344
312.2232971191406,35.43220138549805,133.70790100097656,79.18009948730469
318.6036071777344,37.8651008605957,129.15570068359375,79.5416030883789
343.9129943847656,45.213401794433594,123.12069702148438,85.74579620361328
357.60260009765625,54.48440170288086,134.4951934814453,92.22570037841797
363.15850830078125,55.55009841918945,127.37640380859375,106.1343002319336
374.07550048828125,65.43920135498047,125.83100128173828,109.2145004272461
378.0686950683594,70.98809814453125,125.11329650878906,124.0342025756836
382.0379943847656,90.50309753417969,120.50800323486328,118.62049865722656
387.0675964355469,97.25060272216797,120.29170227050781,133.88560485839844
387.04510498046875,102.90070343017578,120.91300201416016,138.1331024169922
390.7478942871094,122.42639923095703,113.39320373535156,135.77139282226562
389.3326110839844,139.7093963623047,107.73580169677734,132.27000427246094
387.19061279296875,148.1428985595703,105.51309967041016,131.09820556640625
392.0954895019531,171.5865936279297,85.10240173339844,118.22229766845703
383.4706115722656,174.90390014648438,87.72540283203125,118.94300079345703
379.5419921875,195.5229034423828,82.42620086669922,118.72149658203125
386.1495056152344,197.79490661621094,74.7146987915039,121.46369934082031
383.7257080078125,197.79730224609375,76.57129669189453,122.48760223388672
380.40570068359375,210.84840393066406,79.53939819335938,113.82630157470703
376.4884948730469,215.72390747070312,83.0427017211914,108.38610076904297
377.1424865722656,215.71530151367188,83.35379791259766,109.85859680175781
381.4455871582031,222.28329467773438,82.46720123291016,104.56649780273438
381.7974853515625,223.6678009033203,82.1063003540039,106.71189880371094
386.6754150390625,229.26600646972656,84.73480224609375,87.45439910888672
383.6882019042969,230.5771942138672,85.94039916992188,94.3666000366211
386.2153015136719,229.4958038330078,85.08740234375,94.36620330810547
389.62530517578125,230.2855987548828,92.32330322265625,94.87409973144531
400.32391357421875,224.82960510253906,103.13839721679688,103.15579986572266
411.9513854980469,216.75860595703125,116.7739028930664,108.70179748535156
411.6304016113281,216.82249450683594,115.05359649658203,110.13809967041016
415.805908203125,218.03729248046875,111.23539733886719,108.04779815673828
430.41448974609375,210.95919799804688,124.69730377197266,112.20240020751953
431.66949462890625,212.2716064453125,120.2738037109375,110.99199676513672
435.0089111328125,210.3238067626953,119.84739685058594,113.13629913330078
445.6376953125,204.07069396972656,127.82389831542969,114.9269027709961
455.0087890625,195.40780639648438,134.17349243164062,120.65679931640625
457.55841064453125,194.5325927734375,128.60000610351562,124.73699951171875
469.6588134765625,184.0894012451172,125.79840087890625,129.4066925048828
472.341796875,182.01089477539062,122.00890350341797,129.59750366210938
480.8315124511719,169.85479736328125,120.697998046875,134.56900024414062
480.568115234375,168.03489685058594,122.131103515625,136.73880004882812
480.6754150390625,167.89610290527344,121.62909698486328,132.94509887695312
489.0118103027344,154.48989868164062,121.40910339355469,133.23309326171875
496.50970458984375,137.22140502929688,123.97019958496094,139.54339599609375
497.1304016113281,140.39219665527344,122.32009887695312,135.30169677734375
502.4848937988281,120.15869903564453,126.06400299072266,133.50950622558594
501.0603942871094,121.32599639892578,127.67790222167969,134.63169860839844
505.0277099609375,103.10769653320312,129.172607421875,136.34609985351562
503.59619140625,102.8281021118164,133.21420288085938,134.44090270996094
502.0531921386719,98.1218032836914,134.67880249023438,135.61709594726562
502.309814453125,89.24530029296875,136.9114990234375,132.37049865722656
500.474609375,80.84339904785156,139.25369262695312,129.87379455566406
498.3945007324219,76.2781982421875,140.7899932861328,123.37319946289062
498.931396484375,75.33619689941406,139.14239501953125,122.11849975585938
492.2062072753906,68.08920288085938,139.14920043945312,124.97470092773438
492.74371337890625,66.2489013671875,140.77110290527344,122.49210357666016
494.1325988769531,66.27120208740234,139.4615020751953,122.80130004882812
485.2001037597656,58.88600158691406,139.9022979736328,128.8740997314453
475.6554870605469,60.397098541259766,139.110595703125,127.16539764404297
474.4866027832031,58.40829849243164,136.44529724121094,129.91290283203125
464.5456848144531,57.28229904174805,133.7165069580078,133.1855926513672
463.0445861816406,55.49039840698242,129.86880493164062,133.75660705566406
452.60809326171875,58.60609817504883,126.78009796142578,130.8115997314453
446.2228088378906,57.74440002441406,131.6804962158203,133.7407989501953
432.2110900878906,61.36289978027344,130.023193359375,132.1334991455078
429.5089111328125,63.666099548339844,129.77330017089844,129.73629760742188
410.2843017578125,69.6874008178711,129.73049926757812,131.90109252929688
387.2412109375,76.63279724121094,128.91110229492188,132.11050415039062
387.4798889160156,78.75050354003906,123.80229949951172,129.0012969970703
367.22491455078125,83.8364028930664,122.02130126953125,129.1199951171875
367.1510009765625,82.8988037109375,123.24210357666016,126.21540069580078
367.8100891113281,84.1759033203125,119.52670288085938,126.21929931640625
351.0653076171875,88.66059875488281,116.52339935302734,126.32980346679688
332.09228515625,90.32869720458984,115.81109619140625,123.75569915771484
329.77410888671875,86.94000244140625,122.22940063476562,128.9217987060547
329.4294128417969,87.94529724121094,117.5863037109375,128.3603973388672
317.3822937011719,84.30239868164062,112.5708999633789,132.46099853515625
317.0380859375,89.48680114746094,107.53359985351562,127.61260223388672
304.5105895996094,86.931396484375,110.2332992553711,129.6331024169922
302.6886901855469,87.28959655761719,106.4822998046875,129.8114013671875
303.5166015625,87.41580200195312,104.95240020751953,129.93820190429688
289.5216979980469,89.97149658203125,101.877197265625,128.11489868164062
276.44488525390625,91.91670227050781,101.98690032958984,126.04889678955078
277.44970703125,94.12660217285156,95.44129943847656,124.00189971923828
264.07440185546875,94.0436019897461,95.58679962158203,122.67369842529297
263.6370849609375,94.10240173339844,94.38159942626953,124.95670318603516
252.14549255371094,92.32659912109375,97.51570129394531,124.68820190429688
249.48910522460938,91.55889892578125,97.84130096435547,125.35980224609375
248.09629821777344,92.26329803466797,94.84770202636719,124.63770294189453
235.97129821777344,93.30390167236328,93.11239624023438,123.3948974609375
220.46380615234375,93.4406967163086,98.58769989013672,124.1948013305664
221.4947967529297,94.53489685058594,97.14340209960938,123.3906021118164
211.20680236816406,94.89240264892578,89.39209747314453,123.38159942626953
209.75650024414062,95.2300033569336,91.19139862060547,124.39209747314453
198.3574981689453,97.62629699707031,88.03929901123047,123.19059753417969
197.6094970703125,97.76930236816406,87.17060089111328,122.13390350341797
182.560302734375,100.04219818115234,92.16729736328125,122.17900085449219
186.80979919433594,99.41490173339844,87.78410339355469,120.83159637451172
164.11399841308594,100.6011962890625,100.36930084228516,121.4529037475586
148.21690368652344,102.2510986328125,108.02680206298828,121.47319793701172
151.75950622558594,102.54409790039062,100.19439697265625,121.1937026977539
135.31680297851562,101.38259887695312,108.8687973022461,119.09320068359375
134.1439971923828,102.4385986328125,110.40540313720703,120.95559692382812
128.110107421875,102.41609954833984,110.96959686279297,118.66899871826172
128.3542938232422,102.26699829101562,108.74150085449219,117.73059844970703
124.78060150146484,101.43779754638672,107.88970184326172,116.98870086669922
126.18840026855469,101.26219940185547,101.98870086669922,117.4457015991211
122.92960357666016,99.8738021850586,99.52749633789062,119.1498031616211
122.11380004882812,100.2677001953125,96.86399841308594,120.3927993774414
120.11430358886719,98.82949829101562,97.20960235595703,121.44979858398438
121.62950134277344,98.1604995727539,96.81559753417969,124.3759994506836
121.46050262451172,98.11280059814453,94.43299865722656,122.37629699707031
119.88639831542969,97.63529968261719,97.7708969116211,125.04139709472656
122.5875015258789,97.42430114746094,99.99620056152344,124.94529724121094
123.12950134277344,97.15129852294922,98.04759979248047,125.07440185546875
123.04779815673828,97.404296875,99.76820373535156,126.72720336914062
125.73410034179688,97.28009796142578,107.17949676513672,126.58830261230469
128.50990295410156,97.77279663085938,104.1707992553711,127.31400299072266
130.8520050048828,98.22989654541016,112.81520080566406,128.8679962158203
132.78160095214844,98.55660247802734,110.02559661865234,130.98800659179688
133.35350036621094,97.75440216064453,111.01260375976562,130.19509887695312
142.38319396972656,99.38700103759766,112.14009857177734,131.75929260253906
148.1981964111328,98.27529907226562,116.02580261230469,136.0106964111328
156.7581024169922,97.5448989868164,109.28340148925781,137.54559326171875
164.28829956054688,99.71859741210938,116.98609924316406,136.31300354003906
165.033203125,100.11849975585938,115.27690124511719,136.85049438476562
174.66220092773438,101.18090057373047,111.15180206298828,137.6177978515625
174.9674072265625,102.7052993774414,119.7468032836914,137.53329467773438
178.28689575195312,103.30249786376953,116.64530181884766,137.43930053710938
187.16799926757812,104.05000305175781,119.6624984741211,138.0135955810547
191.03590393066406,104.5656967163086,121.95480346679688,138.35330200195312
197.03109741210938,104.3407974243164,127.43550109863281,139.4936981201172
198.3820037841797,104.6364974975586,127.66999816894531,140.42880249023438
217.23609924316406,102.64710235595703,125.47730255126953,138.94110107421875
224.66659545898438,101.10079956054688,120.77339935302734,139.6269989013672
244.185302734375,98.80159759521484,119.97669982910156,140.47259521484375
249.00929260253906,97.2074966430664,114.66919708251953,142.70089721679688
267.464599609375,94.65039825439453,118.77339935302734,144.625
266.8695068359375,95.06690216064453,116.73159790039062,146.72540283203125
277.6866149902344,97.30599975585938,121.7405014038086,145.28140258789062
295.1839904785156,97.51930236816406,123.36530303955078,147.33050537109375
303.6192932128906,98.0198974609375,114.57230377197266,146.57859802246094
320.3153991699219,99.9094009399414,113.26429748535156,145.57029724121094
318.2377014160156,98.26699829101562,114.12069702148438,147.81109619140625
334.82940673828125,101.42230224609375,115.28520202636719,146.07130432128906
335.0227966308594,100.9343032836914,113.88860321044922,147.99490356445312
353.5078125,102.52790069580078,111.4490966796875,143.0529022216797
353.15728759765625,103.06909942626953,111.82009887695312,143.3466033935547
368.8547058105469,102.9083023071289,108.13040161132812,141.41969299316406
367.625,103.12349700927734,111.46980285644531,143.47689819335938
375.0150146484375,102.06379699707031,116.75920104980469,143.32620239257812
374.6883850097656,100.24980163574219,116.61229705810547,146.45550537109375
379.9442138671875,101.47730255126953,123.67759704589844,145.3303985595703
382.6824951171875,100.63990020751953,120.73690032958984,145.2261962890625
390.0024108886719,103.17140197753906,123.33660125732422,142.38229370117188
392.49169921875,102.34919738769531,120.1906967163086,142.564697265625
393.2763977050781,101.75340270996094,119.7063980102539,143.68980407714844
402.81610107421875,107.14959716796875,116.56109619140625,141.40829467773438
407.1579895019531,105.618896484375,115.72489929199219,143.6103973388672
415.1767883300781,109.63839721679688,113.6863021850586,147.64259338378906
415.756591796875,108.92880249023438,111.89630126953125,151.40460205078125
417.4630126953125,109.08170318603516,111.65789794921875,154.76589965820312
424.8877868652344,115.76329803466797,112.86699676513672,154.1096954345703
430.53680419921875,117.5155029296875,115.4541015625,153.0261993408203
428.9303894042969,116.77349853515625,117.36170196533203,154.98170471191406
432.89459228515625,114.85359954833984,118.00810241699219,156.07240295410156
431.0155944824219,114.53579711914062,121.5093002319336,156.24429321289062
434.9921875,110.98380279541016,120.37069702148438,157.9665069580078
433.6263122558594,111.53009796142578,123.31849670410156,160.7270965576172
437.67340087890625,106.53040313720703,117.50599670410156,160.07159423828125
439.43011474609375,105.6594009399414,112.71499633789062,159.1741943359375
433.96728515625,103.6187973022461,115.04759979248047,157.2834014892578
434.7868957519531,102.02909851074219,113.07360076904297,145.4705047607422
416.6346130371094,99.92980194091797,126.14320373535156,152.10659790039062
417.00860595703125,99.37770080566406,125.48419952392578,157.9199981689453
406.023193359375,96.70259857177734,128.289306640625,160.3948974609375
402.3445129394531,98.79019927978516,131.42709350585938,158.73880004882812
403.1241149902344,98.77369689941406,127.28579711914062,158.77659606933594
387.2615051269531,94.73249816894531,133.28460693359375,153.85159301757812
364.96728515625,91.94819641113281,140.73460388183594,140.19200134277344
348.61669921875,84.76439666748047,144.135498046875,135.72219848632812
343.89849853515625,80.9832992553711,146.0771026611328,143.11529541015625
315.08331298828125,76.75890350341797,159.5989990234375,142.37899780273438
313.110595703125,76.13379669189453,157.80650329589844,145.84530639648438
303.1423034667969,70.13030242919922,151.5688018798828,141.9788055419922
297.8775939941406,78.0708999633789,152.36920166015625,134.94810485839844
290.1495056152344,77.3136978149414,145.3083038330078,129.61590576171875
288.7159118652344,93.93209838867188,136.6676025390625,114.27580261230469
285.24371337890625,80.34500122070312,129.19009399414062,126.14749908447266
280.00469970703125,80.90029907226562,128.2906951904297,123.18219757080078
278.4067077636719,86.43699645996094,110.81179809570312,113.12319946289062
277.3334045410156,82.99120330810547,109.9801025390625,112.52220153808594
277.7432861328125,83.9719009399414,106.85089874267578,108.52110290527344
258.6224060058594,81.33789825439453,108.67949676513672,107.8290023803711
254.32240295410156,82.21150207519531,105.30560302734375,108.7959976196289
252.22959899902344,80.05999755859375,103.92279815673828,110.91780090332031
247.1472930908203,77.58180236816406,107.22489929199219,112.70790100097656
231.1862030029297,77.54679870605469,106.19349670410156,112.993896484375
223.45050048828125,75.18930053710938,114.04830169677734,114.23750305175781
208.58859252929688,74.73169708251953,114.58319854736328,114.08940124511719
207.993896484375,71.17639923095703,116.8302993774414,117.40480041503906
204.27049255371094,75.09239959716797,122.42949676513672,115.18489837646484
196.09339904785156,74.33509826660156,107.18949890136719,120.12920379638672
179.8553924560547,73.81680297851562,116.25679779052734,128.41200256347656
179.56190490722656,70.84439849853516,117.88580322265625,132.59539794921875
172.93460083007812,71.77980041503906,114.06670379638672,129.26010131835938
170.63229370117188,72.50599670410156,110.072998046875,127.04119873046875
164.39720153808594,69.55680084228516,108.82969665527344,126.19920349121094
171.74749755859375,74.90019989013672,97.25,120.74579620361328
166.46189880371094,73.21479797363281,104.33519744873047,120.49009704589844
163.9105987548828,76.64459991455078,99.306396484375,114.38580322265625
165.1811981201172,79.54090118408203,93.181396484375,109.60790252685547
165.2700958251953,81.07260131835938,90.46640014648438,107.7833023071289
164.91250610351562,83.410400390625,88.59629821777344,105.13770294189453
167.02239990234375,91.0114974975586,83.0073013305664,98.37999725341797
171.08929443359375,99.34960174560547,74.74009704589844,96.39800262451172
171.36289978027344,102.04180145263672,71.52799987792969,97.20179748535156
172.63589477539062,105.60179901123047,71.2782974243164,96.7437973022461
176.56210327148438,117.76180267333984,65.6448974609375,97.17520141601562
181.18060302734375,128.3520965576172,63.908199310302734,96.57039642333984
185.74330139160156,139.52630615234375,62.15679931640625,92.58760070800781
187.18080139160156,143.4268035888672,59.50559997558594,92.63069915771484
190.14169311523438,157.50990295410156,57.140899658203125,102.7739028930664
191.04010009765625,164.77369689941406,56.706298828125,98.2468032836914
184.25660705566406,164.42889404296875,63.795501708984375,97.98310089111328
174.6732940673828,184.3946990966797,71.81330108642578,80.63729858398438
166.55880737304688,196.89840698242188,79.81390380859375,74.11990356445312
171.70689392089844,202.2947998046875,73.97869873046875,68.7957992553711
148.64129638671875,213.25680541992188,94.85099792480469,61.37480163574219
152.13450622558594,214.65390014648438,92.95919799804688,62.394500732421875
150.3614959716797,221.15589904785156,92.82460021972656,58.1260986328125
149.45030212402344,219.71539306640625,98.35389709472656,58.95159912109375
151.66949462890625,218.52980041503906,88.49729919433594,52.102699279785156
148.81219482421875,218.81069946289062,90.58380126953125,53.525001525878906
153.5894012451172,215.9127960205078,87.1509017944336,48.69850158691406
165.0977020263672,187.8441925048828,89.80400085449219,53.4119987487793
169.48849487304688,183.84869384765625,94.92960357666016,50.557498931884766
179.2646942138672,171.160400390625,127.92990112304688,58.349700927734375
185.45399475097656,175.9019012451172,117.94219970703125,51.85380172729492
179.29409790039062,172.606201171875,126.13330078125,51.980899810791016
200.09219360351562,116.96610260009766,174.5778045654297,104.22480010986328
239.3007049560547,89.70439910888672,149.78379821777344,128.1728973388672
236.82200622558594,92.55079650878906,146.1842041015625,117.431396484375
263.61041259765625,85.68509674072266,127.15619659423828,121.04949951171875
294.3572082519531,72.82379913330078,120.22840118408203,113.4303970336914
342.7117919921875,78.23919677734375,105.1261978149414,90.94989776611328
341.1658935546875,77.92359924316406,105.60389709472656,90.9896011352539
339.76031494140625,79.44000244140625,108.91950225830078,90.4478988647461
370.95111083984375,82.57109832763672,95.8644027709961,83.1906967163086
389.2615966796875,84.18589782714844,85.06610107421875,91.91079711914062
389.2637939453125,90.05879974365234,92.05989837646484,94.57009887695312
407.5292053222656,106.15170288085938,82.02279663085938,93.83910369873047
411.4565124511719,110.5634994506836,80.32740020751953,94.23280334472656
421.6979064941406,125.93509674072266,71.54859924316406,99.14630126953125
421.0346984863281,131.0550994873047,71.75250244140625,92.56739807128906
421.8918151855469,144.6269073486328,65.6261978149414,85.83889770507812
432.44140625,168.0200958251953,47.89059829711914,84.13569641113281
425.0205993652344,182.9237060546875,57.62799835205078,100.29280090332031
421.44500732421875,197.46429443359375,75.12339782714844,96.6583023071289
424.6224060058594,202.31719970703125,72.9343032836914,95.25150299072266
412.26629638671875,207.09910583496094,84.4811019897461,89.4397964477539
414.25421142578125,210.06500244140625,81.25669860839844,85.14179992675781
415.5896911621094,211.75070190429688,80.393798828125,82.54319763183594
403.9690856933594,211.60169982910156,71.42839813232422,63.200599670410156
407.5089111328125,210.89540100097656,64.04810333251953,55.30580139160156
399.41461181640625,208.40609741210938,67.27140045166016,54.92070007324219
383.65008544921875,178.7274932861328,77.489501953125,77.01689910888672
378.8086853027344,178.0655059814453,80.36119842529297,71.81340026855469
352.97589111328125,133.4521942138672,95.53900146484375,106.30789947509766
352.1282043457031,130.8802947998047,92.4478988647461,104.49040222167969
348.45831298828125,93.35160064697266,73.12169647216797,122.42009735107422
338.9811096191406,99.6864013671875,80.85769653320312,110.62689971923828
330.6438903808594,74.16500091552734,76.31559753417969,109.45210266113281
329.5220031738281,63.087100982666016,81.64350128173828,119.43609619140625
324.6398010253906,59.470298767089844,69.93949890136719,97.67130279541016
326.3623046875,31.676700592041016,56.13639831542969,106.33080291748047
326.20928955078125,33.87099838256836,55.83980178833008,104.7136001586914
326.1091003417969,34.4297981262207,53.033199310302734,101.51570129394531
324.8681945800781,28.43829917907715,50.52190017700195,88.21630096435547
326.4381103515625,27.88279914855957,47.351200103759766,87.03559875488281
328.144287109375,23.230499267578125,42.21609878540039,70.8240966796875
327.47930908203125,22.500099182128906,42.9989013671875,69.63079833984375
328.0929870605469,22.709699630737305,42.50579833984375,65.67630004882812
329.9413146972656,13.653300285339355,37.95119857788086,65.72989654541016
330.3328857421875,11.973400115966797,37.303199768066406,68.5447998046875
333.7134094238281,10.413200378417969,35.12519836425781,67.62920379638672
332.3351135253906,10.249300003051758,37.38090133666992,72.56069946289062
330.1614990234375,9.59570026397705,40.3672981262207,79.71739959716797
332.50579833984375,9.420599937438965,42.79970169067383,76.65869903564453
340.9359130859375,20.192800521850586,42.92720031738281,73.75370025634766
344.164794921875,16.803199768066406,42.576900482177734,72.64569854736328
347.59698486328125,29.257699966430664,46.96310043334961,68.17379760742188
348.215087890625,30.075599670410156,39.48109817504883,61.8125
351.8487854003906,41.29560089111328,37.18230056762695,54.51150131225586
351.930908203125,41.48379898071289,36.16429901123047,56.86410140991211
351.1474914550781,41.1708984375,37.14609909057617,55.2932014465332
350.55718994140625,49.35850143432617,36.725799560546875,47.36259841918945
340.5473937988281,57.077301025390625,51.671199798583984,40.26639938354492
345.0975036621094,57.31290054321289,46.03820037841797,40.08190155029297
333.3727111816406,62.78239822387695,57.357601165771484,45.35100173950195
321.1217041015625,63.54719924926758,69.69709777832031,56.26580047607422
317.1629943847656,71.19270324707031,71.32270050048828,58.60820007324219
316.44580078125,71.26580047607422,68.71430206298828,65.1603012084961
325.6164855957031,77.88569641113281,46.55229949951172,65.63909912109375
319.8197937011719,76.3292007446289,65.69670104980469,66.68160247802734
335.21728515625,80.95659637451172,51.1349983215332,45.208900451660156
342.4190979003906,81.668701171875,40.165401458740234,28.119400024414062
342.43011474609375,82.05940246582031,40.12730026245117,23.502300262451172
341.6831970214844,79.38719940185547,41.55160140991211,28.61090087890625
343.4377136230469,79.00160217285156,40.726200103759766,30.88479995727539
341.5127868652344,78.52300262451172,42.63460159301758,31.709699630737305
340.6758117675781,77.31909942626953,49.43629837036133,55.99169921875
340.443115234375,76.7052993774414,52.51319885253906,63.29779815673828
342.77569580078125,77.43579864501953,53.61629867553711,66.53050231933594
343.627197265625,77.92410278320312,54.45029830932617,63.864200592041016
342.8966064453125,77.25630187988281,54.27859878540039,63.1416015625
343.18829345703125,78.72699737548828,55.87879943847656,64.09030151367188
344.4534912109375,77.43830108642578,55.012001037597656,66.43460083007812
344.1991882324219,77.42410278320312,53.036598205566406,66.67890167236328
344.74578857421875,77.28230285644531,53.602500915527344,66.39910125732422
344.7077941894531,77.44159698486328,53.54079818725586,67.09649658203125
346.4259033203125,77.03199768066406,52.99610137939453,68.15560150146484
347.28948974609375,76.74009704589844,50.88819885253906,67.81780242919922
348.35430908203125,77.66300201416016,51.43239974975586,68.68990325927734
347.4820861816406,76.37210083007812,49.32830047607422,66.92649841308594
348.4726867675781,77.05329895019531,49.25669860839844,65.25330352783203
288.840087890625,50.28960037231445,133.5614013671875,97.10769653320312
344.6289978027344,76.28589630126953,43.60390090942383,56.68109893798828
345.4414978027344,77.19529724121094,50.99549865722656,69.67479705810547
349.823486328125,77.27369689941406,48.62300109863281,66.49449920654297
351.8210144042969,77.03340148925781,48.003700256347656,67.30789947509766
353.0232849121094,77.50679779052734,47.196800231933594,68.0344009399414
351.0382080078125,78.29660034179688,46.97800064086914,67.87149810791016
348.50250244140625,78.55110168457031,50.94089889526367,66.71389770507812
351.79840087890625,77.56390380859375,48.65829849243164,68.51380157470703
354.0943908691406,77.7083969116211,44.76250076293945,66.98079681396484
353.9556884765625,78.36900329589844,46.322898864746094,67.26200103759766
350.2727966308594,77.9561996459961,49.846099853515625,63.39929962158203
353.9565124511719,77.50800323486328,45.859100341796875,65.24669647216797
355.03509521484375,78.09480285644531,44.715599060058594,62.56380081176758
354.5050048828125,78.97360229492188,44.56560134887695,61.880001068115234
358.30609130859375,77.74259948730469,40.735198974609375,61.40729904174805
358.614501953125,76.63529968261719,38.81990051269531,62.320098876953125
356.22540283203125,77.56929779052734,39.76620101928711,61.85139846801758
359.6329040527344,77.12899780273438,38.38629913330078,60.897098541259766
337.218505859375,92.0792007446289,60.297000885009766,43.37620162963867
334.8080139160156,93.20780181884766,62.11040115356445,41.62620162963867
334.027587890625,93.50460052490234,59.62110137939453,36.81399917602539
333.8670959472656,88.28710174560547,30.028799057006836,44.81639862060547
334.80389404296875,89.70480346679688,29.472000122070312,44.854000091552734
334.0506896972656,83.9655990600586,35.5166015625,52.44279861450195
334.26611328125,84.10980224609375,38.1327018737793,53.211700439453125
334.48760986328125,80.73390197753906,42.256500244140625,60.21590042114258
333.7965087890625,80.41889953613281,41.963600158691406,57.45930099487305
335.439697265625,75.59760284423828,45.63669967651367,63.51860046386719
334.70318603515625,78.17749786376953,48.84980010986328,64.2145004272461
332.5531005859375,75.3563003540039,54.436798095703125,71.01429748535156
334.8244934082031,76.13330078125,50.359100341796875,68.17449951171875
332.2322082519531,73.47209930419922,54.265499114990234,67.79080200195312
334.2857971191406,75.00430297851562,53.058998107910156,67.66519927978516
332.7247009277344,74.83540344238281,52.73680114746094,73.02420043945312
334.1971130371094,70.49629974365234,58.569801330566406,68.76339721679688
334.1106872558594,76.8093032836914,53.039798736572266,68.74009704589844
333.56298828125,73.06739807128906,53.98759841918945,69.01969909667969
335.01611328125,75.4634017944336,51.105499267578125,71.42359924316406
333.785888671875,74.47250366210938,50.9208984375,67.11389923095703
333.9263000488281,75.09729766845703,51.895599365234375,62.90299987792969
334.89898681640625,75.8667984008789,49.6974983215332,64.00060272216797
333.6282043457031,74.1884994506836,54.05670166015625,64.07759857177734
334.6664123535156,75.9469985961914,48.37580108642578,66.42990112304688
336.4544982910156,74.62030029296875,54.415401458740234,76.9666976928711
344.8717956542969,68.49250030517578,50.89400100708008,88.10009765625
352.1864929199219,68.72969818115234,54.78459930419922,87.04239654541016
343.86029052734375,67.0779037475586,63.99610137939453,84.88009643554688
333.2091064453125,76.34829711914062,45.8025016784668,68.06279754638672
330.73779296875,0.923799991607666,135.0570068359375,168.0904998779297
342.1653137207031,43.8224983215332,84.5020980834961,112.58540344238281
346.8609924316406,50.77399826049805,71.0519027709961,101.86730194091797
340.0730895996094,50.422401428222656,82.86540222167969,102.58190155029297
340.46270751953125,57.166099548339844,76.86109924316406,95.18119812011719
334.23760986328125,77.42430114746094,63.90909957885742,73.27429962158203
332.71978759765625,75.8281021118164,68.45950317382812,78.35649871826172
335.5369873046875,73.85980224609375,65.11329650878906,81.54170227050781
339.90301513671875,70.2947006225586,66.9613037109375,84.4469985961914
385.0083923339844,51.50619888305664,57.927101135253906,83.88420104980469
398.8348083496094,43.92190170288086,57.71910095214844,69.20230102539062
383.4461975097656,0.0,150.22109985351562,134.047607421875
266.7441101074219,0.0,213.4730987548828,248.0467071533203
314.1153869628906,74.57879638671875,99.92330169677734,96.67489624023438
