1
509.6221008300781,210.3419952392578,53.53519821166992,40.53630065917969
507.0867004394531,210.89320373535156,53.29600143432617,40.22829818725586
504.341796875,209.7357940673828,52.40760040283203,41.375999450683594
501.81640625,208.56939697265625,54.40439987182617,42.96670150756836
498.189697265625,209.70689392089844,54.09379959106445,42.747398376464844
495.6944885253906,209.17909240722656,53.717098236083984,42.88410186767578
492.23858642578125,209.69189453125,56.01620101928711,43.47650146484375
489.73980712890625,211.8271026611328,53.91279983520508,42.66510009765625
486.55108642578125,211.1387939453125,54.5984001159668,43.26860046386719
484.0024108886719,211.70449829101562,55.348201751708984,43.33380126953125
480.1836853027344,211.46969604492188,54.576900482177734,44.379600524902344
477.1393127441406,210.75579833984375,55.32600021362305,45.35329818725586
474.627685546875,210.54310607910156,55.53150177001953,46.40299987792969
471.3446960449219,210.11509704589844,56.06050109863281,47.35580062866211
467.9508972167969,211.8784942626953,55.31829833984375,46.971099853515625
464.47918701171875,211.22760009765625,56.35110092163086,48.87730026245117
461.3879089355469,210.41610717773438,56.68939971923828,48.777400970458984
458.6164855957031,210.6156005859375,57.484100341796875,50.24409866333008
455.57489013671875,211.30419921875,56.62889862060547,48.924198150634766
453.005615234375,210.8968048095703,57.04930114746094,50.6974983215332
449.8004150390625,210.82179260253906,57.8135986328125,51.06119918823242
447.5470886230469,211.34959411621094,58.070499420166016,50.96849822998047
445.0166931152344,208.7451934814453,58.0640983581543,51.82569885253906
442.8992919921875,208.5803985595703,58.570098876953125,52.42919921875
440.67889404296875,207.53460693359375,59.230201721191406,53.61009979248047
438.5244140625,207.98500061035156,59.61980056762695,53.819400787353516
436.4690856933594,208.87269592285156,58.15599822998047,52.88779830932617
433.727294921875,207.71490478515625,59.56700134277344,53.81159973144531
432.43121337890625,208.21510314941406,58.661399841308594,53.640499114990234
430.4453125,206.59779357910156,58.91740036010742,54.81039810180664
428.0,207.6833953857422,58.52669906616211,54.36640167236328
426.0653076171875,206.68179321289062,58.11249923706055,55.3390998840332
424.0940856933594,207.08399963378906,57.34159851074219,55.109901428222656
422.2297058105469,206.4152069091797,56.97650146484375,56.419898986816406
420.65008544921875,205.4355010986328,56.575801849365234,57.6776008605957
418.35931396484375,206.17030334472656,56.45389938354492,56.51839828491211
415.74578857421875,205.2126007080078,55.765899658203125,58.37300109863281
414.3666076660156,206.17140197753906,54.92279815673828,56.641700744628906
411.90948486328125,205.45449829101562,54.61050033569336,58.07109832763672
410.42669677734375,207.46429443359375,53.60110092163086,56.56060028076172
407.04229736328125,204.88429260253906,54.46860122680664,58.97100067138672
405.3096008300781,207.1009063720703,52.77539825439453,56.95009994506836
402.5934143066406,204.9481964111328,53.53419876098633,58.29240036010742
400.940185546875,206.25180053710938,53.13180160522461,57.4098014831543
398.56658935546875,205.57899475097656,52.70989990234375,58.754600524902344
397.2810974121094,206.31100463867188,51.7599983215332,58.01810073852539
395.06280517578125,205.5395965576172,50.902198791503906,58.24489974975586
391.47320556640625,204.747802734375,50.65629959106445,57.87009811401367
389.2860107421875,205.9248046875,51.153099060058594,57.01340103149414
386.78070068359375,204.77310180664062,50.62919998168945,57.658599853515625
383.3074951171875,205.71319580078125,50.39569854736328,57.21659851074219
380.83758544921875,204.50669860839844,50.089900970458984,57.753700256347656
378.4414978027344,206.08619689941406,49.447200775146484,57.01689910888672
375.0409851074219,205.20840454101562,49.577301025390625,57.382598876953125
372.6769104003906,205.25779724121094,49.07680130004883,57.12779998779297
371.02630615234375,205.0207977294922,48.088199615478516,57.2218017578125
368.3568115234375,204.85740661621094,47.845298767089844,57.09809875488281
366.06549072265625,206.42349243164062,47.24810028076172,56.44850158691406
363.4154968261719,205.57699584960938,47.02880096435547,56.644100189208984
361.1333923339844,206.36570739746094,47.16960144042969,56.25740051269531
358.787109375,205.773193359375,46.3119010925293,56.67720031738281
356.3251953125,205.4698028564453,46.85150146484375,56.785400390625
353.64569091796875,206.5605926513672,47.10300064086914,56.747398376464844
351.2054138183594,206.36070251464844,46.303199768066406,56.90739822387695
350.0596923828125,205.90130615234375,46.1067008972168,56.45479965209961
347.2500915527344,205.5258026123047,46.54130172729492,56.811100006103516
344.9480895996094,205.6024932861328,46.59080123901367,56.90840148925781
343.19140625,205.75030517578125,46.92470169067383,56.62670135498047
342.28839111328125,205.24049377441406,45.40650177001953,55.79090118408203
339.6636962890625,206.2353973388672,45.9734001159668,55.66350173950195
339.052490234375,205.16409301757812,44.251399993896484,55.1692008972168
337.28900146484375,205.63760375976562,43.733299255371094,54.57099914550781
335.7799072265625,206.27609252929688,43.40840148925781,53.87419891357422
335.39739990234375,206.6873016357422,42.29999923706055,53.20899963378906
333.2759094238281,206.6092987060547,42.06639862060547,52.625099182128906
332.49261474609375,206.8242950439453,41.39789962768555,52.62519836425781
331.21978759765625,205.7548065185547,41.26169967651367,52.7588996887207
330.6322021484375,205.82699584960938,41.46879959106445,53.06100082397461
329.5082092285156,207.0063934326172,42.02920150756836,52.47460174560547
327.9635009765625,207.0579071044922,41.91120147705078,52.69580078125
327.64990234375,207.1446990966797,41.66389846801758,53.50320053100586
326.8357849121094,207.01109313964844,41.72060012817383,54.144100189208984
326.1700134277344,206.6573944091797,41.923099517822266,53.92100143432617
325.11810302734375,207.78729248046875,42.20709991455078,53.5077018737793
324.3086853027344,207.5634002685547,42.40359878540039,54.47330093383789
323.8287048339844,208.4989013671875,42.72100067138672,54.14500045776367
323.2229919433594,207.8123016357422,42.770599365234375,54.88959884643555
322.6329040527344,208.6071014404297,42.74570083618164,54.48139953613281
323.1630859375,207.8083953857422,42.49470138549805,54.82870101928711
323.1536865234375,208.44960021972656,43.10639953613281,54.7130012512207
323.42449951171875,208.0478057861328,42.9364013671875,55.111000061035156
323.7135925292969,207.38009643554688,42.98270034790039,55.247798919677734
323.1365966796875,206.060302734375,43.50450134277344,56.14979934692383
323.95721435546875,207.40370178222656,43.402801513671875,55.27259826660156
324.3819885253906,206.31170654296875,43.52909851074219,56.106201171875
325.27398681640625,206.289794921875,44.11159896850586,56.08610153198242
325.86871337890625,204.89979553222656,44.281898498535156,56.46220016479492
326.2345886230469,204.4102020263672,44.37160110473633,56.25230026245117
328.48809814453125,204.42080688476562,44.178199768066406,56.06050109863281
328.46038818359375,204.6049041748047,44.2328987121582,56.8672981262207
329.5089111328125,203.59359741210938,44.660099029541016,56.88800048828125
329.9201965332031,203.4416961669922,45.08369827270508,57.294498443603516
331.173095703125,204.0655975341797,45.38800048828125,56.4093017578125
332.35479736328125,203.4770050048828,45.07809829711914,56.727901458740234
333.0979919433594,204.11270141601562,45.15650177001953,56.505699157714844
333.7286071777344,202.6197967529297,45.20119857788086,57.79880142211914
335.21978759765625,203.15159606933594,43.807498931884766,57.37779998779297
335.1824951171875,202.76449584960938,44.35639953613281,58.01679992675781
335.669189453125,202.87449645996094,45.06460189819336,57.66659927368164
336.82720947265625,201.89059448242188,44.94919967651367,58.5718994140625
338.3463134765625,202.7523956298828,44.59560012817383,57.932899475097656
338.37750244140625,201.6558074951172,44.47959899902344,58.66120147705078
340.1531982421875,203.80230712890625,43.775901794433594,56.86370086669922
340.5126953125,202.21279907226562,44.00320053100586,58.48619842529297
341.2825012207031,202.51119995117188,43.70069885253906,58.09489822387695
341.2196960449219,202.1508026123047,44.53010177612305,57.93360137939453
342.7113952636719,203.8533935546875,44.16780090332031,56.702301025390625
343.49481201171875,202.3123016357422,43.952999114990234,58.15729904174805
344.33349609375,202.8249969482422,43.719600677490234,57.759498596191406
345.6796875,202.8852996826172,43.707000732421875,56.84809875488281
346.3529052734375,204.1125946044922,43.3224983215332,56.09450149536133
347.6054992675781,204.16720581054688,43.774200439453125,56.100399017333984
349.0935974121094,204.06419372558594,43.569000244140625,55.88990020751953
350.19989013671875,204.6237030029297,44.00749969482422,56.05379867553711
351.5120849609375,205.22900390625,43.53609848022461,55.35210037231445
353.0714111328125,205.71209716796875,43.63090133666992,55.33190155029297
355.56219482421875,204.9777069091797,43.29560089111328,55.73619842529297
356.5602111816406,205.95159912109375,43.082801818847656,55.47700119018555
358.82000732421875,205.0612030029297,42.939998626708984,55.359901428222656
360.1611022949219,205.75230407714844,43.3302001953125,55.244300842285156
361.1357116699219,206.67959594726562,43.44089889526367,55.1422004699707
363.3275146484375,206.0408935546875,42.90299987792969,55.34270095825195
365.92041015625,206.64120483398438,42.45869827270508,54.784698486328125
367.27398681640625,205.24490356445312,42.30110168457031,55.55059814453125
369.8363952636719,206.8820037841797,42.24720001220703,54.48929977416992
371.0461120605469,206.92799377441406,42.816898345947266,54.96260070800781
373.50909423828125,206.55039978027344,42.23870086669922,55.0724983215332
375.7668151855469,206.41470336914062,42.31520080566406,55.11040115356445
378.0425109863281,207.35450744628906,42.0546989440918,54.27539825439453
380.8608093261719,208.21510314941406,41.78889846801758,53.850101470947266
382.73858642578125,207.3614959716797,41.5989990234375,54.780399322509766
385.6534118652344,208.29690551757812,41.657901763916016,53.70330047607422
388.5787048339844,207.23519897460938,41.54930114746094,54.45819854736328
390.7244873046875,206.90440368652344,41.39889907836914,54.66600036621094
393.9136962890625,205.80160522460938,41.158199310302734,55.16640090942383
396.69781494140625,206.25680541992188,41.57820129394531,54.80339813232422
399.6418151855469,205.83740234375,41.68159866333008,54.890899658203125
403.13629150390625,206.19219970703125,41.93519973754883,54.73400115966797
406.2959899902344,204.53590393066406,41.59659957885742,54.95000076293945
409.573486328125,205.79229736328125,41.697200775146484,54.08169937133789
412.8717956542969,204.7982940673828,41.96030044555664,54.44649887084961
415.873291015625,205.50320434570312,41.572898864746094,53.801700592041016
419.3052062988281,205.24159240722656,41.61249923706055,54.045101165771484
423.0790100097656,204.63609313964844,41.35340118408203,54.368900299072266
426.2510986328125,203.3415985107422,41.427799224853516,54.83720016479492
430.1282043457031,204.04119873046875,41.510501861572266,54.92729949951172
433.0775146484375,202.6324005126953,41.309898376464844,55.04859924316406
435.940185546875,202.22219848632812,41.225399017333984,54.7681999206543
438.6130065917969,202.968994140625,40.73400115966797,53.91960144042969
440.7414855957031,201.80999755859375,40.84360122680664,54.26070022583008
442.7832946777344,202.95550537109375,41.08359909057617,53.561500549316406
445.41229248046875,201.3054962158203,41.04560089111328,54.54800033569336
446.8976135253906,201.73489379882812,41.367401123046875,54.05400085449219
448.4992980957031,201.66140747070312,40.987300872802734,54.24580001831055
450.9949951171875,201.96200561523438,41.02840042114258,53.817501068115234
452.065185546875,200.57029724121094,40.87710189819336,54.89289855957031
452.9977111816406,201.1072998046875,41.3650016784668,53.98379898071289
454.5421142578125,200.4683074951172,41.346500396728516,54.359100341796875
456.53851318359375,199.5487060546875,41.28129959106445,55.032798767089844
456.93121337890625,199.07220458984375,41.726200103759766,54.70560073852539
457.89129638671875,200.5426025390625,42.11289978027344,53.378501892089844
459.7658996582031,199.74560546875,41.50090026855469,54.82550048828125
460.7593994140625,198.77720642089844,41.50360107421875,54.88370132446289
461.6195983886719,198.99530029296875,41.79280090332031,54.67649841308594
462.339111328125,199.5865936279297,41.5078010559082,54.438499450683594
462.8490905761719,199.1385040283203,41.38650131225586,54.93050003051758
463.7690124511719,198.64990234375,41.46780014038086,55.32899856567383
463.8883056640625,198.59100341796875,41.60390090942383,55.10900115966797
464.6311950683594,198.10159301757812,41.386199951171875,55.03810119628906
465.1809997558594,198.53599548339844,41.21730041503906,54.73640060424805
465.2515869140625,197.8762969970703,41.49190139770508,55.13479995727539
466.03228759765625,198.656494140625,41.148101806640625,54.43080139160156
465.5910949707031,197.31610107421875,41.54890060424805,55.205299377441406
466.6896057128906,198.0247039794922,41.15480041503906,54.5171012878418
466.4176025390625,198.28660583496094,41.80780029296875,54.68069839477539
466.7709045410156,197.03509521484375,41.39609909057617,55.33829879760742
467.1918029785156,197.6916046142578,41.36320114135742,54.7932014465332
467.1542053222656,197.2147979736328,41.51839828491211,54.929901123046875
466.72711181640625,197.48809814453125,41.668800354003906,54.42539978027344
466.9755859375,198.47970581054688,41.44390106201172,54.2041015625
466.33709716796875,196.91690063476562,41.79309844970703,54.84000015258789
467.3998107910156,198.70379638671875,40.85279846191406,53.560699462890625
466.86199951171875,197.96409606933594,41.41910171508789,54.65060043334961
467.065185546875,197.23849487304688,41.121498107910156,54.85020065307617
466.29620361328125,197.143798828125,41.96979904174805,54.85599899291992
467.03240966796875,197.16749572753906,41.38140106201172,54.394798278808594
466.6690979003906,198.49949645996094,41.29460144042969,53.86000061035156
466.5086975097656,196.9575958251953,41.643699645996094,55.426700592041016
466.9237060546875,198.06260681152344,41.3302001953125,54.441200256347656
466.62420654296875,197.5500030517578,41.647098541259766,54.94860076904297
467.614990234375,197.28289794921875,40.9822998046875,54.952301025390625
467.31878662109375,196.60740661621094,41.57550048828125,55.3317985534668
467.4939880371094,198.14390563964844,41.180301666259766,54.014801025390625
466.5863037109375,196.5655975341797,41.86280059814453,54.726200103759766
466.855712890625,197.69900512695312,41.299598693847656,54.04169845581055
467.37078857421875,197.3968963623047,41.1702995300293,54.47019958496094
467.1496887207031,196.41200256347656,41.39870071411133,54.874000549316406
467.8169860839844,198.09979248046875,40.881900787353516,53.877498626708984
467.49249267578125,196.7052001953125,41.2151985168457,54.722801208496094
467.37451171875,197.46560668945312,41.36029815673828,54.110801696777344
467.4425048828125,196.43370056152344,41.21260070800781,54.73649978637695
467.4693908691406,197.82940673828125,41.26210021972656,53.76839828491211
467.28399658203125,197.94639587402344,41.08720016479492,54.113399505615234
467.444091796875,196.7758026123047,41.645301818847656,54.841800689697266
467.9294128417969,198.3845977783203,41.19649887084961,53.86090087890625
467.43121337890625,197.13209533691406,41.42369842529297,54.64189910888672
467.3573913574219,197.99729919433594,41.203800201416016,53.888099670410156
468.2200927734375,197.977294921875,40.86289978027344,54.55419921875
467.81689453125,196.9355010986328,41.13840103149414,54.77920150756836
468.1351013183594,198.36900329589844,40.907798767089844,53.88990020751953
467.4941101074219,197.97669982910156,41.12289810180664,54.35449981689453
467.64300537109375,198.15179443359375,41.158199310302734,54.43730163574219
467.3140869140625,198.24070739746094,41.51219940185547,54.441200256347656
467.0963134765625,197.74490356445312,41.315799713134766,55.00979995727539
467.52398681640625,197.9066925048828,41.1349983215332,54.554500579833984
467.0826110839844,198.7635040283203,41.515899658203125,54.4989013671875
467.19110107421875,197.85659790039062,41.43149948120117,55.07749938964844
466.80108642578125,199.22109985351562,41.45709991455078,54.332698822021484
466.1875,199.30389404296875,41.49129867553711,54.554500579833984
466.61029052734375,199.2165069580078,41.65639877319336,54.31529998779297
466.1344909667969,198.8502960205078,41.504798889160156,54.76940155029297
466.5826110839844,198.85890197753906,41.336299896240234,54.42850112915039
466.20001220703125,199.5706024169922,41.32789993286133,54.02799987792969
465.6413879394531,198.58560180664062,41.74209976196289,55.095298767089844
465.414306640625,199.56759643554688,41.44300079345703,54.5797004699707
465.8092041015625,199.7382049560547,41.18470001220703,55.15019989013672
465.7450866699219,199.06610107421875,41.7588996887207,55.6614990234375
465.58221435546875,199.78399658203125,42.22129821777344,55.530601501464844
464.9305114746094,198.05859375,42.62519836425781,55.87990188598633
465.2974853515625,198.49159240722656,43.35919952392578,56.02330017089844
464.80499267578125,197.72349548339844,43.2661018371582,56.07170104980469
465.0570068359375,197.918701171875,43.850101470947266,55.794700622558594
464.2538146972656,197.80050659179688,43.695899963378906,55.609901428222656
464.220703125,197.4593048095703,44.187801361083984,55.41120147705078
463.8005065917969,198.45550537109375,44.51919937133789,54.57490158081055
463.93328857421875,197.85130310058594,44.15290069580078,54.17070007324219
463.2579040527344,198.885498046875,44.7140998840332,53.69710159301758
463.4761962890625,199.32479858398438,44.47309875488281,53.38249969482422
463.89898681640625,198.89100646972656,44.38290023803711,53.058799743652344
463.148193359375,199.9438018798828,44.833900451660156,53.38209915161133
463.78680419921875,200.09449768066406,44.1885986328125,52.64979934692383
465.08880615234375,201.37600708007812,43.25709915161133,50.78110122680664
465.3075866699219,201.5102996826172,43.392601013183594,51.3474006652832
465.6370849609375,201.7530975341797,43.17509841918945,51.41529846191406
466.614013671875,202.54330444335938,42.32630157470703,50.132301330566406
467.472900390625,202.60499572753906,42.19419860839844,50.33089828491211
467.5050964355469,202.468505859375,42.660499572753906,51.6879997253418
467.1744079589844,202.42210388183594,42.98630142211914,50.96269989013672
466.8244934082031,202.20899963378906,43.20280075073242,51.66320037841797
467.58428955078125,202.18519592285156,42.584999084472656,49.9541015625
468.4913024902344,202.4763946533203,41.66170120239258,49.874298095703125
468.343994140625,203.32569885253906,41.40420150756836,48.27619934082031
467.60870361328125,203.6947021484375,42.025001525878906,49.06380081176758
467.5968017578125,204.7032928466797,42.23720169067383,46.700401306152344
467.94000244140625,205.22000122070312,42.20899963378906,45.217498779296875
467.50439453125,206.91969299316406,42.5004997253418,43.33110046386719
467.5599060058594,206.62319946289062,42.941898345947266,42.67290115356445
467.4281921386719,207.59640502929688,42.935298919677734,43.01599884033203
467.33758544921875,207.9084930419922,43.9640998840332,41.634700775146484
467.1213073730469,208.29220581054688,44.205501556396484,40.57170104980469
466.123291015625,208.49659729003906,45.900699615478516,40.565399169921875
465.05010986328125,209.5948944091797,46.21480178833008,41.04079818725586
464.5259094238281,209.69650268554688,47.19179916381836,40.43280029296875
464.65899658203125,210.75759887695312,47.03350067138672,39.762699127197266
463.9093933105469,211.1118927001953,47.81919860839844,39.071998596191406
464.364013671875,211.43130493164062,47.86830139160156,38.480098724365234
463.57550048828125,211.7467041015625,48.76210021972656,37.42359924316406
463.8280944824219,212.73390197753906,48.81760025024414,37.007198333740234
462.6890869140625,212.69810485839844,49.07210159301758,38.37990188598633
463.3861999511719,213.52999877929688,47.84489822387695,37.12409973144531
463.2117004394531,213.71170043945312,47.043399810791016,36.79710006713867
464.466796875,214.9477996826172,45.5265998840332,33.562400817871094
463.9079895019531,216.26080322265625,45.28919982910156,34.465999603271484
464.45928955078125,216.76939392089844,43.672698974609375,30.14780044555664
464.7915954589844,217.16070556640625,43.28670120239258,28.529499053955078
464.4480895996094,217.306396484375,42.471099853515625,27.449399948120117
464.72589111328125,216.9250030517578,42.17470169067383,26.724599838256836
464.5779113769531,216.68479919433594,42.30939865112305,27.976900100708008
463.8550109863281,216.95660400390625,42.26020050048828,28.75790023803711
464.1239013671875,217.42880249023438,42.36399841308594,29.01930046081543
464.13958740234375,217.94500732421875,42.770198822021484,25.821500778198242
464.5003967285156,217.718505859375,42.94110107421875,29.591699600219727
464.7875061035156,217.41949462890625,43.94049835205078,29.195100784301758
464.1039123535156,217.21890258789062,44.324798583984375,29.419599533081055
464.4820861816406,217.41400146484375,44.09080123901367,29.006799697875977
463.9335021972656,216.66720581054688,44.32659912109375,28.046899795532227
464.4215087890625,215.7335968017578,44.61180114746094,27.547399520874023
464.63018798828125,215.62319946289062,44.339298248291016,29.508499145507812
464.7825927734375,216.03900146484375,45.023799896240234,27.79990005493164
465.2489929199219,216.0236053466797,44.43629837036133,26.97089958190918
465.1112976074219,215.93260192871094,44.64569854736328,27.068199157714844
465.6310119628906,216.3614044189453,44.941200256347656,27.84079933166504
465.13690185546875,216.5399932861328,46.10810089111328,25.946399688720703
465.0331115722656,216.05859375,46.283599853515625,25.863800048828125
464.8576965332031,216.6844940185547,46.27560043334961,25.893800735473633
465.643310546875,216.0200958251953,45.795799255371094,26.986400604248047
465.62451171875,215.53729248046875,45.68899917602539,27.25029945373535
465.8316955566406,215.27059936523438,46.883201599121094,28.0226993560791
463.3727111816406,215.00660705566406,49.36859893798828,26.382200241088867
464.6241149902344,213.53810119628906,49.0536003112793,26.154600143432617
464.50970458984375,210.5605010986328,49.42829895019531,25.615699768066406
466.15899658203125,208.86720275878906,47.01689910888672,26.569299697875977
466.1637878417969,208.0677032470703,45.551700592041016,26.567899703979492
465.9945068359375,207.2998046875,45.63169860839844,26.60260009765625
465.7703857421875,206.0531005859375,44.96969985961914,27.547100067138672
465.01251220703125,206.2198028564453,45.43389892578125,27.658300399780273
464.96710205078125,205.61810302734375,45.39860153198242,26.129499435424805
464.8670959472656,204.89120483398438,45.15340042114258,26.25909996032715
464.9820861816406,204.84120178222656,45.30440139770508,26.91900062561035
465.1401062011719,205.35150146484375,44.668701171875,23.600400924682617
465.40380859375,204.5312042236328,44.96839904785156,22.243099212646484
465.2633056640625,204.8936004638672,44.932498931884766,34.24570083618164
465.5907897949219,203.5384063720703,44.566001892089844,37.38779830932617
464.6099853515625,204.4293975830078,45.435001373291016,37.49679946899414
465.04779052734375,203.52830505371094,45.13850021362305,38.525001525878906
464.71258544921875,202.89370727539062,45.82339859008789,39.695499420166016
464.48370361328125,202.8115997314453,46.52130126953125,39.93519973754883
464.25830078125,202.55369567871094,46.44430160522461,40.724300384521484
464.1619873046875,201.06129455566406,46.85089874267578,41.3745002746582
464.560302734375,202.38160705566406,45.75149917602539,40.930301666259766
464.3161926269531,200.0384979248047,46.05509948730469,42.39070129394531
464.7090148925781,201.21429443359375,44.79240036010742,42.16619873046875
463.9497985839844,199.6544952392578,45.983299255371094,42.967899322509766
464.85931396484375,199.5933074951172,44.09280014038086,43.957298278808594
464.96820068359375,198.38079833984375,44.179298400878906,45.60060119628906
463.693603515625,198.7277069091797,43.637699127197266,45.50360107421875
464.877685546875,197.69659423828125,43.66960144042969,45.952999114990234
463.97930908203125,197.2227020263672,42.41019821166992,47.21609878540039
464.1687927246094,197.26319885253906,42.619598388671875,47.18669891357422
465.873291015625,196.22509765625,42.19070053100586,47.45640182495117
466.5790100097656,199.05299377441406,39.563201904296875,46.30580139160156
465.9267883300781,196.44529724121094,39.199798583984375,47.76179885864258
465.21270751953125,196.2032928466797,40.20439910888672,48.98030090332031
467.5216979980469,194.90359497070312,38.56010055541992,48.810001373291016
467.1736145019531,199.14370727539062,36.971900939941406,45.636600494384766
466.4696960449219,195.22650146484375,39.493099212646484,49.58449935913086
466.6413879394531,193.2465057373047,40.075401306152344,51.518699645996094
466.7296142578125,193.4980010986328,38.329200744628906,51.74259948730469
466.8570861816406,192.4821014404297,40.059200286865234,52.42900085449219
467.10009765625,192.12930297851562,37.644500732421875,51.78839874267578
467.51568603515625,191.56979370117188,39.42070007324219,52.39149856567383
467.72479248046875,191.1580047607422,37.817298889160156,52.39189910888672
468.0809020996094,190.94320678710938,38.801700592041016,53.962100982666016
468.7406921386719,190.8050994873047,38.67490005493164,52.91339874267578
468.15899658203125,190.09339904785156,37.30970001220703,54.13990020751953
469.2793884277344,190.7429962158203,37.720699310302734,54.34489822387695
470.4822998046875,189.81910705566406,35.122798919677734,54.48820114135742
469.5498962402344,188.92889404296875,37.13779830932617,55.37099838256836
470.60040283203125,188.54100036621094,34.71289825439453,55.03969955444336
471.3210144042969,188.52029418945312,36.191001892089844,54.79909896850586
469.85589599609375,188.55999755859375,33.66310119628906,55.274898529052734
470.6622009277344,187.1208953857422,36.62379837036133,55.94540023803711
470.3778076171875,187.94400024414062,31.71780014038086,55.20989990234375
470.0091857910156,185.79379272460938,35.07040023803711,56.47740173339844
470.0929870605469,186.7115936279297,36.672401428222656,55.44649887084961
469.9779052734375,187.18930053710938,33.23979949951172,54.89950180053711
469.7901916503906,186.73939514160156,36.846500396728516,55.4734001159668
469.62701416015625,186.74209594726562,32.11830139160156,54.753501892089844
468.5978088378906,186.19189453125,35.85309982299805,55.15959930419922
469.26690673828125,186.08909606933594,34.734100341796875,54.34600067138672
468.5238037109375,186.2512969970703,37.025901794433594,54.6598014831543
469.49481201171875,185.0758056640625,35.33789825439453,54.41130065917969
469.9585876464844,185.89559936523438,34.302101135253906,54.17789840698242
468.4336853027344,185.99609375,35.31660079956055,53.510398864746094
469.5367126464844,185.39990234375,33.70109939575195,53.411598205566406
467.5981140136719,185.63870239257812,37.76599884033203,53.330501556396484
467.9119873046875,185.33059692382812,37.41109848022461,53.52640151977539
465.94171142578125,184.9364013671875,37.85300064086914,53.04869842529297
466.1431884765625,185.12579345703125,38.46260070800781,54.42279815673828
467.94158935546875,185.07040405273438,36.49449920654297,53.946800231933594
466.6488037109375,185.39199829101562,37.60419845581055,53.175201416015625
467.4075012207031,185.73739624023438,36.793701171875,54.525699615478516
467.3971862792969,185.4553985595703,36.80160140991211,53.37730026245117
466.0606994628906,185.50860595703125,38.17729949951172,52.98310089111328
468.21270751953125,184.6519012451172,37.09640121459961,53.96699905395508
469.7424011230469,185.77330017089844,34.04029846191406,53.0015983581543
469.4678955078125,185.97030639648438,34.224300384521484,52.84199905395508
470.419189453125,185.8686065673828,33.03779983520508,52.722801208496094
470.7835998535156,185.35719299316406,32.186798095703125,52.85649871826172
470.5736083984375,185.9217987060547,33.199501037597656,52.250999450683594
470.3111877441406,185.2574005126953,30.935300827026367,52.402000427246094
470.2171936035156,185.68240356445312,31.91160011291504,52.849098205566406
470.45208740234375,185.33790588378906,31.95949935913086,52.25279998779297
470.8684997558594,185.61830139160156,32.082298278808594,52.54399871826172
471.065185546875,186.14039611816406,32.30329895019531,52.085899353027344
468.9986877441406,185.50399780273438,33.56050109863281,52.12379837036133
470.0784912109375,184.96800231933594,32.64400100708008,52.84239959716797
469.4523010253906,185.9803924560547,32.89139938354492,52.120601654052734
469.23529052734375,186.0540008544922,32.75429916381836,52.0177001953125
468.7774963378906,186.14549255371094,33.39820098876953,52.09349822998047
468.5722961425781,185.56430053710938,33.52510070800781,52.96379852294922
467.96551513671875,185.4416961669922,34.42530059814453,52.57569885253906
467.41229248046875,185.73609924316406,34.70640182495117,53.05329895019531
467.99951171875,185.69679260253906,34.96659851074219,53.48540115356445
467.02301025390625,185.8647003173828,36.16960144042969,53.09379959106445
467.5387878417969,186.13209533691406,34.590599060058594,53.13779830932617
465.7471008300781,185.79690551757812,35.525299072265625,53.1797981262207
467.3590087890625,186.3011016845703,34.06520080566406,53.301700592041016
465.8529968261719,186.05960083007812,36.31869888305664,53.49089813232422
466.4283142089844,185.74600219726562,36.044700622558594,53.69240188598633
466.1943054199219,184.80960083007812,37.9193000793457,53.46580123901367
465.8169860839844,185.1737060546875,37.870201110839844,53.667301177978516
466.5340881347656,184.08729553222656,38.236900329589844,53.59230041503906
467.60198974609375,183.6446075439453,35.47990036010742,54.03850173950195
467.4399108886719,183.40769958496094,36.92060089111328,53.5713005065918
467.67559814453125,183.70089721679688,38.56610107421875,54.222900390625
467.4873046875,182.97549438476562,39.07870101928711,54.64229965209961
466.42169189453125,182.1439971923828,41.59550094604492,54.864200592041016
466.22210693359375,181.69659423828125,42.94879913330078,55.22869873046875
465.34039306640625,181.37010192871094,43.63410186767578,56.145198822021484
465.71148681640625,181.89109802246094,42.19049835205078,56.32849884033203
464.3985900878906,181.06219482421875,44.37300109863281,55.04010009765625
463.02239990234375,180.06629943847656,44.91109848022461,56.68519973754883
465.718994140625,181.39759826660156,45.50400161743164,56.735198974609375
463.7439880371094,180.66830444335938,45.9093017578125,56.016300201416016
464.4122009277344,181.70449829101562,43.6083984375,56.76380157470703
463.656005859375,181.73919677734375,44.42649841308594,55.950199127197266
462.7809143066406,180.90220642089844,46.17340087890625,56.47840118408203
462.7966003417969,181.17709350585938,46.17679977416992,56.975399017333984
461.0531921386719,180.9477996826172,46.840301513671875,56.14179992675781
462.32330322265625,180.7449951171875,47.96580123901367,57.429901123046875
460.76019287109375,182.01449584960938,47.12919998168945,57.95320129394531
460.2922058105469,181.60549926757812,51.1432991027832,56.63349914550781
458.5378112792969,181.59429931640625,49.54650115966797,56.60110092163086
459.3515930175781,181.3480987548828,51.96670150756836,56.37580108642578
458.7973937988281,181.80650329589844,46.320499420166016,54.971500396728516
460.8944091796875,181.53610229492188,51.930599212646484,53.99409866333008
458.7720031738281,181.77420043945312,50.92620086669922,52.59859848022461
461.0277099609375,181.97720336914062,50.63309860229492,52.22439956665039
458.96038818359375,181.58140563964844,54.002498626708984,51.44580078125
459.79400634765625,181.67930603027344,51.30939865112305,51.714500427246094
460.610595703125,182.29409790039062,53.062801361083984,50.588401794433594
458.2279052734375,181.03660583496094,52.38690185546875,51.13750076293945
460.7414855957031,182.46640014648438,54.30889892578125,52.212799072265625
460.40771484375,182.66209411621094,51.804901123046875,51.26369857788086
457.1565856933594,182.6739959716797,54.45159912109375,50.448699951171875
459.7781982421875,185.07730102539062,54.19969940185547,51.23429870605469
457.3753967285156,183.50909423828125,57.300899505615234,54.502498626708984
456.54949951171875,185.16000366210938,58.210601806640625,52.8473014831543
455.12451171875,184.44439697265625,59.687801361083984,53.39390182495117
455.9316101074219,187.8376007080078,58.26789855957031,51.409698486328125
453.64129638671875,185.26220703125,60.945899963378906,55.001800537109375
451.82281494140625,184.92779541015625,63.78310012817383,55.64910125732422
450.48541259765625,185.38299560546875,63.888301849365234,55.81669998168945
451.72100830078125,185.43380737304688,62.414398193359375,55.29779815673828
451.95831298828125,186.44349670410156,62.937198638916016,54.3385009765625
450.65411376953125,186.0334014892578,64.03150177001953,53.8224983215332
448.7054138183594,187.85240173339844,66.90660095214844,53.36180114746094
450.6626892089844,187.06410217285156,63.36220169067383,52.60860061645508
447.28009033203125,188.273193359375,66.80699920654297,49.97930145263672
447.84710693359375,188.2615966796875,66.83419799804688,52.00490188598633
449.8605041503906,189.164306640625,64.66529846191406,49.64820098876953
447.8100891113281,189.77769470214844,66.82830047607422,51.61429977416992
447.6247863769531,190.20889282226562,66.877197265625,51.06159973144531
449.64190673828125,191.16070556640625,64.59929656982422,49.430198669433594
448.8763122558594,193.0424041748047,64.95459747314453,48.684200286865234
446.96160888671875,194.0498046875,65.90509796142578,46.8036994934082
449.0971984863281,194.072998046875,63.89339828491211,48.124000549316406
446.21551513671875,195.71949768066406,66.41690063476562,46.96189880371094
448.4796142578125,195.22210693359375,63.49129867553711,47.33940124511719
446.9580078125,195.75379943847656,64.73359680175781,45.59579849243164
446.9888000488281,195.3551025390625,65.22730255126953,45.80149841308594
447.5849914550781,196.66819763183594,65.2417984008789,45.09669876098633
446.1499938964844,198.14109802246094,66.25240325927734,44.867698669433594
446.3092956542969,199.15359497070312,65.7802963256836,44.78329849243164
448.1184997558594,199.31170654296875,64.36940002441406,44.35599899291992
448.5180969238281,202.1221923828125,63.10900115966797,43.44060134887695
449.18450927734375,202.87869262695312,62.83380126953125,42.55970001220703
450.4695129394531,205.06629943847656,61.354400634765625,41.00559997558594
450.62890625,207.43409729003906,60.17660140991211,39.485599517822266
452.08331298828125,207.3155059814453,59.68090057373047,40.13460159301758
452.05108642578125,210.77749633789062,59.67879867553711,37.356998443603516
453.8800964355469,210.3437042236328,57.9552001953125,38.39970016479492
453.45721435546875,211.7938995361328,58.91360092163086,37.25669860839844
452.9173889160156,215.3054962158203,58.821800231933594,34.54669952392578
453.4565124511719,214.04989624023438,58.06629943847656,36.60150146484375
454.22149658203125,215.14630126953125,58.020198822021484,36.258399963378906
454.6470947265625,217.5395965576172,58.05730056762695,35.7765007019043
454.9056091308594,219.1103057861328,57.808799743652344,34.42210006713867
455.3291931152344,220.45770263671875,57.790401458740234,33.92890167236328
455.2159118652344,223.86270141601562,57.97610092163086,35.34159851074219
454.6069030761719,223.1190948486328,58.46070098876953,31.971399307250977
454.52178955078125,225.4506072998047,58.578800201416016,34.84619903564453
454.9883117675781,228.80360412597656,58.309200286865234,31.13089942932129
454.1578063964844,229.00929260253906,58.7952995300293,33.488399505615234
454.1488952636719,232.0843963623047,57.96379852294922,32.4640007019043
454.4013977050781,233.83180236816406,57.90250015258789,31.899200439453125
454.4158935546875,235.0590057373047,57.582298278808594,32.36920166015625
453.7414855957031,236.54080200195312,57.8734016418457,31.34309959411621
454.13250732421875,238.00390625,57.162498474121094,30.60409927368164
453.3656005859375,240.41529846191406,57.56589889526367,30.904399871826172
453.31988525390625,240.88699340820312,57.46549987792969,30.598100662231445
453.4137878417969,241.79989624023438,57.625999450683594,30.094900131225586
453.24920654296875,242.35000610351562,57.642799377441406,31.179800033569336
453.4422912597656,242.50779724121094,57.548099517822266,31.49020004272461
452.66448974609375,243.43699645996094,58.23590087890625,30.353599548339844
453.3157958984375,243.84129333496094,57.74800109863281,31.18939971923828
453.20001220703125,244.89169311523438,58.01390075683594,31.642499923706055
453.28759765625,244.64889526367188,57.76459884643555,31.828899383544922
452.8861083984375,243.80250549316406,57.94240188598633,32.657100677490234
452.1675109863281,245.50059509277344,59.39739990234375,32.57389831542969
452.3735046386719,245.3612060546875,58.529300689697266,31.602500915527344
452.73370361328125,245.05380249023438,58.42959976196289,33.068199157714844
452.264892578125,244.6885986328125,59.03329849243164,32.13359832763672
451.95770263671875,244.53970336914062,59.897098541259766,35.354801177978516
452.0888977050781,243.92190551757812,60.58140182495117,33.583099365234375
451.8965148925781,243.4687042236328,60.2036018371582,33.85810089111328
452.2434997558594,242.22850036621094,59.80220031738281,34.96329879760742
451.9366149902344,242.77810668945312,59.67940139770508,33.137901306152344
452.51031494140625,242.4738006591797,58.77859878540039,32.10260009765625
452.3982849121094,241.31170654296875,58.87179946899414,31.09980010986328
453.0361022949219,240.5113983154297,58.212501525878906,31.891700744628906
452.81781005859375,240.05320739746094,58.686798095703125,32.114498138427734
453.12890625,239.4322052001953,58.66360092163086,32.02790069580078
453.3153076171875,238.78909301757812,58.83649826049805,32.801700592041016
453.152587890625,238.5655059814453,58.66360092163086,31.91830062866211
453.9107971191406,238.09410095214844,58.36119842529297,31.4197998046875
453.7532958984375,237.7220001220703,57.97119903564453,31.551700592041016
453.6944885253906,237.64849853515625,57.76359939575195,32.476200103759766
453.4241027832031,237.49920654296875,57.83089828491211,30.524599075317383
453.822509765625,236.5583953857422,57.39630126953125,32.6703987121582
453.2113952636719,236.38099670410156,57.792598724365234,30.89229965209961
453.5433044433594,235.94500732421875,57.456600189208984,30.922399520874023
453.65240478515625,235.70889282226562,57.21659851074219,30.288999557495117
453.44549560546875,235.19920349121094,57.38249969482422,31.09309959411621
453.4288024902344,234.66119384765625,57.18920135498047,30.751300811767578
453.3758850097656,234.02389526367188,57.39910125732422,30.575899124145508
453.3114013671875,233.15780639648438,57.55839920043945,30.751800537109375
453.0730895996094,231.7313995361328,57.4734001159668,32.15530014038086
452.551513671875,231.66949462890625,58.30059814453125,30.814800262451172
452.5018005371094,230.7928009033203,57.99039840698242,32.57889938354492
452.8763122558594,231.0522003173828,58.295501708984375,30.259599685668945
452.8489074707031,229.7707977294922,58.27640151977539,31.944599151611328
453.1921081542969,229.63380432128906,57.884300231933594,30.708499908447266
452.9590148925781,228.82640075683594,57.45439910888672,30.39739990234375
452.6796875,228.0760955810547,57.74980163574219,30.773000717163086
452.5880126953125,227.24899291992188,57.62080001831055,30.426599502563477
452.7486877441406,226.868896484375,57.30690002441406,30.6968994140625
452.8218994140625,226.535400390625,57.327598571777344,29.79759979248047
453.4632873535156,225.393798828125,56.57490158081055,30.277599334716797
452.09381103515625,223.78219604492188,57.91469955444336,30.35110092163086
452.2489929199219,223.8404998779297,57.5547981262207,29.791400909423828
452.5137023925781,222.86090087890625,56.89690017700195,30.847000122070312
452.0414123535156,222.3520050048828,57.469398498535156,30.067899703979492
452.31658935546875,221.24940490722656,57.611900329589844,30.3572998046875
452.5184020996094,221.4261932373047,57.40999984741211,29.98509979248047
452.7898864746094,220.48980712890625,56.78030014038086,30.359100341796875
452.0658874511719,219.1302947998047,57.24039840698242,30.73040008544922
452.05950927734375,218.81219482421875,57.30379867553711,30.93090057373047
452.3434143066406,217.7064971923828,57.525299072265625,30.97960090637207
452.0830078125,217.0614013671875,57.24869918823242,30.675399780273438
452.34759521484375,216.2187042236328,56.864898681640625,31.681299209594727
452.0025939941406,214.67759704589844,57.1161994934082,31.033599853515625
451.9923095703125,213.50509643554688,57.21329879760742,31.385799407958984
451.77850341796875,213.44129943847656,57.095699310302734,32.05189895629883
452.114013671875,213.00999450683594,57.39500045776367,31.106000900268555
451.61590576171875,211.1855926513672,57.585601806640625,31.576200485229492
451.6017150878906,211.6927947998047,57.25360107421875,32.444400787353516
451.4171142578125,211.1237030029297,57.760501861572266,31.56839942932129
451.4884948730469,210.22760009765625,57.53860092163086,31.8981990814209
451.62579345703125,209.00970458984375,58.23759841918945,31.728200912475586
451.5657043457031,207.94700622558594,58.05039978027344,31.496700286865234
451.5592041015625,207.08030700683594,57.89039993286133,31.49850082397461
451.29119873046875,206.4990997314453,58.26259994506836,32.581298828125
451.5050964355469,207.0915985107422,58.072601318359375,30.06599998474121
450.864990234375,205.3842010498047,58.82109832763672,31.136499404907227
452.03839111328125,204.14669799804688,58.407501220703125,31.678699493408203
452.3215026855469,204.3881072998047,57.61650085449219,30.453800201416016
451.6482849121094,201.75970458984375,58.76449966430664,32.85820007324219
452.2709045410156,201.5467987060547,58.43259811401367,32.3578987121582
452.3721923828125,200.57130432128906,59.040401458740234,33.70640182495117
452.05218505859375,198.19679260253906,59.069400787353516,36.69889831542969
451.8323059082031,200.27890014648438,59.14609909057617,34.03689956665039
452.72711181640625,198.70570373535156,58.73740005493164,34.45439910888672
452.4461975097656,198.34849548339844,58.84489822387695,34.76679992675781
452.872314453125,198.9864044189453,58.74489974975586,35.67409896850586
453.20880126953125,197.24119567871094,58.74850082397461,37.029598236083984
453.4079895019531,199.5561065673828,58.020301818847656,33.97570037841797
453.159912109375,197.22950744628906,59.469398498535156,35.38610076904297
452.94378662109375,199.0594940185547,58.977699279785156,33.34489822387695
453.86468505859375,197.48190307617188,58.93080139160156,34.73210144042969
453.3052978515625,200.21490478515625,59.216800689697266,32.220699310302734
453.9707946777344,198.21240234375,59.18389892578125,33.45429992675781
453.4082946777344,200.0570068359375,58.887298583984375,32.68130111694336
453.43499755859375,198.95069885253906,59.545101165771484,33.279701232910156
453.65301513671875,200.4051971435547,59.41460037231445,32.88479995727539
453.9541931152344,200.69940185546875,59.47159957885742,32.94839859008789
453.880615234375,200.5041046142578,59.50130081176758,33.21950149536133
453.7663879394531,201.47320556640625,59.645198822021484,32.27840042114258
453.635498046875,201.46189880371094,59.72829818725586,32.30419921875
454.4825134277344,201.40269470214844,59.62229919433594,33.43299865722656
453.97021484375,202.49949645996094,59.69779968261719,33.93009948730469
454.73150634765625,203.1649932861328,59.20000076293945,33.4202995300293
454.99090576171875,204.66290283203125,58.86750030517578,31.4685001373291
454.3324890136719,205.37550354003906,59.281898498535156,32.4109992980957
454.272705078125,205.14419555664062,59.023399353027344,32.853599548339844
454.8460998535156,206.381103515625,58.78779983520508,33.759498596191406
453.6878967285156,206.57350158691406,59.31930160522461,31.72480010986328
454.6951904296875,208.73609924316406,58.924598693847656,32.71879959106445
454.34478759765625,207.597900390625,59.468299865722656,32.49689865112305
454.9429016113281,208.00689697265625,58.604801177978516,31.39389991760254
455.0804138183594,208.2617950439453,58.510101318359375,32.94160079956055
455.018310546875,208.45469665527344,58.79460144042969,31.676599502563477
454.96380615234375,209.4438934326172,58.40010070800781,31.980899810791016
454.8966064453125,209.28860473632812,58.03329849243164,32.317901611328125
454.7616882324219,210.69740295410156,58.498199462890625,33.143001556396484
454.12811279296875,210.443603515625,58.78929901123047,30.777999877929688
454.6658935546875,210.8009033203125,58.39939880371094,33.33190155029297
455.6968994140625,211.50430297851562,57.71979904174805,30.881099700927734
454.6243896484375,211.9925994873047,58.269100189208984,31.920499801635742
454.9294128417969,211.6844024658203,57.86970138549805,31.798900604248047
454.7018127441406,211.5561065673828,57.84749984741211,31.574800491333008
454.5091857910156,213.1927032470703,58.452999114990234,32.758201599121094
454.3359069824219,212.4123992919922,58.33100128173828,31.430500030517578
454.0697937011719,213.07550048828125,58.52149963378906,32.52389907836914
454.718994140625,213.13189697265625,57.96620178222656,31.51959991455078
454.68609619140625,213.289794921875,58.30339813232422,32.002201080322266
454.8053894042969,213.26119995117188,58.10279846191406,31.15220069885254
454.6448974609375,212.90269470214844,58.66859817504883,33.81290054321289
455.3312072753906,213.7021026611328,58.269798278808594,30.894899368286133
455.4607849121094,213.28810119628906,57.91210174560547,31.71419906616211
455.1459045410156,212.97830200195312,57.923099517822266,31.611499786376953
454.8440856933594,212.4468994140625,57.98210144042969,31.786699295043945
454.4442138671875,213.29190063476562,58.23080062866211,32.70650100708008
454.89520263671875,213.77589416503906,57.96009826660156,30.94499969482422
454.83319091796875,213.1864013671875,57.79309844970703,32.26210021972656
455.0846862792969,213.21560668945312,57.557701110839844,30.856700897216797
454.9216003417969,212.41909790039062,58.354698181152344,33.082401275634766
454.6593017578125,212.82569885253906,58.42729949951172,31.21299934387207
454.7598876953125,212.11749267578125,58.512298583984375,32.5182991027832
454.54058837890625,213.22959899902344,58.185699462890625,31.28380012512207
454.7264099121094,212.46780395507812,58.19169998168945,32.26689910888672
454.6047058105469,212.37049865722656,58.28820037841797,31.380399703979492
454.5434875488281,212.3137969970703,58.15890121459961,32.73569869995117
454.7491149902344,212.47869873046875,58.340301513671875,31.882699966430664
455.0887145996094,212.17959594726562,58.21329879760742,31.34910011291504
454.58990478515625,213.09860229492188,58.35649871826172,31.75040054321289
455.2965087890625,212.8719024658203,57.741798400878906,31.085899353027344
455.2327880859375,212.735595703125,57.90359878540039,31.84950065612793
454.98748779296875,211.41929626464844,58.07500076293945,32.57350158691406
