1
381.34930419921875,255.377197265625,67.35060119628906,76.256103515625
387.1711120605469,261.3045959472656,61.62839889526367,69.11849975585938
395.56451416015625,262.7492980957031,67.69930267333984,78.05490112304688
398.8085021972656,266.1924133300781,67.4197006225586,76.97429656982422
399.4291076660156,267.92279052734375,73.21269989013672,77.03949737548828
398.75311279296875,269.5517883300781,76.40670013427734,79.92720031738281
399.7203063964844,273.88848876953125,77.3635025024414,77.22129821777344
396.9425964355469,274.9601135253906,82.8031005859375,79.14230346679688
396.0763854980469,271.212890625,85.41100311279297,83.4719009399414
395.5942077636719,269.0526123046875,85.17500305175781,88.47360229492188
396.90411376953125,267.4256896972656,83.42890167236328,90.66329956054688
395.81719970703125,265.6995849609375,84.96749877929688,91.84850311279297
396.8580017089844,265.7825927734375,86.05460357666016,88.33920288085938
395.9743957519531,268.7522888183594,91.70570373535156,91.77519989013672
394.32550048828125,271.1383972167969,94.44139862060547,85.44200134277344
392.32830810546875,272.7637023925781,98.40550231933594,84.0022964477539
389.6083984375,278.8836975097656,103.02239990234375,79.39399719238281
390.0205993652344,281.6376037597656,102.46980285644531,76.43399810791016
386.62249755859375,285.519287109375,107.1229019165039,74.47440338134766
386.2289123535156,287.24560546875,99.7345962524414,70.77020263671875
386.7589111328125,288.62908935546875,103.40239715576172,69.58380126953125
388.5968933105469,290.2586975097656,103.1509017944336,69.55750274658203
388.5273132324219,292.13330078125,98.46600341796875,67.7405014038086
387.80419921875,294.005615234375,97.45490264892578,67.1489028930664
391.5342102050781,295.909912109375,94.11579895019531,66.57779693603516
394.1730041503906,296.90478515625,95.8333969116211,67.8052978515625
396.8175048828125,298.7080993652344,93.75499725341797,67.83000183105469
402.9453125,297.9814147949219,98.08930206298828,68.48999786376953
402.775390625,296.2662048339844,88.68489837646484,71.48600006103516
402.1476135253906,295.94000244140625,95.37590026855469,70.53379821777344
402.6191101074219,297.46099853515625,94.8552017211914,70.5165023803711
399.6510925292969,297.6929016113281,97.76020050048828,72.19770050048828
397.6814880371094,300.83880615234375,96.52330017089844,69.3051986694336
394.66241455078125,303.2565002441406,98.96099853515625,68.44950103759766
394.7781982421875,304.6109924316406,97.44660186767578,68.4843978881836
393.3793029785156,304.6799011230469,90.73880004882812,70.38800048828125
390.7218933105469,305.94781494140625,95.39450073242188,69.83489990234375
390.1252136230469,306.7038879394531,91.68150329589844,68.21700286865234
390.7701110839844,306.43719482421875,87.50240325927734,70.529296875
393.893798828125,306.5898132324219,80.7300033569336,68.60980224609375
401.8241882324219,306.4632873535156,58.561100006103516,69.92050170898438
411.2195129394531,308.4735107421875,56.31060028076172,70.65699768066406
406.1065979003906,309.5007019042969,69.3821029663086,71.0697021484375
400.6188049316406,311.7278137207031,80.09929656982422,72.7863998413086
395.3276062011719,318.3507995605469,88.22879791259766,69.51940155029297
391.53118896484375,322.4006042480469,95.07019805908203,72.44249725341797
390.74798583984375,325.5075988769531,102.20890045166016,71.131103515625
391.098388671875,329.4425048828125,95.48770141601562,70.24530029296875
389.152587890625,330.5701904296875,84.11470031738281,65.4302978515625
387.531005859375,332.0989074707031,92.23169708251953,68.60639953613281
388.3381042480469,332.64111328125,87.31629943847656,67.40380096435547
387.55609130859375,331.13848876953125,91.66719818115234,65.86399841308594
388.28350830078125,328.6960144042969,91.19329833984375,68.23930358886719
387.7734069824219,327.82708740234375,93.38890075683594,69.84239959716797
389.38250732421875,326.44940185546875,95.79940032958984,68.79509735107422
393.0758056640625,326.0036926269531,90.51390075683594,69.11720275878906
395.34051513671875,323.6084899902344,91.68319702148438,66.931396484375
399.7117004394531,320.1241149902344,94.88369750976562,66.84329986572266
404.5101013183594,316.1665954589844,89.00509643554688,67.57869720458984
407.13531494140625,315.1357116699219,89.62879943847656,69.15160369873047
409.193603515625,315.31201171875,89.95320129394531,64.90409851074219
411.0096130371094,313.8055114746094,86.69290161132812,64.2708969116211
411.551513671875,312.7575988769531,88.0927963256836,63.34560012817383
412.38128662109375,311.4966125488281,88.56169891357422,64.1886978149414
414.4237060546875,308.5451965332031,89.25779724121094,63.938201904296875
416.1116027832031,307.3125,87.4271011352539,62.880699157714844
417.9986877441406,305.76239013671875,83.42060089111328,60.73899841308594
420.22808837890625,301.54278564453125,84.93090057373047,59.695499420166016
421.4184875488281,300.6177978515625,83.71640014648438,56.99079895019531
423.5957946777344,294.0733947753906,83.80239868164062,59.489200592041016
423.8118896484375,289.2143859863281,83.79509735107422,59.986000061035156
425.56610107421875,286.41571044921875,82.57830047607422,62.88199996948242
425.2969055175781,282.4924011230469,82.16490173339844,61.85599899291992
422.05670166015625,280.13958740234375,84.0250015258789,63.52830123901367
421.4070129394531,277.5867004394531,80.8280029296875,61.84560012817383
417.76348876953125,274.260986328125,84.76409912109375,61.049598693847656
416.7384948730469,267.631591796875,81.95349884033203,63.1431999206543
415.7492980957031,265.17620849609375,83.7667007446289,64.21890258789062
414.7325134277344,263.5356140136719,85.69409942626953,65.8843002319336
417.1831970214844,261.5758056640625,84.21800231933594,66.95249938964844
416.5028991699219,260.315185546875,82.34989929199219,65.03269958496094
418.70001220703125,259.97021484375,79.96700286865234,66.67230224609375
416.30029296875,257.2950134277344,83.27880096435547,67.69619750976562
417.5835876464844,255.77520751953125,81.30899810791016,67.4031982421875
413.09979248046875,255.89199829101562,82.92530059814453,65.5009994506836
416.1080017089844,253.9250946044922,80.75250244140625,66.76920318603516
414.38079833984375,253.16000366210938,81.73259735107422,66.52010345458984
412.2215881347656,250.68179321289062,81.40509796142578,67.94020080566406
412.7231140136719,250.1031951904297,82.24169921875,66.44249725341797
414.80731201171875,249.9611053466797,79.2562026977539,64.26390075683594
412.9422912597656,247.8782958984375,80.81700134277344,64.95040130615234
412.79010009765625,244.97219848632812,82.19619750976562,65.23570251464844
410.6990966796875,243.02020263671875,87.75530242919922,67.06999969482422
411.55999755859375,240.9459991455078,82.15630340576172,67.38140106201172
410.32501220703125,240.29629516601562,85.42780303955078,67.22029876708984
410.3786926269531,240.88600158691406,83.45880126953125,64.76589965820312
408.57281494140625,242.49710083007812,84.80449676513672,61.72589874267578
408.1532897949219,243.87130737304688,82.82019805908203,57.46200180053711
405.422607421875,244.0166015625,85.31439971923828,53.0640983581543
411.14630126953125,245.01400756835938,82.30609893798828,47.73749923706055
410.2146911621094,248.3365020751953,84.63790130615234,48.31079864501953
412.98370361328125,251.6029052734375,88.10260009765625,45.006900787353516
418.3840026855469,250.25050354003906,85.83270263671875,47.46799850463867
421.0810852050781,247.4011993408203,86.37349700927734,51.084999084472656
423.9035949707031,245.1927032470703,84.72840118408203,55.742801666259766
423.2921142578125,244.27459716796875,84.91790008544922,56.46770095825195
425.3617858886719,243.55349731445312,82.19080352783203,58.43669891357422
426.8380126953125,239.3800048828125,82.00980377197266,62.139400482177734
428.1072082519531,237.9342041015625,78.2843017578125,63.62540054321289
427.0028991699219,236.57040405273438,81.93049621582031,65.20670318603516
429.1997985839844,236.11279296875,80.69409942626953,65.74629974365234
429.5914001464844,236.63059997558594,78.37149810791016,64.91580200195312
428.8630065917969,237.77139282226562,78.59359741210938,64.9749984741211
428.243408203125,236.53460693359375,79.22049713134766,64.53340148925781
425.55828857421875,236.37139892578125,82.17420196533203,62.86140060424805
422.37939453125,236.25990295410156,83.11979675292969,60.644901275634766
422.3111877441406,237.69700622558594,84.66400146484375,58.16590118408203
421.59588623046875,238.2144012451172,86.06780242919922,60.80229949951172
420.5526123046875,239.5305938720703,83.50199890136719,59.906700134277344
418.2361145019531,241.5780029296875,86.08390045166016,61.416500091552734
417.9914855957031,241.12759399414062,86.1041030883789,61.55440139770508
422.1252136230469,241.72300720214844,81.99490356445312,62.3213005065918
420.6354064941406,241.08349609375,83.57250213623047,65.1592025756836
421.58770751953125,240.6885986328125,83.40160369873047,66.13809967041016
421.572998046875,240.67039489746094,81.17389678955078,68.5801010131836
421.8931884765625,242.12950134277344,80.93820190429688,68.51860046386719
422.1875915527344,241.79269409179688,82.03189849853516,68.88929748535156
420.985107421875,241.1519012451172,82.30010223388672,69.55709838867188
419.15789794921875,241.83509826660156,89.4927978515625,70.0302963256836
419.8905029296875,244.1291046142578,85.8135986328125,68.61109924316406
419.85430908203125,246.15359497070312,89.54000091552734,65.41439819335938
421.24810791015625,248.26800537109375,83.30699920654297,62.581199645996094
419.9205017089844,248.58900451660156,85.63860321044922,58.13589859008789
420.2578125,252.060302734375,87.71189880371094,54.94889831542969
422.82958984375,254.90870666503906,84.0197982788086,50.66360092163086
423.8880920410156,257.92510986328125,84.48570251464844,47.1693000793457
427.0393981933594,258.0303955078125,81.72630310058594,45.27989959716797
424.4208984375,259.92498779296875,83.37830352783203,43.40840148925781
416.2101135253906,262.7694091796875,90.01219940185547,40.75019836425781
425.42449951171875,262.5826110839844,79.93389892578125,42.85919952392578
418.9447937011719,264.07989501953125,85.92739868164062,41.61349868774414
425.2746887207031,265.127685546875,80.76480102539062,41.227901458740234
421.5456848144531,265.9342956542969,82.07550048828125,48.46889877319336
420.9389953613281,263.1752014160156,82.85070037841797,57.26959991455078
421.60791015625,262.5887145996094,83.02069854736328,56.5806999206543
421.74200439453125,263.38140869140625,82.7708969116211,56.93510055541992
422.3804016113281,265.0194091796875,85.30220031738281,58.667999267578125
422.3035888671875,266.3915100097656,85.01850128173828,59.98970031738281
423.65948486328125,269.3575134277344,85.14189910888672,61.19260025024414
424.1962890625,271.84161376953125,85.99729919433594,62.49340057373047
425.39349365234375,273.9667053222656,85.79850006103516,64.06770324707031
423.8005065917969,277.2251892089844,87.89759826660156,65.04010009765625
425.50640869140625,277.7301940917969,84.0740966796875,67.11299896240234
426.93548583984375,279.4753112792969,83.46219635009766,67.39669799804688
430.4466857910156,281.1582946777344,82.97699737548828,69.08930206298828
433.5526123046875,282.5815124511719,85.12770080566406,72.08830261230469
437.6261901855469,284.1430969238281,84.5968017578125,73.0469970703125
442.4552001953125,288.1339111328125,83.41580200195312,71.9832992553711
441.45440673828125,291.2770080566406,87.4259033203125,71.7666015625
442.3575134277344,292.94781494140625,89.02519989013672,73.78630065917969
444.8564147949219,297.24591064453125,88.875,73.57649993896484
446.9728088378906,298.6604919433594,90.51380157470703,75.31680297851562
449.29278564453125,299.57958984375,90.41899871826172,74.82939910888672
451.260986328125,301.6205139160156,92.13069915771484,75.61289978027344
453.7695007324219,303.4360046386719,91.60469818115234,77.04759979248047
454.8529052734375,305.9346008300781,92.74929809570312,77.8198013305664
457.6830139160156,307.46881103515625,92.23739624023438,78.82959747314453
459.17059326171875,307.2799072265625,92.10590362548828,76.66999816894531
461.1731872558594,309.76031494140625,92.39250183105469,77.8196029663086
462.8743896484375,311.6156005859375,92.7697982788086,80.2426986694336
464.57940673828125,313.4858093261719,91.95590209960938,79.76799774169922
462.36370849609375,316.544189453125,93.35199737548828,79.52799987792969
461.88641357421875,316.8424987792969,92.27519989013672,78.97799682617188
461.1318054199219,320.09051513671875,92.28230285644531,80.35820007324219
460.4507141113281,324.0920104980469,94.3219985961914,77.2510986328125
459.8735046386719,326.88330078125,92.23619842529297,76.19760131835938
461.2961120605469,333.2569885253906,90.62930297851562,73.76920318603516
457.98260498046875,336.7965087890625,92.63359832763672,73.53620147705078
456.77239990234375,337.59149169921875,93.38770294189453,72.9729995727539
453.52410888671875,339.2524108886719,95.37539672851562,72.38980102539062
450.4525146484375,340.16400146484375,95.3582992553711,73.02210235595703
448.85040283203125,337.40350341796875,94.74800109863281,74.32849884033203
443.6944885253906,336.2142028808594,97.6405029296875,75.42649841308594
441.3891906738281,336.40869140625,96.63490295410156,72.04319763183594
441.185791015625,335.8346862792969,95.39320373535156,72.17489624023438
439.1679992675781,333.53118896484375,95.62860107421875,69.84449768066406
440.76739501953125,332.8669128417969,93.3864974975586,72.7645034790039
438.44989013671875,332.41180419921875,94.46060180664062,67.681396484375
437.6116943359375,330.8070068359375,92.89230346679688,65.65670013427734
434.3586120605469,328.8310852050781,94.32779693603516,69.7333984375
434.3555908203125,327.76458740234375,91.70459747314453,66.57360076904297
432.8492126464844,326.68798828125,90.64089965820312,66.981201171875
430.0889892578125,326.6015930175781,93.00039672851562,65.52059936523438
429.41339111328125,324.1064147949219,90.5155029296875,66.1395034790039
428.126708984375,323.84478759765625,90.58670043945312,67.61740112304688
427.5848083496094,322.11199951171875,88.49639892578125,68.29679870605469
427.8171081542969,321.4844055175781,87.75769805908203,66.78690338134766
424.6127014160156,319.8077087402344,90.86479949951172,70.51899719238281
419.427490234375,315.6307067871094,91.2886962890625,76.29399871826172
415.21661376953125,317.0708923339844,93.67060089111328,78.60590362548828
416.1007995605469,318.6673889160156,90.8053970336914,81.19319915771484
412.6214904785156,317.8313903808594,86.95040130615234,83.36060333251953
410.5433044433594,317.90509033203125,89.03189849853516,84.385498046875
406.9495849609375,314.9281921386719,88.22969818115234,86.0280990600586
404.31561279296875,314.6827087402344,90.0073013305664,86.36019897460938
407.72650146484375,312.31719970703125,84.39209747314453,88.8218002319336
404.660400390625,311.76568603515625,87.1676025390625,88.03189849853516
404.0963134765625,310.8042907714844,84.71029663085938,69.70480346679688
403.7983093261719,311.2550048828125,88.82360076904297,88.23809814453125
402.3157958984375,316.65521240234375,83.9021987915039,69.41339874267578
401.61761474609375,317.5155944824219,86.36530303955078,88.89749908447266
402.75640869140625,321.527099609375,85.5031967163086,82.75270080566406
402.3035888671875,325.89190673828125,86.3052978515625,79.85179901123047
403.40240478515625,328.4480895996094,83.64810180664062,77.63790130615234
404.5985107421875,328.55010986328125,82.0645980834961,78.18340301513672
405.6861877441406,329.63018798828125,82.57969665527344,78.27670288085938
406.5368957519531,327.8670959472656,83.69429779052734,79.36409759521484
407.4465026855469,327.40789794921875,83.51709747314453,80.49590301513672
409.1842956542969,326.48748779296875,81.14340209960938,80.91699981689453
411.6578063964844,322.47540283203125,86.1980972290039,84.30180358886719
413.8612060546875,318.7677917480469,80.73560333251953,86.40950012207031
415.58221435546875,315.0553894042969,89.42780303955078,88.46240234375
418.91790771484375,312.6441955566406,94.1792984008789,89.40440368652344
421.58209228515625,311.1736145019531,92.46530151367188,90.54930114746094
423.7439880371094,309.8341979980469,91.43820190429688,90.38990020751953
425.0093078613281,309.26080322265625,90.44029998779297,89.93419647216797
425.1274108886719,306.3900146484375,93.14669799804688,90.57599639892578
425.052001953125,305.8568115234375,94.75559997558594,89.92639923095703
425.7001953125,305.7825927734375,90.62200164794922,89.80899810791016
422.7333068847656,305.4100036621094,101.1709976196289,90.14710235595703
425.13238525390625,306.8681945800781,93.1958999633789,91.57540130615234
426.0382995605469,306.0917053222656,93.2322998046875,92.70230102539062
425.24139404296875,306.4966125488281,92.93579864501953,92.93460083007812
423.7355041503906,302.4627990722656,94.28150177001953,95.95780181884766
424.427490234375,303.7560119628906,89.7936019897461,93.77200317382812
424.19549560546875,302.94061279296875,98.30229949951172,92.73480224609375
422.3086853027344,307.1376953125,90.41899871826172,88.52529907226562
418.1842956542969,306.5945129394531,95.78289794921875,88.1875
417.8817138671875,306.1520080566406,96.85449981689453,88.85449981689453
418.2684020996094,305.5498962402344,95.3156967163086,88.05750274658203
417.2825927734375,307.9419860839844,96.05750274658203,86.02279663085938
414.6972961425781,310.3839111328125,96.16069793701172,83.98709869384766
411.8724060058594,312.022705078125,98.79139709472656,82.96070098876953
405.9505920410156,314.7974853515625,102.34639739990234,79.24189758300781
402.24200439453125,315.6387939453125,101.60970306396484,78.10469818115234
397.2401123046875,316.73699951171875,99.50630187988281,76.07830047607422
396.0072937011719,316.8044128417969,96.15450286865234,74.5802001953125
388.9291076660156,316.55029296875,98.6364974975586,74.44000244140625
383.00140380859375,316.4136047363281,98.06060028076172,76.006103515625
378.0810852050781,316.21990966796875,97.47010040283203,77.80619812011719
372.0439147949219,315.78448486328125,98.36299896240234,78.73529815673828
364.59490966796875,313.4556884765625,98.81919860839844,82.43720245361328
360.17041015625,313.5372009277344,93.66290283203125,83.93150329589844
351.335693359375,311.5703125,98.91290283203125,86.33670043945312
350.4909973144531,308.5548095703125,94.27909851074219,87.88359832763672
342.6883850097656,311.552490234375,92.63749694824219,85.260498046875
335.2379150390625,306.5448913574219,96.56379699707031,88.34770202636719
329.3703918457031,305.91180419921875,97.75189971923828,88.40010070800781
324.8387145996094,305.77850341796875,102.33799743652344,87.29930114746094
322.4902038574219,304.48028564453125,99.65499877929688,89.46389770507812
319.06451416015625,304.6921081542969,103.95210266113281,89.11740112304688
314.8194885253906,305.0762023925781,103.3385009765625,88.9301986694336
313.3088073730469,301.9425048828125,100.24690246582031,91.39649963378906
309.6221008300781,301.13250732421875,100.89009857177734,92.3947982788086
307.6033020019531,300.2381896972656,98.74579620361328,92.78669738769531
307.3891906738281,299.81768798828125,93.15879821777344,91.51580047607422
302.47100830078125,300.25469970703125,93.12439727783203,88.83390045166016
299.6250915527344,298.223388671875,94.5261001586914,90.61489868164062
297.43438720703125,297.6531982421875,94.40480041503906,92.79930114746094
293.35809326171875,295.49029541015625,95.27639770507812,94.89320373535156
290.2644958496094,294.2572937011719,98.4906997680664,97.12979888916016
288.1460876464844,293.3086853027344,98.75279998779297,98.74800109863281
289.81298828125,292.37200927734375,96.71790313720703,100.785400390625
290.0794982910156,290.77978515625,97.83429718017578,102.0979995727539
292.2406005859375,289.5169982910156,96.08809661865234,102.84989929199219
292.0419006347656,289.14569091796875,97.85759735107422,101.85399627685547
294.5848083496094,290.0201110839844,98.10230255126953,101.90679931640625
295.94549560546875,290.76220703125,98.01460266113281,102.19049835205078
299.1883850097656,293.55029296875,99.19940185546875,98.76360321044922
299.88128662109375,294.1795959472656,100.81790161132812,98.34369659423828
303.5380859375,297.0815124511719,100.62860107421875,95.19490051269531
307.9056091308594,299.8233947753906,102.10209655761719,90.76000213623047
308.2867126464844,300.769287109375,105.06510162353516,89.55619812011719
308.18011474609375,303.17718505859375,105.4197006225586,84.93579864501953
312.2869873046875,306.72650146484375,105.0261001586914,80.57099914550781
307.418701171875,308.2709045410156,112.49369812011719,81.38990020751953
314.2710876464844,314.52239990234375,109.8384017944336,75.77169799804688
315.07379150390625,313.8861083984375,110.51300048828125,75.377197265625
325.5354919433594,320.02850341796875,106.93319702148438,63.535499572753906
319.9075927734375,321.32440185546875,116.70140075683594,54.61970138549805
321.32080078125,318.7395935058594,118.24250030517578,55.020198822021484
323.2130126953125,313.3406982421875,120.78939819335938,61.77479934692383
327.6632995605469,308.76190185546875,121.09380340576172,71.94309997558594
330.0155029296875,304.3150939941406,123.77020263671875,79.46920013427734
335.0060119628906,300.893310546875,122.3281021118164,84.63960266113281
335.3023986816406,300.306884765625,125.91000366210938,88.51740264892578
340.4930114746094,299.0802917480469,126.78309631347656,91.29290008544922
347.58770751953125,298.9613037109375,121.61150360107422,93.08820343017578
345.7969970703125,297.6803894042969,124.66560363769531,97.24530029296875
353.6404113769531,298.7095947265625,120.88159942626953,96.06890106201172
365.83551025390625,299.0036926269531,111.65859985351562,95.85970306396484
369.2366943359375,300.1748046875,111.33439636230469,96.01789855957031
369.9849853515625,300.3290100097656,113.63500213623047,97.01640319824219
371.68798828125,300.6592102050781,114.60679626464844,97.78700256347656
376.1098937988281,301.3691101074219,111.72650146484375,98.51339721679688
380.45098876953125,301.7424011230469,110.4634017944336,100.05249786376953
382.6285095214844,302.7701110839844,109.81580352783203,99.90809631347656
387.56768798828125,308.4574890136719,101.78040313720703,98.36090087890625
394.9891052246094,313.36370849609375,91.80069732666016,97.05010223388672
397.44439697265625,316.12469482421875,93.54759979248047,97.19349670410156
398.5602111816406,318.45849609375,90.58219909667969,103.01360321044922
399.51849365234375,327.3959045410156,90.41729736328125,100.62049865722656
396.62579345703125,326.46978759765625,93.42469787597656,105.40029907226562
392.4114074707031,331.48541259765625,100.62409973144531,105.40709686279297
383.4184875488281,337.40380859375,108.40010070800781,105.5374984741211
378.8768005371094,339.63531494140625,112.85980224609375,107.04239654541016
382.7838134765625,337.0325927734375,111.1312026977539,112.0427017211914
381.9601135253906,347.44281005859375,114.19490051269531,103.51129913330078
378.9617919921875,352.3662109375,118.22039794921875,99.0470962524414
377.7296142578125,357.8493957519531,120.51619720458984,95.33350372314453
378.5708923339844,357.9573974609375,122.93550109863281,93.00769805908203
378.61639404296875,361.80230712890625,123.1843032836914,88.2479019165039
378.5586853027344,354.8937072753906,123.36370086669922,93.16560363769531
377.22369384765625,363.1422119140625,126.14240264892578,86.464599609375
376.2237854003906,369.2077941894531,128.0959014892578,78.86389923095703
384.42999267578125,373.5284118652344,121.34500122070312,73.02210235595703
369.9927062988281,376.62091064453125,132.845703125,67.393798828125
366.9530944824219,380.4242858886719,133.47760009765625,59.90039825439453
375.1935119628906,379.0010986328125,120.28720092773438,59.9380989074707
364.19500732421875,378.1253967285156,126.03469848632812,58.82870101928711
361.5882873535156,379.64068603515625,121.5282974243164,56.677101135253906
368.4429016113281,380.881103515625,107.5374984741211,56.20709991455078
359.43798828125,375.5606994628906,107.83409881591797,62.24850082397461
353.55419921875,373.86199951171875,108.47779846191406,63.13119888305664
340.49798583984375,367.71270751953125,115.32769775390625,74.17130279541016
332.6224060058594,364.0412902832031,117.6050033569336,79.543701171875
323.47149658203125,360.2182922363281,123.68699645996094,87.69219970703125
319.6593017578125,356.68939208984375,121.21099853515625,93.91999816894531
316.6611022949219,353.9324035644531,121.67900085449219,95.51820373535156
312.0108947753906,349.5954895019531,126.15650177001953,100.39469909667969
308.69830322265625,348.5248107910156,133.14739990234375,109.09110260009766
305.5495910644531,346.0527038574219,137.80589294433594,111.94609832763672
304.19268798828125,346.1593017578125,138.7541046142578,113.61499786376953
302.52520751953125,348.0108947753906,136.1468963623047,113.68779754638672
298.5914001464844,348.1272888183594,137.70449829101562,112.86430358886719
294.2944030761719,346.6730041503906,141.70419311523438,115.40619659423828
299.20660400390625,350.22869873046875,131.50799560546875,110.0792007446289
291.75,351.5028076171875,142.24949645996094,123.49500274658203
291.84539794921875,353.2341003417969,138.49679565429688,120.95970153808594
292.5481872558594,355.1578063964844,142.66400146484375,121.35050201416016
295.1358947753906,357.5950012207031,137.73989868164062,117.0458984375
297.2546081542969,357.6520080566406,133.77490234375,114.6104965209961
298.6369934082031,354.3424072265625,128.08050537109375,117.0615005493164
294.993408203125,352.9966125488281,130.5843048095703,116.57759857177734
294.80029296875,351.25750732421875,132.84530639648438,117.42040252685547
294.14019775390625,351.0255126953125,136.10169982910156,114.45860290527344
293.53021240234375,350.5369873046875,132.94769287109375,110.38040161132812
292.89569091796875,352.3638000488281,133.4449005126953,84.69219970703125
280.4184875488281,353.3385009765625,138.1907958984375,83.52490234375
267.4630126953125,355.92950439453125,149.65350341796875,84.63179779052734
267.88848876953125,354.6441955566406,146.3863067626953,76.79879760742188
264.380615234375,361.122314453125,144.27589416503906,63.593101501464844
259.2362060546875,362.6507873535156,140.0767059326172,58.0447998046875
254.841796875,357.4307861328125,141.1750030517578,64.94869995117188
246.1219024658203,348.1853942871094,142.6284942626953,73.22440338134766
237.5283966064453,341.414306640625,145.0334930419922,80.87370300292969
235.62249755859375,335.8275146484375,141.78370666503906,84.44580078125
230.59759521484375,332.5080871582031,141.68020629882812,86.82379913330078
226.47149658203125,326.6072998046875,142.77589416503906,92.43419647216797
226.0596923828125,316.3204040527344,137.81210327148438,103.37969970703125
224.06869506835938,311.3096008300781,138.06320190429688,103.65540313720703
224.1553955078125,304.1445007324219,138.97079467773438,105.6343002319336
224.80810546875,300.14990234375,139.2993927001953,106.09480285644531
227.56719970703125,295.86468505859375,138.94729614257812,103.6613998413086
230.4604034423828,294.04638671875,138.54429626464844,102.30349731445312
236.58580017089844,290.78839111328125,137.58099365234375,100.42870330810547
237.3468017578125,287.8324890136719,139.49420166015625,102.36139678955078
242.9792022705078,284.7453918457031,137.21200561523438,102.0802001953125
246.14100646972656,282.9494934082031,139.5792999267578,101.2145004272461
248.27720642089844,278.98919677734375,140.77420043945312,101.6603012084961
252.2917938232422,274.2764892578125,140.2447052001953,104.48359680175781
256.4753112792969,267.1340026855469,138.95880126953125,112.25350189208984
260.3998107910156,263.0892028808594,135.6385955810547,115.32469940185547
265.0794982910156,259.56988525390625,132.49729919433594,115.31099700927734
270.63018798828125,253.6208953857422,132.19290161132812,120.62680053710938
269.4512023925781,248.28810119628906,140.79400634765625,123.10330200195312
279.8218994140625,247.122802734375,147.71170043945312,126.16600036621094
297.1903076171875,244.8647003173828,143.95790100097656,131.1558074951172
318.98040771484375,251.22169494628906,137.7657928466797,127.06670379638672
335.7143859863281,250.45680236816406,141.9459991455078,127.19149780273438
355.2344970703125,251.1822967529297,136.6324005126953,126.37770080566406
371.84649658203125,251.56069946289062,131.98800659179688,123.69329833984375
400.8110046386719,257.51959228515625,124.05159759521484,113.2522964477539
421.1405944824219,251.5908966064453,114.70549774169922,118.41220092773438
436.5653076171875,265.0555114746094,105.98660278320312,104.635498046875
444.2923889160156,258.6748962402344,109.64759826660156,110.518798828125
452.1805114746094,262.5790100097656,111.2688980102539,109.31220245361328
456.1202087402344,254.18910217285156,118.8405990600586,121.11389923095703
459.0633850097656,254.6540069580078,131.50770568847656,124.45860290527344
458.78070068359375,253.50140380859375,132.35079956054688,128.847900390625
456.451904296875,251.2595977783203,143.44369506835938,132.59820556640625
448.6257019042969,249.16940307617188,147.77389526367188,133.55960083007812
446.3114929199219,251.40350341796875,149.54029846191406,133.5283966064453
439.7756042480469,256.3800964355469,145.41029357910156,128.39450073242188
441.8283996582031,250.89649963378906,156.31419372558594,132.10060119628906
440.2090148925781,252.2136993408203,147.4154052734375,126.82389831542969
436.6776123046875,249.88589477539062,153.00830078125,127.1061019897461
435.5000915527344,254.62289428710938,141.7050018310547,123.11470031738281
432.9917907714844,257.7195129394531,144.51229858398438,122.88480377197266
428.2484130859375,261.6737976074219,137.96539306640625,118.71880340576172
428.0638122558594,263.2781982421875,133.7935028076172,117.09130096435547
426.06048583984375,261.14801025390625,135.5966033935547,118.09310150146484
424.1776123046875,257.5400085449219,134.62060546875,119.1666030883789
422.3727111816406,258.03118896484375,134.45899963378906,114.4229965209961
420.4289855957031,261.781494140625,132.92559814453125,108.47380065917969
418.7361145019531,255.1103973388672,133.0634002685547,110.21939849853516
415.206298828125,258.3106994628906,125.0156021118164,105.48889923095703
411.37939453125,255.35260009765625,136.7313995361328,107.92369842529297
410.7200927734375,255.1804962158203,132.2238006591797,105.42549896240234
409.3280944824219,251.8321990966797,129.33590698242188,109.01809692382812
409.06829833984375,241.81649780273438,138.5135955810547,112.22530364990234
408.01971435546875,241.5561981201172,134.6221923828125,112.62419891357422
408.34368896484375,239.27769470214844,136.58580017089844,115.91239929199219
407.3258056640625,240.82530212402344,135.43080139160156,115.52449798583984
407.61090087890625,245.54100036621094,135.78660583496094,112.2645034790039
412.32110595703125,250.7790069580078,135.45140075683594,109.73259735107422
414.918701171875,253.54989624023438,130.62879943847656,109.26100158691406
416.4627990722656,266.0343933105469,122.1720962524414,97.6447982788086
418.6961975097656,265.10430908203125,123.68489837646484,98.95919799804688
422.6354064941406,275.3096923828125,125.02570343017578,87.9041976928711
426.0622863769531,276.1545104980469,120.35040283203125,89.35050201416016
429.97491455078125,278.1084899902344,120.14330291748047,89.95040130615234
433.9476013183594,279.7655944824219,115.50260162353516,86.59809875488281
436.9231872558594,280.7410888671875,113.760498046875,85.54789733886719
440.3883056640625,279.3828125,118.02310180664062,85.90390014648438
440.5987854003906,276.7832946777344,116.72059631347656,83.3102035522461
444.15789794921875,276.0982971191406,114.1333999633789,84.1250991821289
446.7846984863281,273.8240051269531,114.01820373535156,88.00990295410156
449.10040283203125,277.9537048339844,113.96859741210938,86.49520111083984
448.61810302734375,278.1037902832031,114.67420196533203,88.23320007324219
452.9299011230469,280.8023986816406,114.95670318603516,87.82270050048828
455.5616149902344,283.912109375,115.26909637451172,85.65599822998047
456.7532043457031,290.639892578125,118.16709899902344,83.83149719238281
456.3064880371094,293.9483947753906,122.02210235595703,84.206298828125
458.406005859375,295.46600341796875,122.69619750976562,83.5198974609375
458.606689453125,289.794189453125,125.18289947509766,89.34329986572266
462.806884765625,286.5683898925781,124.2042007446289,91.07420349121094
460.75360107421875,284.7262878417969,125.71829986572266,90.07219696044922
459.27349853515625,281.39691162109375,127.31629943847656,89.67050170898438
458.3088073730469,281.1156921386719,127.83650207519531,94.89579772949219
455.0804138183594,280.30389404296875,130.11349487304688,93.06829833984375
456.7356872558594,281.32940673828125,127.5907974243164,95.83439636230469
458.4637145996094,280.7732849121094,122.10970306396484,99.15840148925781
458.42169189453125,281.7892150878906,118.91179656982422,100.58070373535156
460.7296142578125,283.0506896972656,116.56510162353516,102.58509826660156
460.53179931640625,285.3063049316406,112.40850067138672,106.07630157470703
462.8577880859375,284.0244140625,110.29290008544922,110.43090057373047
463.8970947265625,285.6206970214844,103.94259643554688,111.30840301513672
465.9902038574219,284.5166931152344,99.53450012207031,113.18820190429688
464.8039855957031,287.5794982910156,97.63870239257812,114.26210021972656
465.94189453125,287.8026123046875,98.33589935302734,118.74440002441406
462.7056884765625,288.7456970214844,97.92259979248047,117.98899841308594
463.2518005371094,290.9988098144531,94.79660034179688,116.07019805908203
460.7867126464844,292.0107116699219,96.15730285644531,117.76000213623047
459.2159118652344,290.6625061035156,92.32720184326172,116.30030059814453
453.18560791015625,291.5433044433594,100.3145980834961,116.48429870605469
445.7318115234375,290.7160949707031,98.55449676513672,115.36599731445312
440.1838073730469,287.2694091796875,100.970703125,120.5343017578125
434.35260009765625,285.581298828125,104.72460174560547,115.54319763183594
428.3045959472656,284.5343017578125,112.59480285644531,116.59980010986328
422.1333923339844,284.5649108886719,113.1603012084961,114.37550354003906
416.998291015625,284.3785095214844,119.57820129394531,114.00360107421875
413.66510009765625,284.8223876953125,122.5791015625,113.1344985961914
410.9696960449219,285.69610595703125,121.38069915771484,109.15299987792969
408.9154968261719,284.2330017089844,123.74359893798828,111.4646987915039
405.4101867675781,284.0087890625,126.2802963256836,110.28980255126953
404.2723083496094,286.61090087890625,123.47419738769531,110.1364974975586
402.56719970703125,289.3464050292969,123.97769927978516,110.55899810791016
403.36761474609375,290.0091857910156,131.79879760742188,108.6073989868164
403.5151062011719,290.9674072265625,129.32400512695312,110.89659881591797
404.6059875488281,293.08319091796875,124.64559936523438,109.48079681396484
401.03448486328125,294.0127868652344,126.03780364990234,108.57279968261719
401.3514099121094,294.6152038574219,124.34149932861328,110.38480377197266
400.718505859375,295.7215881347656,128.43580627441406,111.86959838867188
397.0826110839844,297.9465026855469,132.1898956298828,110.86959838867188
396.6993103027344,299.7135925292969,126.83570098876953,112.65570068359375
393.75799560546875,299.3403015136719,126.2394027709961,112.51339721679688
391.46551513671875,304.1698913574219,124.48069763183594,110.85469818115234
397.2912902832031,305.443115234375,120.46299743652344,109.25150299072266
398.5885925292969,307.96661376953125,119.62159729003906,100.66470336914062
401.53338623046875,311.80718994140625,119.55950164794922,88.77989959716797
399.2427062988281,312.85400390625,122.67630004882812,92.15869903564453
403.0246887207031,319.6701965332031,123.74909973144531,83.83080291748047
403.04840087890625,320.3984069824219,130.19239807128906,88.314697265625
402.0956115722656,322.70660400390625,133.1956024169922,85.78700256347656
403.693115234375,324.1039123535156,135.2895050048828,84.99340057373047
405.9627990722656,326.56280517578125,131.3468017578125,80.53179931640625
407.19281005859375,329.6322937011719,139.17030334472656,78.56500244140625
412.0953063964844,336.1924133300781,130.09840393066406,72.49169921875
413.1213073730469,335.6531066894531,128.93760681152344,72.93060302734375
416.4739074707031,339.04058837890625,127.95330047607422,69.26750183105469
416.1791076660156,342.13330078125,128.0738983154297,64.2218017578125
418.7023010253906,349.57818603515625,124.05660247802734,63.05099868774414
423.9753112792969,346.4837951660156,123.75260162353516,71.34590148925781
424.8984069824219,349.40631103515625,122.61699676513672,70.83609771728516
426.13018798828125,356.0646057128906,118.34010314941406,63.6531982421875
425.1346130371094,348.5909118652344,114.18440246582031,70.18730163574219
425.9930114746094,346.130615234375,114.61609649658203,69.65360260009766
423.36279296875,343.8039855957031,114.70670318603516,68.4219970703125
414.1184997558594,338.8691101074219,116.59049987792969,71.97560119628906
406.4678039550781,334.88250732421875,125.33080291748047,76.56400299072266
401.9772033691406,329.88079833984375,131.60580444335938,79.93070220947266
398.3330078125,325.32989501953125,138.99380493164062,85.24939727783203
398.1492919921875,320.44769287109375,131.74130249023438,85.80879974365234
396.44158935546875,319.5255126953125,133.35670471191406,89.24089813232422
394.1639099121094,316.9252014160156,133.98390197753906,91.3948974609375
391.2189025878906,316.27081298828125,133.5177001953125,89.49099731445312
386.4710998535156,315.2218933105469,133.22579956054688,93.64640045166016
379.9530944824219,313.51141357421875,136.56399536132812,96.47250366210938
376.5862121582031,308.3100891113281,134.17669677734375,103.47450256347656
375.5143127441406,305.16839599609375,137.77720642089844,105.55979919433594
377.22918701171875,303.408203125,134.37950134277344,106.90769958496094
382.2051086425781,301.5470886230469,128.0417022705078,106.68170166015625
384.3409118652344,299.2944030761719,125.04190063476562,109.97419738769531
390.4569091796875,298.569091796875,117.30919647216797,107.0333023071289
396.9435119628906,297.61090087890625,111.98660278320312,112.54399871826172
408.0846862792969,297.5871887207031,106.73100280761719,111.7063980102539
408.49420166015625,298.6285095214844,111.43280029296875,113.57559967041016
409.64111328125,304.2887878417969,115.2782974243164,106.16809844970703
407.29840087890625,305.3290100097656,119.38040161132812,105.07350158691406
411.0015869140625,309.83209228515625,119.79750061035156,99.627197265625
416.1171875,314.527587890625,115.81330108642578,93.88490295410156
417.97491455078125,315.6319885253906,114.06610107421875,94.70159912109375
417.5379943847656,311.4147033691406,116.63390350341797,101.7656021118164
420.07281494140625,310.0185852050781,113.55049896240234,107.86930084228516
421.1238098144531,313.54840087890625,109.03179931640625,106.83920288085938
419.2547912597656,315.30621337890625,109.57460021972656,106.71949768066406
427.63140869140625,318.27978515625,100.79199981689453,109.18049621582031
430.63580322265625,319.3994140625,97.9531021118164,109.78569793701172
439.10870361328125,322.4075012207031,93.4926986694336,99.92420196533203
437.9053955078125,322.7182922363281,101.58260345458984,94.65360260009766
441.722412109375,319.927001953125,102.01689910888672,89.23090362548828
445.8279113769531,316.9761962890625,101.14430236816406,90.23059844970703
451.0090026855469,311.12078857421875,99.81009674072266,89.51860046386719
452.05169677734375,306.15478515625,99.63710021972656,85.177001953125
451.1737060546875,302.75738525390625,101.52510070800781,79.20320129394531
448.1604919433594,298.9790954589844,106.6541976928711,73.42870330810547
450.1206970214844,294.45880126953125,103.04789733886719,78.28569793701172
447.8127136230469,290.89080810546875,101.64250183105469,75.91079711914062
448.14801025390625,287.643310546875,99.55449676513672,75.6343994140625
451.4284973144531,287.6951904296875,94.36599731445312,79.89530181884766
456.4090881347656,284.555908203125,87.572998046875,80.2688980102539
458.71209716796875,281.1971130371094,80.61949920654297,85.26730346679688
457.8918151855469,279.2773132324219,79.19090270996094,88.0165023803711
451.964111328125,274.6238098144531,86.96420288085938,93.82330322265625
445.96990966796875,272.56500244140625,92.0365982055664,100.20980072021484
447.9429016113281,273.5451965332031,91.53489685058594,97.27760314941406
442.2403869628906,268.7898864746094,95.31279754638672,104.51840209960938
449.37939453125,271.89129638671875,92.96499633789062,101.83940124511719
444.7984924316406,276.3811950683594,100.2676010131836,97.47560119628906
435.23388671875,273.3832092285156,109.80989837646484,103.4395980834961
440.55889892578125,276.8659973144531,105.06310272216797,85.61990356445312
424.0421142578125,281.27130126953125,123.70359802246094,79.75080108642578
453.6943054199219,287.8841857910156,94.8593978881836,70.58280181884766
463.4963073730469,294.6174011230469,85.8324966430664,67.25659942626953
463.5412902832031,300.8045959472656,91.36969757080078,67.69380187988281
467.28338623046875,303.77508544921875,92.5198974609375,67.28829956054688
473.06500244140625,307.5423889160156,95.18000030517578,72.35990142822266
475.26409912109375,307.7174987792969,96.7394027709961,69.77069854736328
482.4356994628906,312.2778015136719,95.60389709472656,67.11959838867188
488.3110046386719,315.7489929199219,95.0791015625,70.0165023803711
494.97430419921875,318.322998046875,94.96510314941406,68.25350189208984
494.70849609375,320.5122985839844,101.27369689941406,68.302001953125
500.8606872558594,324.8490905761719,99.59110260009766,72.01699829101562
503.2762145996094,329.07879638671875,102.12960052490234,72.03630065917969
507.0242004394531,330.1625061035156,105.40640258789062,73.64969635009766
510.39849853515625,331.0465087890625,108.05180358886719,77.0083999633789
510.6754150390625,332.690185546875,105.14350128173828,74.34329986572266
512.5128784179688,328.3970947265625,102.7157974243164,77.24980163574219
509.1830139160156,330.7914123535156,106.49459838867188,72.27300262451172
507.9336853027344,333.9580078125,107.94290161132812,72.67849731445312
508.9468078613281,329.31988525390625,107.66799926757812,75.49649810791016
504.6498107910156,324.3768005371094,109.68990325927734,78.88300323486328
501.4298095703125,322.6498107910156,105.68589782714844,76.40969848632812
502.0282897949219,318.69989013671875,102.97769927978516,73.76640319824219
498.9219055175781,318.81109619140625,101.07060241699219,72.58609771728516
496.2218017578125,316.5602111816406,99.26370239257812,71.60169982910156
493.11138916015625,317.46868896484375,104.09220123291016,69.03119659423828
491.1708984375,318.74029541015625,110.63099670410156,83.48789978027344
490.4125061035156,319.981689453125,110.56999969482422,80.2302017211914
487.0474853515625,318.0447082519531,112.9364013671875,83.15660095214844
491.29779052734375,319.6565856933594,107.28710174560547,80.40299987792969
486.7130126953125,319.7560119628906,112.61720275878906,80.27189636230469
490.9747009277344,323.0264892578125,108.62689971923828,82.75550079345703
477.5050048828125,322.1737976074219,121.33889770507812,85.67340087890625
493.3753967285156,322.2170104980469,106.39360046386719,85.41349792480469
488.9179992675781,322.8233947753906,113.09770202636719,83.02200317382812
492.90679931640625,324.14990234375,109.02950286865234,81.37960052490234
483.1181945800781,324.60699462890625,115.69450378417969,78.4365005493164
490.8008117675781,323.7644958496094,109.5282974243164,77.62789916992188
482.0494079589844,323.23541259765625,112.98809814453125,75.00830078125
494.38018798828125,324.91558837890625,136.60960388183594,73.80400085449219
493.6492004394531,324.63531494140625,103.71920013427734,71.44259643554688
498.559814453125,338.3828125,95.42269897460938,56.61989974975586
498.9089050292969,338.5144958496094,95.97049713134766,52.93330001831055
488.4085998535156,337.6369934082031,119.98300170898438,53.54399871826172
495.768310546875,333.6227111816406,144.0876007080078,57.53739929199219
499.77288818359375,335.9020080566406,96.8197021484375,55.768798828125
499.3026123046875,335.0657958984375,99.24520111083984,52.635501861572266
498.19720458984375,334.42779541015625,90.7802963256836,51.65530014038086
495.298095703125,335.0013122558594,90.20480346679688,50.41210174560547
493.6192932128906,335.97149658203125,88.63259887695312,50.138301849365234
491.09381103515625,335.20709228515625,90.67829895019531,53.602699279785156
488.3305969238281,334.7207946777344,92.48190307617188,51.00899887084961
485.9668884277344,334.0692138671875,92.68309783935547,50.0078010559082
486.1783142089844,332.8049011230469,92.04219818115234,50.36040115356445
484.3183898925781,331.9934997558594,90.07330322265625,49.00740051269531
483.69061279296875,329.4595947265625,86.93710327148438,51.12689971923828
482.2641906738281,324.28289794921875,99.88200378417969,67.47019958496094
476.7789001464844,320.3789978027344,113.56050109863281,71.74649810791016
472.42401123046875,320.2195129394531,107.556396484375,66.0145034790039
472.2392883300781,318.5436096191406,107.2562026977539,74.60289764404297
470.5201110839844,316.5137023925781,113.46839904785156,68.8239974975586
469.1702880859375,315.7644958496094,113.72339630126953,64.25289916992188
470.85888671875,314.82708740234375,106.86039733886719,66.4645004272461
468.0049133300781,313.4798889160156,111.37020111083984,73.84480285644531
466.00579833984375,313.0365905761719,112.95989990234375,71.56520080566406
467.9598083496094,312.0061950683594,112.82769775390625,66.4813003540039
465.5828857421875,312.3157043457031,109.75170135498047,75.09130096435547
467.0068054199219,313.0180969238281,111.16069793701172,80.93090057373047
470.4737854003906,313.8464050292969,106.9457015991211,85.37159729003906
469.5024108886719,314.2620849609375,110.02140045166016,78.45770263671875
474.4273986816406,314.3788146972656,104.66400146484375,79.9740982055664
473.75299072265625,316.00531005859375,106.74739837646484,77.6229019165039
470.6899108886719,317.89410400390625,111.96019744873047,76.53959655761719
471.50390625,318.8456115722656,110.14849853515625,78.65370178222656
470.3974914550781,320.0224914550781,117.69629669189453,77.87789916992188
419.4789123535156,315.8783874511719,158.88949584960938,77.71199798583984
437.03619384765625,314.1109924316406,133.3061981201172,79.46019744873047
450.93170166015625,317.4341125488281,122.46040344238281,76.64640045166016
457.1935119628906,319.2934875488281,114.16709899902344,79.03589630126953
444.989501953125,319.3118896484375,137.12759399414062,79.30780029296875
445.85980224609375,326.0328063964844,122.51290130615234,73.86260223388672
461.714599609375,324.59228515625,143.1708984375,78.34329986572266
461.7778015136719,324.6518859863281,141.5198974609375,81.80879974365234
460.1788024902344,327.39410400390625,136.9803009033203,80.89790344238281
461.2724914550781,328.27880859375,107.2145004272461,78.6155014038086
452.198486328125,327.61529541015625,149.8157958984375,76.32980346679688
460.5893859863281,329.1278076171875,137.3123016357422,77.12480163574219
461.5401916503906,329.78741455078125,140.25619506835938,76.77999877929688
465.705810546875,331.9574890136719,133.33920288085938,78.09200286865234
465.70111083984375,329.760498046875,139.84339904785156,80.16290283203125
463.3294982910156,334.9939880371094,97.4126968383789,78.8822021484375
461.3581848144531,329.98699951171875,127.07730102539062,83.90139770507812
463.2200012207031,333.01739501953125,100.03790283203125,84.5261001586914
460.9837951660156,327.78369140625,109.87629699707031,87.90339660644531
461.96990966796875,322.9739990234375,108.84339904785156,92.78970336914062
457.476806640625,320.4596862792969,119.5093002319336,96.60230255126953
449.7190856933594,317.0443115234375,127.06220245361328,103.22669982910156
463.5809020996094,311.6437072753906,108.37300109863281,106.8916015625
461.9031066894531,307.8463134765625,106.08930206298828,103.6417007446289
461.80450439453125,305.9483947753906,101.90550231933594,102.77059936523438
464.23370361328125,305.6534118652344,97.88670349121094,101.00990295410156
482.19061279296875,303.625,79.86180114746094,93.79979705810547
470.6957092285156,300.7466125488281,92.52059936523438,93.1239013671875
450.2043151855469,299.4833068847656,113.71769714355469,75.58380126953125
439.8476867675781,293.5215148925781,119.46240234375,104.66079711914062
445.6799011230469,291.5987854003906,113.83390045166016,85.7385025024414
438.3406982421875,293.8526916503906,120.89399719238281,107.28929901123047
457.86871337890625,290.6051940917969,104.18489837646484,84.00260162353516
457.8756103515625,288.7567138671875,104.56539916992188,79.63349914550781
457.94769287109375,285.1412048339844,102.61910247802734,81.96990203857422
455.7025146484375,284.2340087890625,104.53279876708984,77.27790069580078
454.05108642578125,281.5943908691406,104.85060119628906,80.48789978027344
446.40020751953125,277.7742004394531,108.0802993774414,81.89530181884766
442.4112854003906,275.2138977050781,108.35289764404297,80.48390197753906
439.6494140625,272.3139953613281,102.05850219726562,85.06310272216797
437.7005920410156,269.4068908691406,100.34130096435547,84.8739013671875
433.0390930175781,265.2818908691406,102.01920318603516,95.814697265625
431.2062072753906,262.3424072265625,101.17890167236328,85.60780334472656
413.835205078125,259.1671142578125,116.44400024414062,85.5479965209961
427.66680908203125,256.2998962402344,98.97740173339844,108.75029754638672
420.764892578125,254.8643035888672,102.29509735107422,85.67389678955078
418.64300537109375,249.98980712890625,103.00060272216797,89.46189880371094
410.5365905761719,248.63819885253906,106.87799835205078,86.76319885253906
416.7370910644531,251.2281951904297,100.82990264892578,87.2228012084961
411.8026123046875,248.40420532226562,108.72959899902344,89.43489837646484
412.4692077636719,248.93069458007812,108.71610260009766,89.00399780273438
413.19329833984375,252.3363037109375,110.39779663085938,98.00679779052734
412.2500915527344,250.6414031982422,113.22509765625,91.39579772949219
410.8038024902344,254.41140747070312,113.47200012207031,83.42220306396484
414.1213073730469,257.89239501953125,109.36640167236328,79.08560180664062
424.2265930175781,264.3695068359375,108.53579711914062,74.43509674072266
421.7658996582031,271.8987121582031,93.98100280761719,67.91020202636719
438.50738525390625,273.1001892089844,83.45999908447266,69.69840240478516
434.43951416015625,276.573486328125,92.59549713134766,69.38990020751953
439.5257873535156,278.03070068359375,88.99479675292969,70.40170288085938
439.6841125488281,277.9772033691406,87.68550109863281,69.62940216064453
441.555908203125,279.00579833984375,84.84439849853516,68.44840240478516
441.48260498046875,276.5289001464844,87.23880004882812,67.07530212402344
432.81658935546875,275.90869140625,94.57730102539062,65.13279724121094
425.2629089355469,278.0911865234375,104.93879699707031,63.558101654052734
432.58880615234375,276.8074951171875,99.02989959716797,62.87179946899414
427.57598876953125,277.46209716796875,103.70800018310547,61.39630126953125
425.78948974609375,278.6969909667969,84.0602035522461,54.70600128173828
421.3655090332031,279.055908203125,102.54389953613281,55.180599212646484
421.589599609375,277.7362976074219,97.26789855957031,60.221099853515625
421.9450988769531,278.2318115234375,102.11260223388672,63.315101623535156
431.57769775390625,278.8096923828125,90.74299621582031,60.3140983581543
428.7720947265625,279.27911376953125,89.27120208740234,54.999900817871094
428.268310546875,276.718994140625,93.75920104980469,57.45389938354492
434.35418701171875,275.2119140625,89.12840270996094,47.29560089111328
446.443603515625,273.6523132324219,88.41000366210938,54.24720001220703
439.3240966796875,273.6882019042969,103.45780181884766,56.75339889526367
446.091796875,275.2867126464844,105.49849700927734,51.05649948120117
447.7561950683594,277.7493896484375,109.4990005493164,49.91310119628906
448.6268005371094,280.1971130371094,109.48249816894531,51.810298919677734
449.5668029785156,280.51190185546875,112.53970336914062,56.971900939941406
442.38079833984375,280.3904113769531,119.0542984008789,64.6500015258789
448.8705139160156,278.54449462890625,117.25420379638672,69.13020324707031
450.6748046875,278.4728088378906,118.47550201416016,70.35980224609375
447.00421142578125,278.8092041015625,122.6906967163086,70.8949966430664
442.0838928222656,283.12078857421875,123.67379760742188,66.67890167236328
442.5801086425781,283.152587890625,122.30460357666016,65.65440368652344
448.1813049316406,284.4007873535156,109.5907974243164,62.5547981262207
453.94488525390625,287.5044860839844,104.5447006225586,58.98040008544922
453.8147888183594,288.3919982910156,103.9906997680664,60.218101501464844
454.605712890625,288.7421875,84.36380004882812,54.74589920043945
458.0871887207031,284.5492858886719,93.33699798583984,58.30440139770508
461.3576965332031,284.3273010253906,82.02739715576172,57.1515007019043
457.8919982910156,282.340087890625,82.60209655761719,58.01179885864258
457.5487976074219,281.1813049316406,86.59110260009766,56.029998779296875
470.6365966796875,278.6445007324219,74.07170104980469,54.77619934082031
470.0740051269531,274.5076904296875,76.96600341796875,56.16659927368164
473.1299133300781,271.9706115722656,74.69180297851562,58.92729949951172
477.689697265625,272.3994140625,69.97949981689453,53.96480178833008
476.17138671875,272.20989990234375,71.6720962524414,49.23429870605469
473.1885070800781,269.9681091308594,77.58480072021484,71.94879913330078
468.7170104980469,274.31640625,82.2219009399414,63.12369918823242
473.4591064453125,274.0082092285156,77.95069885253906,65.49510192871094
475.28509521484375,274.22650146484375,78.33000183105469,83.84770202636719
473.5871887207031,281.8799133300781,84.0165023803711,79.51290130615234
478.6824951171875,283.0198974609375,79.4009017944336,74.05870056152344
478.36029052734375,280.2294006347656,85.71890258789062,88.03489685058594
473.1910095214844,279.9656982421875,91.40570068359375,81.18689727783203
473.99810791015625,282.68951416015625,99.40350341796875,87.85040283203125
494.5628967285156,286.805908203125,76.48320007324219,84.16570281982422
479.08538818359375,284.41778564453125,89.59359741210938,76.6281967163086
491.1769104003906,287.82489013671875,82.41349792480469,66.5990982055664
497.4660949707031,283.86199951171875,79.81159973144531,75.0647964477539
499.4757080078125,285.5968017578125,78.28600311279297,69.00070190429688
500.06451416015625,281.3747863769531,85.15059661865234,63.2598991394043
498.66241455078125,271.0987854003906,87.3136978149414,70.33779907226562
500.4722900390625,266.0658874511719,88.39630126953125,66.41230010986328
501.38238525390625,265.31689453125,88.66380310058594,62.56420135498047
499.68951416015625,264.00189208984375,88.8031997680664,66.42019653320312
500.2142028808594,264.95941162109375,86.30899810791016,65.95500183105469
497.16339111328125,264.99481201171875,85.43550109863281,60.79560089111328
477.0812072753906,268.2626953125,103.2239990234375,53.594600677490234
480.0967102050781,270.8534851074219,101.02420043945312,53.66360092163086
470.14520263671875,275.8023986816406,107.39289855957031,49.26279830932617
507.9435119628906,280.0210876464844,68.22059631347656,47.56230163574219
510.7627868652344,275.53271484375,68.81120300292969,55.17789840698242
515.438720703125,275.5256042480469,66.10420227050781,47.46889877319336
522.8552856445312,274.4717102050781,63.348201751708984,45.91659927368164
527.9066772460938,277.9872131347656,65.8729019165039,46.01129913330078
535.8131713867188,277.8367004394531,64.33930206298828,45.6411018371582
542.7758178710938,276.5281066894531,63.957801818847656,44.82099914550781
548.5639038085938,273.54888916015625,63.346099853515625,46.689998626708984
556.2258911132812,267.8876953125,62.540000915527344,48.40060043334961
562.4804077148438,263.01470947265625,60.45109939575195,48.088401794433594
570.5396728515625,260.19940185546875,59.32440185546875,49.481998443603516
578.3599243164062,257.91558837890625,58.91740036010742,51.299800872802734
586.2611083984375,255.63299560546875,60.16590118408203,52.361000061035156
590.4802856445312,252.67550659179688,58.80630111694336,47.26210021972656
596.1198120117188,249.20370483398438,56.772701263427734,50.904701232910156
597.2401123046875,246.39540100097656,58.046600341796875,48.98720169067383
601.8211059570312,243.59249877929688,57.757598876953125,49.60499954223633
606.8021850585938,241.8553009033203,54.87379837036133,45.700801849365234
603.7385864257812,240.07460021972656,59.59090042114258,46.602699279785156
605.4224243164062,236.83160400390625,58.0890998840332,47.81209945678711
602.8807983398438,234.97940063476562,60.18090057373047,46.47249984741211
601.1093139648438,233.41949462890625,60.94960021972656,49.21379852294922
600.3756103515625,234.26609802246094,58.93149948120117,49.54840087890625
601.122802734375,233.96620178222656,55.7317008972168,47.75389862060547
598.11376953125,236.95680236816406,54.87990188598633,46.203399658203125
592.2509765625,237.63909912109375,56.989498138427734,47.62730026245117
588.5288696289062,238.5666046142578,53.39400100708008,43.67020034790039
584.5200805664062,242.48219299316406,54.154998779296875,45.509498596191406
581.5682983398438,240.8206024169922,50.152198791503906,40.629398345947266
577.9251708984375,239.99949645996094,49.586700439453125,44.81629943847656
575.6829223632812,241.43490600585938,48.004798889160156,42.37329864501953
573.8734741210938,243.4971923828125,49.5984001159668,41.95589828491211
574.5494995117188,245.6923065185547,49.26639938354492,43.50559997558594
576.0267944335938,246.427001953125,47.63370132446289,39.89080047607422
576.80908203125,248.2606964111328,51.37689971923828,43.5802001953125
578.5479125976562,248.8361053466797,49.01250076293945,40.95370101928711
579.8787841796875,250.20880126953125,48.8583984375,40.230499267578125
584.9982299804688,250.52679443359375,47.15879821777344,38.42539978027344
587.5269165039062,250.01699829101562,48.413700103759766,39.575199127197266
592.2921142578125,250.89849853515625,46.288700103759766,37.65019989013672
595.7249755859375,251.76229858398438,48.880401611328125,38.232601165771484
599.6876831054688,252.9824981689453,46.977901458740234,37.95640182495117
603.4002075195312,253.58859252929688,45.730499267578125,35.692501068115234
603.9957275390625,253.48779296875,49.305999755859375,39.16899871826172
606.5537719726562,253.45339965820312,46.84370040893555,37.242698669433594
605.7730102539062,252.27720642089844,48.827598571777344,34.13520050048828
604.297119140625,251.40750122070312,46.6244010925293,35.225799560546875
601.9058227539062,250.2393035888672,46.55540084838867,37.00849914550781
597.8148803710938,253.24130249023438,47.85240173339844,36.903499603271484
594.18798828125,254.01300048828125,47.458900451660156,39.18730163574219
590.9417114257812,256.36151123046875,46.642398834228516,37.79759979248047
584.7531127929688,258.2674865722656,48.00120162963867,39.42620086669922
576.4213256835938,258.6543884277344,49.952701568603516,40.9370002746582
564.6412963867188,261.8653869628906,55.88330078125,36.966800689697266
565.8792114257812,266.6393127441406,48.85409927368164,38.48569869995117
565.0980224609375,266.4692077636719,45.50559997558594,37.48759841918945
561.663818359375,267.55120849609375,48.35900115966797,41.66590118408203
554.239501953125,265.777099609375,53.77320098876953,39.635799407958984
552.0761108398438,265.24920654296875,54.182899475097656,38.25410079956055
534.03662109375,264.2213134765625,68.66400146484375,40.12480163574219
551.2504272460938,264.9153137207031,52.83869934082031,38.829498291015625
551.6693725585938,262.1263122558594,51.32939910888672,40.05329895019531
552.752685546875,261.10528564453125,48.4119987487793,39.89929962158203
551.0208740234375,260.4005126953125,49.08869934082031,38.24449920654297
550.8983764648438,259.46258544921875,49.402400970458984,40.096900939941406
552.7686157226562,258.9320983886719,47.16859817504883,38.67369842529297
550.7258911132812,257.59478759765625,49.34199905395508,44.48550033569336
552.5466918945312,256.8454895019531,49.86180114746094,42.285400390625
552.4893188476562,254.9694061279297,50.186500549316406,42.57120132446289
550.5125732421875,252.34280395507812,52.359100341796875,44.31639862060547
549.888916015625,253.3459014892578,53.2421989440918,43.13029861450195
555.6779174804688,252.02130126953125,46.08430099487305,42.99800109863281
549.7135009765625,248.99659729003906,51.787200927734375,45.55609893798828
555.3311767578125,250.7729034423828,44.07500076293945,43.611000061035156
551.8040771484375,248.0457000732422,49.43259811401367,46.30149841308594
541.5531005859375,246.98939514160156,51.63199996948242,46.31380081176758
544.94921875,247.9989013671875,47.91709899902344,45.751399993896484
535.5859985351562,246.54029846191406,49.07419967651367,46.28499984741211
537.567626953125,246.32440185546875,47.00519943237305,48.06549835205078
537.6605834960938,247.0323028564453,41.73500061035156,46.992000579833984
536.34228515625,245.46090698242188,44.575801849365234,47.91320037841797
534.743408203125,244.83599853515625,45.083900451660156,49.81079864501953
536.6209716796875,245.0467071533203,33.79650115966797,42.33399963378906
534.736083984375,246.5281982421875,32.92070007324219,39.590999603271484
533.3952026367188,245.95089721679688,32.164398193359375,36.640098571777344
535.3659057617188,245.16180419921875,35.04800033569336,36.008399963378906
536.6605834960938,245.5478973388672,32.43299865722656,35.34590148925781
534.1110229492188,245.12359619140625,34.28620147705078,36.38650131225586
533.5335083007812,244.87130737304688,34.07270050048828,34.81740188598633
533.2468872070312,243.6956024169922,34.34170150756836,36.642398834228516
533.7849731445312,243.05419921875,36.105201721191406,37.111698150634766
529.4921875,243.75790405273438,40.3474006652832,41.407501220703125
527.0615234375,244.10110473632812,44.918701171875,39.24470138549805
522.4577026367188,243.3070068359375,49.017601013183594,40.364898681640625
518.1295166015625,243.86329650878906,56.7400016784668,49.02410125732422
522.76318359375,243.31649780273438,54.31769943237305,53.65399932861328
517.3704223632812,244.2366943359375,57.101898193359375,52.16460037231445
515.5460815429688,246.3249053955078,61.45370101928711,45.79600143432617
516.3424072265625,246.17019653320312,59.2244987487793,59.76810073852539
515.5264892578125,247.658203125,64.50980377197266,49.3760986328125
516.2708740234375,249.27850341796875,65.00789642333984,58.20309829711914
508.42120361328125,249.18539428710938,67.4999008178711,57.583499908447266
512.468505859375,250.6678009033203,63.49100112915039,51.27180099487305
508.573486328125,250.42889404296875,66.71710205078125,55.50120162963867
504.7929992675781,252.1396942138672,70.5177993774414,55.27349853515625
504.9783935546875,250.35330200195312,72.1874008178711,57.27790069580078
503.04779052734375,251.6522979736328,72.6958999633789,56.57320022583008
504.1159973144531,252.0095977783203,74.9530029296875,57.015899658203125
505.29058837890625,251.2740020751953,75.21170043945312,56.079200744628906
512.80517578125,251.15750122070312,68.73470306396484,50.887699127197266
515.5394287109375,254.7281951904297,60.83219909667969,44.0348014831543
520.34130859375,253.80540466308594,60.075401306152344,44.88840103149414
522.90771484375,254.3170928955078,60.320499420166016,42.94110107421875
523.7401123046875,252.71690368652344,58.69070053100586,44.625
524.0524291992188,253.85260009765625,57.69620132446289,43.506500244140625
524.7180786132812,253.15150451660156,56.67829895019531,44.21500015258789
522.3618774414062,252.16729736328125,60.975399017333984,44.51259994506836
520.0618286132812,252.10189819335938,62.20249938964844,45.59870147705078
516.9910278320312,252.9467010498047,65.27400207519531,46.60049819946289
520.5084838867188,253.20419311523438,61.862998962402344,44.88840103149414
521.5081176757812,252.9853973388672,60.94649887084961,47.193599700927734
518.6951293945312,253.17300415039062,63.99330139160156,46.411399841308594
520.8563232421875,254.27679443359375,56.07460021972656,46.45000076293945
517.0786743164062,255.0406036376953,60.932498931884766,46.98310089111328
521.3029174804688,255.3262939453125,60.39229965209961,45.598201751708984
524.3845825195312,257.6554870605469,55.07600021362305,45.27450180053711
523.4672241210938,258.60308837890625,53.35340118408203,45.15869903564453
526.7376098632812,258.6492004394531,51.47959899902344,42.72100067138672
527.1519775390625,258.4610900878906,52.556800842285156,43.36880111694336
525.8322143554688,260.0176086425781,52.350101470947266,41.855499267578125
526.58642578125,260.3450012207031,56.90719985961914,39.02220153808594
526.6384887695312,261.4801025390625,51.59000015258789,39.40510177612305
523.2578735351562,259.5069885253906,56.927398681640625,40.90800094604492
523.498779296875,259.64959716796875,57.275001525878906,40.082000732421875
522.4522705078125,259.3196105957031,60.001800537109375,41.202598571777344
519.2509155273438,260.09710693359375,62.729801177978516,41.58620071411133
528.6455078125,259.2691955566406,52.6349983215332,39.36989974975586
525.1157836914062,257.2361145019531,55.80569839477539,42.380699157714844
524.1077880859375,255.24209594726562,54.53689956665039,40.555198669433594
521.0269775390625,255.06900024414062,59.414100646972656,41.967899322509766
519.39697265625,254.57919311523438,60.99689865112305,42.16780090332031
518.0975952148438,252.02340698242188,63.08829879760742,39.38990020751953
528.2147827148438,250.77149963378906,51.207000732421875,41.247398376464844
526.9603271484375,249.61959838867188,52.09379959106445,41.187198638916016
522.0806274414062,248.63229370117188,54.50310134887695,42.25
525.2097778320312,247.00729370117188,50.58509826660156,40.7234001159668
524.3068237304688,246.3842010498047,50.42729949951172,39.17940139770508
516.6323852539062,246.04379272460938,59.298500061035156,39.56159973144531
516.3126220703125,245.48390197753906,59.19710159301758,38.11650085449219
521.1964721679688,244.35130310058594,53.54819869995117,39.16350173950195
521.9869995117188,243.36630249023438,51.456199645996094,39.75749969482422
522.2108154296875,243.39370727539062,51.47679901123047,38.775001525878906
518.9660034179688,245.2606964111328,56.33060073852539,38.311798095703125
514.2531127929688,244.93609619140625,62.32429885864258,36.82080078125
520.476806640625,244.96359252929688,57.71099853515625,36.652801513671875
512.4083862304688,245.3262939453125,64.32859802246094,37.56489944458008
523.2152709960938,243.80990600585938,52.91550064086914,33.33340072631836
520.0025024414062,245.35789489746094,55.48659896850586,30.86079978942871
518.2410278320312,241.60330200195312,55.73040008544922,36.68920135498047
521.4166259765625,240.93679809570312,52.10169982910156,34.45050048828125
523.1043701171875,240.4145965576172,49.637298583984375,37.3114013671875
514.3613891601562,239.26109313964844,56.31809997558594,44.7692985534668
518.2293701171875,239.0363006591797,53.36909866333008,43.65739822387695
519.3712158203125,239.0301055908203,53.62189865112305,44.13249969482422
516.8507080078125,239.089599609375,54.891700744628906,44.45690155029297
518.7042236328125,240.8719024658203,52.72639846801758,42.41899871826172
519.8065795898438,241.75439453125,51.14039993286133,40.80189895629883
519.6528930664062,241.2805938720703,49.96269989013672,42.79010009765625
519.01611328125,241.8972930908203,49.39400100708008,40.70640182495117
518.5617065429688,242.64869689941406,59.570098876953125,41.71110153198242
519.9857788085938,243.12770080566406,50.48820114135742,37.8213005065918
520.3305053710938,243.9210968017578,47.490299224853516,35.69020080566406
520.002685546875,245.96279907226562,46.21540069580078,34.28089904785156
521.7318115234375,244.96890258789062,47.525901794433594,35.735198974609375
520.1240844726562,245.3542022705078,48.571998596191406,35.624000549316406
520.4893798828125,242.6573944091797,49.115299224853516,35.26969909667969
518.618896484375,241.2093048095703,46.69580078125,35.03200149536133
518.4478149414062,239.1678009033203,49.74409866333008,38.35749816894531
517.591796875,240.49459838867188,46.81269836425781,39.267398834228516
517.8585815429688,240.92950439453125,47.410400390625,37.58720016479492
517.0703735351562,240.74159240722656,48.416099548339844,36.931800842285156
515.9866943359375,240.239501953125,49.01430130004883,39.3380012512207
515.4777221679688,239.07620239257812,49.5630989074707,38.95500183105469
515.6768798828125,238.42010498046875,47.38710021972656,41.852298736572266
514.607421875,239.53709411621094,49.255001068115234,39.384700775146484
511.072509765625,238.26759338378906,50.758399963378906,41.1510009765625
511.4639892578125,238.451904296875,50.30950164794922,39.823299407958984
510.46710205078125,237.84820556640625,49.99729919433594,39.80630111694336
510.42401123046875,237.0623016357422,51.14759826660156,42.15829849243164
512.2926025390625,237.87869262695312,48.29290008544922,37.66320037841797
512.5358276367188,237.64309692382812,50.049198150634766,39.934200286865234
514.1201171875,237.4302978515625,49.29909896850586,42.681400299072266
513.922607421875,237.6580047607422,49.00080108642578,36.61989974975586
514.76171875,238.1403045654297,48.2943000793457,36.967899322509766
514.16552734375,237.9158935546875,49.77640151977539,39.424198150634766
514.2025756835938,237.9636993408203,48.111000061035156,40.734901428222656
513.4932861328125,238.70770263671875,48.56639862060547,37.29570007324219
511.4621887207031,239.13609313964844,50.83380126953125,37.549800872802734
510.9479064941406,239.25570678710938,51.781700134277344,38.25790023803711
509.6763916015625,239.19650268554688,52.2041015625,37.77799987792969
507.8544921875,239.44369506835938,55.22380065917969,38.964599609375
507.7846984863281,239.5364990234375,55.65639877319336,42.219398498535156
504.6299133300781,239.4822998046875,58.46870040893555,40.52349853515625
507.2778015136719,239.966796875,55.041500091552734,43.26490020751953
511.10369873046875,240.63720703125,53.619598388671875,40.283599853515625
510.42510986328125,241.68479919433594,53.86800003051758,41.29909896850586
515.1256713867188,244.03359985351562,52.51789855957031,36.93299865722656
515.167724609375,244.352294921875,53.3046989440918,38.4213981628418
515.1071166992188,244.62100219726562,55.58890151977539,34.14849853515625
513.9766235351562,245.95269775390625,53.13079833984375,37.19900131225586
514.6984252929688,243.9906005859375,54.412498474121094,36.58829879760742
513.3087158203125,246.24009704589844,53.77899932861328,33.20949935913086
514.1638793945312,245.44320678710938,54.52429962158203,36.269901275634766
513.3477783203125,246.414306640625,55.571998596191406,35.01380157470703
513.5941772460938,247.88699340820312,52.137699127197266,33.95370101928711
515.4495849609375,244.94569396972656,51.95309829711914,39.61819839477539
509.7334899902344,242.7476043701172,57.611900329589844,40.05889892578125
510.1619873046875,242.2541961669922,56.94620132446289,43.545799255371094
510.29888916015625,241.75929260253906,55.1422004699707,43.562801361083984
511.4374084472656,241.61199951171875,55.549800872802734,43.550899505615234
510.82330322265625,240.56080627441406,57.272300720214844,45.988800048828125
507.16668701171875,242.2073974609375,58.13029861450195,44.17070007324219
505.93011474609375,242.19949340820312,61.52579879760742,68.74749755859375
504.1387939453125,243.55679321289062,62.187198638916016,70.11710357666016
502.2930908203125,242.47740173339844,63.54130172729492,69.77639770507812
503.9375915527344,241.95570373535156,62.56330108642578,70.40499877929688
505.8594055175781,242.63490295410156,60.523101806640625,70.23310089111328
505.6733093261719,245.6259002685547,65.44920349121094,67.65160369873047
496.8775939941406,245.33509826660156,70.6364974975586,40.72100067138672
515.9556274414062,246.65499877929688,51.18669891357422,39.20119857788086
513.9793701171875,244.56649780273438,54.43299865722656,40.030399322509766
513.5228271484375,243.69659423828125,54.35459899902344,42.34590148925781
511.9306945800781,243.98890686035156,57.370399475097656,42.304500579833984
511.8044128417969,245.20249938964844,57.46659851074219,40.42580032348633
512.0551147460938,244.66949462890625,57.12179946899414,41.357398986816406
514.865478515625,245.4792938232422,53.74810028076172,39.82820129394531
513.6956176757812,245.481201171875,55.42559814453125,39.45320129394531
512.3499755859375,247.64939880371094,56.742401123046875,38.397499084472656
512.8084716796875,247.1179962158203,55.725101470947266,37.708499908447266
510.3664855957031,248.29150390625,57.57789993286133,36.99620056152344
510.5078125,249.71510314941406,56.1338996887207,36.88119888305664
507.9971008300781,247.89109802246094,58.41419982910156,39.55540084838867
509.6658020019531,249.10659790039062,57.83470153808594,37.70909881591797
510.5882873535156,250.7769012451172,57.016998291015625,34.77320098876953
514.6981811523438,250.33689880371094,51.830501556396484,32.00870132446289
511.39190673828125,252.0467987060547,56.25450134277344,32.44850158691406
515.4481201171875,250.67770385742188,51.824100494384766,30.54360008239746
516.7888793945312,248.94090270996094,51.83039855957031,33.833099365234375
513.173828125,248.3697052001953,54.4567985534668,35.39419937133789
510.0975036621094,245.87820434570312,57.64509963989258,40.95069885253906
511.2651062011719,244.7436981201172,55.38349914550781,43.46419906616211
514.4779052734375,247.5413055419922,52.354698181152344,42.815399169921875
506.1619873046875,243.21389770507812,59.75790023803711,64.52040100097656
507.3887023925781,242.44900512695312,60.59989929199219,52.66899871826172
510.1416931152344,245.1739959716797,52.99100112915039,45.92649841308594
507.08660888671875,243.46449279785156,57.12879943847656,47.892799377441406
507.0361022949219,247.82400512695312,56.059898376464844,45.63019943237305
507.6101989746094,246.56080627441406,54.452598571777344,44.314998626708984
497.394287109375,247.1132049560547,64.38819885253906,44.95899963378906
492.2825012207031,247.78970336914062,67.23139953613281,43.08409881591797
488.1841125488281,249.63169860839844,74.84600067138672,41.87580108642578
493.9508972167969,252.16409301757812,66.02760314941406,38.89500045776367
494.00579833984375,253.6977996826172,66.927001953125,37.65879821777344
493.4338073730469,253.22500610351562,66.73380279541016,36.96110153198242
495.2486877441406,253.0915069580078,65.4010009765625,38.3578987121582
499.58551025390625,251.59649658203125,62.74470138549805,38.89310073852539
518.3128051757812,253.77589416503906,41.03609848022461,34.85350036621094
515.8754272460938,253.62950134277344,44.865501403808594,36.156898498535156
506.912109375,253.17010498046875,52.90079879760742,35.60240173339844
513.0037231445312,253.69009399414062,45.17369842529297,36.00830078125
506.6333923339844,252.6248016357422,51.587799072265625,36.5797004699707
512.9674072265625,253.92120361328125,44.39139938354492,37.813499450683594
511.6578063964844,253.81500244140625,39.427799224853516,35.912899017333984
508.09698486328125,255.02490234375,38.16389846801758,36.63290023803711
506.6112060546875,253.28250122070312,40.951698303222656,40.52399826049805
501.13128662109375,254.19940185546875,46.12860107421875,60.965999603271484
495.3081970214844,251.73219299316406,53.402198791503906,63.1349983215332
500.2727966308594,253.91729736328125,49.903099060058594,59.18550109863281
500.7889099121094,254.24159240722656,54.387298583984375,57.713199615478516
500.6899108886719,252.6605987548828,53.8828010559082,59.844600677490234
508.081298828125,254.22369384765625,38.39979934692383,49.969398498535156
511.3970947265625,252.73309326171875,35.05580139160156,39.32099914550781
513.0341796875,250.66700744628906,37.423500061035156,48.29759979248047
514.4780883789062,249.5399932861328,32.47090148925781,51.56829833984375
516.6126708984375,251.30050659179688,32.767601013183594,49.11399841308594
504.52191162109375,248.3603057861328,48.66239929199219,65.40889739990234
501.4554138183594,249.9801025390625,59.963199615478516,63.92940139770508
516.275390625,246.9906005859375,38.87179946899414,53.33219909667969
503.1724853515625,247.9114990234375,48.8297004699707,65.00469970703125
500.02508544921875,247.6992950439453,60.97460174560547,67.95459747314453
498.9104919433594,249.68190002441406,58.45159912109375,65.26920318603516
500.8138122558594,247.50399780273438,58.144500732421875,65.25140380859375
500.7759094238281,249.8697967529297,61.77190017700195,65.0031967163086
499.875,253.3509063720703,60.29800033569336,61.42150115966797
501.6202087402344,253.83749389648438,60.45209884643555,59.69129943847656
501.99749755859375,252.61990356445312,58.69390106201172,61.39059829711914
500.7983093261719,252.54190063476562,58.47520065307617,60.37540054321289
499.07220458984375,255.87710571289062,60.51110076904297,57.945701599121094
498.7237854003906,257.64678955078125,61.753501892089844,57.43840026855469
498.0340881347656,258.2665100097656,62.91310119628906,55.66490173339844
500.00048828125,262.06390380859375,62.4453010559082,52.489498138427734
499.7054138183594,261.7589111328125,59.40140151977539,53.994300842285156
497.7428894042969,262.7591857910156,60.64500045776367,52.8745002746582
495.6871032714844,262.1241149902344,57.71379852294922,51.1693000793457
493.4359130859375,260.3984069824219,57.5817985534668,52.11920166015625
492.74420166015625,260.6235046386719,60.31719970703125,52.882999420166016
493.0115966796875,259.9126892089844,57.104801177978516,51.466800689697266
490.9790954589844,258.61639404296875,59.77560043334961,51.96839904785156
488.56219482421875,258.1182861328125,59.42470169067383,51.820098876953125
484.472412109375,257.3808898925781,63.56340026855469,52.31890106201172
479.1662902832031,257.0838928222656,61.18230056762695,51.489200592041016
475.3945007324219,255.1240997314453,67.98590087890625,54.41740036010742
472.1965026855469,255.47030639648438,61.95819854736328,51.84429931640625
468.6805114746094,253.69479370117188,61.45790100097656,50.62070083618164
465.534912109375,251.79840087890625,61.86940002441406,48.445499420166016
457.8760070800781,249.15179443359375,62.839500427246094,54.42770004272461
453.76220703125,247.01849365234375,62.06079864501953,50.6411018371582
442.44500732421875,244.58189392089844,67.17150115966797,49.775699615478516
439.6332092285156,243.97320556640625,63.724700927734375,49.88529968261719
432.4464111328125,242.36749267578125,65.72450256347656,53.3567008972168
432.173095703125,241.21420288085938,59.209598541259766,52.09920120239258
429.35650634765625,241.13619995117188,58.44900131225586,51.13840103149414
428.1484069824219,241.91099548339844,55.249698638916016,52.02920150756836
416.8826904296875,241.64340209960938,61.84709930419922,54.823699951171875
407.5188903808594,242.45669555664062,68.40769958496094,55.23320007324219
405.62188720703125,244.60549926757812,70.4354019165039,56.80179977416992
403.1361083984375,246.25120544433594,74.85489654541016,53.969398498535156
406.3736877441406,247.2534942626953,72.66259765625,56.0625
407.4726867675781,250.17820739746094,72.17120361328125,51.490501403808594
413.0972900390625,251.13209533691406,67.06629943847656,58.01060104370117
418.7878112792969,252.7593994140625,65.28140258789062,52.81610107421875
412.2637939453125,251.50880432128906,71.12940216064453,61.21480178833008
417.9627990722656,251.48919677734375,66.89990234375,58.009300231933594
418.6361083984375,251.4680938720703,65.6852035522461,63.32939910888672
423.41448974609375,252.06100463867188,67.62439727783203,63.84410095214844
432.981201171875,253.57919311523438,63.360198974609375,64.7394027709961
437.5841979980469,253.14999389648438,66.24469757080078,67.5093002319336
438.93798828125,250.94500732421875,69.79570007324219,65.79769897460938
443.24859619140625,249.0395965576172,68.96549987792969,65.0094985961914
444.1543884277344,247.9261016845703,71.7219009399414,65.72229766845703
445.9361877441406,248.8489990234375,74.83989715576172,68.08509826660156
450.5281982421875,248.41209411621094,76.09490203857422,75.44190216064453
451.3573913574219,248.23779296875,75.61470031738281,74.69670104980469
454.7546081542969,247.6721954345703,76.26029968261719,78.0604019165039
459.1589050292969,247.91380310058594,77.55079650878906,78.13379669189453
459.92291259765625,248.80209350585938,76.57879638671875,75.85350036621094
461.4833984375,250.01019287109375,74.7406997680664,74.4229965209961
462.2348937988281,250.8968963623047,76.5790023803711,76.41100311279297
461.4643859863281,252.3144073486328,71.96089935302734,76.27950286865234
458.2110900878906,253.86709594726562,72.02120208740234,73.71739959716797
454.8039855957031,254.46820068359375,71.23930358886719,75.49349975585938
450.66241455078125,257.2701110839844,71.18730163574219,71.00140380859375
444.9559020996094,256.5000915527344,70.9979019165039,71.43070220947266
438.8758850097656,254.72320556640625,73.65070343017578,73.99970245361328
431.7373962402344,253.60650634765625,81.44349670410156,71.82820129394531
427.8616027832031,251.1696014404297,88.06430053710938,70.82779693603516
425.5950927734375,251.79710388183594,86.7802963256836,59.68220138549805
424.38958740234375,252.2969970703125,87.98529815673828,58.19990158081055
421.83428955078125,254.4456024169922,80.59960174560547,55.210201263427734
418.3450927734375,252.6947021484375,82.32859802246094,56.24549865722656
413.7699890136719,252.40060424804688,77.61239624023438,56.05350112915039
409.3505859375,251.89019775390625,76.08899688720703,57.64139938354492
406.5069885253906,253.16070556640625,73.83830261230469,53.3578987121582
403.1875,254.1221923828125,75.81600189208984,53.05799865722656
401.0306091308594,255.1802978515625,75.50859832763672,50.793399810791016
400.30810546875,255.1824951171875,76.46820068359375,50.77280044555664
397.86090087890625,254.62600708007812,78.40740203857422,49.997100830078125
392.44189453125,254.9243927001953,84.0145034790039,49.86949920654297
387.77490234375,254.71780395507812,91.54389953613281,52.426300048828125
387.97979736328125,254.0634002685547,93.12300109863281,52.91120147705078
386.8092956542969,251.66650390625,96.11820220947266,56.82709884643555
388.86370849609375,252.47320556640625,93.70939636230469,58.594200134277344
393.4088134765625,255.45140075683594,93.6447982788086,58.37310028076172
395.7466125488281,255.88079833984375,93.3760986328125,58.223201751708984
399.11871337890625,260.5408935546875,91.5020980834961,50.91429901123047
403.0968933105469,260.9901123046875,89.27989959716797,57.310699462890625
408.52960205078125,266.45001220703125,83.2531967163086,53.53779983520508
415.32769775390625,272.7831115722656,76.85169982910156,51.36180114746094
418.6171875,276.5541076660156,73.4375991821289,49.78739929199219
424.6133117675781,276.90301513671875,72.77259826660156,55.78089904785156
427.7793884277344,275.9831848144531,78.68219757080078,66.76229858398438
431.5188903808594,276.8424072265625,77.68879699707031,71.75990295410156
437.40838623046875,279.69378662109375,77.66179656982422,72.38009643554688
435.9325866699219,282.2749938964844,85.38459777832031,77.45480346679688
434.968505859375,282.6390075683594,89.5916976928711,87.32759857177734
432.08880615234375,286.4660949707031,90.73560333251953,92.1259994506836
427.2257080078125,287.63018798828125,97.77120208740234,96.0791015625
427.96661376953125,289.0038146972656,95.31829833984375,97.28040313720703
430.6697998046875,284.908203125,105.99169921875,103.73470306396484
434.1023864746094,283.5338134765625,111.06199645996094,106.04139709472656
436.6864929199219,281.093994140625,118.7770004272461,111.5458984375
438.3475036621094,284.00048828125,118.14459991455078,110.95110321044922
440.4400939941406,284.42529296875,120.44930267333984,110.44309997558594
442.2658996582031,289.144287109375,124.1239013671875,106.5947036743164
450.4851989746094,293.10260009765625,113.95960235595703,107.18789672851562
470.0008850097656,301.5376892089844,90.21389770507812,95.37010192871094
482.44189453125,299.7669982910156,91.75,91.70469665527344
471.6716003417969,296.21881103515625,118.86280059814453,95.17669677734375
470.00640869140625,293.644287109375,124.04630279541016,98.45020294189453
472.56658935546875,296.8046875,121.27570343017578,95.49720001220703
473.0010070800781,298.264404296875,124.12750244140625,98.90390014648438
472.37310791015625,303.0721130371094,125.07369995117188,98.29650115966797
462.9130859375,307.0660095214844,128.02749633789062,100.44419860839844
453.5549011230469,311.489990234375,134.59120178222656,103.3115005493164
439.2698974609375,320.44268798828125,138.5802001953125,106.54540252685547
421.739013671875,330.0907897949219,144.8784942626953,115.44010162353516
404.8976135253906,335.70489501953125,149.1197052001953,116.82510375976562
379.5873107910156,341.6861877441406,158.46420288085938,128.07000732421875
