1
318.31201171875,175.68479919433594,62.17940139770508,37.52859878540039
316.9266052246094,175.50900268554688,63.36040115356445,38.04759979248047
318.7962951660156,173.8843994140625,61.66310119628906,39.20090103149414
318.0061950683594,172.2938995361328,63.36249923706055,39.969600677490234
318.55169677734375,172.12820434570312,62.515098571777344,40.67190170288086
317.72711181640625,171.17599487304688,63.990501403808594,41.407901763916016
317.590087890625,169.3175048828125,65.0386962890625,42.05699920654297
320.47711181640625,169.9176025390625,61.41960144042969,41.35309982299805
320.184814453125,168.0236053466797,63.085601806640625,42.41270065307617
319.3953857421875,167.1741943359375,62.9286994934082,42.75149917602539
318.6293029785156,165.10960388183594,63.2317008972168,44.285400390625
320.82830810546875,165.51019287109375,61.312198638916016,44.678199768066406
320.1344909667969,163.5572967529297,63.89699935913086,45.69609832763672
317.9393005371094,163.64549255371094,63.74209976196289,45.48789978027344
321.3998107910156,161.86680603027344,61.97719955444336,46.54750061035156
319.09619140625,160.40220642089844,64.75460052490234,47.057899475097656
318.8301086425781,159.7180938720703,63.9202995300293,48.81019973754883
319.6593933105469,158.28439331054688,63.80569839477539,47.099998474121094
317.964111328125,157.36090087890625,65.50650024414062,48.01070022583008
318.7290954589844,156.67129516601562,64.85240173339844,48.91469955444336
318.1922912597656,155.76710510253906,67.44539642333984,48.820899963378906
318.8351135253906,154.87570190429688,65.35350036621094,48.332698822021484
319.02630615234375,153.47689819335938,66.18460083007812,49.2755012512207
316.11090087890625,151.77589416503906,68.42160034179688,49.80500030517578
320.5369873046875,152.91099548339844,65.27909851074219,48.251399993896484
319.414794921875,152.0001983642578,65.18409729003906,49.09590148925781
317.63079833984375,152.34689331054688,66.6906967163086,48.50920104980469
322.7085876464844,150.685302734375,63.6890983581543,48.67850112915039
321.25,149.92559814453125,64.0531997680664,48.842498779296875
318.3764953613281,150.34759521484375,68.83940124511719,48.47909927368164
322.23388671875,149.49920654296875,63.91889953613281,48.58209991455078
321.6527099609375,149.7008056640625,64.0519027709961,49.04880142211914
322.1647033691406,148.4980926513672,64.63089752197266,49.16809844970703
323.7843017578125,149.4376983642578,63.632598876953125,48.06570053100586
321.39019775390625,151.0115966796875,64.39710235595703,47.59149932861328
322.7668151855469,148.91419982910156,63.71689987182617,48.387001037597656
321.02850341796875,148.52560424804688,65.80000305175781,49.72489929199219
322.930908203125,147.80360412597656,63.56420135498047,49.52159881591797
321.0093078613281,148.0717010498047,64.0009994506836,50.50960159301758
318.0032043457031,149.02639770507812,66.57649993896484,49.48360061645508
321.00579833984375,148.43409729003906,65.5020980834961,49.25339889526367
319.1040954589844,147.93690490722656,65.4729995727539,49.90570068359375
320.4635925292969,147.7073974609375,64.9896011352539,49.68000030517578
322.6158142089844,146.94659423828125,64.26110076904297,48.95940017700195
320.1820068359375,147.9376983642578,65.21170043945312,48.718299865722656
322.089599609375,147.28900146484375,64.01419830322266,48.96820068359375
322.6217041015625,146.24769592285156,65.31529998779297,48.8927001953125
320.31298828125,147.1894073486328,64.2218017578125,49.36330032348633
323.1520080566406,147.1741943359375,64.29669952392578,48.37160110473633
318.1466064453125,146.4019012451172,68.58529663085938,49.664100646972656
319.24920654296875,147.62420654296875,66.716796875,48.26430130004883
323.0730895996094,146.02340698242188,63.59469985961914,50.009300231933594
316.7043151855469,144.95809936523438,70.27660369873047,51.04010009765625
317.7095031738281,145.93479919433594,68.04049682617188,50.182899475097656
319.7409973144531,145.95809936523438,67.9540023803711,49.28609848022461
320.8124084472656,143.20480346679688,66.70259857177734,50.81100082397461
317.9991149902344,143.69419860839844,68.62129974365234,51.482398986816406
321.4595947265625,144.7332000732422,66.70800018310547,50.347198486328125
323.5448913574219,142.37730407714844,65.29840087890625,50.83530044555664
320.3030090332031,144.02310180664062,67.15360260009766,50.64360046386719
319.6322937011719,141.60049438476562,69.6344985961914,52.5791015625
322.326904296875,142.34500122070312,66.2197036743164,51.53340148925781
324.6164855957031,141.6060028076172,65.79889678955078,52.074501037597656
322.84759521484375,143.6273956298828,66.53240203857422,50.04499816894531
323.9270935058594,142.2563018798828,65.67459869384766,50.64459991455078
325.6206970214844,141.2375946044922,65.71060180664062,51.3838996887207
319.3442077636719,141.40330505371094,70.14350128173828,50.43259811401367
324.0445861816406,140.21929931640625,66.91400146484375,51.56760025024414
324.81170654296875,138.35360717773438,66.22119903564453,52.63460159301758
322.6968994140625,139.85169982910156,67.89790344238281,52.014198303222656
324.7814025878906,138.33529663085938,65.21759796142578,52.84510040283203
318.5093078613281,138.60299682617188,71.69280242919922,53.47129821777344
321.2222900390625,139.97959899902344,69.39430236816406,52.69419860839844
318.73919677734375,139.4698028564453,70.25509643554688,53.35649871826172
319.2109069824219,138.73089599609375,71.43460083007812,54.56480026245117
318.2080993652344,140.8459014892578,69.75749969482422,54.05889892578125
317.8988952636719,140.9971923828125,71.85009765625,53.674198150634766
317.0284118652344,141.79409790039062,73.48770141601562,53.857200622558594
315.9877014160156,141.2498016357422,73.68009948730469,54.797401428222656
316.3984069824219,142.404296875,73.71410369873047,55.65829849243164
316.4631042480469,142.7209014892578,73.46980285644531,54.601600646972656
316.3133850097656,143.74729919433594,74.72129821777344,55.160301208496094
321.1048889160156,143.8730926513672,69.86849975585938,54.707298278808594
318.031494140625,144.55189514160156,74.18270111083984,54.47119903564453
316.6087951660156,145.02699279785156,74.9468002319336,55.454898834228516
320.1907958984375,143.87359619140625,73.08869934082031,57.19430160522461
318.8074951171875,145.239501953125,74.50679779052734,56.79970169067383
320.602294921875,146.18780517578125,72.11109924316406,57.58319854736328
318.23260498046875,146.22909545898438,75.07440185546875,58.020301818847656
320.25579833984375,145.8867950439453,73.75650024414062,59.600399017333984
321.197509765625,146.15750122070312,74.40910339355469,58.9718017578125
320.7862854003906,148.36489868164062,74.04309844970703,57.640201568603516
321.64080810546875,149.46420288085938,75.47309875488281,57.23780059814453
323.6979064941406,149.1898956298828,74.13330078125,58.23759841918945
325.5714111328125,149.73789978027344,73.43270111083984,57.96620178222656
326.5862121582031,149.94309997558594,72.84600067138672,58.50379943847656
326.2408142089844,149.8437957763672,74.26959991455078,58.86360168457031
327.0166931152344,149.5522003173828,74.43399810791016,58.28020095825195
329.86370849609375,149.36480712890625,72.49839782714844,59.50960159301758
327.6333923339844,149.55499267578125,74.41609954833984,56.722999572753906
329.4400939941406,149.85330200195312,74.27629852294922,60.3307991027832
331.9341125488281,150.41600036621094,73.43399810791016,57.937400817871094
331.1944885253906,150.56210327148438,75.69860076904297,58.29359817504883
333.3223876953125,151.41859436035156,74.981201171875,58.825801849365234
335.9656066894531,152.39100646972656,73.18930053710938,58.470401763916016
331.625,152.73049926757812,77.77349853515625,55.48569869995117
336.40618896484375,152.71409606933594,74.57499694824219,58.11180114746094
345.5387878417969,153.50570678710938,66.4666976928711,56.844398498535156
339.30828857421875,154.57080078125,73.87840270996094,55.88199996948242
344.61859130859375,152.66940307617188,70.24340057373047,58.0901985168457
344.3128967285156,152.4967041015625,70.9531021118164,58.88169860839844
343.6347961425781,153.03619384765625,74.08789825439453,60.43360137939453
344.8122863769531,152.9208984375,74.05729675292969,58.34339904785156
345.9070129394531,151.63729858398438,74.9542007446289,58.957401275634766
345.7340087890625,151.16070556640625,76.25879669189453,61.41469955444336
347.065185546875,151.36279296875,76.21600341796875,58.926300048828125
345.72198486328125,151.89439392089844,77.06880187988281,59.915199279785156
348.9114074707031,152.08169555664062,75.55419921875,58.35449981689453
347.9971008300781,152.24110412597656,76.35900115966797,61.667701721191406
348.74591064453125,152.85769653320312,75.62760162353516,62.35749816894531
348.11358642578125,154.4008026123047,77.91670227050781,61.83620071411133
349.0050964355469,155.34129333496094,77.11139678955078,63.714698791503906
348.31439208984375,155.21400451660156,77.92520141601562,63.09149932861328
348.255615234375,156.2415008544922,77.76170349121094,62.59550094604492
347.8808898925781,156.34219360351562,79.40609741210938,61.86220169067383
348.568603515625,157.94149780273438,78.90640258789062,60.9724006652832
349.94879150390625,159.25379943847656,77.5999984741211,59.91939926147461
353.5516052246094,159.65069580078125,75.4364013671875,59.42150115966797
349.2984924316406,159.5738067626953,78.87039947509766,60.517799377441406
349.006103515625,159.33709716796875,79.14790344238281,59.81439971923828
366.1907958984375,161.5522003173828,61.33720016479492,58.72800064086914
349.69158935546875,159.5803985595703,79.15149688720703,60.958499908447266
357.7379150390625,160.62130737304688,70.91840362548828,59.564998626708984
351.54559326171875,160.78030395507812,77.24130249023438,58.66360092163086
350.43328857421875,159.5493927001953,78.63269805908203,59.69369888305664
351.64691162109375,160.31689453125,77.87920379638672,60.375
351.8833923339844,159.42919921875,77.98750305175781,61.052799224853516
352.02490234375,159.71139526367188,79.36740112304688,61.67729949951172
351.1216125488281,159.64280700683594,78.94170379638672,60.9119987487793
351.39581298828125,161.2790069580078,78.69129943847656,59.92210006713867
351.55731201171875,161.0153045654297,79.55770111083984,60.00019836425781
350.8263854980469,160.96429443359375,81.15119934082031,61.1697998046875
353.2655944824219,161.3618927001953,80.31559753417969,61.01089859008789
351.1994934082031,161.6884002685547,82.24359893798828,62.82109832763672
353.5871887207031,162.5697021484375,80.3550033569336,61.425498962402344
351.806396484375,162.95379638671875,82.74019622802734,60.26020050048828
351.2463073730469,163.10220336914062,84.96040344238281,61.38650131225586
352.0909118652344,163.56210327148438,90.95330047607422,62.109500885009766
353.12890625,164.80560302734375,84.8844985961914,60.180301666259766
351.4905090332031,165.26319885253906,84.34559631347656,60.21849822998047
351.07830810546875,166.98350524902344,87.11000061035156,60.930198669433594
350.8851013183594,167.80889892578125,84.31590270996094,60.0161018371582
350.5806884765625,168.90289306640625,84.57219696044922,59.811500549316406
352.0621032714844,169.68150329589844,83.7791976928711,59.117401123046875
350.54290771484375,169.78160095214844,84.70140075683594,58.65610122680664
349.7190856933594,170.2071990966797,85.5,58.176300048828125
349.9646911621094,170.93800354003906,84.7323989868164,56.98440170288086
349.3699951171875,170.94740295410156,85.08399963378906,58.164398193359375
348.8111877441406,170.38650512695312,85.28569793701172,57.816200256347656
352.12359619140625,171.17300415039062,82.69640350341797,55.94419860839844
349.7047119140625,169.9091033935547,84.97689819335938,56.58209991455078
349.47509765625,168.4539031982422,85.4739990234375,58.27239990234375
348.837890625,168.30599975585938,86.19740295410156,57.76539993286133
356.6752014160156,170.28219604492188,80.6270980834961,55.52280044555664
350.13958740234375,166.8134002685547,85.8270034790039,59.42509841918945
349.447509765625,168.09060668945312,86.42900085449219,58.464698791503906
348.6903991699219,169.3553009033203,86.76840209960938,57.56650161743164
347.83599853515625,170.6042938232422,86.31529998779297,56.17179870605469
350.2615051269531,171.89810180664062,85.04540252685547,55.281700134277344
348.27899169921875,169.39219665527344,86.35929870605469,57.59400177001953
347.9397888183594,170.9237060546875,86.1166000366211,56.07929992675781
346.8658142089844,169.8863983154297,86.61329650878906,57.0348014831543
346.7110900878906,171.3719940185547,86.8833999633789,56.36970138549805
347.02880859375,169.37680053710938,86.03970336914062,57.914100646972656
344.8475036621094,169.8148956298828,87.37129974365234,57.63970184326172
345.54010009765625,171.57310485839844,86.79409790039062,55.587398529052734
344.96630859375,170.63259887695312,86.59100341796875,56.43299865722656
346.13140869140625,171.6157989501953,86.19309997558594,55.06209945678711
345.7557067871094,170.46490478515625,86.12560272216797,56.41189956665039
344.0101013183594,170.2373046875,88.1104965209961,57.094398498535156
344.3016052246094,171.48629760742188,86.98580169677734,55.76390075683594
343.87451171875,172.80819702148438,86.80509948730469,54.940399169921875
346.2768859863281,175.06390380859375,84.51119995117188,52.71480178833008
345.6484069824219,173.9709930419922,84.4446029663086,54.6859016418457
346.2044982910156,176.57919311523438,83.92849731445312,52.28110122680664
347.0830993652344,173.28439331054688,82.76959991455078,55.36009979248047
347.4508972167969,173.78810119628906,82.1061019897461,54.113800048828125
346.9201965332031,173.4105987548828,82.25910186767578,54.338401794433594
349.3949890136719,173.29620361328125,78.67230224609375,53.90879821777344
347.95318603515625,174.64649963378906,80.51000213623047,51.44139862060547
345.7231140136719,174.6907958984375,82.31919860839844,52.931800842285156
347.6990966796875,174.65440368652344,79.2479019165039,52.84149932861328
345.1758117675781,175.06979370117188,81.41629791259766,51.929298400878906
344.40771484375,175.9875030517578,81.7770004272461,51.34450149536133
343.58648681640625,177.67739868164062,81.71700286865234,49.51530075073242
342.2659912109375,175.4595947265625,82.29019927978516,52.184898376464844
342.9819030761719,175.05679321289062,79.82659912109375,52.60430145263672
341.9049987792969,175.59010314941406,80.79949951171875,52.252498626708984
341.7048034667969,179.03140258789062,81.24320220947266,48.515201568603516
340.9101867675781,178.92779541015625,80.31770324707031,49.64540100097656
