1
343.9534912109375,155.84539794921875,44.94369888305664,73.75659942626953
343.6758117675781,149.77110290527344,41.97819900512695,77.03410339355469
341.9081115722656,149.0373992919922,42.617401123046875,75.25669860839844
342.1337890625,149.17120361328125,41.157798767089844,73.4104995727539
341.4984130859375,147.80039978027344,39.76559829711914,72.55699920654297
339.6953125,148.04930114746094,41.195701599121094,69.38259887695312
340.4193115234375,145.93099975585938,38.97700119018555,69.96900177001953
340.58441162109375,147.375,37.90530014038086,66.30069732666016
340.6872863769531,144.0677947998047,36.897300720214844,64.38629913330078
340.9833984375,139.32159423828125,35.668399810791016,65.89759826660156
341.0993957519531,138.2996063232422,35.92369842529297,64.11669921875
342.5190124511719,137.4344940185547,35.50320053100586,61.95750045776367
344.6328125,134.78570556640625,33.791099548339844,61.27519989013672
345.8077087402344,134.6304931640625,34.182899475097656,58.43330001831055
348.72509765625,131.61959838867188,33.15650177001953,58.73360061645508
350.2384033203125,131.91380310058594,33.85940170288086,56.95100021362305
352.43060302734375,135.3323974609375,32.85340118408203,50.314998626708984
355.2901916503906,133.58270263671875,33.9296989440918,50.15290069580078
357.9154052734375,129.44320678710938,34.012699127197266,50.90380096435547
361.4767150878906,122.5740966796875,35.80619812011719,57.54439926147461
364.9533996582031,125.2029037475586,35.339599609375,53.997798919677734
368.3370056152344,122.28700256347656,34.73429870605469,54.606300354003906
371.90618896484375,122.89140319824219,35.245399475097656,53.785499572753906
375.4418029785156,121.74469757080078,33.74509811401367,53.71950149536133
378.6318054199219,118.25360107421875,34.06460189819336,55.08039855957031
380.9971923828125,115.54630279541016,33.62229919433594,57.16529846191406
383.22210693359375,117.16380310058594,35.54890060424805,54.45009994506836
385.6687927246094,115.53880310058594,35.13589859008789,55.082698822021484
387.14239501953125,114.7260971069336,35.654701232910156,55.240699768066406
388.2694091796875,118.93440246582031,35.90010070800781,50.49829864501953
387.9986877441406,112.90609741210938,36.93899917602539,53.845298767089844
387.92138671875,111.54830169677734,37.23619842529297,54.877201080322266
386.7185974121094,112.17859649658203,37.99580001831055,52.91699981689453
383.287109375,110.93099975585938,39.080101013183594,51.83829879760742
381.06390380859375,106.37220001220703,39.82469940185547,57.023399353027344
377.9513854980469,104.39430236816406,38.957298278808594,59.2156982421875
373.62298583984375,104.79299926757812,38.722198486328125,55.89870071411133
367.67620849609375,108.6218032836914,41.257999420166016,52.73080062866211
358.1744079589844,103.73030090332031,40.86880111694336,58.36069869995117
351.7347106933594,101.30480194091797,39.5458984375,60.546600341796875
343.5044860839844,105.85399627685547,39.70880126953125,55.990501403808594
332.5602111816406,98.17050170898438,39.6531982421875,62.78730010986328
327.2994079589844,97.90959930419922,37.70249938964844,61.85390090942383
318.25079345703125,97.53170013427734,36.987998962402344,60.255699157714844
306.7615051269531,99.9197998046875,37.457401275634766,58.40010070800781
295.86248779296875,93.97010040283203,38.16339874267578,64.06620025634766
283.3008117675781,94.82749938964844,37.37919998168945,62.951499938964844
275.2568054199219,93.40709686279297,39.62990188598633,62.27199935913086
266.1662902832031,96.47059631347656,34.792301177978516,59.42190170288086
258.2195129394531,99.15950012207031,33.260501861572266,54.78839874267578
248.79559326171875,104.31490325927734,34.998199462890625,48.28900146484375
239.27490234375,101.76480102539062,35.7046012878418,50.38029861450195
231.12179565429688,106.38300323486328,35.24580001831055,45.7495002746582
225.2480010986328,104.55770111083984,34.656898498535156,46.61589813232422
217.45579528808594,104.98709869384766,35.528499603271484,47.2588005065918
210.27810668945312,102.9708023071289,35.66780090332031,48.395198822021484
203.0496063232422,101.95700073242188,34.87200164794922,49.4192008972168
199.24319458007812,105.61900329589844,34.88750076293945,46.8202018737793
191.63870239257812,102.67630004882812,35.68230056762695,49.662601470947266
188.84019470214844,105.08480072021484,34.87820053100586,48.07429885864258
184.8831024169922,105.86750030517578,36.2775993347168,48.1870002746582
181.28030395507812,105.03150177001953,35.997100830078125,51.09339904785156
179.2664031982422,104.88749694824219,36.0536003112793,51.264198303222656
177.8791961669922,106.10199737548828,35.702701568603516,51.58509826660156
175.71319580078125,106.56819915771484,35.82590103149414,52.61989974975586
175.602294921875,109.4220962524414,35.842201232910156,50.73759841918945
175.4541015625,108.1415023803711,36.84339904785156,53.9109992980957
176.43170166015625,111.24490356445312,37.30500030517578,51.53099822998047
176.19960021972656,110.95279693603516,37.677101135253906,53.89400100708008
177.37750244140625,114.23639678955078,37.98849868774414,52.515899658203125
179.0363006591797,113.41790008544922,38.70949935913086,56.045101165771484
182.21490478515625,117.08059692382812,37.70439910888672,55.21310043334961
183.9739990234375,115.40180206298828,37.609500885009766,58.76390075683594
189.13710021972656,120.28040313720703,39.06019973754883,54.5265007019043
191.8665008544922,121.08910369873047,40.49700164794922,55.967899322509766
195.95579528808594,120.98829650878906,39.935001373291016,58.8213005065918
200.9752960205078,124.64600372314453,40.302101135253906,58.19020080566406
205.55870056152344,124.40679931640625,42.58580017089844,59.113399505615234
213.12860107421875,132.11770629882812,41.9922981262207,55.55799865722656
217.6884002685547,131.72210693359375,41.61090087890625,56.67499923706055
221.8394012451172,136.85169982910156,46.02239990234375,53.61220169067383
225.84849548339844,136.35009765625,47.09239959716797,56.66189956665039
234.08009338378906,138.18490600585938,43.56060028076172,56.79970169067383
240.32949829101562,140.73719787597656,45.43199920654297,56.618900299072266
244.23370361328125,141.4084930419922,46.587100982666016,56.813201904296875
249.59390258789062,139.35279846191406,47.34669876098633,61.0447998046875
257.8340148925781,142.33009338378906,45.23210144042969,60.316001892089844
264.3175048828125,144.68589782714844,44.17689895629883,59.391998291015625
270.64410400390625,148.493896484375,43.37110137939453,56.710899353027344
278.0421142578125,150.18910217285156,42.3213005065918,56.66579818725586
282.48388671875,144.69700622558594,45.29930114746094,63.309898376464844
287.3761901855469,150.4871063232422,45.937400817871094,59.6265983581543
294.28179931640625,152.23500061035156,44.4807014465332,58.80419921875
300.26739501953125,152.27650451660156,44.234901428222656,58.16899871826172
306.3215026855469,150.86920166015625,43.10540008544922,60.93330001831055
312.20111083984375,151.75489807128906,41.54359817504883,60.621299743652344
317.0751037597656,154.439697265625,41.811100006103516,58.32870101928711
322.3251037597656,153.7344970703125,42.80619812011719,59.74169921875
327.04400634765625,153.86090087890625,43.1067008972168,61.36920166015625
331.7055969238281,154.9250946044922,42.36240005493164,59.916500091552734
335.2152099609375,158.82899475097656,44.4099006652832,56.081600189208984
340.8739929199219,154.46800231933594,44.68899917602539,61.54209899902344
345.73748779296875,161.84170532226562,44.13990020751953,53.2504997253418
350.0259094238281,161.6490936279297,43.44340133666992,55.08319854736328
353.3310852050781,160.78599548339844,43.59590148925781,56.364200592041016
356.9917907714844,163.1363067626953,43.909400939941406,53.78070068359375
361.1098937988281,160.1732940673828,43.367000579833984,55.00090026855469
363.2585144042969,161.35740661621094,44.33639907836914,52.6953010559082
369.38690185546875,161.93179321289062,41.973899841308594,51.936798095703125
370.5621032714844,159.32369995117188,44.088199615478516,54.58089828491211
373.6361083984375,158.13040161132812,43.843299865722656,54.89899826049805
374.33270263671875,154.1981964111328,43.89609909057617,57.480098724365234
377.82330322265625,155.1663055419922,41.53779983520508,56.95880126953125
380.212890625,163.4127960205078,40.31949996948242,47.58769989013672
376.6807861328125,141.01829528808594,45.444400787353516,69.08979797363281
379.0828857421875,152.0251007080078,43.80939865112305,57.780799865722656
384.15899658203125,162.69500732421875,38.59489822387695,45.54800033569336
380.05340576171875,150.19619750976562,43.960601806640625,56.980098724365234
384.24310302734375,162.5366973876953,37.700199127197266,43.63629913330078
381.900390625,153.08489990234375,40.47359848022461,52.38050079345703
380.6246032714844,153.67779541015625,42.286399841308594,51.19060134887695
383.33221435546875,158.97959899902344,39.549198150634766,45.885501861572266
382.14019775390625,160.46710205078125,38.596500396728516,43.942501068115234
378.65771484375,146.13819885253906,41.29690170288086,57.41059875488281
381.46148681640625,162.4239044189453,36.95800018310547,42.05860137939453
377.27801513671875,152.15029907226562,40.042598724365234,51.28810119628906
379.21881103515625,166.87049865722656,36.37049865722656,36.33729934692383
378.5065002441406,164.82650756835938,35.714500427246094,37.975101470947266
371.8472900390625,142.15719604492188,40.08359909057617,60.11330032348633
366.42840576171875,134.5926055908203,32.13990020751953,36.984798431396484
367.2336120605469,137.84219360351562,39.70140075683594,65.1458969116211
367.03271484375,143.74879455566406,37.50410079956055,61.157798767089844
362.019287109375,140.5406036376953,38.59749984741211,59.16270065307617
361.84259033203125,144.4783935546875,38.218101501464844,60.17660140991211
354.0221862792969,134.71890258789062,45.509300231933594,63.80220031738281
359.0133056640625,150.07290649414062,37.575599670410156,53.510501861572266
350.9587097167969,139.8262939453125,41.73109817504883,49.518699645996094
354.5065002441406,154.25469970703125,37.40620040893555,49.75339889526367
347.4018859863281,140.8101043701172,37.097900390625,36.21799850463867
345.6521911621094,141.5240020751953,41.457698822021484,62.26490020751953
343.35040283203125,145.16209411621094,40.98440170288086,58.263301849365234
340.1112060546875,144.38870239257812,40.15399932861328,60.338401794433594
337.68438720703125,144.54379272460938,40.19129943847656,59.219398498535156
334.1582946777344,141.64590454101562,39.1432991027832,60.0973014831543
339.82818603515625,160.02220153808594,30.205699920654297,45.203800201416016
333.565185546875,143.1566925048828,33.82109832763672,59.20869827270508
330.8273010253906,142.78460693359375,30.618900299072266,53.540000915527344
329.2445068359375,144.6031951904297,30.22719955444336,58.52220153808594
326.73419189453125,148.8760986328125,31.09749984741211,55.390201568603516
323.96978759765625,155.71969604492188,30.73110008239746,49.377601623535156
321.12811279296875,146.98779296875,30.62190055847168,58.294700622558594
318.9480895996094,156.13400268554688,30.881900787353516,49.23780059814453
315.2862854003906,146.10870361328125,32.47090148925781,58.83530044555664
312.51971435546875,153.63900756835938,33.315101623535156,51.299800872802734
308.1659851074219,156.76390075683594,34.58089828491211,48.691898345947266
305.9659118652344,146.40220642089844,32.40340042114258,57.55649948120117
303.4413146972656,152.95379638671875,32.58219909667969,51.54249954223633
299.2965087890625,149.22500610351562,32.908199310302734,55.15549850463867
297.86761474609375,152.99830627441406,32.0629997253418,51.84960174560547
296.2590026855469,157.2451934814453,30.76259994506836,47.059200286865234
292.6466979980469,148.7039031982422,32.2333984375,56.30459976196289
288.47808837890625,151.98590087890625,33.93330001831055,53.486000061035156
285.59979248046875,144.968994140625,33.99810028076172,60.8213996887207
284.3750915527344,146.2404022216797,32.81169891357422,58.180599212646484
283.5007019042969,140.78829956054688,33.55699920654297,63.775299072265625
280.5469055175781,135.66900634765625,35.1968994140625,69.20149993896484
283.576904296875,157.40280151367188,32.77259826660156,49.78799819946289
281.28851318359375,148.0373992919922,33.957401275634766,59.46910095214844
280.18890380859375,139.41510009765625,34.721099853515625,68.15339660644531
281.2771911621094,140.99209594726562,33.83470153808594,66.45069885253906
282.32000732421875,147.2989959716797,33.77870178222656,60.982601165771484
280.0350036621094,136.95840454101562,36.04010009765625,70.31880187988281
285.86871337890625,157.55979919433594,31.551700592041016,51.918399810791016
284.06109619140625,150.5281982421875,31.960899353027344,58.96989822387695
282.9674987792969,147.29690551757812,33.65330123901367,62.13059997558594
277.38580322265625,126.22679901123047,40.297000885009766,83.17579650878906
287.5255126953125,161.4597930908203,31.59589958190918,49.119998931884766
285.8276062011719,161.17959594726562,32.5161018371582,50.49209976196289
284.9501037597656,150.54029846191406,31.99410057067871,60.535400390625
280.59130859375,136.70790100097656,37.236698150634766,74.04019927978516
283.8476867675781,140.43460083007812,34.43109893798828,69.84700012207031
282.6064147949219,145.2227020263672,34.74300003051758,65.27069854736328
279.9939880371094,134.2886962890625,37.605899810791016,76.2042007446289
288.21759033203125,150.9008026123047,31.02039909362793,57.49169921875
285.7029113769531,151.8444061279297,32.522499084472656,58.0349006652832
284.8653869628906,151.55670166015625,32.53739929199219,57.903900146484375
284.2514953613281,152.66189575195312,33.29629898071289,56.80720138549805
282.802490234375,142.3730010986328,34.38589859008789,67.32640075683594
285.4046936035156,142.77059936523438,32.904998779296875,65.69339752197266
279.4621887207031,136.5467987060547,38.20640182495117,71.7166976928711
276.9931945800781,126.84010314941406,39.40409851074219,80.47810363769531
283.2842102050781,148.18150329589844,32.93000030517578,59.83330154418945
277.6715087890625,128.51930236816406,41.090599060058594,79.40989685058594
282.73858642578125,143.34030151367188,34.08399963378906,62.12860107421875
278.4779968261719,132.50970458984375,39.77149963378906,75.27729797363281
284.110595703125,141.11509704589844,33.174800872802734,64.47139739990234
282.1686096191406,143.22650146484375,35.62649917602539,63.80160140991211
279.88861083984375,134.97689819335938,37.773101806640625,71.56710052490234
275.38970947265625,127.33519744873047,41.832698822021484,78.23259735107422
284.42449951171875,146.11599731445312,31.669599533081055,59.98080062866211
279.9186096191406,146.9945068359375,36.17599868774414,58.67490005493164
281.4263000488281,144.46949768066406,33.77349853515625,61.78310012817383
280.4591064453125,143.67469787597656,35.59000015258789,62.537498474121094
283.1072082519531,145.09019470214844,33.1952018737793,61.24610137939453
281.0906982421875,144.84559631347656,35.42359924316406,60.84270095825195
284.1111145019531,144.8708038330078,32.48640060424805,61.445899963378906
281.7590026855469,144.95570373535156,34.98979949951172,60.37779998779297
276.2607116699219,135.33050537109375,40.98460006713867,71.21530151367188
279.5672912597656,135.35299682617188,38.60139846801758,69.73819732666016
283.1011047363281,141.40699768066406,34.03799819946289,63.464500427246094
282.3505859375,145.673095703125,34.88330078125,58.24150085449219
283.8481140136719,145.2136993408203,34.54240036010742,59.31719970703125
281.904296875,143.00059509277344,35.882198333740234,60.114200592041016
285.8330078125,144.7205047607422,32.74440002441406,58.40729904174805
280.6622009277344,143.9517059326172,36.92839813232422,59.230201721191406
282.01031494140625,141.0897979736328,37.80739974975586,60.57109832763672
281.75531005859375,146.93150329589844,36.7036018371582,55.575401306152344
284.6630859375,146.0657958984375,34.548500061035156,56.11159896850586
283.5452880859375,142.4990997314453,34.952999114990234,58.628700256347656
284.27569580078125,144.1894073486328,33.742000579833984,56.73720169067383
283.559814453125,142.6269989013672,35.18339920043945,56.80659866333008
282.50750732421875,141.87069702148438,34.2052001953125,57.22119903564453
283.5072021484375,141.81329345703125,33.641998291015625,56.4995002746582
284.4447937011719,140.28570556640625,31.770999908447266,56.81380081176758
284.39569091796875,140.210205078125,34.100799560546875,56.77009963989258
286.1982116699219,138.43629455566406,32.619998931884766,57.63199996948242
288.5504150390625,137.19949340820312,31.271400451660156,59.02159881591797
288.48150634765625,138.35159301757812,32.516700744628906,56.15909957885742
289.6344909667969,135.73570251464844,34.092498779296875,58.08100128173828
297.5956115722656,135.15809631347656,28.773700714111328,56.0526008605957
298.2033996582031,133.53810119628906,31.73390007019043,57.004798889160156
301.9941101074219,134.49319458007812,31.401599884033203,56.52090072631836
304.8703918457031,135.91619873046875,31.2362003326416,55.54119873046875
311.8916931152344,136.0447998046875,30.45949935913086,53.82979965209961
317.4180908203125,135.3668975830078,34.502601623535156,54.35169982910156
314.0714111328125,135.2512969970703,42.01430130004883,53.07680130004883
332.2148132324219,136.96530151367188,31.609600067138672,51.26250076293945
342.43310546875,130.0500946044922,32.81829833984375,54.55739974975586
350.6040954589844,131.3966064453125,33.508399963378906,52.16780090332031
362.1424865722656,125.49120330810547,33.622501373291016,56.30720138549805
371.95770263671875,121.49749755859375,29.776500701904297,68.68890380859375
367.82769775390625,118.87010192871094,36.41120147705078,47.89680099487305
367.4883117675781,116.81900024414062,46.90869903564453,52.379798889160156
381.5553894042969,113.04989624023438,41.242401123046875,52.96609878540039
384.0799865722656,107.12969970703125,47.49720001220703,39.47460174560547
391.8528137207031,101.75340270996094,46.325801849365234,46.408199310302734
399.0332946777344,96.75060272216797,46.9921989440918,52.2864990234375
405.9472961425781,93.30470275878906,44.44860076904297,55.687801361083984
410.6387023925781,87.70649719238281,42.830501556396484,56.37300109863281
415.2685852050781,84.752197265625,41.8223991394043,56.71099853515625
416.3236083984375,81.65070343017578,42.76240158081055,57.261600494384766
414.57391357421875,78.41259765625,44.842498779296875,57.95500183105469
411.4704895019531,76.91719818115234,44.933799743652344,56.88240051269531
406.8865966796875,76.30819702148438,45.71480178833008,57.47209930419922
400.9722900390625,80.64779663085938,46.32389831542969,56.528499603271484
390.53948974609375,86.49150085449219,48.493499755859375,56.86330032348633
379.0038146972656,95.63919830322266,49.444400787353516,60.777198791503906
363.7847900390625,107.50749969482422,49.5906982421875,58.0718994140625
351.6387023925781,113.33319854736328,54.98569869995117,61.03969955444336
341.32159423828125,128.42449951171875,46.87480163574219,55.970401763916016
318.1824951171875,145.851806640625,45.46989822387695,54.4838981628418
298.01129150390625,149.20599365234375,54.28200149536133,62.927398681640625
284.0693054199219,161.30679321289062,56.10580062866211,58.395599365234375
269.1922912597656,189.8074951171875,52.06039810180664,46.969600677490234
256.0968017578125,174.95559692382812,40.299198150634766,59.25
252.58470153808594,177.59219360351562,32.30929946899414,55.24190139770508
253.76910400390625,177.2563018798828,34.56380081176758,63.83290100097656
255.87420654296875,178.91610717773438,33.02429962158203,61.93230056762695
254.8804931640625,181.7270050048828,34.743499755859375,61.32809829711914
253.47860717773438,179.7133026123047,37.570098876953125,63.961299896240234
254.2677001953125,134.78109741210938,40.93009948730469,108.2041015625
255.9857940673828,160.16299438476562,42.12950134277344,83.45480346679688
255.42999267578125,170.49319458007812,39.59199905395508,75.25769805908203
255.07530212402344,175.1923065185547,36.6890983581543,69.16539764404297
255.43960571289062,176.2501983642578,38.555198669433594,68.00980377197266
254.42950439453125,175.56410217285156,37.61920166015625,67.97799682617188
255.24319458007812,176.44850158691406,36.954898834228516,67.06410217285156
251.83399963378906,174.18690490722656,40.66790008544922,69.86540222167969
252.5095977783203,169.30259704589844,44.537200927734375,74.58879852294922
254.01699829101562,174.68580627441406,39.08359909057617,69.90519714355469
254.40750122070312,175.67970275878906,37.802799224853516,68.04010009765625
251.91799926757812,176.3123016357422,40.94129943847656,67.80359649658203
249.96060180664062,175.75390625,42.43109893798828,67.5740966796875
250.12139892578125,176.47799682617188,42.24850082397461,67.04070281982422
249.1143035888672,177.09649658203125,42.17570114135742,66.41059875488281
250.96780395507812,177.94960021972656,40.473899841308594,65.6259994506836
252.52259826660156,177.25340270996094,38.956600189208984,66.95130157470703
252.7696075439453,177.00559997558594,38.51850128173828,66.45919799804688
253.38360595703125,175.4925994873047,38.59700012207031,67.8469009399414
256.33709716796875,177.95370483398438,35.34109878540039,65.8302993774414
253.477294921875,177.70809936523438,37.817298889160156,67.04759979248047
253.85679626464844,176.4884033203125,38.33330154418945,66.91799926757812
253.9512939453125,178.1555938720703,36.88759994506836,65.75769805908203
251.49270629882812,177.9178924560547,40.30400085449219,66.09870147705078
250.08749389648438,179.0457000732422,41.7849006652832,64.74620056152344
250.74029541015625,177.49249267578125,41.15129852294922,66.14350128173828
248.7924041748047,178.09979248046875,42.591400146484375,65.60649871826172
248.72360229492188,176.89739990234375,42.2400016784668,66.84300231933594
250.673095703125,177.39430236816406,41.82870101928711,65.66780090332031
252.8907928466797,177.6844940185547,38.476898193359375,65.99919891357422
253.1125946044922,176.75900268554688,38.28799819946289,67.44640350341797
253.99600219726562,177.87730407714844,38.36410140991211,66.9209976196289
251.42410278320312,177.21099853515625,40.12799835205078,66.60600280761719
252.4792938232422,177.40570068359375,39.023399353027344,65.96430206298828
255.91259765625,176.989501953125,36.065799713134766,67.20099639892578
252.0496063232422,177.3415069580078,40.421199798583984,66.62239837646484
255.318603515625,177.89120483398438,36.9828987121582,65.75769805908203
254.5117950439453,176.69329833984375,37.72309875488281,67.17559814453125
254.1947021484375,177.94110107421875,38.249698638916016,66.10150146484375
256.24139404296875,177.00790405273438,35.808799743652344,66.5261001586914
254.5384979248047,177.23609924316406,38.036399841308594,66.81400299072266
254.4373016357422,176.78579711914062,38.15340042114258,66.83039855957031
253.5200958251953,177.61380004882812,39.30739974975586,66.27059936523438
254.9647979736328,178.11410522460938,36.84880065917969,65.79129791259766
252.02540588378906,176.29319763183594,40.549598693847656,67.0020980834961
255.027099609375,178.0792999267578,35.76679992675781,66.84660339355469
254.1595001220703,174.59979248046875,38.92399978637695,68.1532974243164
254.43020629882812,178.1905975341797,35.69710159301758,65.09400177001953
252.00430297851562,177.5760955810547,39.4202995300293,67.41889953613281
253.343505859375,177.31100463867188,37.05590057373047,65.20149993896484
244.0924072265625,160.6580047607422,82.2197036743164,84.00759887695312
316.9967041015625,137.16200256347656,34.79560089111328,93.85220336914062
316.8656005859375,148.05239868164062,31.307899475097656,80.2771987915039
284.4646911621094,130.38059997558594,67.43460083007812,109.02459716796875
247.777099609375,176.2386016845703,45.011199951171875,67.283203125
254.0404052734375,176.21690368652344,38.432899475097656,66.0479965209961
251.06329345703125,154.10519409179688,91.42739868164062,87.07379913330078
308.381103515625,142.72630310058594,35.37009811401367,82.56819915771484
308.22821044921875,135.25889587402344,32.32320022583008,92.38130187988281
308.529296875,135.7501983642578,31.03219985961914,92.18890380859375
303.37451171875,138.84649658203125,34.60279846191406,89.81639862060547
254.49349975585938,177.443603515625,37.176300048828125,64.61979675292969
254.90269470214844,176.6116943359375,37.50429916381836,67.20469665527344
254.29119873046875,176.45689392089844,38.124298095703125,65.92829895019531
254.3582000732422,175.61749267578125,37.0614013671875,68.16889953613281
255.16000366210938,177.42469787597656,37.084800720214844,66.88960266113281
254.61849975585938,175.8072052001953,38.74209976196289,67.52770233154297
255.15859985351562,176.3105926513672,37.45750045776367,66.99629974365234
255.7384033203125,177.21629333496094,36.58509826660156,66.70970153808594
256.09039306640625,177.0146026611328,35.282798767089844,65.1489028930664
256.0541076660156,175.9893035888672,35.09429931640625,67.64910125732422
256.15838623046875,178.21240234375,34.7776985168457,66.30290222167969
256.7379150390625,176.74169921875,34.247798919677734,66.97360229492188
256.8544921875,177.42340087890625,34.38610076904297,66.65809631347656
256.4035949707031,176.2790985107422,35.17290115356445,67.36750030517578
256.9372863769531,177.8444061279297,35.03139877319336,66.2394027709961
255.45919799804688,177.9102020263672,35.44309997558594,66.45469665527344
253.7100067138672,176.63400268554688,37.67369842529297,67.0790023803711
252.98789978027344,176.90249633789062,37.6416015625,67.92949676513672
254.26690673828125,177.45779418945312,36.14289855957031,67.53970336914062
253.7823028564453,176.99639892578125,38.35820007324219,68.30509948730469
253.70799255371094,176.1855010986328,37.71030044555664,67.87770080566406
254.49029541015625,176.94659423828125,36.43980026245117,67.55860137939453
254.4990997314453,175.80990600585938,37.247798919677734,69.37190246582031
253.41949462890625,175.74180603027344,38.351600646972656,69.52239990234375
253.84829711914062,177.0283966064453,37.35240173339844,67.01959991455078
254.73809814453125,178.45140075683594,36.29140090942383,66.2343978881836
253.8123016357422,176.19740295410156,38.12379837036133,68.79740142822266
254.6313018798828,178.1002960205078,36.84700012207031,66.14820098876953
253.65069580078125,178.6802978515625,37.570098876953125,65.54679870605469
252.52670288085938,178.1569061279297,39.10309982299805,65.38099670410156
253.4228973388672,178.2281951904297,36.786399841308594,66.22350311279297
251.94419860839844,177.50579833984375,39.5364990234375,67.27259826660156
252.44740295410156,177.44479370117188,39.250099182128906,65.93460083007812
251.18479919433594,178.0471954345703,40.66740036010742,66.81639862060547
251.98440551757812,177.826904296875,38.48899841308594,67.19640350341797
252.5991973876953,178.64450073242188,38.94409942626953,65.63300323486328
252.34950256347656,177.9936981201172,38.477298736572266,67.08219909667969
251.23480224609375,178.50819396972656,39.650699615478516,65.18990325927734
249.4217987060547,178.30889892578125,41.89889907836914,65.9259033203125
248.7342071533203,177.44960021972656,41.4546012878418,65.7750015258789
249.78289794921875,177.54469299316406,41.98929977416992,65.87370300292969
249.4329071044922,177.5272979736328,42.74769973754883,66.03260040283203
250.931396484375,177.22509765625,40.922298431396484,66.74530029296875
251.4521026611328,177.3708953857422,40.54119873046875,66.16300201416016
252.91799926757812,177.7010040283203,37.40639877319336,66.6498031616211
253.91160583496094,177.9062957763672,36.98720169067383,66.29010009765625
253.9416961669922,177.72830200195312,38.05339813232422,66.25849914550781
253.41290283203125,178.13999938964844,37.93939971923828,66.53050231933594
251.13250732421875,177.2884063720703,39.68870162963867,66.38819885253906
253.73440551757812,177.25,37.522701263427734,67.86289978027344
255.22259521484375,177.3834991455078,36.576900482177734,67.39820098876953
255.24330139160156,174.7617950439453,36.824501037597656,67.5031967163086
255.49099731445312,177.84890747070312,35.036598205566406,65.74299621582031
251.9427947998047,175.92990112304688,39.1870002746582,66.82250213623047
257.95379638671875,179.01539611816406,32.47079849243164,63.65739822387695
254.65550231933594,176.41929626464844,36.82149887084961,64.27899932861328
254.22630310058594,179.92320251464844,35.00960159301758,62.549598693847656
254.25289916992188,178.67999267578125,35.48780059814453,64.47039794921875
253.7012939453125,178.6083984375,36.057899475097656,64.78880310058594
254.03460693359375,185.74569702148438,35.16790008544922,56.91790008544922
253.76539611816406,175.72889709472656,36.537601470947266,65.8010025024414
255.36399841308594,191.39210510253906,33.87739944458008,50.19820022583008
255.71409606933594,176.23919677734375,34.87179946899414,60.403099060058594
254.2082061767578,180.6230926513672,35.884700775146484,58.652000427246094
251.27479553222656,170.7122039794922,38.70140075683594,66.79280090332031
251.18670654296875,170.64019775390625,37.162200927734375,64.46649932861328
250.80360412597656,166.13290405273438,36.568599700927734,69.35890197753906
250.14210510253906,163.0225067138672,37.407100677490234,70.65630340576172
248.89529418945312,159.9665069580078,38.227699279785156,65.11920166015625
249.95599365234375,153.6114959716797,36.82809829711914,64.50659942626953
250.7104949951172,148.35130310058594,37.106201171875,66.82510375976562
251.6497039794922,146.82839965820312,36.269100189208984,63.681800842285156
250.74609375,141.6343994140625,36.56800079345703,61.6057014465332
251.17599487304688,136.4123992919922,34.737300872802734,59.2765007019043
250.32090759277344,128.27040100097656,35.33190155029297,60.470401763916016
248.95179748535156,119.4926986694336,36.12110137939453,60.88010025024414
245.94149780273438,109.15989685058594,36.191898345947266,61.94969940185547
244.22509765625,100.87979888916016,35.33679962158203,62.84640121459961
249.45919799804688,93.18219757080078,31.143199920654297,63.355098724365234
249.0946044921875,83.54139709472656,41.118900299072266,65.19920349121094
305.5812072753906,79.62349700927734,58.13100051879883,90.54070281982422
311.3734130859375,71.1769027709961,56.275299072265625,92.03140258789062
315.29901123046875,61.4025993347168,56.44729995727539,92.70929718017578
326.71429443359375,50.27939987182617,53.59159851074219,93.5541000366211
332.3948974609375,43.04140090942383,59.15340042114258,93.5978012084961
343.898193359375,34.729698181152344,53.42380142211914,90.8030014038086
353.8288879394531,28.457300186157227,51.052101135253906,90.5009994506836
365.05999755859375,23.376699447631836,46.98540115356445,88.75789642333984
374.1662902832031,20.62459945678711,46.77920150756836,89.08809661865234
384.51580810546875,18.279399871826172,38.79719924926758,88.17669677734375
391.7757873535156,18.585800170898438,35.73460006713867,85.72889709472656
398.440185546875,20.716299057006836,34.12099838256836,84.716796875
404.2441101074219,24.209699630737305,34.09450149536133,84.71839904785156
408.82861328125,28.338699340820312,35.17359924316406,81.533203125
412.3117980957031,32.774600982666016,35.1172981262207,81.59549713134766
416.53228759765625,37.89229965209961,37.70880126953125,81.10540008544922
420.81280517578125,42.517799377441406,36.19269943237305,80.572998046875
422.9106140136719,46.608299255371094,36.080299377441406,80.66580200195312
423.3905029296875,50.729000091552734,37.47949981689453,78.35389709472656
424.1181945800781,54.762001037597656,37.03369903564453,77.42569732666016
423.8244934082031,57.268001556396484,38.647098541259766,77.14289855957031
422.722900390625,60.20370101928711,40.63650131225586,75.68309783935547
423.26129150390625,62.07720184326172,41.68880081176758,74.87370300292969
423.714111328125,62.541500091552734,41.4995002746582,74.03929901123047
424.3511962890625,62.89979934692383,42.3494987487793,73.52330017089844
423.5575866699219,61.902000427246094,41.69850158691406,74.65509796142578
423.82269287109375,62.48870086669922,42.796199798583984,73.72570037841797
423.74310302734375,61.60710144042969,40.15299987792969,73.36009979248047
422.34259033203125,61.66910171508789,40.48550033569336,73.32520294189453
421.23919677734375,62.12590026855469,39.52299880981445,72.9906005859375
419.7909851074219,61.51259994506836,39.702999114990234,74.57949829101562
418.9465026855469,62.51020050048828,39.76530075073242,72.16339874267578
417.6966857910156,63.42580032348633,39.33570098876953,72.93229675292969
415.21600341796875,63.949798583984375,40.11009979248047,73.51640319824219
414.75201416015625,64.38069915771484,40.39569854736328,74.35579681396484
414.14080810546875,65.94059753417969,39.917198181152344,74.785400390625
413.7226867675781,67.60359954833984,40.140899658203125,75.47579956054688
412.74859619140625,70.1592025756836,41.339599609375,74.67970275878906
411.2502136230469,70.95909881591797,41.31610107421875,76.33300018310547
409.5863037109375,72.27899932861328,42.02109909057617,76.78230285644531
407.23150634765625,72.48970031738281,41.58039855957031,78.47370147705078
402.1351013183594,73.87190246582031,42.54930114746094,77.5469970703125
397.87548828125,72.91649627685547,45.28969955444336,79.11360168457031
393.22210693359375,70.94300079345703,45.607398986816406,80.46479797363281
389.5382995605469,70.90570068359375,41.89080047607422,78.58270263671875
389.0469970703125,64.34149932861328,41.35689926147461,83.08809661865234
389.9544982910156,59.37080001831055,36.001399993896484,71.94989776611328
389.98748779296875,50.799198150634766,34.40079879760742,55.18870162963867
385.9101867675781,46.06129837036133,35.28329849243164,83.693603515625
387.41400146484375,40.32419967651367,31.97249984741211,78.3812026977539
388.78240966796875,37.106998443603516,31.385499954223633,74.85910034179688
389.80511474609375,33.860599517822266,30.587099075317383,80.02870178222656
389.50250244140625,32.460201263427734,31.302200317382812,77.04190063476562
388.76348876953125,33.584800720214844,33.02439880371094,79.89640045166016
388.8581848144531,32.89580154418945,34.049400329589844,81.9009017944336
388.6639099121094,34.69810104370117,33.48780059814453,81.08509826660156
388.0816955566406,37.38460159301758,33.427101135253906,79.74469757080078
386.864990234375,41.551700592041016,33.77429962158203,77.61489868164062
385.3157958984375,45.9453010559082,34.10580062866211,64.38009643554688
378.7207946777344,53.910400390625,39.21229934692383,81.09960174560547
375.16510009765625,60.044898986816406,38.84659957885742,76.1447982788086
369.1495056152344,67.39219665527344,40.05189895629883,75.64849853515625
361.0711975097656,75.4552001953125,43.33440017700195,80.40850067138672
352.7012023925781,83.57980346679688,46.86970138549805,84.30940246582031
341.8121032714844,91.37640380859375,58.160400390625,85.02349853515625
331.02081298828125,98.8677978515625,62.035499572753906,87.86100006103516
321.3211975097656,106.10690307617188,63.83169937133789,86.42939758300781
311.2550048828125,113.27020263671875,63.18280029296875,87.6415023803711
299.1242980957031,117.75879669189453,61.69129943847656,88.55879974365234
291.3778076171875,122.2666015625,63.47359848022461,88.45590209960938
287.29949951171875,126.14769744873047,60.05059814453125,87.20020294189453
285.1763000488281,124.10769653320312,59.959999084472656,89.27320098876953
281.5683898925781,128.38999938964844,54.77360153198242,86.5009994506836
272.6803894042969,130.3730010986328,57.378700256347656,84.14399719238281
264.3570861816406,133.61439514160156,57.28390121459961,82.75559997558594
256.9762878417969,134.42039489746094,57.31060028076172,82.98210144042969
261.9692077636719,125.42630004882812,48.70240020751953,48.9650993347168
261.1611022949219,51.98590087890625,51.03799819946289,45.039798736572266
279.5700988769531,38.95669937133789,40.06079864501953,61.64289855957031
286.4508056640625,48.10770034790039,39.773399353027344,58.7504997253418
304.51611328125,51.501399993896484,29.447599411010742,60.887298583984375
314.4739990234375,60.06809997558594,26.805400848388672,53.87369918823242
315.71380615234375,66.96869659423828,33.87739944458008,49.723899841308594
325.1784973144531,61.235599517822266,28.238800048828125,54.890098571777344
332.86151123046875,81.26570129394531,32.29949951171875,35.10210037231445
329.55059814453125,56.22919845581055,37.48809814453125,55.682899475097656
327.4413146972656,53.099300384521484,40.70949935913086,54.30390167236328
314.02398681640625,44.48109817504883,50.69340133666992,59.432899475097656
311.6322021484375,47.5525016784668,45.662200927734375,60.80820083618164
313.152587890625,62.014801025390625,36.93320083618164,54.65140151977539
308.5318908691406,67.5115966796875,36.45949935913086,57.68790054321289
319.7196960449219,78.1447982788086,29.419599533081055,57.013099670410156
320.6007080078125,86.44309997558594,34.785499572753906,55.28799819946289
324.7528076171875,90.07469940185547,32.77289962768555,53.220298767089844
329.2406921386719,89.84500122070312,32.836299896240234,53.39860153198242
333.1603088378906,86.7051010131836,33.52750015258789,55.31679916381836
338.9656066894531,89.78829956054688,34.23649978637695,51.057098388671875
340.0920104980469,101.3010025024414,33.46160125732422,35.68949890136719
312.00579833984375,80.08809661865234,44.89569854736328,51.13909912109375
301.2015075683594,80.75969696044922,52.000701904296875,53.265201568603516
300.1073913574219,88.61209869384766,44.27109909057617,54.38370132446289
305.03839111328125,90.07019805908203,38.16239929199219,56.94839859008789
307.10931396484375,92.30059814453125,36.40850067138672,57.748600006103516
314.75030517578125,93.59719848632812,27.19569969177246,59.58649826049805
319.3196105957031,103.02519989013672,24.6481990814209,52.51449966430664
303.1730041503906,98.69450378417969,34.923099517822266,58.34960174560547
302.20220947265625,98.24659729003906,33.74620056152344,59.39540100097656
305.1422119140625,97.62049865722656,30.54990005493164,60.03269958496094
306.2120056152344,101.3031997680664,33.27090072631836,59.24570083618164
305.9117126464844,102.13670349121094,33.88600158691406,57.61050033569336
305.06640625,107.18280029296875,41.82120132446289,57.64690017700195
309.4122009277344,111.78730010986328,42.999298095703125,54.42839813232422
312.2575988769531,114.58489990234375,40.7046012878418,52.502498626708984
315.2226867675781,120.83480072021484,38.02080154418945,46.980098724365234
316.09869384765625,117.16809844970703,36.826698303222656,49.57640075683594
318.65509033203125,110.43340301513672,33.03609848022461,55.96390151977539
319.5158996582031,98.404296875,28.697599411010742,66.72560119628906
314.0531005859375,98.2959976196289,38.76539993286133,64.13860321044922
313.768310546875,96.18260192871094,44.06370162963867,65.29570007324219
321.28021240234375,95.13870239257812,38.3754997253418,66.01399993896484
324.42779541015625,96.35079956054688,32.893798828125,64.11840057373047
321.7965087890625,97.24649810791016,38.28810119628906,67.37159729003906
325.53961181640625,98.27529907226562,38.20320129394531,66.95369720458984
326.7112121582031,99.0739974975586,40.09809875488281,67.45999908447266
327.12091064453125,103.45929718017578,52.886199951171875,65.9397964477539
329.3027038574219,108.0884017944336,51.15079879760742,59.72990036010742
333.4757995605469,113.42250061035156,44.713199615478516,50.21500015258789
329.30218505859375,130.71539306640625,46.990501403808594,38.17470169067383
340.1794128417969,141.65069580078125,43.57350158691406,29.81570053100586
350.5111083984375,144.94369506835938,33.1974983215332,40.03770065307617
347.3387145996094,151.47450256347656,56.16389846801758,43.57609939575195
338.0686950683594,147.4770050048828,90.20549774169922,66.302001953125
250.23570251464844,132.75489807128906,40.945701599121094,92.6227035522461
247.51930236816406,133.4954071044922,46.77259826660156,93.42900085449219
248.3614044189453,132.90750122070312,46.280601501464844,93.37560272216797
248.82530212402344,133.3780059814453,47.445499420166016,92.56620025634766
218.28509521484375,140.66360473632812,129.05520629882812,91.64579772949219
256.1695861816406,134.2194061279297,39.32379913330078,84.19280242919922
251.08700561523438,134.11239624023438,42.16579818725586,93.27339935302734
198.62049865722656,57.64120101928711,166.0467987060547,194.26449584960938
252.63330078125,132.4541015625,63.9281005859375,76.27300262451172
225.4542999267578,133.72140502929688,119.48750305175781,105.56179809570312
248.5435028076172,133.773193359375,49.47460174560547,93.75700378417969
182.4315948486328,107.51490020751953,166.2447967529297,113.00180053710938
249.49349975585938,134.5644989013672,45.457000732421875,90.29669952392578
248.04510498046875,135.2841033935547,46.06549835205078,91.25969696044922
248.6282958984375,135.0944061279297,45.64979934692383,91.69750213623047
236.75729370117188,143.31280517578125,85.43419647216797,90.46710205078125
249.8054962158203,133.90859985351562,44.320899963378906,93.79280090332031
357.5783996582031,160.11300659179688,33.066001892089844,53.34870147705078
351.2481994628906,159.18870544433594,35.1171989440918,53.1776008605957
347.9314880371094,162.11959838867188,31.189300537109375,52.57059860229492
343.1151123046875,156.5847930908203,36.03710174560547,57.50979995727539
341.3284912109375,155.79800415039062,31.476999282836914,58.50510025024414
338.1449890136719,154.73629760742188,32.92789840698242,60.43339920043945
332.1640930175781,155.96279907226562,35.741600036621094,60.80500030517578
328.2655944824219,155.45779418945312,36.830501556396484,61.49129867553711
328.131103515625,156.56910705566406,37.7135009765625,63.14699935913086
326.8411865234375,157.16119384765625,35.8578987121582,65.44190216064453
323.93450927734375,157.81069946289062,38.204200744628906,68.55680084228516
319.8562927246094,161.38499450683594,41.257301330566406,69.4646987915039
321.151611328125,164.4185028076172,38.89680099487305,71.54019927978516
320.5674133300781,170.97300720214844,40.77980041503906,69.98190307617188
322.1083984375,176.02330017089844,42.55699920654297,67.94740295410156
294.7485046386719,144.4055938720703,137.9029998779297,131.14549255371094
327.680908203125,180.82569885253906,52.51300048828125,69.65129852294922
330.7449951171875,189.82400512695312,86.63829803466797,71.14849853515625
331.3044128417969,186.80039978027344,49.025299072265625,62.032501220703125
335.0221862792969,185.21029663085938,52.49589920043945,75.41419982910156
337.27178955078125,184.4333038330078,53.606998443603516,77.00479888916016
341.1178894042969,182.3372039794922,59.36109924316406,79.1322021484375
346.9143981933594,182.6428985595703,60.209800720214844,81.66600036621094
347.5101013183594,182.75900268554688,68.8280029296875,80.24929809570312
346.3832092285156,180.6855010986328,74.14119720458984,84.00160217285156
353.1953125,184.50430297851562,68.8196029663086,70.48290252685547
348.69000244140625,183.2801971435547,79.018798828125,68.98619842529297
365.18341064453125,184.65289306640625,66.65989685058594,87.22219848632812
352.9707946777344,191.61920166015625,85.05989837646484,63.93709945678711
360.71649169921875,202.35389709472656,89.24449920654297,76.2030029296875
370.934814453125,192.24859619140625,90.15650177001953,88.314697265625
395.05621337890625,194.31219482421875,69.39659881591797,88.67050170898438
406.70989990234375,197.01600646972656,63.260501861572266,82.435302734375
404.3999938964844,196.27780151367188,73.90760040283203,90.51490020751953
413.98419189453125,196.65240478515625,63.92789840698242,92.27619934082031
423.1282958984375,196.65060424804688,61.04240036010742,90.84230041503906
411.2025146484375,196.81199645996094,76.47360229492188,92.0896987915039
428.69940185546875,199.08079528808594,62.813499450683594,91.2738037109375
431.11041259765625,199.71380615234375,59.615501403808594,92.93399810791016
430.7334899902344,204.51600646972656,55.19490051269531,90.3646011352539
429.410400390625,199.82899475097656,61.1963996887207,93.1594009399414
433.44329833984375,202.48849487304688,54.25669860839844,91.78700256347656
432.47491455078125,201.22039794921875,58.653099060058594,92.1312026977539
437.3793029785156,199.58180236816406,53.468101501464844,90.62049865722656
435.627197265625,202.6728057861328,60.40700149536133,97.24839782714844
435.6697998046875,198.11669921875,63.1781005859375,96.6708984375
435.2746887207031,198.87600708007812,62.713401794433594,94.01580047607422
435.8528137207031,197.9987030029297,64.1843032836914,93.19750213623047
438.3351135253906,198.64599609375,60.519500732421875,92.60669708251953
438.31500244140625,201.43190002441406,58.73680114746094,92.5907974243164
439.6924133300781,198.0655975341797,55.35580062866211,92.59010314941406
436.6671142578125,199.47360229492188,58.4536018371582,92.31069946289062
435.4906921386719,195.74380493164062,59.38309860229492,89.09259796142578
435.1955871582031,197.90589904785156,60.73860168457031,100.28929901123047
436.97918701171875,200.30239868164062,53.28670120239258,93.01080322265625
432.5657958984375,209.0666961669922,59.99259948730469,81.2603988647461
433.8953857421875,200.60780334472656,61.30039978027344,92.74019622802734
430.168701171875,199.64199829101562,61.763099670410156,88.92620086669922
427.1072082519531,197.5218048095703,60.21120071411133,85.46320343017578
426.44378662109375,194.94720458984375,59.17210006713867,62.272701263427734
413.3898010253906,193.84629821777344,60.31760025024414,95.56919860839844
343.5885925292969,186.33160400390625,126.0177001953125,106.99490356445312
286.60400390625,150.48330688476562,68.65709686279297,171.39439392089844
385.09710693359375,189.78370666503906,59.197898864746094,85.23909759521484
377.48431396484375,188.3083038330078,53.2223014831543,90.29830169677734
366.30731201171875,184.2895050048828,56.891300201416016,94.04949951171875
357.910888671875,181.76739501953125,57.4723014831543,90.36119842529297
351.4024963378906,179.37710571289062,48.45320129394531,90.6531982421875
343.97149658203125,170.156494140625,38.27560043334961,99.76309967041016
383.9512939453125,219.98779296875,102.82759857177734,45.56589889526367
332.8638916015625,89.72339630126953,213.29159545898438,228.4033966064453
282.7174987792969,152.78269958496094,74.32649993896484,176.60789489746094
265.4867858886719,181.90879821777344,247.6157989501953,108.41619873046875
281.8348083496094,153.7021942138672,69.56849670410156,161.8927001953125
284.50518798828125,152.23350524902344,65.03579711914062,167.5717010498047
279.2247009277344,153.2198028564453,70.78269958496094,167.4376983642578
276.0780944824219,150.1291961669922,71.87660217285156,168.0590057373047
270.4245910644531,148.00779724121094,81.43080139160156,173.90939331054688
283.13800048828125,149.78579711914062,72.35449981689453,174.00270080566406
194.2852020263672,191.0283966064453,60.66279983520508,93.69989776611328
192.64529418945312,197.61619567871094,68.56269836425781,84.80329895019531
192.9571990966797,202.16029357910156,62.914798736572266,101.2864990234375
190.5460968017578,204.45660400390625,63.135501861572266,105.652099609375
179.67779541015625,206.73269653320312,71.17040252685547,104.125
178.61070251464844,210.7917938232422,68.57170104980469,106.0780029296875
171.54449462890625,212.74560546875,74.80889892578125,107.7759017944336
170.3972930908203,248.2646942138672,67.7477035522461,74.70349884033203
162.94729614257812,213.89129638671875,70.33509826660156,113.41500091552734
160.75050354003906,216.7593994140625,67.845703125,110.45369720458984
158.95249938964844,217.78379821777344,67.14559936523438,110.44770050048828
159.2364044189453,215.59039306640625,64.30870056152344,112.79129791259766
158.3332061767578,218.88600158691406,64.6688003540039,108.22480010986328
151.07090759277344,217.91409301757812,66.62889862060547,109.61430358886719
146.085205078125,219.9113006591797,72.63619995117188,104.54840087890625
137.25990295410156,221.63619995117188,71.83560180664062,104.1865005493164
121.19850158691406,222.07510375976562,87.03109741210938,103.17120361328125
105.97820281982422,217.63580322265625,81.43209838867188,114.51190185546875
103.6500015258789,238.6331024169922,73.2219009399414,92.28929901123047
88.1510009765625,210.7563018798828,76.11920166015625,122.46920013427734
73.09259796142578,220.3878936767578,86.33679962158203,123.51730346679688
71.05570220947266,228.34429931640625,89.29550170898438,117.33899688720703
67.03340148925781,287.3023986816406,94.52970123291016,61.078800201416016
66.98030090332031,216.1497039794922,92.5281982421875,127.68219757080078
73.82569885253906,213.56500244140625,85.87860107421875,115.75430297851562
66.38359832763672,258.12640380859375,92.40640258789062,89.48539733886719
99.7228012084961,250.4091033935547,64.4301986694336,68.64759826660156
87.29509735107422,258.3739929199219,89.05329895019531,87.05970001220703
123.40149688720703,228.4615020751953,83.83799743652344,90.35600280761719
144.81649780273438,265.2712097167969,79.11949920654297,54.199501037597656
160.98500061035156,224.31210327148438,81.2301025390625,110.18329620361328
183.6864013671875,221.39700317382812,79.21890258789062,120.05120086669922
206.7091064453125,224.0135040283203,79.93199920654297,118.54740142822266
233.58050537109375,248.59739685058594,75.71880340576172,94.60900115966797
274.1683044433594,225.5186004638672,59.656898498535156,121.13819885253906
295.5043029785156,229.69540405273438,62.9744987487793,95.04209899902344
314.22698974609375,241.9427947998047,61.37139892578125,100.39630126953125
333.6521911621094,271.6842041015625,58.167198181152344,79.82319641113281
354.2049865722656,228.052001953125,56.132598876953125,118.76170349121094
373.76580810546875,232.6009063720703,47.57339859008789,107.68990325927734
374.0968933105469,228.8636016845703,59.535499572753906,120.98650360107422
381.427001953125,229.5803985595703,58.52980041503906,122.45480346679688
381.422607421875,228.07699584960938,63.038299560546875,126.8292007446289
382.8258056640625,232.74749755859375,59.503700256347656,120.51480102539062
381.5075988769531,225.53709411621094,62.357200622558594,128.2707977294922
380.8559875488281,229.610107421875,60.85309982299805,122.33619689941406
382.6597900390625,225.3278045654297,62.17060089111328,127.34230041503906
381.5260925292969,225.72479248046875,61.76940155029297,127.68270111083984
382.9126892089844,223.44949340820312,59.615699768066406,130.12159729003906
384.5138854980469,226.7595977783203,59.745201110839844,126.99400329589844
381.7149963378906,229.7342987060547,59.08639907836914,123.0094985961914
383.7922058105469,224.48660278320312,58.69430160522461,129.14810180664062
382.660400390625,225.69239807128906,58.979698181152344,126.77110290527344
384.00189208984375,224.18629455566406,59.850101470947266,130.2187042236328
382.1853942871094,219.7606964111328,62.84769821166992,133.5709991455078
379.2663879394531,205.67959594726562,75.8197021484375,147.39720153808594
372.6341857910156,193.77479553222656,82.87550354003906,159.01300048828125
381.35760498046875,150.2924041748047,69.92549896240234,201.8365936279297
381.24688720703125,142.6020965576172,65.8270034790039,207.84750366210938
376.3171081542969,144.45230102539062,69.90149688720703,208.27659606933594
372.60150146484375,155.1497039794922,73.4301986694336,198.15139770507812
372.5585021972656,226.07229614257812,75.94719696044922,127.02519989013672
380.7121887207031,227.82569885253906,69.73519897460938,124.845703125
382.7319030761719,223.80690002441406,66.03520202636719,131.0334930419922
345.8132019042969,198.33360290527344,102.46410369873047,150.9907989501953
357.12200927734375,191.1313934326172,88.3125,160.63119506835938
307.902587890625,163.94960021972656,66.74079895019531,114.15579986572266
302.94891357421875,155.13780212402344,64.20269775390625,136.8795928955078
292.2484130859375,164.9293975830078,63.7672004699707,135.34710693359375
283.69500732421875,161.9969024658203,64.09010314941406,149.69720458984375
272.4175109863281,153.38870239257812,65.07879638671875,164.29330444335938
262.17181396484375,146.27520751953125,67.81580352783203,174.01820373535156
256.3891906738281,153.47349548339844,68.4469985961914,173.1049041748047
250.97059631347656,161.789306640625,72.0656967163086,174.09539794921875
229.89630126953125,177.62139892578125,196.5615997314453,176.46270751953125
221.54379272460938,188.47689819335938,293.364990234375,171.52310180664062
214.36790466308594,156.28280639648438,89.03289794921875,186.7935028076172
375.71868896484375,222.28939819335938,75.04540252685547,123.8561019897461
384.40301513671875,230.81809997558594,67.35890197753906,119.34549713134766
384.376708984375,227.62570190429688,64.30280303955078,120.7970962524414
384.0289001464844,228.2720947265625,67.16069793701172,123.4833984375
378.48419189453125,230.1699981689453,74.77010345458984,117.33709716796875
382.5491943359375,232.8321990966797,70.58070373535156,115.70780181884766
372.7544860839844,235.9510040283203,75.7874984741211,109.2113037109375
375.3158874511719,259.5934143066406,73.0156021118164,87.53949737548828
369.6188049316406,225.1602020263672,74.17130279541016,118.78479766845703
369.4620056152344,240.5854034423828,76.71910095214844,107.5447006225586
365.98638916015625,243.69309997558594,74.6968002319336,99.63800048828125
368.52301025390625,251.45700073242188,69.0824966430664,91.45459747314453
363.0683898925781,220.12130737304688,65.51129913330078,121.52749633789062
356.0096130371094,224.07249450683594,72.53399658203125,115.67369842529297
355.59979248046875,221.535400390625,67.68789672851562,112.69129943847656
346.114990234375,217.93580627441406,68.18779754638672,107.6603012084961
343.85369873046875,215.81500244140625,59.50830078125,109.279296875
337.5071105957031,220.3404998779297,54.65739822387695,96.44090270996094
332.5080871582031,211.32659912109375,48.18040084838867,96.71269989013672
325.9696044921875,211.5135955810547,48.897300720214844,91.01100158691406
322.4288024902344,206.09010314941406,49.489498138427734,91.03450012207031
321.4117126464844,202.89100646972656,46.595401763916016,90.37370300292969
309.6600036621094,201.5720977783203,53.68170166015625,89.08350372314453
298.12689208984375,192.114501953125,62.7504997253418,83.32379913330078
287.8955078125,187.5384979248047,50.13029861450195,60.51169967651367
292.02410888671875,187.0572967529297,37.667598724365234,73.41089630126953
286.74139404296875,184.3607940673828,39.22330093383789,73.00440216064453
284.6346130371094,181.8345947265625,36.840301513671875,72.53990173339844
283.13140869140625,179.30419921875,37.042999267578125,57.41389846801758
283.79638671875,179.97479248046875,36.7327995300293,66.4749984741211
284.6505126953125,182.89739990234375,38.557899475097656,64.99079895019531
285.8410949707031,180.28469848632812,39.54970169067383,64.19560241699219
287.2843017578125,181.52049255371094,37.72100067138672,56.38719940185547
291.22119140625,180.29429626464844,36.802101135253906,54.62009811401367
289.5497131347656,180.32400512695312,42.998199462890625,69.00399780273438
288.81640625,183.4730987548828,37.577701568603516,69.4468994140625
289.8345031738281,181.8220977783203,35.097599029541016,71.10260009765625
288.5675964355469,188.1696014404297,35.463401794433594,64.78810119628906
286.0314025878906,165.5959930419922,39.0536003112793,84.01439666748047
285.6769104003906,176.30039978027344,39.11249923706055,75.6675033569336
286.9054870605469,178.98809814453125,39.17959976196289,71.6521987915039
287.22479248046875,179.6439971923828,38.59830093383789,71.63369750976562
285.4254150390625,179.78759765625,39.573001861572266,71.12550354003906
284.90301513671875,180.37130737304688,40.03710174560547,67.92449951171875
286.49700927734375,179.58270263671875,39.16379928588867,71.74120330810547
285.7626953125,180.29640197753906,38.680301666259766,68.74240112304688
285.6632995605469,180.62339782714844,39.4921989440918,70.10579681396484
286.289794921875,180.49639892578125,38.071998596191406,69.4312973022461
286.64630126953125,180.07589721679688,38.78110122680664,69.36930084228516
285.4573059082031,179.2501983642578,38.404598236083984,69.94499969482422
286.23291015625,180.685302734375,37.99589920043945,66.19090270996094
286.75860595703125,180.59860229492188,37.87519836425781,68.9103012084961
285.5744934082031,179.60670471191406,39.11669921875,71.12079620361328
286.3837890625,179.87319946289062,38.21549987792969,71.69049835205078
286.9679870605469,179.5189971923828,38.70640182495117,71.61810302734375
285.7705993652344,179.78550720214844,37.20589828491211,72.20490264892578
287.1134033203125,179.98460388183594,38.36520004272461,71.58979797363281
286.90771484375,180.66419982910156,38.3114013671875,71.31749725341797
286.5701904296875,180.6374053955078,38.814300537109375,71.431396484375
287.0061950683594,180.02490234375,39.86069869995117,71.69090270996094
286.39898681640625,178.0615997314453,37.424598693847656,74.22429656982422
285.8251037597656,180.37379455566406,38.40010070800781,71.39959716796875
285.6754150390625,181.15170288085938,39.8650016784668,70.85209655761719
286.2318115234375,181.0211944580078,39.937599182128906,71.03610229492188
287.41241455078125,180.03370666503906,36.98189926147461,71.21980285644531
286.61419677734375,180.15969848632812,38.75979995727539,71.5094985961914
286.66680908203125,179.16619873046875,39.277000427246094,73.06559753417969
286.6720886230469,180.34339904785156,38.595298767089844,71.97160339355469
286.505615234375,179.11380004882812,38.85609817504883,73.11820220947266
285.50518798828125,178.01939392089844,40.051700592041016,74.0614013671875
278.40869140625,178.38330078125,46.94279861450195,73.75170135498047
275.710205078125,178.6186065673828,48.8744010925293,73.25700378417969
274.1510925292969,178.28419494628906,51.902400970458984,74.3812026977539
281.92669677734375,180.43429565429688,42.8916015625,71.93470001220703
279.38018798828125,178.39329528808594,45.9463996887207,73.4220962524414
279.2218933105469,179.42469787597656,46.08489990234375,71.87539672851562
282.8114929199219,180.5426025390625,41.726200103759766,70.68049621582031
281.8616027832031,180.28919982910156,43.292301177978516,71.61180114746094
286.0008850097656,180.7386932373047,38.6327018737793,69.87239837646484
287.35040283203125,178.63609313964844,38.52170181274414,72.78309631347656
287.24920654296875,180.3115997314453,35.87300109863281,71.65859985351562
287.158203125,180.4477996826172,36.875099182128906,71.05159759521484
286.7047119140625,179.01390075683594,38.609901428222656,73.3270034790039
285.4085998535156,180.4528045654297,39.08729934692383,71.63670349121094
287.1809997558594,181.58099365234375,36.673301696777344,71.06780242919922
286.75531005859375,179.52609252929688,38.176300048828125,72.16220092773438
286.1950988769531,179.34759521484375,38.44110107421875,71.7916030883789
286.0408935546875,178.09120178222656,37.563201904296875,73.21479797363281
287.0917053222656,178.701904296875,38.44309997558594,72.82109832763672
288.8930969238281,179.95550537109375,36.089298248291016,72.3687973022461
289.59991455078125,178.94039916992188,35.50230026245117,73.052001953125
288.9490966796875,180.12899780273438,36.770999908447266,71.89739990234375
288.47320556640625,180.585205078125,35.48609924316406,71.43109893798828
287.8009948730469,179.51519775390625,37.317100524902344,72.24099731445312
287.2640075683594,178.40480041503906,36.45650100708008,72.72100067138672
287.0421142578125,179.72610473632812,37.41780090332031,71.12979888916016
287.0928039550781,180.13340759277344,35.834999084472656,70.58280181884766
285.5809020996094,181.16949462890625,38.20800018310547,70.6082992553711
286.3741149902344,180.69329833984375,36.1156005859375,71.45999908447266
285.0498962402344,181.1885986328125,38.82680130004883,70.86389923095703
284.5194091796875,181.13589477539062,37.99570083618164,69.1395034790039
283.931884765625,180.418701171875,38.16350173950195,71.91470336914062
282.1453857421875,182.1719970703125,39.799198150634766,69.34609985351562
281.031005859375,182.5041046142578,39.15829849243164,68.84140014648438
280.9212951660156,182.2346954345703,38.269100189208984,67.23899841308594
279.35418701171875,182.25320434570312,37.455299377441406,68.73310089111328
274.17889404296875,182.52540588378906,40.70560073852539,67.04219818115234
309.10211181640625,132.09030151367188,48.83829879760742,89.34390258789062
309.5810852050781,134.32110595703125,48.34659957885742,85.6082992553711
309.5871887207031,132.81280517578125,47.46009826660156,87.02890014648438
311.0369873046875,135.08900451660156,45.548099517822266,84.92140197753906
311.8482971191406,136.13760375976562,43.544498443603516,84.63890075683594
314.61260986328125,134.5944061279297,41.82040023803711,86.30850219726562
250.6295928955078,141.56320190429688,114.45240020751953,90.82450103759766
315.5526123046875,141.89639282226562,41.8286018371582,78.35880279541016
320.5816955566406,137.102294921875,41.104698181152344,84.91570281982422
321.2576904296875,136.2032928466797,42.590301513671875,86.6676025390625
323.2550964355469,134.87989807128906,40.3760986328125,87.447998046875
257.80120849609375,170.36480712890625,36.30030059814453,59.87889862060547
260.439697265625,171.75379943847656,32.435001373291016,58.8916015625
259.26080322265625,171.89109802246094,33.111000061035156,57.8671989440918
259.1972961425781,170.87579345703125,32.31990051269531,58.37950134277344
257.8251037597656,172.5894012451172,34.50270080566406,56.76729965209961
258.7832946777344,171.31809997558594,33.566200256347656,58.48270034790039
259.4324951171875,170.32589721679688,31.843700408935547,58.6327018737793
257.6195983886719,170.96510314941406,34.798500061035156,59.38249969482422
260.0093078613281,170.7436981201172,32.72610092163086,58.16130065917969
260.93951416015625,171.0970001220703,32.08689880371094,58.67380142211914
261.0010986328125,170.45480346679688,31.251800537109375,59.98699951171875
260.3783874511719,170.6804962158203,31.01409912109375,59.61940002441406
261.4847106933594,169.79029846191406,34.01300048828125,59.744998931884766
259.07611083984375,170.93089294433594,36.82419967651367,59.6593017578125
262.0126037597656,145.4884033203125,59.25379943847656,85.84629821777344
