1
242.51449584960938,290.9359130859375,59.68579864501953,63.556800842285156
232.9969940185547,289.7528076171875,60.54389953613281,61.95029830932617
223.61729431152344,285.55108642578125,61.50870132446289,63.363399505615234
214.16690063476562,279.88128662109375,62.048301696777344,64.4218978881836
204.86709594726562,276.9775085449219,61.894500732421875,63.29460144042969
200.52940368652344,274.9486999511719,55.919898986816406,63.050899505615234
193.25570678710938,272.5921936035156,53.36309814453125,62.536598205566406
188.1728057861328,268.4812927246094,51.16529846191406,61.329898834228516
178.09539794921875,263.50750732421875,54.94260025024414,61.441200256347656
171.2277069091797,261.5032958984375,55.830501556396484,58.916900634765625
165.51809692382812,259.9453125,56.79410171508789,56.94279861450195
159.7032012939453,259.8138122558594,54.63800048828125,54.65570068359375
154.30780029296875,257.0791931152344,55.224700927734375,54.92380142211914
151.1208953857422,254.97169494628906,55.067100524902344,55.769901275634766
146.4770965576172,252.7509002685547,54.79140090942383,55.78459930419922
143.1363983154297,251.0345001220703,55.190101623535156,55.814998626708984
140.94760131835938,250.8769073486328,55.08399963378906,55.73939895629883
138.93359375,249.72169494628906,54.94770050048828,55.773101806640625
137.7342987060547,249.44349670410156,54.56019973754883,56.170799255371094
137.14610290527344,248.8527069091797,53.59980010986328,56.84339904785156
137.36749267578125,249.30340576171875,53.48419952392578,56.93050003051758
136.85679626464844,249.96180725097656,53.49810028076172,56.410099029541016
138.36729431152344,248.9237060546875,52.6150016784668,56.8755989074707
140.49659729003906,247.98590087890625,52.067901611328125,57.23460006713867
142.95590209960938,246.95509338378906,51.2661018371582,57.36050033569336
145.25059509277344,245.82139587402344,50.48270034790039,56.94710159301758
147.54220581054688,243.72979736328125,50.895198822021484,56.80630111694336
149.62359619140625,242.3970947265625,50.550498962402344,56.13290023803711
152.0028076171875,240.9656982421875,49.8306999206543,55.8046989440918
154.64450073242188,239.1746063232422,49.07419967651367,55.67829895019531
156.4987030029297,237.61749267578125,47.56959915161133,54.57590103149414
157.7093963623047,237.2220001220703,46.757301330566406,53.11429977416992
157.96279907226562,235.83619689941406,46.410701751708984,53.016300201416016
157.27789306640625,235.54859924316406,46.329498291015625,51.779998779296875
157.17660522460938,235.31199645996094,46.14939880371094,51.74919891357422
155.8480987548828,234.7313995361328,45.754600524902344,51.90959930419922
154.8090057373047,234.8509979248047,44.15909957885742,50.98529815673828
152.49530029296875,234.31849670410156,43.4744987487793,50.6234016418457
150.0030975341797,232.4512939453125,43.21269989013672,50.45050048828125
146.15939331054688,231.98599243164062,42.861000061035156,50.331298828125
142.33970642089844,230.89669799804688,41.65599822998047,49.62329864501953
139.35069274902344,229.7091064453125,41.58599853515625,49.074798583984375
135.1472930908203,228.53939819335938,41.946800231933594,48.665401458740234
131.07699584960938,228.2747039794922,41.79029846191406,47.73500061035156
127.2042007446289,226.57200622558594,42.69879913330078,47.35210037231445
121.30989837646484,225.7947998046875,44.207801818847656,47.05590057373047
75.03399658203125,236.47349548339844,48.32699966430664,42.68840026855469
77.7302017211914,232.8050994873047,43.80939865112305,45.46200180053711
112.44819641113281,221.77780151367188,44.08610153198242,47.34120178222656
78.72989654541016,231.8571014404297,37.65079879760742,43.34709930419922
109.4552001953125,219.58079528808594,44.56760025024414,47.61180114746094
97.39230346679688,220.46730041503906,55.387001037597656,49.68669891357422
78.5531005859375,219.0655975341797,73.27799987792969,52.550498962402344
79.7573013305664,219.4167938232422,72.5115966796875,51.22100067138672
76.5602035522461,217.46780395507812,74.0010986328125,52.48910140991211
74.65589904785156,216.36669921875,74.6417007446289,51.76860046386719
74.56449890136719,216.5886993408203,74.21050262451172,52.32500076293945
76.41899871826172,215.50469970703125,71.27010345458984,52.250999450683594
89.80059814453125,215.12289428710938,56.652400970458984,52.518798828125
94.70590209960938,214.43789672851562,53.147499084472656,51.32569885253906
100.2593994140625,213.68789672851562,48.35900115966797,50.445098876953125
104.33450317382812,213.60800170898438,45.92380142211914,50.29280090332031
108.01029968261719,214.49049377441406,42.874298095703125,49.06760025024414
110.83540344238281,214.02659606933594,43.248600006103516,49.17020034790039
111.46759796142578,214.35560607910156,44.1510009765625,49.248199462890625
113.54630279541016,213.98959350585938,44.86240005493164,50.21879959106445
117.12969970703125,213.68359375,43.91299819946289,50.491600036621094
119.96890258789062,214.52040100097656,43.35459899902344,50.064701080322266
123.40809631347656,214.4326934814453,43.561798095703125,49.595699310302734
126.54060363769531,214.05589294433594,43.112701416015625,50.38010025024414
128.40969848632812,213.9705047607422,43.03559875488281,50.12519836425781
131.07220458984375,213.514892578125,43.430599212646484,50.83219909667969
132.4470977783203,214.1239013671875,44.04759979248047,50.23139953613281
134.0384063720703,213.86459350585938,44.899600982666016,50.6703987121582
135.14419555664062,213.33779907226562,45.16429901123047,51.1609992980957
136.70899963378906,214.69830322265625,45.24610137939453,50.56650161743164
137.29989624023438,213.85440063476562,45.514400482177734,51.199100494384766
137.22140502929688,214.56100463867188,45.46849822998047,50.759700775146484
137.49339294433594,214.74549865722656,45.29970169067383,50.65530014038086
136.54379272460938,214.4167022705078,44.85279846191406,50.61009979248047
135.72019958496094,214.72000122070312,45.11029815673828,50.166500091552734
134.22909545898438,214.84689331054688,44.503299713134766,49.84600067138672
132.97030639648438,214.9803924560547,44.003700256347656,49.687198638916016
131.29580688476562,214.72720336914062,43.06340026855469,48.606998443603516
129.0299072265625,214.3433074951172,43.50979995727539,49.1432991027832
126.81749725341797,214.81939697265625,43.775299072265625,48.467201232910156
124.33200073242188,214.00399780273438,43.63079833984375,48.25360107421875
122.30780029296875,214.5977020263672,42.6255989074707,48.022701263427734
120.52359771728516,215.03329467773438,42.15510177612305,47.459598541259766
119.35079956054688,215.21609497070312,41.28049850463867,47.66460037231445
115.61019897460938,215.22300720214844,42.95109939575195,48.328800201416016
114.64710235595703,214.71409606933594,41.43519973754883,47.94219970703125
113.8772964477539,215.510498046875,40.912601470947266,47.24610137939453
113.29049682617188,215.92430114746094,40.391300201416016,46.8843994140625
112.32360076904297,215.4658966064453,40.3109016418457,47.49290084838867
111.05220031738281,216.50270080566406,42.50830078125,47.79880142211914
109.52940368652344,216.58450317382812,44.56990051269531,48.2400016784668
110.38099670410156,216.44349670410156,44.22610092163086,48.50189971923828
108.58719635009766,216.58529663085938,48.452999114990234,49.158599853515625
115.1613998413086,216.64419555664062,41.897300720214844,48.456199645996094
117.91429901123047,216.5594024658203,40.40019989013672,47.97489929199219
119.45570373535156,215.0034942626953,41.18539810180664,48.50659942626953
121.46489715576172,213.33140563964844,41.04679870605469,48.86220169067383
123.84870147705078,212.06649780273438,41.75519943237305,48.862701416015625
126.66819763183594,210.802001953125,41.91569900512695,49.425201416015625
128.92880249023438,209.37449645996094,41.87519836425781,48.999000549316406
131.06390380859375,206.87139892578125,41.52220153808594,49.97159957885742
133.53460693359375,205.5126953125,42.68009948730469,49.772098541259766
135.2821044921875,201.87939453125,43.6150016784668,50.65290069580078
136.55630493164062,199.14149475097656,44.4546012878418,50.925498962402344
139.39390563964844,196.61480712890625,45.364200592041016,51.04399871826172
141.0113983154297,192.79159545898438,46.59159851074219,50.623600006103516
143.55459594726562,189.30569458007812,47.73899841308594,50.819801330566406
147.12100219726562,185.83180236816406,48.900001525878906,51.29010009765625
150.24710083007812,182.53509521484375,49.01089859008789,51.06779861450195
154.0850067138672,177.8563995361328,49.32569885253906,50.961700439453125
157.87010192871094,173.9488067626953,50.106201171875,51.81999969482422
161.78579711914062,169.50430297851562,50.7692985534668,51.61759948730469
166.21420288085938,163.57420349121094,51.29949951171875,52.91460037231445
171.98519897460938,157.6875,52.04499816894531,53.88100051879883
178.2393035888672,152.47689819335938,50.90330123901367,54.549198150634766
183.66879272460938,147.76080322265625,52.80400085449219,55.33209991455078
189.07440185546875,143.2532958984375,54.01219940185547,55.55139923095703
196.92779541015625,140.45260620117188,54.64929962158203,54.62730026245117
203.98680114746094,137.86390686035156,54.359500885009766,55.65250015258789
211.80160522460938,135.7615966796875,54.40890121459961,56.94150161743164
220.2010955810547,134.67820739746094,53.861698150634766,57.433998107910156
229.5240936279297,135.48590087890625,53.206600189208984,57.00859832763672
238.98989868164062,136.54269409179688,52.62070083618164,56.44810104370117
247.6356964111328,135.72549438476562,52.440799713134766,57.25960159301758
255.82789611816406,136.43179321289062,52.226600646972656,56.99639892578125
265.0268859863281,136.2855987548828,50.70090103149414,57.02370071411133
271.5284118652344,136.15440368652344,50.76380157470703,57.54499816894531
277.7912902832031,137.07049560546875,50.24800109863281,58.52519989013672
282.4554138183594,138.0688934326172,50.757198333740234,58.84149932861328
285.7889099121094,140.8061981201172,50.93989944458008,58.60340118408203
287.71490478515625,142.76699829101562,50.81439971923828,59.09880065917969
289.0535888671875,147.36639404296875,50.25619888305664,59.4567985534668
288.7477111816406,151.23519897460938,49.69900131225586,58.882301330566406
287.2638854980469,155.9250030517578,50.128299713134766,59.26190185546875
283.66448974609375,160.23460388183594,50.800899505615234,59.45220184326172
279.4713134765625,164.4019012451172,51.151100158691406,58.70209884643555
272.8846130371094,167.69610595703125,52.69490051269531,57.36909866333008
266.6919860839844,169.93589782714844,53.024600982666016,57.14400100708008
259.3044128417969,171.0561981201172,51.98109817504883,56.503299713134766
251.3791961669922,171.5050048828125,52.99140167236328,56.0452995300293
243.37210083007812,171.0904998779297,53.22829818725586,56.065799713134766
237.02149963378906,171.14979553222656,53.45560073852539,55.21699905395508
226.66380310058594,170.46299743652344,55.70180130004883,55.67290115356445
219.9947052001953,169.89019775390625,55.06949996948242,54.256099700927734
212.68910217285156,168.61419677734375,55.73680114746094,54.09239959716797
205.8804931640625,167.08180236816406,56.0900993347168,54.67319869995117
200.7808074951172,166.86610412597656,56.510398864746094,54.03120040893555
195.80169677734375,164.8730926513672,56.83140182495117,54.350101470947266
192.9029998779297,163.3585968017578,55.9651985168457,55.34859848022461
190.69610595703125,163.40660095214844,56.78089904785156,54.8843994140625
189.45559692382812,163.32240295410156,56.38970184326172,55.21500015258789
189.1011962890625,162.93389892578125,56.7677001953125,56.783599853515625
192.25929260253906,163.8415069580078,55.909698486328125,57.30419921875
197.35809326171875,165.12759399414062,55.672401428222656,56.935298919677734
205.45660400390625,166.83619689941406,54.92919921875,56.03820037841797
211.8043975830078,168.56179809570312,56.01940155029297,56.69810104370117
218.14219665527344,170.53160095214844,57.625099182128906,57.25279998779297
230.1851043701172,173.5115966796875,56.05929946899414,56.66400146484375
243.3798065185547,175.02110290527344,55.202999114990234,56.907901763916016
256.4721984863281,174.55690002441406,56.30540084838867,59.74449920654297
267.77899169921875,177.22360229492188,56.0166015625,58.457401275634766
279.96160888671875,177.05909729003906,56.375701904296875,59.68389892578125
290.87811279296875,176.87109375,57.54069900512695,60.47359848022461
302.0570983886719,176.9716033935547,58.14250183105469,61.11880111694336
314.5736083984375,177.0767059326172,58.04359817504883,60.58599853515625
328.95599365234375,177.62789916992188,57.95220184326172,60.454498291015625
329.901611328125,177.63209533691406,58.100101470947266,61.03739929199219
343.4112854003906,175.31300354003906,59.82870101928711,61.188499450683594
343.1288146972656,176.5666961669922,59.350101470947266,61.181800842285156
350.7025146484375,175.46839904785156,61.104400634765625,62.149600982666016
358.4908142089844,175.68850708007812,61.05379867553711,60.84980010986328
365.7110900878906,176.45790100097656,60.42539978027344,59.6265983581543
369.8656005859375,176.341796875,60.27330017089844,59.63529968261719
371.07110595703125,175.82850646972656,60.510101318359375,61.20029830932617
374.8380126953125,177.30099487304688,59.4984016418457,60.08359909057617
375.67291259765625,179.0334930419922,59.89289855957031,59.7947998046875
375.3778076171875,180.89320373535156,59.04970169067383,59.45199966430664
372.12078857421875,182.4781036376953,60.042198181152344,59.71820068359375
370.2840881347656,185.5388946533203,59.67720031738281,58.571800231933594
366.3251953125,186.3311004638672,58.98780059814453,59.64059829711914
362.7748107910156,188.9770965576172,57.46440124511719,58.08259963989258
357.0133972167969,192.5115966796875,57.49489974975586,55.3406982421875
350.2544860839844,193.33250427246094,56.94029998779297,54.835899353027344
342.7409973144531,194.47610473632812,56.078399658203125,53.4114990234375
333.3465881347656,195.6472930908203,54.33399963378906,53.02450180053711
324.5924987792969,196.08169555664062,54.72359848022461,53.03839874267578
318.97930908203125,195.82049560546875,53.52239990234375,51.96620178222656
313.4646911621094,195.7032928466797,54.22909927368164,52.41550064086914
307.2044982910156,194.71749877929688,54.232200622558594,52.062599182128906
303.19720458984375,194.5216064453125,53.823699951171875,52.744998931884766
299.7582092285156,193.37469482421875,54.47880172729492,53.3036003112793
296.6841125488281,193.83169555664062,54.42020034790039,53.55860137939453
294.84368896484375,191.81419372558594,54.14619827270508,54.13930130004883
292.9184875488281,191.8206024169922,54.50619888305664,54.082000732421875
291.3168029785156,190.6844940185547,54.8661003112793,54.3578987121582
291.7059020996094,191.19979858398438,54.835899353027344,54.552398681640625
291.2464904785156,190.4127960205078,55.13460159301758,55.54520034790039
292.9302978515625,191.5991973876953,55.91830062866211,55.89619827270508
296.1546936035156,191.62210083007812,55.462398529052734,56.39419937133789
299.3611145019531,192.1595001220703,56.58599853515625,57.839599609375
303.8581848144531,192.9718017578125,59.432498931884766,57.87929916381836
309.2344970703125,195.57009887695312,59.33449935913086,58.317100524902344
316.2132873535156,197.3874969482422,59.72159957885742,58.46200180053711
321.9653015136719,199.625,60.892799377441406,58.509498596191406
329.7532043457031,200.2781982421875,59.60329818725586,59.70940017700195
337.39849853515625,199.710205078125,60.514198303222656,59.13059997558594
344.1122131347656,198.6907958984375,59.55619812011719,60.16680145263672
350.25299072265625,198.17840576171875,60.815101623535156,60.372501373291016
356.7992858886719,198.16859436035156,58.99760055541992,61.87620162963867
362.06988525390625,200.4591064453125,60.10860061645508,64.0896987915039
367.29791259765625,207.2283935546875,59.01020050048828,62.231201171875
371.4230041503906,216.0388946533203,61.155601501464844,61.70159912109375
374.5911865234375,217.68350219726562,63.62929916381836,61.05189895629883
378.9656982421875,215.9665985107422,61.56209945678711,57.93619918823242
381.51458740234375,213.956298828125,62.3109016418457,59.56050109863281
383.8088073730469,212.5323028564453,62.35409927368164,58.70100021362305
387.0284118652344,211.8321075439453,61.24639892578125,58.876399993896484
389.54278564453125,209.3231964111328,59.725101470947266,60.69609832763672
389.4808044433594,208.1470947265625,61.1505012512207,61.489498138427734
389.4180908203125,206.6417999267578,62.19060134887695,59.193599700927734
388.7701110839844,203.3325958251953,62.98550033569336,58.397300720214844
387.2569885253906,199.9799041748047,63.88600158691406,60.195899963378906
386.39788818359375,197.11380004882812,63.741798400878906,61.5531005859375
384.95849609375,195.8654022216797,63.624000549316406,63.23649978637695
382.6888122558594,198.6678009033203,65.80329895019531,63.674400329589844
381.9065856933594,203.9949951171875,65.07489776611328,66.752197265625
379.31280517578125,212.10560607910156,68.8219985961914,68.49849700927734
376.7460021972656,217.63949584960938,71.66410064697266,71.87760162353516
377.7286071777344,223.006103515625,66.95570373535156,71.79720306396484
374.49920654296875,224.99240112304688,68.78610229492188,74.09380340576172
373.11041259765625,226.35479736328125,66.16889953613281,75.97810363769531
369.7908020019531,231.10159301757812,68.51290130615234,77.1084976196289
366.4932861328125,239.0218048095703,69.46489715576172,77.02140045166016
361.2721862792969,243.83470153808594,69.8561019897461,79.89029693603516
360.51708984375,248.41909790039062,63.305999755859375,77.22470092773438
357.0033874511719,243.0167999267578,61.9203987121582,78.32689666748047
350.4526062011719,241.40370178222656,63.217201232910156,77.98650360107422
344.4020080566406,249.2666015625,65.12570190429688,74.58920288085938
342.4183044433594,259.5653076171875,64.6511001586914,77.70240020751953
336.10211181640625,273.8994140625,66.95580291748047,81.69519805908203
328.55859375,284.2608947753906,65.27140045166016,71.3927993774414
323.7286071777344,285.4126892089844,64.73770141601562,66.94490051269531
320.24420166015625,278.4682922363281,62.55870056152344,70.37470245361328
316.3175048828125,273.0014953613281,62.290199279785156,73.2218017578125
314.4855041503906,269.1806945800781,58.83539962768555,72.48390197753906
312.10919189453125,264.5487976074219,57.589698791503906,71.16719818115234
309.22760009765625,259.7392883300781,57.264198303222656,68.74669647216797
308.4975891113281,255.25320434570312,51.50790023803711,63.20399856567383
305.4385070800781,251.95370483398438,55.2495002746582,62.98680114746094
304.839111328125,250.37460327148438,53.735198974609375,61.92430114746094
303.44189453125,249.8170928955078,52.11880111694336,60.290401458740234
300.9513854980469,250.09120178222656,54.13949966430664,61.023799896240234
300.20709228515625,250.04910278320312,51.30699920654297,60.96659851074219
298.193603515625,252.22019958496094,51.823699951171875,58.884498596191406
294.7008972167969,254.39979553222656,53.62070083618164,57.61240005493164
293.4892883300781,253.4864959716797,53.77009963989258,55.98780059814453
292.36358642578125,248.57749938964844,52.574798583984375,58.98040008544922
289.5657043457031,240.75650024414062,52.63880157470703,62.46099853515625
286.3044128417969,235.99180603027344,53.799800872802734,59.64780044555664
282.2803955078125,233.63690185546875,53.13589859008789,57.27389907836914
277.94659423828125,231.08999633789062,54.42879867553711,56.96609878540039
272.6383972167969,231.68359375,56.479400634765625,56.02939987182617
269.0425109863281,236.39190673828125,56.116600036621094,51.59040069580078
265.6263122558594,241.6884002685547,54.138999938964844,51.7047004699707
260.764404296875,246.62989807128906,52.8838996887207,54.88999938964844
256.9410095214844,252.58920288085938,53.61180114746094,55.50709915161133
253.33999633789062,255.3972930908203,51.07709884643555,56.899200439453125
248.1815948486328,256.8092956542969,51.6775016784668,57.57279968261719
245.97669982910156,256.0328063964844,50.598899841308594,58.96120071411133
245.87420654296875,253.42269897460938,49.911399841308594,59.272300720214844
246.8966064453125,249.25149536132812,49.120601654052734,59.985801696777344
248.5570068359375,244.8011016845703,48.515201568603516,59.36790084838867
250.39390563964844,239.856201171875,48.09199905395508,59.07939910888672
254.51510620117188,235.77389526367188,46.89250183105469,57.277400970458984
259.42529296875,232.3614959716797,49.967899322509766,56.348899841308594
265.4342956542969,228.25819396972656,49.126800537109375,57.122398376464844
271.4386901855469,224.62179565429688,49.3400993347168,57.839298248291016
278.65948486328125,222.23849487304688,50.64830017089844,58.40639877319336
286.8998107910156,222.44610595703125,50.53990173339844,59.169898986816406
291.0351867675781,222.951904296875,52.676998138427734,58.247501373291016
299.9021911621094,227.4550018310547,51.29249954223633,57.8911018371582
304.3316955566406,233.83909606933594,55.29010009765625,57.33380126953125
308.16259765625,240.9541015625,57.69020080566406,57.11629867553711
313.8009033203125,248.24510192871094,60.912498474121094,57.045101165771484
321.41790771484375,257.51800537109375,60.489498138427734,56.727901458740234
323.5924987792969,262.54791259765625,60.93600082397461,57.70859909057617
324.3572998046875,266.0104064941406,62.91299819946289,57.823001861572266
320.35009765625,266.0812072753906,64.44409942626953,57.605499267578125
319.1412048339844,263.8822021484375,63.735801696777344,57.76139831542969
314.6091003417969,262.8221130371094,66.15679931640625,57.46989822387695
311.4491882324219,260.23028564453125,66.78990173339844,56.75709915161133
304.9906921386719,253.11669921875,64.33660125732422,57.25870132446289
299.5158996582031,245.9268035888672,55.70100021362305,56.83300018310547
289.18951416015625,238.1710968017578,52.57339859008789,57.00590133666992
273.28839111328125,231.17129516601562,57.60810089111328,56.13290023803711
259.5567932128906,223.42100524902344,56.458900451660156,54.269901275634766
244.3979949951172,214.11639404296875,54.859100341796875,55.32440185546875
228.0,206.7532958984375,56.20109939575195,57.38029861450195
212.75270080566406,200.14999389648438,58.455101013183594,57.54240036010742
196.90980529785156,194.51319885253906,59.22760009765625,56.46770095825195
179.89370727539062,187.8654022216797,60.9640007019043,56.71630096435547
163.2501983642578,181.18890380859375,64.93299865722656,59.66849899291992
149.4053955078125,178.1636962890625,63.44139862060547,59.69029998779297
137.43380737304688,172.8719940185547,64.01280212402344,56.85960006713867
130.07080078125,164.9199981689453,59.620601654052734,57.95349884033203
124.18219757080078,158.4550018310547,61.37049865722656,57.772499084472656
121.62139892578125,151.7707061767578,62.639198303222656,57.16790008544922
119.96080017089844,145.9438018798828,62.4656982421875,58.050201416015625
120.87229919433594,142.5926971435547,61.989898681640625,56.189300537109375
126.63200378417969,138.58200073242188,61.57699966430664,56.600399017333984
133.43829345703125,137.24459838867188,60.2869987487793,55.62889862060547
141.4207000732422,136.15130615234375,61.23379898071289,54.50019836425781
150.27099609375,133.5478973388672,60.97819900512695,57.19710159301758
162.84249877929688,135.01699829101562,62.29209899902344,56.445701599121094
175.0319061279297,136.6002960205078,59.98759841918945,56.618499755859375
192.1365966796875,138.8282928466797,57.559898376464844,54.569698333740234
209.05520629882812,141.83999633789062,51.655601501464844,54.822200775146484
219.3372039794922,147.48080444335938,55.8306999206543,53.62369918823242
233.6934051513672,151.8592071533203,53.33259963989258,52.078800201416016
249.17739868164062,154.55299377441406,53.12770080566406,51.40380096435547
263.44171142578125,158.21499633789062,50.71440124511719,50.84560012817383
274.6372985839844,158.5207977294922,50.244300842285156,53.47010040283203
285.4961853027344,161.8249969482422,49.05979919433594,53.68339920043945
292.9497985839844,165.66250610351562,49.565101623535156,53.132198333740234
300.0002136230469,170.835693359375,48.652801513671875,53.62630081176758
306.1116027832031,179.5865020751953,47.61650085449219,52.35319900512695
310.6838073730469,189.4561004638672,47.057701110839844,52.33980178833008
311.83648681640625,200.3686065673828,47.700599670410156,53.58340072631836
310.5917053222656,213.01890563964844,50.37220001220703,55.409698486328125
307.0827941894531,226.79559326171875,50.924800872802734,62.05440139770508
303.24359130859375,240.49429321289062,52.75859832763672,65.3727035522461
295.4361877441406,259.0013122558594,55.506500244140625,60.4390983581543
282.1798095703125,276.5386962890625,56.99100112915039,60.31420135498047
