1
115.58350372314453,166.39439392089844,130.49349975585938,135.6436004638672
113.21869659423828,165.85440063476562,134.0699005126953,132.12530517578125
110.9009017944336,167.25469970703125,130.68209838867188,132.6219024658203
109.35649871826172,165.81829833984375,133.90899658203125,132.63609313964844
106.69419860839844,161.4709014892578,135.4091033935547,136.01780700683594
102.33540344238281,160.2998046875,133.3780059814453,134.04739379882812
93.52790069580078,156.4001007080078,137.0384063720703,140.0218963623047
87.88639831542969,156.57229614257812,137.3249969482422,137.0063934326172
86.25759887695312,158.55140686035156,138.13169860839844,135.3354949951172
91.77120208740234,159.36380004882812,135.7263946533203,138.33349609375
97.13420104980469,161.73880004882812,132.1822967529297,135.82139587402344
111.743896484375,163.38400268554688,130.7010955810547,136.80520629882812
131.576904296875,164.32899475097656,126.37439727783203,130.7158966064453
152.5991973876953,162.73109436035156,117.6072998046875,129.08419799804688
171.41189575195312,160.7093048095703,113.48650360107422,129.07879638671875
191.9304962158203,160.2075958251953,109.78179931640625,124.0365982055664
195.8979034423828,157.8079071044922,110.61750030517578,129.62770080566406
209.06129455566406,156.4904022216797,108.28959655761719,125.75090026855469
213.10780334472656,154.1708984375,113.10189819335938,130.064697265625
235.31520080566406,151.01109313964844,105.79850006103516,120.154296875
257.87811279296875,144.2899932861328,105.92430114746094,119.64810180664062
279.8735046386719,137.99020385742188,104.24449920654297,118.58070373535156
301.1883850097656,126.4728012084961,106.18370056152344,120.64209747314453
319.30218505859375,119.37580108642578,108.3656997680664,122.27310180664062
339.0530090332031,110.1353988647461,105.81410217285156,120.1947021484375
350.4779968261719,100.48259735107422,111.41619873046875,122.82740020751953
368.1091003417969,92.08300018310547,112.96009826660156,119.8772964477539
386.82110595703125,84.66539764404297,111.57630157470703,124.47029876708984
397.3623046875,74.02140045166016,118.47470092773438,119.35890197753906
416.0906066894531,60.471099853515625,115.60320281982422,122.97109985351562
424.0400085449219,47.354698181152344,120.3759994506836,126.3102035522461
437.92340087890625,34.28310012817383,122.15019989013672,125.6771011352539
447.5047912597656,20.875200271606445,126.85279846191406,129.2194061279297
455.5711975097656,5.480500221252441,124.006103515625,127.44129943847656
464.5776062011719,1.2226999998092651,125.36650085449219,117.50370025634766
470.72259521484375,0.0,128.35989379882812,104.2428970336914
474.61468505859375,0.05689999833703041,125.38179779052734,92.88939666748047
473.30670166015625,0.0,119.5822982788086,80.04669952392578
468.3616943359375,1.9735000133514404,124.9395980834961,74.02950286865234
465.4465026855469,2.8828999996185303,133.29800415039062,70.2603988647461
468.0520935058594,2.8053998947143555,129.62069702148438,68.94329833984375
465.2616882324219,2.632200002670288,131.4427947998047,69.84210205078125
462.08209228515625,0.8177000284194946,133.3231964111328,85.86969757080078
458.743408203125,0.1348000019788742,135.82859802246094,94.6865005493164
455.1534118652344,1.9428000450134277,135.18829345703125,109.71309661865234
453.2998962402344,6.596799850463867,133.19129943847656,124.68879699707031
443.8056945800781,31.944599151611328,132.1999053955078,122.78839874267578
439.3919982910156,52.71099853515625,125.67250061035156,123.1688003540039
436.6286926269531,77.95549774169922,121.90850067138672,119.76300048828125
429.07330322265625,102.28389739990234,121.80999755859375,114.24520111083984
426.6241149902344,126.84030151367188,115.1052017211914,116.0780029296875
423.58209228515625,145.56719970703125,116.77120208740234,117.59750366210938
419.398193359375,158.7996063232422,117.81099700927734,119.24310302734375
414.91400146484375,170.5449981689453,116.75479888916016,120.51719665527344
411.6492004394531,182.4127960205078,118.04090118408203,122.8739013671875
409.93280029296875,191.39430236816406,117.18689727783203,122.26360321044922
412.31390380859375,199.6029052734375,115.92960357666016,122.7052001953125
412.9339904785156,210.00210571289062,116.59010314941406,121.69090270996094
414.8125915527344,219.55859375,113.97010040283203,121.17970275878906
417.7578125,226.0821075439453,116.16639709472656,122.1416015625
419.2865905761719,233.8249053955078,117.42060089111328,117.69869995117188
418.9847106933594,243.10690307617188,119.41439819335938,113.32959747314453
419.8551940917969,251.3939971923828,119.98680114746094,104.96920013427734
420.2255859375,257.03948974609375,121.37670135498047,101.64209747314453
421.8175048828125,263.1122131347656,120.98709869384766,95.65299987792969
422.5378112792969,271.9645080566406,117.97209930419922,86.56739807128906
429.0636901855469,277.651611328125,115.83589935302734,79.77639770507812
451.5047912597656,293.3005065917969,94.48880004882812,65.63829803466797
434.84710693359375,281.1444091796875,110.43710327148438,76.98909759521484
449.6224060058594,311.03289794921875,97.69869995117188,47.2307014465332
432.685791015625,279.0166931152344,118.44950103759766,79.05699920654297
464.1940002441406,293.9302062988281,91.43440246582031,63.21110153198242
473.39788818359375,294.0083923339844,87.52369689941406,64.16500091552734
444.9637145996094,272.25079345703125,118.05979919433594,87.1084976196289
479.135498046875,286.6737976074219,88.04139709472656,71.89949798583984
451.31610107421875,261.31610107421875,119.29170227050781,97.00379943847656
452.3175964355469,255.4040985107422,121.247802734375,100.14080047607422
456.2608947753906,242.96180725097656,122.53980255126953,113.0459976196289
459.5194091796875,229.9875946044922,117.9480972290039,123.3019027709961
458.9244079589844,214.0500946044922,124.74400329589844,125.16549682617188
463.2117919921875,191.72230529785156,125.70099639892578,129.41709899902344
468.64599609375,170.62930297851562,125.7239990234375,128.68739318847656
476.3064880371094,150.09519958496094,126.0656967163086,126.69560241699219
479.7668151855469,133.5478057861328,122.44940185546875,123.71320343017578
481.77081298828125,121.08560180664062,123.4613037109375,122.47419738769531
483.3244934082031,111.30110168457031,124.94629669189453,120.30570220947266
486.1559143066406,105.13179779052734,125.99530029296875,116.720703125
489.59698486328125,100.98370361328125,128.64480590820312,120.63030242919922
494.3821105957031,96.8218002319336,127.09980010986328,119.46859741210938
501.54180908203125,93.5479965209961,123.98780059814453,119.63690185546875
501.7934875488281,89.15540313720703,132.28909301757812,121.54309844970703
504.3851013183594,85.677001953125,132.0572052001953,119.9375991821289
508.7200927734375,81.37220001220703,129.1696014404297,119.3218002319336
510.7096862792969,79.4990005493164,126.35260009765625,120.58180236816406
511.97509765625,77.0427017211914,124.72940063476562,120.58699798583984
512.1962280273438,76.97930145263672,124.1771011352539,117.88929748535156
508.9425964355469,77.2833023071289,126.26809692382812,120.00959777832031
507.7549133300781,77.6843032836914,126.22640228271484,118.00330352783203
503.5205078125,79.8678970336914,122.18470001220703,114.5967025756836
486.5169982910156,84.22039794921875,123.56590270996094,111.65139770507812
489.4902038574219,90.29509735107422,108.29399871826172,112.39659881591797
467.6120910644531,94.08260345458984,119.98760223388672,110.57869720458984
466.0712890625,98.3729019165039,116.66829681396484,114.57779693603516
462.1720886230469,100.57520294189453,113.49299621582031,113.71279907226562
456.20928955078125,102.64569854736328,118.44969940185547,117.53469848632812
453.8735046386719,105.51139831542969,117.29740142822266,114.0248031616211
452.8843078613281,105.05280303955078,116.11409759521484,117.14730072021484
450.0946960449219,104.77660369873047,117.49150085449219,113.20590209960938
442.5071105957031,106.75420379638672,116.34429931640625,113.04859924316406
435.7131042480469,110.64129638671875,114.39009857177734,112.02269744873047
430.88861083984375,113.49669647216797,116.64450073242188,114.3240966796875
423.5486145019531,116.55390167236328,112.09829711914062,113.28500366210938
419.2331848144531,120.63680267333984,106.9999008178711,113.57929992675781
415.78338623046875,122.7155990600586,110.68460083007812,113.74870300292969
417.8970031738281,121.20690155029297,110.37049865722656,113.78510284423828
418.1029968261719,118.51020050048828,110.3197021484375,115.21959686279297
414.5826110839844,113.95079803466797,113.59320068359375,114.4823989868164
410.88800048828125,112.56529998779297,107.14610290527344,112.59040069580078
394.3841857910156,110.79679870605469,111.23069763183594,112.76950073242188
381.277099609375,106.72429656982422,110.97160339355469,112.47969818115234
371.6188049316406,101.46620178222656,107.56109619140625,113.42659759521484
364.82391357421875,98.17780303955078,107.5614013671875,112.42160034179688
352.8929138183594,95.8053970336914,105.94539642333984,113.17890167236328
350.31280517578125,90.41819763183594,103.69450378417969,114.17669677734375
340.9967956542969,84.67310333251953,105.48930358886719,115.83820343017578
330.1346130371094,80.80259704589844,106.84480285644531,114.40910339355469
325.9172058105469,73.01090240478516,105.82119750976562,118.76229858398438
319.5378112792969,68.58879852294922,105.28489685058594,117.30960083007812
311.3561096191406,64.5530014038086,106.60320281982422,117.56269836425781
304.97650146484375,64.08760070800781,105.87210083007812,116.31310272216797
298.9767150878906,61.59920120239258,108.51100158691406,118.42130279541016
291.1836853027344,57.125099182128906,111.3750991821289,120.98600006103516
276.84521484375,53.272300720214844,112.51850128173828,120.72209930419922
265.0911865234375,50.315399169921875,114.08879852294922,122.54750061035156
256.7771911621094,45.67829895019531,112.70359802246094,123.14900207519531
248.32919311523438,41.69049835205078,116.2594985961914,123.1531982421875
242.18809509277344,40.45690155029297,116.26429748535156,123.79570007324219
243.50599670410156,42.0453987121582,113.59510040283203,125.70980072021484
239.6804962158203,38.80229949951172,117.19319915771484,123.76429748535156
238.44949340820312,38.22740173339844,120.3853988647461,125.43939971923828
231.46380615234375,35.09120178222656,119.96600341796875,124.91110229492188
224.62229919433594,32.85530090332031,119.16570281982422,126.10359954833984
221.63929748535156,32.65589904785156,119.46029663085938,126.4363021850586
213.33169555664062,31.351999282836914,118.22979736328125,126.35189819335938
197.00759887695312,33.36119842529297,125.47480010986328,130.14559936523438
194.1260986328125,38.11800003051758,123.1886978149414,124.91739654541016
199.341796875,41.400699615478516,123.21620178222656,133.16110229492188
198.43739318847656,42.00149917602539,124.3270034790039,128.90980529785156
194.0131072998047,42.96260070800781,119.17870330810547,126.66619873046875
186.172607421875,47.66429901123047,123.85690307617188,130.3990020751953
172.6479949951172,53.325199127197266,127.49120330810547,130.75160217285156
159.576904296875,59.86320114135742,129.40069580078125,132.05560302734375
149.44329833984375,66.0541000366211,124.9718017578125,132.172607421875
142.1999053955078,74.2063980102539,130.31309509277344,130.66220092773438
129.4665985107422,87.91320037841797,132.3751983642578,131.80409240722656
126.40010070800781,99.20130157470703,136.6511993408203,132.42880249023438
122.99150085449219,104.72509765625,138.40750122070312,135.2924041748047
127.0510025024414,111.2925033569336,138.0447998046875,130.16830444335938
123.86540222167969,118.68820190429688,138.8896026611328,131.03729248046875
119.37319946289062,129.8560028076172,137.7241973876953,131.00559997558594
128.19149780273438,141.53909301757812,135.9084930419922,132.3822021484375
136.32789611816406,150.79969787597656,134.06520080566406,132.83560180664062
139.90289306640625,154.29690551757812,138.71279907226562,136.49969482421875
138.45350646972656,152.2178955078125,136.82369995117188,137.34640502929688
136.89190673828125,150.23719787597656,138.64889526367188,137.53570556640625
141.05859375,143.0511016845703,142.07699584960938,140.74679565429688
152.2122039794922,135.02810668945312,138.6846923828125,139.7480926513672
156.84539794921875,128.78359985351562,137.9781951904297,136.14559936523438
170.41029357910156,125.78019714355469,133.04879760742188,136.095703125
175.18389892578125,121.29329681396484,137.38429260253906,135.1112060546875
179.39590454101562,113.19129943847656,139.17970275878906,133.58090209960938
179.7176055908203,106.18190002441406,140.9720001220703,136.0196990966797
189.41299438476562,97.17720031738281,141.05430603027344,133.9145965576172
202.88250732421875,80.03479766845703,137.0509033203125,138.87289428710938
205.51190185546875,69.14019775390625,136.8946990966797,134.5236053466797
190.3717041015625,63.74190139770508,142.74789428710938,134.4477996826172
184.37460327148438,56.53260040283203,144.64830017089844,138.95970153808594
172.09109497070312,43.193199157714844,149.927001953125,143.91160583496094
170.63369750976562,33.0442008972168,146.58419799804688,143.956298828125
156.36480712890625,23.13920021057129,150.9468994140625,147.68960571289062
143.50559997558594,26.35460090637207,155.0579071044922,138.82400512695312
131.87379455566406,29.728300094604492,154.04339599609375,144.3618927001953
108.46959686279297,39.95830154418945,163.1063995361328,138.83839416503906
107.08319854736328,51.0718994140625,163.33279418945312,138.3957061767578
100.92990112304688,52.36940002441406,163.49330139160156,141.960693359375
112.87020111083984,64.33869934082031,156.02000427246094,140.04429626464844
115.568603515625,76.77050018310547,161.26710510253906,136.4654998779297
90.56770324707031,89.57479858398438,182.34280395507812,141.1811981201172
126.23560333251953,99.01920318603516,150.87730407714844,135.03030395507812
167.04769897460938,106.65699768066406,152.4053955078125,128.74000549316406
184.2637939453125,115.7427978515625,158.75689697265625,126.05269622802734
206.40260314941406,118.89759826660156,151.0364990234375,127.48419952392578
217.32440185546875,118.23290252685547,154.76010131835938,132.70050048828125
237.8240966796875,121.55650329589844,148.95309448242188,127.0199966430664
257.1942138671875,123.89099884033203,157.5843048095703,127.28479766845703
258.6619873046875,125.05690002441406,158.11570739746094,127.53289794921875
249.31649780273438,125.158203125,162.31570434570312,131.30760192871094
252.03269958496094,123.54100036621094,159.33389282226562,134.19349670410156
252.35279846191406,126.30879974365234,156.80780029296875,129.860107421875
239.58030700683594,130.14109802246094,157.46080017089844,125.84249877929688
231.92640686035156,134.90310668945312,157.63079833984375,123.5521011352539
215.14010620117188,141.66619873046875,159.83250427246094,124.24040222167969
201.71290588378906,148.46530151367188,159.8177947998047,124.84929656982422
181.0771026611328,141.431396484375,158.7115936279297,127.29460144042969
162.4835968017578,125.92130279541016,161.85130310058594,129.87229919433594
142.65420532226562,121.55570220947266,163.78660583496094,128.7187042236328
120.67330169677734,119.7655029296875,165.41000366210938,138.3437042236328
99.2229995727539,100.22650146484375,174.27549743652344,139.0634002685547
81.25469970703125,76.81629943847656,178.66050720214844,143.70249938964844
81.64409637451172,70.91300201416016,176.34779357910156,139.1096954345703
87.28399658203125,67.73979949951172,177.3592987060547,134.8957977294922
118.54180145263672,63.47719955444336,163.9821014404297,127.38490295410156
130.58799743652344,55.08259963989258,175.54550170898438,131.19459533691406
130.3397979736328,49.78030014038086,175.99330139160156,135.16920471191406
129.0406036376953,46.63650131225586,173.33639526367188,135.0155029296875
120.73560333251953,41.116798400878906,178.24729919433594,137.26719665527344
110.90550231933594,36.932498931884766,182.4591064453125,137.53790283203125
106.60189819335938,33.68989944458008,187.0601043701172,136.0113067626953
98.76509857177734,29.938400268554688,189.9779052734375,140.04730224609375
89.95349884033203,31.063600540161133,196.75889587402344,136.28179931640625
93.2593994140625,30.663700103759766,191.7111053466797,135.96400451660156
95.1095962524414,33.0281982421875,191.41490173339844,133.81300354003906
91.6427001953125,34.47589874267578,191.35980224609375,134.06689453125
86.77909851074219,37.6068000793457,194.22659301757812,133.2570037841797
84.85399627685547,41.760398864746094,190.2263946533203,134.57090759277344
73.38719940185547,48.61709976196289,198.40469360351562,133.6988983154297
74.33170318603516,58.10070037841797,194.90769958496094,127.2074966430664
68.3750991821289,72.23429870605469,193.35440063476562,123.16490173339844
68.38839721679688,80.21420288085938,192.268798828125,121.60810089111328
62.0796012878418,92.45709991455078,195.64540100097656,120.12419891357422
63.023799896240234,101.63629913330078,200.91619873046875,117.47779846191406
69.68340301513672,114.88349914550781,193.10679626464844,115.00460052490234
70.70860290527344,120.87770080566406,187.89830017089844,118.4552993774414
68.70330047607422,127.88200378417969,195.38229370117188,118.56420135498047
69.09950256347656,134.29229736328125,194.47470092773438,117.64129638671875
69.54530334472656,136.66619873046875,191.71620178222656,118.197998046875
64.1488037109375,137.06820678710938,191.2790985107422,120.8115005493164
63.01530075073242,140.039794921875,190.95530700683594,119.1802978515625
61.30839920043945,140.9239044189453,189.16690063476562,122.36009979248047
57.00410079956055,144.45880126953125,194.68150329589844,119.935302734375
51.545101165771484,144.60980224609375,199.2003936767578,123.78379821777344
52.86159896850586,146.64039611816406,200.1132049560547,123.03160095214844
46.56669998168945,147.3966064453125,206.41909790039062,124.40869903564453
48.11259841918945,148.00399780273438,207.0471954345703,129.15480041503906
47.137298583984375,149.30859375,211.94329833984375,128.4709930419922
56.93320083618164,149.5178985595703,198.02459716796875,124.05580139160156
53.3484992980957,147.93609619140625,206.47940063476562,123.2938003540039
54.87820053100586,144.9237060546875,201.57260131835938,123.8478012084961
58.76679992675781,139.62289428710938,199.60110473632812,129.21380615234375
59.029701232910156,135.58700561523438,202.2758026123047,120.33039855957031
63.2963981628418,126.89579772949219,192.339599609375,125.25460052490234
65.42240142822266,116.92919921875,191.22830200195312,121.09049987792969
63.077701568603516,108.50679779052734,195.07650756835938,119.4031982421875
65.10679626464844,103.54170227050781,193.385498046875,114.9896011352539
69.04660034179688,96.46829986572266,186.773193359375,123.90959930419922
67.51629638671875,94.70130157470703,186.66000366210938,120.17510223388672
65.92230224609375,90.26129913330078,193.41439819335938,122.0093002319336
63.480098724365234,84.972900390625,186.00030517578125,115.35140228271484
58.79869842529297,86.10910034179688,193.21910095214844,118.25129699707031
48.57320022583008,84.1406021118164,203.61160278320312,116.93250274658203
54.621498107910156,79.38009643554688,201.38389587402344,117.03389739990234
61.78110122680664,80.71859741210938,188.46189880371094,119.38999938964844
61.63479995727539,74.78170013427734,187.02420043945312,117.79949951171875
61.501399993896484,73.44969940185547,191.12789916992188,113.67610168457031
58.89580154418945,61.62990188598633,197.83200073242188,128.4228973388672
50.63029861450195,64.33560180664062,201.9268035888672,110.48210144042969
61.7932014465332,57.503501892089844,192.11509704589844,125.00509643554688
82.59980010986328,58.92770004272461,178.720703125,118.73809814453125
75.79920196533203,58.73149871826172,185.20899963378906,118.89299774169922
77.3364028930664,57.94660186767578,189.8979034423828,118.20390319824219
89.9302978515625,55.09170150756836,185.2292022705078,117.79509735107422
90.85880279541016,57.26639938354492,182.139404296875,120.106201171875
106.810302734375,61.99340057373047,170.36500549316406,117.98789978027344
100.12439727783203,64.99870300292969,178.86959838867188,116.15270233154297
106.3770980834961,67.08260345458984,173.41299438476562,118.60169982910156
118.79630279541016,78.35099792480469,173.19679260253906,117.73719787597656
120.55690002441406,78.28130340576172,168.81069946289062,119.28450012207031
119.1760025024414,82.2739028930664,172.8090057373047,118.11380004882812
124.59020233154297,86.03469848632812,169.22909545898438,118.17289733886719
131.48899841308594,88.66230010986328,165.96580505371094,117.74099731445312
142.29859924316406,90.32530212402344,157.27310180664062,114.55480194091797
146.18409729003906,92.97640228271484,157.3802032470703,110.90489959716797
145.78289794921875,92.529296875,167.34719848632812,116.47560119628906
154.82339477539062,91.14080047607422,163.62469482421875,114.22769927978516
172.55389404296875,88.85260009765625,156.88409423828125,108.29900360107422
183.48260498046875,86.02189636230469,158.65420532226562,111.75990295410156
189.83639526367188,82.4717025756836,162.4951934814453,112.2573013305664
205.24249267578125,78.64579772949219,158.74159240722656,111.04039764404297
224.09530639648438,69.76329803466797,156.4261016845703,111.00769805908203
240.49899291992188,58.337501525878906,156.8551025390625,114.52010345458984
261.2937927246094,48.14189910888672,157.2633056640625,111.45590209960938
266.80938720703125,38.78139877319336,159.5045928955078,116.90070343017578
278.5718078613281,32.89550018310547,163.34710693359375,114.66410064697266
297.20550537109375,33.291900634765625,154.35389709472656,115.75640106201172
291.1982116699219,29.227800369262695,162.56790161132812,117.88040161132812
287.8927001953125,26.018299102783203,161.0283966064453,117.73819732666016
286.1142883300781,24.53339958190918,163.10830688476562,115.87120056152344
281.1654968261719,26.151399612426758,165.30690002441406,115.11799621582031
277.9718933105469,25.592899322509766,170.65980529785156,115.47740173339844
270.55230712890625,33.33409881591797,169.28790283203125,111.5186996459961
261.1708068847656,41.26380157470703,158.5019989013672,111.24829864501953
231.81539916992188,44.16339874267578,164.0832977294922,112.7864990234375
214.45480346679688,43.9297981262207,157.1815948486328,117.94349670410156
194.8372039794922,45.613800048828125,160.28819274902344,115.556396484375
164.40829467773438,48.44329833984375,173.06680297851562,115.93479919433594
120.1864013671875,55.26240158081055,191.25140380859375,114.33670043945312
136.33999633789062,62.408599853515625,165.57130432128906,108.81819915771484
106.01020050048828,71.40869903564453,161.4980010986328,124.19599914550781
98.5479965209961,100.2522964477539,157.4302978515625,108.92769622802734
105.72959899902344,129.1414031982422,141.8647003173828,100.56600189208984
59.44380187988281,142.4481964111328,173.70530700683594,114.92279815673828
54.777000427246094,143.62440490722656,154.16610717773438,118.75859832763672
0.14970000088214874,145.68739318847656,198.29029846191406,119.7238998413086
2.117000102996826,146.3845977783203,199.389892578125,121.63780212402344
62.967498779296875,162.55380249023438,148.39120483398438,113.81300354003906
97.40910339355469,184.3363037109375,125.0698013305664,108.61509704589844
117.0802001953125,193.66220092773438,129.08360290527344,98.28170013427734
194.62879943847656,182.7595977783203,109.0864028930664,97.61699676513672
160.33140563964844,288.831298828125,172.7530059814453,70.25450134277344
241.24789428710938,183.57400512695312,153.57969665527344,108.51110076904297
244.9237060546875,179.2498016357422,155.3553009033203,118.1488037109375
240.5186004638672,179.5229034423828,151.85459899902344,123.08350372314453
225.8491973876953,151.19090270996094,167.2523956298828,203.6717071533203
251.54620361328125,128.4521026611328,154.03379821777344,116.19930267333984
259.9598083496094,137.59120178222656,155.7554931640625,116.33480072021484
273.5411071777344,139.4770965576172,155.58799743652344,119.43939971923828
286.2298889160156,137.86630249023438,157.55859375,118.47489929199219
304.36151123046875,144.1531982421875,159.4459991455078,113.90959930419922
329.6005859375,153.14430236816406,166.9915008544922,110.96720123291016
346.1344909667969,153.0428924560547,168.95599365234375,121.20059967041016
350.1983947753906,141.93280029296875,178.9967041015625,127.20059967041016
362.018798828125,135.09759521484375,173.15350341796875,124.10199737548828
367.435791015625,132.74920654296875,177.47000122070312,127.96949768066406
369.5775146484375,133.5081024169922,176.5482940673828,124.82990264892578
368.5617980957031,133.2938995361328,175.33880615234375,123.22460174560547
370.7145080566406,139.61410522460938,176.31979370117188,120.61740112304688
371.7712097167969,143.55430603027344,175.79930114746094,125.00399780273438
376.1159973144531,146.39109802246094,175.8632049560547,125.3958969116211
371.1076965332031,146.3000946044922,174.4364013671875,125.05799865722656
367.4390869140625,149.1846923828125,167.42129516601562,122.8843002319336
362.4366149902344,156.07850646972656,168.01710510253906,120.06670379638672
355.2575988769531,155.90330505371094,164.9290008544922,123.13770294189453
348.01629638671875,157.29150390625,160.13299560546875,124.41919708251953
332.3774108886719,164.65660095214844,162.98489379882812,117.62770080566406
321.9595031738281,171.36019897460938,162.6605987548828,117.60330200195312
314.89300537109375,174.51980590820312,156.89500427246094,117.9301986694336
310.43450927734375,183.0572967529297,156.47610473632812,116.52439880371094
299.47198486328125,186.06509399414062,151.33279418945312,119.55139923095703
287.9845886230469,185.79769897460938,140.3437957763672,115.69670104980469
271.24969482421875,180.82940673828125,149.82080078125,118.5198974609375
245.18809509277344,160.7631072998047,152.12159729003906,123.35700225830078
229.02540588378906,145.49330139160156,146.55650329589844,121.71269989013672
214.2032012939453,131.477294921875,142.66920471191406,125.05690002441406
195.59390258789062,118.00340270996094,144.4907989501953,124.65840148925781
181.0738067626953,112.48590087890625,145.16769409179688,120.84190368652344
172.88059997558594,109.05580139160156,143.56329345703125,122.40850067138672
166.86669921875,104.55039978027344,143.98379516601562,122.8364028930664
163.4669952392578,100.99469757080078,142.4853057861328,122.54969787597656
160.60719299316406,98.65640258789062,146.906005859375,123.79810333251953
163.75450134277344,96.54879760742188,143.04159545898438,123.4281005859375
169.7436981201172,97.8467025756836,141.44900512695312,121.43879699707031
178.85679626464844,101.86090087890625,139.42630004882812,118.26029968261719
190.1457977294922,103.71269989013672,135.41879272460938,119.47450256347656
212.60589599609375,105.99980163574219,128.91409301757812,114.568603515625
225.95359802246094,106.49259948730469,132.5500030517578,113.9937973022461
237.7998046875,101.08190155029297,124.9186019897461,120.99440002441406
222.50390625,101.27519989013672,115.73650360107422,113.13719940185547
197.52549743652344,99.25499725341797,127.34700012207031,118.30619812011719
208.49710083007812,100.20040130615234,123.68920135498047,114.51390075683594
228.48480224609375,98.88140106201172,114.70929718017578,111.27230072021484
245.30999755859375,99.79979705810547,121.49610137939453,108.35330200195312
265.4397888183594,103.4375,111.1417007446289,109.81279754638672
284.6012878417969,105.45130157470703,115.12030029296875,102.91590118408203
316.42401123046875,104.29190063476562,107.05159759521484,104.80000305175781
341.67999267578125,105.73090362548828,108.83450317382812,107.33270263671875
372.63970947265625,106.1583023071289,107.30110168457031,105.072998046875
384.3299865722656,105.08480072021484,114.25460052490234,121.75129699707031
388.1864013671875,105.25450134277344,111.6968002319336,110.3125
379.24969482421875,102.93800354003906,107.14340209960938,107.59249877929688
369.67138671875,100.8499984741211,102.29509735107422,104.27799987792969
355.4578857421875,100.33769989013672,104.56929779052734,105.77320098876953
355.6734924316406,100.41110229492188,105.78949737548828,108.2582015991211
346.61920166015625,101.17769622802734,90.01429748535156,101.4072036743164
344.7705078125,98.3915023803711,98.03520202636719,107.28269958496094
343.0328063964844,97.5624008178711,96.47139739990234,100.86669921875
354.8016052246094,102.04550170898438,97.65489959716797,108.03630065917969
362.2235107421875,98.14779663085938,99.66459655761719,103.70249938964844
363.2395935058594,93.85230255126953,97.70649719238281,102.02790069580078
372.7781066894531,91.97689819335938,96.18779754638672,103.01200103759766
380.6588134765625,88.8333969116211,94.05169677734375,103.26609802246094
387.7107849121094,84.14559936523438,96.18190002441406,102.98249816894531
400.3205871582031,82.53230285644531,101.27359771728516,99.21549987792969
412.2135925292969,76.58409881591797,99.122802734375,102.60230255126953
419.73431396484375,74.0947036743164,96.08370208740234,104.19599914550781
430.7027893066406,80.2125015258789,93.7573013305664,97.48139953613281
438.7995910644531,86.96600341796875,95.72669982910156,102.23930358886719
448.56768798828125,97.95549774169922,91.67859649658203,101.91840362548828
458.1199951171875,108.89669799804688,95.08390045166016,100.6698989868164
467.0498046875,118.94969940185547,98.02890014648438,101.32450103759766
491.61761474609375,125.65599822998047,95.64399719238281,93.2605972290039
502.4563903808594,125.98999786376953,98.91000366210938,103.0873031616211
511.0726013183594,127.2083969116211,94.83679962158203,99.90869903564453
516.0126953125,128.59930419921875,98.51419830322266,100.10600280761719
514.703125,134.16859436035156,102.73690032958984,98.61029815673828
522.8145141601562,142.9364013671875,109.82689666748047,102.0906982421875
517.0200805664062,154.09129333496094,108.09030151367188,96.61370086669922
514.53857421875,166.7277069091797,105.17449951171875,97.45559692382812
515.3958129882812,178.29519653320312,102.4269027709961,101.43309783935547
499.8428955078125,188.11990356445312,102.5447006225586,94.75759887695312
497.6288146972656,195.3647003173828,98.40730285644531,96.41459655761719
490.65008544921875,195.37600708007812,89.9010009765625,93.15599822998047
477.1868896484375,189.53939819335938,88.21289825439453,93.716796875
464.5552978515625,192.8155975341797,91.67070007324219,89.20570373535156
461.3800964355469,195.8050994873047,90.70469665527344,90.27110290527344
458.0232849121094,196.283203125,85.89350128173828,91.81729888916016
448.60699462890625,195.6627960205078,89.25800323486328,92.49510192871094
444.72698974609375,195.7471923828125,88.17169952392578,90.43890380859375
440.06890869140625,192.2220001220703,88.45469665527344,92.36910247802734
438.6781005859375,190.3260955810547,87.15010070800781,92.28520202636719
432.06671142578125,189.70770263671875,84.28559875488281,89.95010375976562
427.7597961425781,190.82960510253906,86.49259948730469,95.72540283203125
428.58819580078125,188.7917022705078,85.71510314941406,91.79350280761719
425.72039794921875,188.160400390625,84.93150329589844,91.25019836425781
420.21820068359375,186.95550537109375,88.21820068359375,90.6250991821289
423.1488037109375,185.58929443359375,84.5,91.97599792480469
422.881103515625,182.75619506835938,85.64420318603516,90.10250091552734
418.7674865722656,180.9470977783203,87.31749725341797,91.33599853515625
420.935791015625,178.7938995361328,82.20240020751953,92.92279815673828
417.25579833984375,181.13909912109375,85.23259735107422,88.8750991821289
415.76959228515625,183.36729431152344,81.13600158691406,89.46150207519531
408.7333984375,185.93280029296875,81.77169799804688,87.15869903564453
400.2777099609375,190.1020965576172,84.37220001220703,88.76820373535156
399.1889953613281,191.8798065185547,81.70240020751953,90.54869842529297
391.7471923828125,188.83079528808594,80.27909851074219,89.26129913330078
387.8310852050781,186.2982940673828,78.95500183105469,89.76699829101562
383.2253112792969,183.77149963378906,80.7072982788086,88.27400207519531
385.56219482421875,175.07879638671875,80.57129669189453,90.6802978515625
386.3080139160156,165.8468017578125,79.49859619140625,89.34940338134766
379.7984924316406,160.55569458007812,80.24710083007812,88.04940032958984
377.6836853027344,160.34429931640625,78.52559661865234,86.35379791259766
373.4617919921875,157.02589416503906,81.85260009765625,86.32759857177734
371.2255859375,158.78990173339844,79.09989929199219,85.47820281982422
368.4407958984375,159.79530334472656,77.8823013305664,87.52149963378906
362.83270263671875,162.6356964111328,79.97450256347656,85.864501953125
359.8136901855469,165.1020050048828,76.63079833984375,85.09320068359375
358.5602111816406,167.56309509277344,76.11930084228516,88.04920196533203
358.606201171875,166.8144073486328,78.08149719238281,85.92630004882812
363.1908874511719,168.03640747070312,75.05650329589844,87.20700073242188
363.2491149902344,167.95950317382812,77.74569702148438,88.74810028076172
362.5542907714844,169.00650024414062,80.09290313720703,88.11370086669922
362.4736022949219,171.02439880371094,76.75630187988281,85.9052963256836
361.8912048339844,171.1566925048828,80.91510009765625,89.48880004882812
363.3670959472656,170.5731964111328,81.12419891357422,86.4811019897461
361.7965087890625,170.13690185546875,78.73819732666016,86.21279907226562
360.08270263671875,168.02769470214844,79.14800262451172,86.57450103759766
362.0472106933594,167.75770568847656,84.63240051269531,87.39910125732422
369.81561279296875,164.39649963378906,83.20890045166016,86.24749755859375
377.3393859863281,160.89019775390625,82.66829681396484,86.7238998413086
386.16448974609375,159.60629272460938,80.7042007446289,86.53160095214844
392.0657043457031,157.17320251464844,84.60310363769531,87.4520034790039
401.1759948730469,154.1865997314453,84.33300018310547,85.68460083007812
411.1444091796875,153.12449645996094,84.80829620361328,86.96389770507812
418.8326110839844,153.42379760742188,88.20040130615234,88.31629943847656
426.3456115722656,155.11329650878906,87.5438003540039,90.16719818115234
435.26239013671875,157.50399780273438,91.04720306396484,90.27549743652344
449.2065124511719,159.81370544433594,88.34049987792969,90.30470275878906
459.9729919433594,160.87269592285156,89.556396484375,90.46869659423828
470.72650146484375,158.82510375976562,97.37300109863281,92.04100036621094
479.5840148925781,158.91119384765625,95.10569763183594,92.36810302734375
483.93939208984375,157.43719482421875,101.29750061035156,94.15180206298828
492.3511047363281,156.7115936279297,97.2885971069336,96.03299713134766
502.4595031738281,156.1147003173828,100.11489868164062,93.42440032958984
507.976806640625,153.6746063232422,105.24240112304688,96.78890228271484
516.5689697265625,152.69410705566406,104.92970275878906,97.33190155029297
520.8192138671875,151.03590393066406,111.40689849853516,99.06420135498047
522.781982421875,150.45899963378906,105.40029907226562,102.17320251464844
518.1677856445312,149.9138946533203,109.20249938964844,102.93049621582031
518.0751953125,148.97430419921875,108.85759735107422,104.72350311279297
514.7534790039062,149.16299438476562,109.935302734375,100.77890014648438
511.5002136230469,146.95700073242188,109.62210083007812,102.18659973144531
511.08551025390625,150.0218963623047,107.44409942626953,101.1333999633789
511.41778564453125,151.27670288085938,109.80950164794922,102.0519027709961
509.06280517578125,153.50779724121094,104.03510284423828,101.7688980102539
505.95819091796875,157.58309936523438,105.4552993774414,100.38880157470703
506.27081298828125,161.31129455566406,105.01619720458984,99.22640228271484
506.62548828125,162.99180603027344,107.27310180664062,103.59639739990234
507.59130859375,164.8394012451172,104.97149658203125,102.02999877929688
506.3945007324219,166.22760009765625,103.92649841308594,101.72709655761719
503.68170166015625,165.30459594726562,105.76940155029297,102.28630065917969
506.16650390625,162.27369689941406,104.58529663085938,102.6937026977539
506.2325134277344,157.75100708007812,105.54550170898438,104.77980041503906
505.34100341796875,153.32330322265625,105.05180358886719,104.28260040283203
503.5008850097656,147.6833038330078,108.3134994506836,106.40339660644531
499.12298583984375,145.1013946533203,104.63069915771484,99.62760162353516
494.06048583984375,141.4759979248047,105.5386962890625,102.09819793701172
487.444091796875,137.2519989013672,107.55120086669922,100.88020324707031
481.45159912109375,136.6761016845703,106.23639678955078,100.743896484375
475.21661376953125,134.20359802246094,103.90380096435547,99.30660247802734
468.8088073730469,131.11990356445312,102.97360229492188,100.28369903564453
464.8854064941406,126.75240325927734,100.94490051269531,103.55359649658203
459.2098083496094,120.78070068359375,103.1801986694336,101.08429718017578
456.2958068847656,114.30280303955078,100.7030029296875,102.20459747314453
451.4153137207031,110.92769622802734,102.90229797363281,101.4209976196289
450.54620361328125,108.29640197753906,104.27629852294922,103.85700225830078
448.42279052734375,105.41609954833984,101.0521011352539,101.7863998413086
447.0934143066406,103.77359771728516,102.3635025024414,102.18890380859375
445.1553039550781,101.793701171875,100.76529693603516,102.15640258789062
442.5559997558594,100.51020050048828,102.71150207519531,102.13379669189453
441.1260986328125,99.08190155029297,102.54299926757812,100.86900329589844
440.073486328125,98.69940185546875,102.92430114746094,101.36289978027344
441.05889892578125,95.8051986694336,102.3147964477539,102.7073974609375
438.868408203125,92.268798828125,104.64109802246094,103.98269653320312
438.34210205078125,92.14669799804688,105.30020141601562,102.35769653320312
440.1687927246094,91.83080291748047,102.42109680175781,103.418701171875
437.6510925292969,92.0509033203125,101.80719757080078,102.0259017944336
435.9266052246094,94.15519714355469,103.1404037475586,102.20549774169922
435.98980712890625,93.69090270996094,102.07209777832031,102.3031997680664
434.2544860839844,92.9760971069336,105.27429962158203,102.95269775390625
436.8288879394531,86.9800033569336,103.77790069580078,102.86060333251953
438.1080017089844,80.23049926757812,105.86699676513672,102.34320068359375
438.1629943847656,68.43379974365234,107.67330169677734,104.58619689941406
440.35589599609375,61.07680130004883,108.69419860839844,102.03289794921875
441.24371337890625,49.74399948120117,106.90740203857422,102.30879974365234
442.9815979003906,41.462100982666016,112.14009857177734,104.09390258789062
449.08489990234375,27.421100616455078,108.63289642333984,106.71700286865234
449.2611999511719,11.453100204467773,112.92649841308594,111.55740356445312
450.6767883300781,2.481100082397461,113.631103515625,108.29930114746094
443.2366027832031,1.3473000526428223,126.13529968261719,103.6863021850586
425.3114013671875,2.674799919128418,114.00489807128906,68.79620361328125
420.6942138671875,1.3731000423431396,117.83460235595703,72.15360260009766
410.7130126953125,0.42100000381469727,113.5823974609375,71.78839874267578
395.6293029785156,2.110100030899048,114.76219940185547,65.43509674072266
380.3772888183594,3.3594000339508057,114.11100006103516,68.45069885253906
365.706787109375,2.4876999855041504,114.97579956054688,72.4468002319336
356.89959716796875,1.7384999990463257,114.09490203857422,79.93840026855469
341.2289123535156,1.9505000114440918,113.8583984375,85.15989685058594
333.4901123046875,1.430299997329712,112.66130065917969,93.9302978515625
327.7336120605469,4.915200233459473,104.37190246582031,106.17469787597656
317.6094055175781,22.48579978942871,104.4365005493164,105.74230194091797
320.02301025390625,46.69960021972656,108.25270080566406,102.96189880371094
335.36138916015625,71.69490051269531,105.49330139160156,98.668701171875
346.1335144042969,81.28479766845703,104.80549621582031,106.35659790039062
354.0618896484375,84.61270141601562,108.06549835205078,110.4010009765625
348.8503112792969,77.13069915771484,110.68820190429688,112.15730285644531
342.335205078125,61.09320068359375,111.33390045166016,116.28679656982422
339.2113037109375,45.83259963989258,112.6592025756836,114.4708023071289
336.6047058105469,36.3577995300293,115.28600311279297,114.12560272216797
345.2254943847656,25.286500930786133,114.12480163574219,119.97789764404297
357.8306884765625,19.531299591064453,111.57209777832031,121.93240356445312
369.1636047363281,18.947200775146484,115.58039855957031,122.868896484375
357.8757019042969,19.32390022277832,121.68240356445312,121.84880065917969
343.1662902832031,22.565799713134766,115.82420349121094,118.89839935302734
329.5649108886719,23.375699996948242,115.94819641113281,119.3041000366211
320.2206115722656,23.67140007019043,119.0155029296875,118.06880187988281
317.002197265625,28.37980079650879,117.53949737548828,117.03089904785156
313.4773864746094,36.16790008544922,110.8104019165039,112.31169891357422
303.022705078125,44.26100158691406,118.00640106201172,114.58670043945312
297.6617126464844,56.965301513671875,113.95880126953125,108.79859924316406
286.4584045410156,72.85179901123047,112.29029846191406,107.52539825439453
292.5635070800781,88.04389953613281,109.32330322265625,106.27960205078125
304.5591125488281,93.19100189208984,108.8678970336914,101.1156005859375
319.1528015136719,92.77839660644531,103.82669830322266,101.12660217285156
320.95941162109375,103.06210327148438,107.74859619140625,97.27200317382812
318.5945129394531,112.04949951171875,104.97779846191406,96.02989959716797
317.3768005371094,123.0740966796875,105.59519958496094,94.32710266113281
316.89068603515625,130.74440002441406,101.30950164794922,95.1321029663086
311.05029296875,134.3321075439453,100.32360076904297,94.17620086669922
313.2507019042969,135.97059631347656,101.29170227050781,94.60810089111328
314.61669921875,134.6968994140625,97.02100372314453,94.67179870605469
315.57830810546875,132.31979370117188,99.14559936523438,95.81520080566406
315.58221435546875,131.7008056640625,98.3458023071289,95.21800231933594
312.0158996582031,130.76429748535156,98.37689971923828,92.7083969116211
310.51971435546875,128.67630004882812,97.16010284423828,93.08480072021484
309.8735046386719,127.7645034790039,99.70330047607422,94.72669982910156
310.1962890625,124.77970123291016,101.05329895019531,94.47789764404297
310.80230712890625,119.50080108642578,100.75830078125,96.46029663085938
307.3269958496094,114.71540069580078,102.54019927978516,96.54669952392578
306.25750732421875,106.75800323486328,103.45899963378906,98.99530029296875
303.1105041503906,96.74199676513672,103.20600128173828,100.76809692382812
299.8481140136719,88.65630340576172,105.28880310058594,100.38580322265625
303.2098083496094,81.71440124511719,106.19349670410156,102.4197006225586
307.1841125488281,75.73429870605469,105.20330047607422,104.34329986572266
317.99749755859375,75.43840026855469,104.95030212402344,102.20950317382812
332.173095703125,77.28379821777344,103.72419738769531,102.05069732666016
346.2497863769531,82.34130096435547,114.10240173339844,100.24800109863281
365.9949035644531,85.81829833984375,111.82980346679688,102.56900024414062
379.3445129394531,82.19999694824219,113.73909759521484,107.39929962158203
390.46881103515625,81.87539672851562,117.84980010986328,110.12010192871094
397.7402038574219,84.4229965209961,118.63069915771484,110.56539916992188
406.5813903808594,90.39099884033203,119.18779754638672,108.00060272216797
416.56048583984375,96.01950073242188,119.4927978515625,110.2394027709961
421.25579833984375,98.64779663085938,128.27540588378906,114.00440216064453
436.71649169921875,101.11419677734375,128.6605987548828,113.07949829101562
447.3004150390625,104.4520034790039,131.360107421875,117.55989837646484
449.3876953125,113.94609832763672,128.27049255371094,117.80180358886719
436.44171142578125,120.40760040283203,134.3632049560547,121.3917007446289
437.5340881347656,122.77580261230469,127.47989654541016,121.81790161132812
403.5242919921875,126.00759887695312,117.03620147705078,106.71189880371094
359.1502990722656,125.1906967163086,114.59660339355469,108.96499633789062
336.0671081542969,125.97869873046875,111.90650177001953,108.84719848632812
321.3497009277344,126.44499969482422,107.7426986694336,116.58419799804688
315.2701110839844,125.3407974243164,99.02079772949219,115.89450073242188
308.4563903808594,123.14710235595703,112.78350067138672,116.50990295410156
306.63409423828125,124.44830322265625,106.69450378417969,116.34929656982422
306.6335144042969,127.46540069580078,102.5615005493164,113.97509765625
301.6636047363281,129.1186981201172,108.49469757080078,116.65910339355469
295.5527038574219,130.15390014648438,104.5114974975586,112.43299865722656
287.81640625,130.54989624023438,102.22350311279297,111.72250366210938
290.222412109375,130.6239013671875,102.79889678955078,113.76260375976562
294.8854064941406,130.8300018310547,100.02490234375,112.56600189208984
297.2882995605469,131.85049438476562,99.6323013305664,111.84040069580078
307.8840026855469,131.40350341796875,97.27339935302734,113.61129760742188
316.9811096191406,129.9040069580078,100.88079833984375,111.03130340576172
326.26251220703125,131.67869567871094,97.34049987792969,114.31620025634766
335.8900146484375,133.2126007080078,99.52410125732422,106.94039916992188
353.3710021972656,126.87319946289062,108.51349639892578,110.19419860839844
370.7644958496094,123.80670166015625,100.91110229492188,107.8770980834961
385.67919921875,116.22090148925781,104.7698974609375,113.24859619140625
404.94720458984375,113.24980163574219,106.6614990234375,110.65270233154297
423.37969970703125,107.50669860839844,107.74949645996094,113.54070281982422
440.9148864746094,101.75499725341797,106.96089935302734,114.8552017211914
455.648193359375,98.53900146484375,105.49549865722656,115.62770080566406
465.98748779296875,95.06620025634766,112.53569793701172,115.09870147705078
468.8568115234375,89.72119903564453,113.7051010131836,117.2197036743164
470.6492919921875,87.85910034179688,113.7488021850586,114.07340240478516
469.39898681640625,86.75460052490234,116.89140319824219,115.12409973144531
479.3316955566406,84.72380065917969,114.2760009765625,113.0989990234375
486.2127990722656,83.8949966430664,112.95559692382812,114.03459930419922
490.4169006347656,77.88690185546875,124.59320068359375,117.58409881591797
494.2033996582031,77.45719909667969,123.30819702148438,115.79340362548828
495.79058837890625,69.12629699707031,122.25340270996094,120.1261978149414
494.2251892089844,63.66109848022461,126.2239990234375,119.89019775390625
496.87109375,64.55809783935547,121.7605972290039,116.70649719238281
496.5990905761719,66.535400390625,123.19740295410156,117.98470306396484
498.1055908203125,69.98490142822266,121.3333969116211,114.4354019165039
495.6958923339844,72.97209930419922,121.52529907226562,115.82389831542969
487.0166931152344,76.26950073242188,121.89859771728516,113.01069641113281
468.95849609375,81.9032974243164,118.8822021484375,114.83309936523438
422.9375,91.10389709472656,137.34030151367188,130.02369689941406
423.5098876953125,100.81500244140625,114.21720123291016,115.74449920654297
414.064697265625,110.10250091552734,105.53399658203125,104.96700286865234
393.76141357421875,116.12460327148438,105.66829681396484,99.4614028930664
392.1795959472656,120.64720153808594,98.89510345458984,102.97450256347656
384.9648132324219,123.5906982421875,101.62110137939453,104.15029907226562
377.9314880371094,127.6365966796875,102.02870178222656,104.60669708251953
376.88250732421875,132.9971923828125,98.09120178222656,101.88780212402344
377.3517150878906,134.68569946289062,100.25569915771484,102.9352035522461
375.9408874511719,137.72250366210938,100.8678970336914,101.92009735107422
378.7838134765625,141.60719299316406,98.6261978149414,102.04940032958984
385.0802917480469,142.08790588378906,99.37439727783203,101.83570098876953
388.5315856933594,140.68099975585938,99.88300323486328,101.88529968261719
392.4361877441406,141.8289031982422,98.2676010131836,104.24130249023438
399.8902893066406,140.2467041015625,100.28800201416016,105.39869689941406
404.2474060058594,138.15530395507812,98.5302963256836,105.72689819335938
402.5766906738281,136.2342987060547,101.6010971069336,106.2228012084961
408.6924133300781,134.14869689941406,98.02130126953125,106.77960205078125
406.3359069824219,128.881103515625,102.2322006225586,110.03780364990234
411.466796875,126.99819946289062,103.88819885253906,108.32929992675781
410.4241027832031,123.5990982055664,104.1240005493164,108.92259979248047
406.131103515625,123.5896987915039,97.18229675292969,107.82230377197266
390.2380065917969,123.93689727783203,101.44979858398438,105.63159942626953
381.53460693359375,127.78459930419922,97.3239974975586,106.16600036621094
367.66839599609375,128.3488006591797,94.0082015991211,101.9448013305664
347.8114929199219,128.05499267578125,93.24420166015625,102.13729858398438
335.0945129394531,128.71600341796875,92.79769897460938,104.1249008178711
327.6210021972656,128.9770965576172,97.58670043945312,103.83760070800781
322.28900146484375,128.2281036376953,97.46589660644531,106.07119750976562
318.40301513671875,126.40129852294922,94.41639709472656,104.91929626464844
316.3257141113281,125.81330108642578,95.2520980834961,107.80650329589844
316.42529296875,121.53179931640625,96.66410064697266,105.77439880371094
319.69268798828125,114.89450073242188,94.80619812011719,106.02449798583984
324.25628662109375,110.55760192871094,95.60749816894531,106.50749969482422
324.3113098144531,103.76750183105469,99.71040344238281,106.80049896240234
328.78619384765625,102.67220306396484,97.35690307617188,105.96309661865234
334.3799133300781,104.9468002319336,97.80059814453125,106.2697982788086
338.0544128417969,106.56500244140625,99.87680053710938,106.5072021484375
344.0362854003906,106.51589965820312,97.5792007446289,105.82469940185547
353.7264099121094,103.35469818115234,96.36990356445312,104.71900177001953
359.452392578125,97.31230163574219,101.79940032958984,105.38130187988281
365.2296142578125,90.77999877929688,100.1521987915039,107.01899719238281
365.6897888183594,88.20770263671875,98.37439727783203,105.6769027709961
364.0775146484375,88.87480163574219,97.99500274658203,105.89929962158203
362.46038818359375,90.02420043945312,100.90899658203125,104.49210357666016
363.7491149902344,91.66329956054688,95.56800079345703,105.86759948730469
364.6777038574219,92.55729675292969,95.59190368652344,105.08899688720703
365.61749267578125,92.02790069580078,98.33560180664062,106.02050018310547
366.1431884765625,91.65280151367188,94.6521987915039,106.89610290527344
368.0150146484375,91.32019805908203,96.5813980102539,105.57589721679688
371.66119384765625,92.46029663085938,96.50520324707031,108.70989990234375
371.4765930175781,93.56430053710938,94.27539825439453,104.85350036621094
372.92120361328125,92.76619720458984,98.14610290527344,106.79509735107422
373.8398132324219,93.18109893798828,99.26699829101562,104.7333984375
373.4189147949219,93.80120086669922,97.13030242919922,106.2864990234375
373.49359130859375,94.26730346679688,101.52940368652344,105.59290313720703
373.6470947265625,93.22119903564453,96.82260131835938,105.65470123291016
372.7738952636719,92.62689971923828,98.71060180664062,107.03790283203125
373.90960693359375,93.9354019165039,101.45850372314453,105.45850372314453
375.2341003417969,93.16400146484375,97.11209869384766,106.0103988647461
373.94281005859375,92.28700256347656,96.88700103759766,106.52549743652344
374.9179992675781,92.75869750976562,97.92379760742188,106.74559783935547
