1
380.21820068359375,257.06390380859375,53.78200149536133,54.4807014465332
369.17889404296875,258.8396911621094,55.76649856567383,55.36899948120117
364.7521057128906,257.3758850097656,39.71540069580078,51.05979919433594
362.44049072265625,252.3137969970703,35.63100051879883,51.70180130004883
349.54730224609375,248.08079528808594,35.36750030517578,52.9468994140625
344.3251037597656,244.7191925048828,25.64189910888672,48.1890983581543
333.5350036621094,242.6656036376953,23.444799423217773,46.04240036010742
326.6444091796875,233.08889770507812,17.872499465942383,46.897098541259766
312.6260986328125,223.81320190429688,21.345399856567383,46.18429946899414
306.8088073730469,212.95339965820312,20.090700149536133,47.58290100097656
298.4726867675781,204.9217071533203,22.581899642944336,50.06100082397461
285.9231872558594,198.4373016357422,30.034299850463867,48.47880172729492
276.32110595703125,190.41009521484375,34.779998779296875,49.01250076293945
269.164306640625,181.58709716796875,37.1786003112793,48.665401458740234
264.67608642578125,170.7528076171875,39.255001068115234,48.872501373291016
260.5653076171875,162.5500030517578,40.1510009765625,50.05569839477539
255.71409606933594,156.7039031982422,40.72679901123047,48.6797981262207
252.87100219726562,154.00729370117188,38.64939880371094,48.3588981628418
252.44009399414062,154.7053985595703,34.29990005493164,45.002601623535156
254.8970947265625,157.80999755859375,29.3612003326416,41.09669876098633
256.8865051269531,159.2572021484375,28.105899810791016,39.039398193359375
258.7484130859375,164.64300537109375,27.82550048828125,36.26620101928711
257.9139099121094,166.47079467773438,31.804000854492188,38.27909851074219
259.45550537109375,172.2021026611328,35.465599060058594,39.42610168457031
263.2196960449219,175.51229858398438,43.728599548339844,41.037200927734375
269.72100830078125,177.0449981689453,48.917301177978516,45.10020065307617
278.43341064453125,178.44349670410156,50.39120101928711,45.383399963378906
289.85650634765625,181.65289306640625,50.17060089111328,47.57870101928711
303.0863037109375,185.43280029296875,49.15719985961914,49.070499420166016
317.5365905761719,185.9636993408203,45.02040100097656,52.00550079345703
340.3102111816406,184.88070678710938,33.14699935913086,50.849300384521484
351.61248779296875,184.32850646972656,32.68190002441406,52.599700927734375
359.0021057128906,184.46029663085938,28.29450035095215,51.07270050048828
363.34320068359375,186.38710021972656,42.03580093383789,49.655399322509766
380.4353942871094,184.38279724121094,28.010799407958984,46.79949951171875
380.74688720703125,185.99839782714844,34.39440155029297,45.76969909667969
393.4573974609375,188.50869750976562,46.43280029296875,41.877498626708984
402.8544921875,189.86990356445312,51.47159957885742,39.898101806640625
413.4588928222656,190.4044952392578,53.49570083618164,39.82310104370117
425.7511901855469,190.17120361328125,53.29930114746094,41.07630157470703
437.0824890136719,188.5500030517578,49.60459899902344,43.784698486328125
448.6106872558594,185.78480529785156,40.287498474121094,48.31209945678711
456.92340087890625,182.5758056640625,31.852100372314453,53.49150085449219
460.8544921875,183.7823028564453,27.16950035095215,53.36709976196289
461.7139892578125,190.4257049560547,27.09749984741211,48.30099868774414
458.9827880859375,195.19430541992188,31.87619972229004,46.06740188598633
454.2362060546875,199.6551971435547,37.71659851074219,45.12419891357422
448.8042907714844,204.93600463867188,40.07830047607422,45.2588996887207
444.3736877441406,211.88929748535156,38.081199645996094,45.20249938964844
440.75640869140625,221.93080139160156,31.313800811767578,42.908199310302734
436.5138854980469,229.43980407714844,24.673999786376953,43.932899475097656
428.0447998046875,237.5648956298828,17.25320053100586,37.49449920654297
414.4390869140625,241.4936981201172,20.269699096679688,30.205299377441406
400.2314147949219,245.8406982421875,26.727500915527344,25.28350067138672
384.6097106933594,248.77720642089844,29.451400756835938,21.391300201416016
368.97320556640625,248.7991943359375,33.16490173339844,20.63050079345703
354.322998046875,247.023193359375,33.1953010559082,20.352699279785156
336.23388671875,243.44569396972656,36.106300354003906,23.38559913635254
323.2536926269531,238.36219787597656,38.0265998840332,28.925100326538086
311.50830078125,235.18099975585938,25.306699752807617,30.55150032043457
297.6968994140625,230.26190185546875,26.85849952697754,33.672000885009766
286.1142883300781,221.84469604492188,26.332500457763672,36.50870132446289
276.0126037597656,215.9069061279297,23.54129981994629,35.28730010986328
257.83489990234375,215.9987030029297,34.94279861450195,32.82279968261719
248.89599609375,213.33779907226562,37.25519943237305,31.495899200439453
239.76220703125,209.1645050048828,38.932899475097656,31.502399444580078
234.3144989013672,204.9178924560547,37.36899948120117,32.245601654052734
229.80929565429688,202.9678955078125,35.261199951171875,29.313800811767578
225.22239685058594,204.56520080566406,34.74620056152344,25.89459991455078
224.59849548339844,203.04119873046875,33.28879928588867,28.535999298095703
227.0904998779297,202.53269958496094,27.46969985961914,33.92290115356445
229.40530395507812,201.73899841308594,24.114099502563477,42.780399322509766
227.81100463867188,202.18910217285156,29.9414005279541,47.086700439453125
228.102294921875,206.20880126953125,39.875099182128906,47.336299896240234
232.8824005126953,211.91619873046875,41.28179931640625,47.7401008605957
241.70089721679688,218.4084014892578,38.289398193359375,46.30009841918945
256.9245910644531,227.90699768066406,26.298099517822266,47.1682014465332
269.38861083984375,237.6063995361328,26.774499893188477,42.64799880981445
274.7604064941406,238.5904998779297,44.361000061035156,45.72549819946289
281.81561279296875,241.4239044189453,53.932899475097656,52.5093994140625
301.4136962890625,245.2825927734375,47.48749923706055,50.77539825439453
308.1524963378906,248.28500366210938,53.45800018310547,49.3474006652832
344.035888671875,247.04620361328125,29.969900131225586,36.03329849243164
363.50469970703125,249.3470001220703,18.9822998046875,36.90959930419922
372.0640869140625,248.5908966064453,36.89939880371094,37.42169952392578
379.1156921386719,248.44830322265625,54.08980178833008,39.06460189819336
389.73638916015625,247.2467041015625,54.000701904296875,42.91709899902344
402.5085144042969,245.74319458007812,48.57419967651367,45.749698638916016
414.4201965332031,244.09219360351562,40.622798919677734,47.67340087890625
421.7716064453125,239.35789489746094,32.538700103759766,56.439300537109375
426.872314453125,240.01150512695312,29.605899810791016,51.52450180053711
430.1322937011719,239.6800994873047,30.644699096679688,49.782901763916016
433.0624084472656,239.16229248046875,30.042699813842773,48.44490051269531
433.1759033203125,237.60079956054688,29.45039939880371,47.542301177978516
433.7875061035156,242.29550170898438,28.101299285888672,42.91749954223633
432.39599609375,245.6002960205078,25.659099578857422,39.39759826660156
428.5726013183594,248.52459716796875,25.109800338745117,37.222999572753906
422.4544982910156,249.326904296875,22.901599884033203,29.75160026550293
415.04620361328125,250.95489501953125,23.526500701904297,23.646299362182617
403.5155944824219,250.85159301757812,19.216800689697266,19.808900833129883
393.1950988769531,250.67849731445312,16.67009925842285,18.912599563598633
381.55560302734375,250.660400390625,16.779800415039062,18.258499145507812
371.7687072753906,247.80670166015625,16.649099349975586,20.292699813842773
359.5972900390625,247.55740356445312,14.611499786376953,18.821399688720703
348.0885925292969,251.0117950439453,17.0447998046875,15.994199752807617
328.05938720703125,249.16310119628906,38.394901275634766,28.35650062561035
310.0015869140625,250.83819580078125,27.049800872802734,31.929800033569336
303.23370361328125,247.3383026123047,18.82939910888672,32.105201721191406
289.2373046875,232.05889892578125,23.29159927368164,36.49909973144531
278.9574890136719,237.34559631347656,19.773399353027344,25.31879997253418
266.1590881347656,236.12879943847656,21.16510009765625,26.502199172973633
256.0,231.0469970703125,24.723899841308594,29.086700439453125
245.6743927001953,228.43899536132812,25.74180030822754,29.800199508666992
237.34820556640625,223.53689575195312,27.8882999420166,33.491600036621094
230.1916046142578,221.9055938720703,27.380599975585938,34.35319900512695
225.20350646972656,220.68870544433594,28.972400665283203,35.2599983215332
219.2987060546875,221.53480529785156,29.956899642944336,36.54079818725586
216.80679321289062,222.11720275878906,31.06730079650879,39.5619010925293
215.44940185546875,228.04730224609375,31.29210090637207,38.01470184326172
216.30810546875,229.9326934814453,32.94350051879883,40.14630126953125
219.07699584960938,236.6230926513672,32.35150146484375,40.89739990234375
227.66969299316406,244.55650329589844,28.444799423217773,37.94580078125
236.7751007080078,249.76260375976562,31.29680061340332,34.079200744628906
249.8404998779297,255.88259887695312,28.520000457763672,34.23419952392578
263.83599853515625,256.4671936035156,21.810100555419922,36.41400146484375
276.6700134277344,266.59991455078125,35.811798095703125,38.88679885864258
296.88519287109375,264.66729736328125,23.641000747680664,43.74959945678711
316.3505859375,267.01849365234375,23.60059928894043,46.385101318359375
340.260498046875,265.1017150878906,19.290599822998047,47.50490188598633
358.8398132324219,255.59080505371094,26.17140007019043,51.81480026245117
380.2124938964844,252.43130493164062,26.140600204467773,53.33660125732422
399.0911865234375,246.6885986328125,28.32080078125,30.43790054321289
420.0768127441406,242.98129272460938,34.73970031738281,57.11360168457031
434.94580078125,235.8072052001953,32.95320129394531,58.84320068359375
448.3221130371094,229.57139587402344,37.024898529052734,56.20949935913086
460.9377136230469,223.49899291992188,40.80730056762695,57.43149948120117
468.12139892578125,218.17930603027344,41.108699798583984,55.290000915527344
477.2214050292969,208.88699340820312,46.929298400878906,54.595401763916016
476.514892578125,210.52059936523438,47.07509994506836,52.54349899291992
473.622802734375,213.02940368652344,46.187599182128906,52.237701416015625
468.6824951171875,216.45770263671875,46.36800003051758,51.55080032348633
461.4740905761719,221.96060180664062,44.785701751708984,51.91600036621094
453.0411071777344,228.19219970703125,41.84880065917969,52.325599670410156
439.54681396484375,232.75819396972656,43.36149978637695,51.17020034790039
422.31658935546875,236.74989318847656,45.0713996887207,56.98759841918945
404.84600830078125,241.42709350585938,48.737300872802734,52.957401275634766
383.0877990722656,243.34249877929688,54.204200744628906,50.42959976196289
365.7408142089844,244.88999938964844,50.545501708984375,52.0786018371582
342.6282043457031,246.23570251464844,51.50529861450195,52.34159851074219
318.9565124511719,245.25729370117188,53.26279830932617,53.79359817504883
301.0409851074219,241.45309448242188,49.181400299072266,53.78089904785156
278.0452880859375,237.99609375,52.98929977416992,57.334598541259766
275.4569091796875,233.9434051513672,46.116600036621094,54.25519943237305
262.5668029785156,233.07969665527344,53.10020065307617,54.470699310302734
255.69859313964844,230.06199645996094,52.944000244140625,52.6422004699707
244.36500549316406,224.72720336914062,45.403099060058594,54.5547981262207
235.643798828125,220.689697265625,41.8125,53.90829849243164
226.4416961669922,214.61599731445312,40.166099548339844,52.60329818725586
219.9375,210.52960205078125,36.270301818847656,53.408599853515625
212.87770080566406,205.58770751953125,41.454498291015625,53.32740020751953
209.5706024169922,202.6540069580078,42.999900817871094,52.11330032348633
207.6053009033203,200.1840057373047,42.480499267578125,52.16529846191406
207.8813934326172,199.0863037109375,42.31769943237305,51.527099609375
207.8280029296875,199.61749267578125,43.07469940185547,51.47309875488281
211.71279907226562,199.60459899902344,43.988800048828125,51.33639907836914
216.64390563964844,201.2183074951172,46.740501403808594,52.65719985961914
222.9481964111328,203.7342071533203,46.35340118408203,54.71989822387695
230.7877960205078,208.82080078125,50.99470138549805,53.13560104370117
241.3603057861328,213.0825958251953,48.54629898071289,54.601898193359375
249.5977020263672,216.87640380859375,50.74599838256836,53.890899658203125
269.9147033691406,219.47509765625,46.798500061035156,56.57469940185547
278.6105041503906,220.75169372558594,55.24909973144531,55.87099838256836
286.752685546875,224.37620544433594,59.76240158081055,54.54130172729492
310.6188049316406,227.17190551757812,52.964298248291016,52.61259841918945
326.30670166015625,227.87460327148438,59.133201599121094,47.13880157470703
341.09381103515625,225.82000732421875,61.84349822998047,50.216400146484375
356.6275939941406,223.93829345703125,50.945701599121094,50.0791015625
371.6404113769531,220.0001983642578,52.0807991027832,50.731300354003906
383.2703857421875,215.12879943847656,54.15570068359375,53.75640106201172
396.6167907714844,209.97999572753906,54.11349868774414,55.663299560546875
407.7056884765625,206.898193359375,51.84270095825195,54.198001861572266
418.72540283203125,203.39309692382812,50.47840118408203,54.774600982666016
426.3193054199219,200.69970703125,50.27330017089844,54.312400817871094
433.48858642578125,197.9665985107422,49.04249954223633,55.44710159301758
437.4554138183594,197.70950317382812,47.70949935913086,55.80609893798828
441.2782897949219,197.7261962890625,46.899898529052734,56.448001861572266
443.16949462890625,193.05230712890625,45.172698974609375,62.745601654052734
443.37200927734375,195.5648956298828,42.98160171508789,61.39609909057617
438.7546081542969,193.64649963378906,42.53620147705078,63.97420120239258
433.36358642578125,192.68829345703125,40.80799865722656,63.455299377441406
427.1144104003906,191.00619506835938,38.454200744628906,63.82339859008789
419.2702941894531,189.81739807128906,35.77870178222656,63.53150177001953
410.885498046875,187.40150451660156,33.470699310302734,65.4229965209961
400.7275085449219,187.05470275878906,31.865100860595703,64.81210327148438
390.93328857421875,187.62429809570312,30.654199600219727,63.05350112915039
381.8319091796875,187.68670654296875,28.503599166870117,60.91230010986328
372.4783935546875,184.35009765625,26.45789909362793,61.79930114746094
364.5060119628906,183.66259765625,25.69659996032715,60.260799407958984
357.0873107910156,178.8217010498047,25.500200271606445,62.23699951171875
349.39068603515625,180.4553985595703,24.641399383544922,58.152000427246094
339.57080078125,179.44090270996094,28.004899978637695,55.772499084472656
338.1370849609375,180.1511993408203,24.076900482177734,53.377498626708984
334.2703857421875,179.03070068359375,23.869699478149414,52.4822998046875
332.2876892089844,175.76629638671875,21.53510093688965,54.5442008972168
330.0047912597656,174.75770568847656,20.457199096679688,53.457801818847656
328.65789794921875,172.835693359375,18.85110092163086,53.345001220703125
327.86260986328125,170.54330444335938,17.666200637817383,53.873199462890625
326.5577087402344,167.727294921875,17.79520034790039,54.773799896240234
325.65179443359375,166.7864990234375,18.53510093688965,53.666900634765625
324.631103515625,169.1575927734375,19.47410011291504,52.89080047607422
323.21820068359375,173.84449768066406,19.815099716186523,51.215301513671875
322.0820007324219,180.2689971923828,20.504199981689453,50.004600524902344
316.1431884765625,186.39999389648438,26.09830093383789,52.01459884643555
314.5852966308594,197.3426971435547,27.372600555419922,50.78179931640625
311.5712890625,207.7061004638672,30.365100860595703,49.47650146484375
311.0198974609375,218.83799743652344,30.483999252319336,45.86000061035156
310.44720458984375,225.52670288085938,31.33340072631836,52.1088981628418
309.1787109375,233.4542999267578,33.22529983520508,52.56650161743164
306.845703125,241.3441925048828,36.770999908447266,51.90610122680664
305.668701171875,247.12890625,37.859100341796875,52.36069869995117
305.2528076171875,253.54690551757812,39.33039855957031,50.687801361083984
304.3299865722656,259.96929931640625,42.17259979248047,52.45100021362305
305.01141357421875,263.5624084472656,42.32889938354492,49.44089889526367
302.8575134277344,265.6117858886719,45.97890090942383,54.092201232910156
304.59619140625,269.1946105957031,45.75510025024414,51.440101623535156
306.3818054199219,268.14599609375,47.3931999206543,54.6531982421875
306.8096008300781,268.77301025390625,48.360599517822266,56.383201599121094
307.94189453125,269.3606872558594,51.42959976196289,55.98030090332031
308.00750732421875,266.86090087890625,51.26129913330078,58.08599853515625
309.5000915527344,271.623291015625,54.543800354003906,53.3661003112793
309.4932861328125,268.9079895019531,53.398799896240234,57.260799407958984
310.2148132324219,270.5625,56.390899658203125,56.07889938354492
312.2550964355469,270.9359130859375,55.739498138427734,56.56560134887695
312.8431091308594,271.87091064453125,57.287899017333984,56.98609924316406
313.712890625,273.9841003417969,57.862098693847656,56.878501892089844
314.2611083984375,275.59869384765625,57.58359909057617,57.78839874267578
318.4540100097656,278.68060302734375,55.50469970703125,58.32350158691406
317.4088134765625,280.87701416015625,58.67559814453125,57.67959976196289
318.356689453125,282.6477966308594,56.758201599121094,57.604698181152344
315.98089599609375,283.656494140625,60.79880142211914,56.706298828125
317.3663024902344,284.3605041503906,59.33340072631836,56.61439895629883
315.9931945800781,284.6160888671875,60.33570098876953,56.602500915527344
317.80108642578125,285.4031066894531,58.31129837036133,54.33610153198242
318.1752014160156,283.74468994140625,56.375301361083984,56.07699966430664
319.0697021484375,284.17718505859375,54.4099006652832,55.956298828125
319.8663024902344,282.6177978515625,51.93000030517578,57.419700622558594
320.2781066894531,282.9837951660156,51.09299850463867,56.78070068359375
318.58551025390625,281.9158020019531,51.34640121459961,58.15869903564453
318.84228515625,282.0718994140625,49.20589828491211,58.23780059814453
319.4442138671875,281.1531066894531,46.557498931884766,58.529598236083984
319.4541015625,281.8074035644531,45.03139877319336,57.74340057373047
317.7724914550781,277.4088134765625,45.34640121459961,60.34629821777344
317.26031494140625,278.06610107421875,43.86989974975586,59.97600173950195
316.2944030761719,278.3940124511719,42.1786994934082,57.91569900512695
317.52178955078125,279.4413146972656,38.98400115966797,57.19020080566406
316.50518798828125,281.0664978027344,36.70539855957031,54.40850067138672
317.48638916015625,277.72088623046875,35.046199798583984,57.50669860839844
317.22259521484375,276.0528869628906,33.11589813232422,58.9385986328125
318.0679016113281,277.8835144042969,29.889699935913086,55.85850143432617
318.6424865722656,276.4588928222656,28.073299407958984,58.64870071411133
318.37811279296875,276.0072937011719,26.526199340820312,58.930198669433594
318.00079345703125,274.3114929199219,25.475500106811523,60.13890075683594
316.5892028808594,273.6817932128906,25.04990005493164,60.18190002441406
318.7406005859375,274.57080078125,21.051700592041016,59.03630065917969
319.3215026855469,275.77459716796875,19.61009979248047,56.57270050048828
319.3457946777344,276.6874084472656,19.250699996948242,54.21310043334961
319.3844909667969,274.5372009277344,18.12420082092285,55.504398345947266
321.07940673828125,276.98968505859375,16.949800491333008,52.7406005859375
318.8664855957031,275.5130920410156,18.977500915527344,55.61410140991211
320.8020935058594,278.9137878417969,17.893299102783203,52.86579895019531
321.7460021972656,277.3673095703125,18.10059928894043,55.19940185546875
321.43719482421875,277.7294921875,20.193099975585938,55.36920166015625
320.8800964355469,277.12939453125,20.457700729370117,56.374000549316406
320.6005859375,278.2466125488281,22.294099807739258,56.38529968261719
320.20989990234375,277.44940185546875,23.802600860595703,56.433799743652344
320.7685852050781,277.2485046386719,23.6018009185791,57.456199645996094
320.4797058105469,275.06451416015625,26.05340003967285,58.005001068115234
319.32330322265625,275.4070129394531,28.738100051879883,57.62990188598633
320.5158996582031,279.9429931640625,31.383699417114258,52.990501403808594
320.6286926269531,279.0763854980469,32.417701721191406,52.67959976196289
320.0256042480469,279.106201171875,34.89059829711914,54.302398681640625
319.6482849121094,277.9482116699219,38.13460159301758,54.76620101928711
319.91949462890625,280.67529296875,41.168399810791016,52.27360153198242
319.2326965332031,277.5732116699219,43.82339859008789,55.16910171508789
318.9844055175781,276.8367919921875,44.67300033569336,56.15409851074219
319.1991882324219,279.6925964355469,46.26689910888672,54.45539855957031
319.2991943359375,281.40478515625,48.66600036621094,55.19850158691406
320.0317077636719,281.03021240234375,48.500099182128906,55.13529968261719
320.09368896484375,282.9422912597656,49.996299743652344,53.73680114746094
320.9396057128906,282.0469970703125,52.06370162963867,54.45209884643555
320.8020935058594,282.2947998046875,53.704200744628906,55.223899841308594
320.5032043457031,282.3328857421875,54.662200927734375,54.69490051269531
320.97821044921875,283.372802734375,55.289398193359375,53.988399505615234
321.27288818359375,283.039306640625,55.316898345947266,55.4739990234375
320.14068603515625,282.37109375,56.96229934692383,54.947200775146484
319.73638916015625,283.6553039550781,57.05229949951172,55.69160079956055
320.352294921875,281.6173095703125,56.9026985168457,57.4213981628418
320.67779541015625,282.6890869140625,56.60100173950195,56.739200592041016
320.7184143066406,283.2038879394531,56.0005989074707,56.0166015625
318.8739929199219,283.1017150878906,57.29710006713867,56.52159881591797
318.7698974609375,283.439697265625,57.84370040893555,57.425498962402344
318.0403137207031,282.31829833984375,58.68960189819336,57.380001068115234
316.4869079589844,282.23760986328125,58.7244987487793,56.91569900512695
315.1875915527344,283.2308044433594,57.1703987121582,55.55440139770508
316.2554016113281,283.9403991699219,56.74909973144531,55.006500244140625
315.0714111328125,284.94989013671875,52.849700927734375,55.28219985961914
314.57818603515625,283.6138916015625,53.29359817504883,57.34040069580078
315.70941162109375,283.2373962402344,50.80500030517578,57.31100082397461
315.3840026855469,280.6062927246094,46.970401763916016,59.16130065917969
315.1763000488281,280.7961120605469,46.26459884643555,58.79100036621094
310.7716979980469,281.0317077636719,47.42219924926758,58.74919891357422
311.1122131347656,282.4408874511719,45.6338996887207,57.62519836425781
310.5133056640625,281.090087890625,42.14690017700195,58.052398681640625
309.639892578125,283.2148132324219,42.05120086669922,54.58890151977539
310.70111083984375,282.97320556640625,37.33530044555664,53.67839813232422
310.5089111328125,282.6061096191406,37.634498596191406,54.22370147705078
311.5981140136719,282.8785095214844,32.46260070800781,52.15959930419922
310.12310791015625,283.2561950683594,32.94169998168945,51.25120162963867
310.5321044921875,283.6835021972656,29.757600784301758,50.949100494384766
312.1257019042969,281.0668029785156,26.95439910888672,53.52119827270508
313.1567077636719,281.0610046386719,23.838600158691406,53.3119010925293
312.8634033203125,279.9992980957031,23.50589942932129,55.133399963378906
312.69940185546875,276.1123046875,22.37849998474121,57.58530044555664
313.9071960449219,281.2113037109375,20.940399169921875,52.58610153198242
310.87078857421875,276.5624084472656,23.661399841308594,57.92449951171875
312.35260009765625,281.8664855957031,21.781999588012695,52.605899810791016
314.03118896484375,280.4176025390625,20.56410026550293,52.75910186767578
308.8403015136719,274.2869873046875,28.26490020751953,59.15190124511719
308.6258850097656,279.08380126953125,25.779199600219727,53.13140106201172
316.1492919921875,284.69500732421875,21.058900833129883,43.45069885253906
317.6593933105469,281.3511962890625,20.5216007232666,47.078800201416016
318.3703918457031,280.93310546875,21.736299514770508,48.45759963989258
318.87799072265625,280.0091857910156,23.272899627685547,49.03129959106445
318.42510986328125,278.8004150390625,24.553499221801758,49.81050109863281
319.4222106933594,278.53228759765625,26.212799072265625,49.43109893798828
318.3359069824219,277.7358093261719,28.85700035095215,51.168800354003906
318.8949890136719,279.17059326171875,31.41860008239746,48.75870132446289
319.3468017578125,279.2073059082031,34.068599700927734,50.124000549316406
320.7926025390625,278.40728759765625,35.46099853515625,49.72520065307617
321.5101013183594,278.01470947265625,35.695098876953125,45.365699768066406
318.1361083984375,278.24951171875,42.58530044555664,50.38800048828125
315.9247131347656,277.6138000488281,45.13410186767578,56.535400390625
300.9079895019531,267.6748046875,64.90740203857422,74.88690185546875
306.12451171875,273.510009765625,60.898399353027344,67.71769714355469
307.9814147949219,275.1372985839844,59.653099060058594,62.672698974609375
298.7571105957031,272.5895080566406,71.70890045166016,75.99739837646484
306.3944091796875,278.19140625,65.8821029663086,60.92250061035156
318.206787109375,279.30419921875,56.54029846191406,60.73649978637695
325.2925109863281,280.70709228515625,47.0609016418457,57.492801666259766
329.9941101074219,280.3828125,44.009300231933594,54.2057991027832
321.66070556640625,279.4082946777344,51.923500061035156,54.93159866333008
325.49688720703125,280.4830017089844,48.25490188598633,51.71220016479492
323.1617126464844,280.93560791015625,51.86709976196289,56.45389938354492
322.27960205078125,281.910888671875,51.45119857788086,52.44260025024414
322.9468078613281,281.7428894042969,51.558799743652344,55.46009826660156
321.46551513671875,282.4197082519531,53.627498626708984,60.01359939575195
322.8746032714844,280.92559814453125,50.22420120239258,54.83649826049805
322.2673034667969,280.83740234375,50.38209915161133,55.923301696777344
320.1419982910156,280.64959716796875,52.13880157470703,53.779701232910156
319.8620910644531,278.0452880859375,49.957298278808594,53.597801208496094
319.6995849609375,277.20928955078125,48.893699645996094,55.29010009765625
318.3883056640625,276.9559020996094,47.5614013671875,56.362701416015625
316.27911376953125,277.4143981933594,47.964298248291016,54.2864990234375
315.3667907714844,277.91448974609375,46.58409881591797,54.26789855957031
313.9580993652344,277.2793884277344,45.3671989440918,54.00189971923828
310.9884948730469,271.05059814453125,46.55289840698242,57.10599899291992
311.7159118652344,267.4148864746094,44.10609817504883,59.40650177001953
313.3070983886719,268.0411071777344,39.32490158081055,56.21480178833008
313.69158935546875,266.505615234375,36.995399475097656,55.48640060424805
312.4292907714844,266.2077941894531,36.2140998840332,55.4739990234375
312.0107116699219,265.0504150390625,34.032901763916016,52.39339828491211
311.53021240234375,259.0856018066406,31.551599502563477,54.32270050048828
313.57611083984375,255.12120056152344,28.353099822998047,56.41630172729492
313.1283874511719,255.4239959716797,26.340700149536133,55.657798767089844
313.6369934082031,254.8076934814453,24.900100708007812,56.14390182495117
312.8114929199219,253.8885040283203,23.408300399780273,55.3031005859375
312.69158935546875,253.20289611816406,21.9143009185791,53.88479995727539
310.6288146972656,253.70790100097656,23.45210075378418,54.02320098876953
312.7340087890625,253.25750732421875,20.489599227905273,55.04330062866211
313.8866882324219,254.5791015625,21.05739974975586,52.09870147705078
315.7391052246094,249.50169372558594,18.347999572753906,54.70880126953125
316.61981201171875,247.73739624023438,18.978099822998047,54.770599365234375
318.1203918457031,243.0959014892578,17.976600646972656,55.26060104370117
317.51800537109375,242.5625,19.95240020751953,55.870201110839844
317.55218505859375,241.8011016845703,23.53499984741211,54.176700592041016
318.6370849609375,240.53160095214844,22.45199966430664,53.02330017089844
319.2947998046875,238.36590576171875,24.681299209594727,51.290199279785156
319.23870849609375,236.2779998779297,26.796499252319336,52.98910140991211
319.63531494140625,235.04750061035156,30.097999572753906,50.90290069580078
320.78509521484375,232.0428009033203,30.159500122070312,53.025001525878906
320.64630126953125,228.060302734375,32.82529830932617,52.44110107421875
319.7890930175781,225.3256072998047,36.67110061645508,53.71229934692383
320.11309814453125,223.54409790039062,39.09400177001953,51.83879852294922
320.6231994628906,220.63699340820312,40.65760040283203,54.19409942626953
320.68939208984375,218.9456024169922,42.092899322509766,53.105201721191406
320.0596008300781,219.6508026123047,42.24440002441406,49.40629959106445
320.2644958496094,218.55419921875,44.07040023803711,48.84629821777344
321.2742004394531,218.3173065185547,44.61650085449219,49.419498443603516
320.60931396484375,217.6280059814453,45.317901611328125,50.56700134277344
320.6636962890625,215.9407958984375,47.27040100097656,51.53179931640625
321.28271484375,215.6707000732422,47.835899353027344,50.45560073852539
320.3196105957031,214.7333984375,49.69559860229492,50.258201599121094
320.8070068359375,212.5823974609375,50.27909851074219,49.70009994506836
320.7460021972656,211.61239624023438,50.83440017700195,49.054901123046875
320.49639892578125,209.45440673828125,51.69340133666992,49.105098724365234
319.8774108886719,207.06520080566406,52.81880187988281,50.03839874267578
319.7539978027344,204.38369750976562,52.316001892089844,51.69150161743164
318.4989929199219,201.73919677734375,53.44599914550781,51.8838996887207
317.5492858886719,201.09500122070312,51.96870040893555,52.340999603271484
317.82470703125,198.16879272460938,51.54079818725586,52.292999267578125
315.3263854980469,195.6416015625,52.06800079345703,52.85580062866211
315.8424987792969,193.13250732421875,51.62950134277344,52.593101501464844
315.89459228515625,190.87179565429688,49.6786003112793,51.5629997253418
314.9718017578125,187.5522003173828,48.29710006713867,50.81700134277344
313.7596130371094,184.31959533691406,47.29710006713867,51.90570068359375
313.7157897949219,180.9315948486328,45.78379821777344,52.52050018310547
312.7887878417969,178.80079650878906,44.50849914550781,51.31060028076172
312.3529968261719,177.4080047607422,42.55730056762695,50.826900482177734
312.4941101074219,172.40109252929688,40.30699920654297,53.33720016479492
311.25860595703125,170.6708984375,37.89149856567383,52.35649871826172
310.9814147949219,168.94720458984375,34.62730026245117,52.69449996948242
311.2593078613281,166.77040100097656,32.641300201416016,53.28770065307617
311.3551940917969,166.15359497070312,31.12470054626465,53.025699615478516
311.96240234375,164.3101043701172,29.469900131225586,53.550201416015625
312.1680908203125,164.24099731445312,27.871400833129883,51.062198638916016
312.2726135253906,163.3354034423828,25.50079917907715,51.29199981689453
312.85919189453125,163.67030334472656,23.678300857543945,49.62269973754883
314.4100036621094,158.12460327148438,21.298500061035156,54.04410171508789
315.40789794921875,154.76559448242188,20.297100067138672,56.06529998779297
315.9216003417969,155.71139526367188,19.993600845336914,52.73659896850586
316.493408203125,151.7324981689453,20.39150047302246,53.94660186767578
317.5504150390625,148.89329528808594,20.141000747680664,54.6255989074707
318.0723876953125,146.13710021972656,20.134899139404297,54.09389877319336
319.3078918457031,145.42349243164062,20.200199127197266,53.10279846191406
323.88739013671875,147.2176971435547,18.890499114990234,49.36520004272461
325.11248779296875,146.122802734375,18.76799964904785,49.62269973754883
326.1933898925781,143.89309692382812,19.99169921875,50.510398864746094
326.5743103027344,143.67080688476562,23.058900833129883,48.92470169067383
326.4537048339844,140.4250030517578,25.374399185180664,47.722801208496094
327.9497985839844,137.5388946533203,27.152700424194336,47.29349899291992
329.5830993652344,106.47959899902344,41.511600494384766,51.93429946899414
330.39801025390625,104.7708969116211,42.973201751708984,50.433101654052734
328.5586853027344,101.86409759521484,45.71039962768555,48.64030075073242
326.09759521484375,96.97730255126953,48.36009979248047,49.382598876953125
326.4254150390625,93.87979888916016,48.17399978637695,48.8223991394043
322.1675109863281,91.65180206298828,50.301998138427734,50.43619918823242
320.7372131347656,91.21530151367188,51.64619827270508,49.946800231933594
319.2340087890625,91.8395004272461,51.471099853515625,49.082298278808594
319.0856018066406,90.96759796142578,49.84280014038086,49.05860137939453
315.4383850097656,90.66529846191406,51.3765983581543,48.01449966430664
311.6050109863281,88.127197265625,52.549800872802734,50.045101165771484
310.16949462890625,86.98500061035156,53.12860107421875,49.83689880371094
308.07818603515625,87.19190216064453,52.71839904785156,48.49449920654297
306.2770080566406,87.63680267333984,51.955299377441406,47.15060043334961
304.8905944824219,88.41280364990234,50.85540008544922,48.14820098876953
301.7278137207031,92.81890106201172,52.088401794433594,45.30720138549805
298.5224914550781,94.8687973022461,53.17110061645508,44.613399505615234
297.33758544921875,97.9645004272461,50.54520034790039,43.534000396728516
296.814208984375,100.05039978027344,49.346900939941406,45.356300354003906
297.0216979980469,104.89820098876953,48.04199981689453,44.86220169067383
293.8186950683594,107.70050048828125,49.68339920043945,47.12419891357422
293.3888854980469,112.73429870605469,47.66899871826172,47.6776008605957
294.5350036621094,119.5470962524414,45.85240173339844,46.027099609375
295.6654052734375,124.28359985351562,44.7234001159668,46.32040023803711
295.7174987792969,131.76600646972656,42.961299896240234,44.59230041503906
298.412109375,137.9846954345703,41.96329879760742,43.409698486328125
299.71771240234375,144.92349243164062,40.176300048828125,42.255401611328125
302.36859130859375,147.65330505371094,37.739498138427734,44.657798767089844
303.73980712890625,153.96209716796875,36.13740158081055,45.070499420166016
306.3738098144531,159.88650512695312,33.53860092163086,44.535099029541016
309.02679443359375,160.18460083007812,31.2185001373291,48.154300689697266
311.735107421875,165.26190185546875,29.576900482177734,47.61539840698242
315.1867980957031,167.61520385742188,26.764699935913086,47.472801208496094
317.4150085449219,171.4573974609375,24.110700607299805,48.92100143432617
322.0267028808594,175.4503936767578,20.795400619506836,48.387699127197266
324.1736145019531,181.57749938964844,17.93899917602539,47.2849006652832
326.3642883300781,184.07899475097656,16.12350082397461,47.59410095214844
329.2789001464844,190.07200622558594,16.091800689697266,45.84339904785156
331.2102966308594,192.78419494628906,14.753600120544434,46.14350128173828
333.6029968261719,194.92909240722656,14.20259952545166,47.16389846801758
334.71661376953125,195.71640014648438,14.153800010681152,47.68190002441406
335.94000244140625,196.24830627441406,14.702300071716309,50.1531982421875
336.3924865722656,200.85459899902344,16.11280059814453,47.85820007324219
337.58349609375,203.00619506835938,17.573200225830078,47.41859817504883
337.0779113769531,205.50450134277344,19.859600067138672,48.04069900512695
335.970703125,206.4095001220703,22.576200485229492,48.714900970458984
334.88848876953125,208.9091033935547,25.214500427246094,48.89070129394531
333.8490905761719,208.24729919433594,28.60810089111328,49.77199935913086
332.0992126464844,208.11929321289062,32.26599884033203,49.82160186767578
331.2746887207031,207.2440948486328,34.01470184326172,49.25960159301758
330.2130126953125,203.59689331054688,37.0452995300293,49.1427001953125
328.6910095214844,198.92669677734375,39.49259948730469,49.955101013183594
327.8924865722656,195.5478973388672,41.39459991455078,51.242801666259766
325.785400390625,190.88900756835938,43.81520080566406,52.697601318359375
324.7309875488281,188.25650024414062,46.24039840698242,52.027198791503906
322.3294982910156,184.43690490722656,48.847999572753906,54.1609001159668
320.1169128417969,182.23390197753906,50.919898986816406,53.657901763916016
316.7843933105469,179.28790283203125,54.391700744628906,54.40299987792969
318.06878662109375,176.56149291992188,53.89899826049805,54.459598541259766
314.5862121582031,173.20860290527344,57.20479965209961,54.18560028076172
315.5018005371094,170.58670043945312,57.647098541259766,53.40890121459961
315.8450012207031,169.95120239257812,57.81930160522461,53.69029998779297
315.8782043457031,168.56430053710938,57.534698486328125,53.28269958496094
315.69769287109375,167.39410400390625,57.164798736572266,55.071998596191406
316.3547058105469,167.9512939453125,56.34109878540039,55.33250045776367
316.1643981933594,168.39199829101562,55.651100158691406,55.1255989074707
317.57861328125,170.01370239257812,54.40340042114258,55.29119873046875
317.9085998535156,170.7845001220703,53.86819839477539,54.67219924926758
319.41229248046875,171.5791015625,52.683101654052734,54.82680130004883
321.81988525390625,172.94630432128906,51.47570037841797,53.43840026855469
324.3522033691406,174.42849731445312,48.77840042114258,51.963199615478516
325.1559143066406,175.0847930908203,48.18119812011719,51.87580108642578
327.3888854980469,175.43930053710938,47.106300354003906,51.72309875488281
327.5797119140625,176.74989318847656,46.56119918823242,50.82720184326172
330.3445129394531,178.0657958984375,44.57270050048828,49.27750015258789
331.3888854980469,178.21080017089844,43.32870101928711,49.387001037597656
334.2417907714844,180.7534942626953,41.204898834228516,47.82899856567383
335.82550048828125,182.24209594726562,39.94879913330078,47.29069900512695
338.79901123046875,184.64340209960938,36.80699920654297,46.396400451660156
341.101806640625,186.8791046142578,35.41339874267578,45.743099212646484
343.4578857421875,188.82260131835938,33.24190139770508,44.75830078125
345.591796875,189.61160278320312,31.09469985961914,43.62179946899414
347.068603515625,190.17239379882812,30.343000411987305,43.77640151977539
346.6441955566406,188.7292938232422,31.658700942993164,43.29180145263672
347.4513854980469,188.37759399414062,31.33340072631836,41.64979934692383
348.8245849609375,187.63540649414062,30.34280014038086,40.30799865722656
350.5902099609375,185.44149780273438,29.853200912475586,38.923099517822266
351.92718505859375,183.44740295410156,28.702600479125977,37.83359909057617
352.5469055175781,181.1540069580078,28.35099983215332,37.42449951171875
352.7511901855469,179.32550048828125,28.53809928894043,38.20199966430664
352.2221984863281,178.73480224609375,28.274799346923828,37.942901611328125
352.9137878417969,177.88479614257812,27.778799057006836,38.31439971923828
352.2550048828125,180.6804962158203,28.486000061035156,36.57550048828125
351.85479736328125,180.7259063720703,28.403799057006836,38.39590072631836
350.3117980957031,185.31979370117188,28.568300247192383,35.87409973144531
349.91558837890625,183.49819946289062,28.617399215698242,39.74639892578125
348.5267028808594,188.99859619140625,28.839500427246094,36.60660171508789
346.8450927734375,190.57090759277344,30.29439926147461,37.60960006713867
345.9164123535156,191.70419311523438,30.627599716186523,37.589500427246094
343.8872985839844,190.843505859375,32.16659927368164,38.7677001953125
340.8642883300781,186.70640563964844,34.402400970458984,42.323699951171875
340.2867126464844,182.29200744628906,34.28150177001953,45.11579895019531
341.6265869140625,173.9918975830078,33.96659851074219,48.44279861450195
340.8269958496094,167.6448974609375,34.483299255371094,49.56589889526367
340.05999755859375,161.6959991455078,35.86439895629883,52.1172981262207
339.70111083984375,156.74560546875,37.89339828491211,53.93840026855469
338.7897033691406,150.75830078125,39.70560073852539,56.1255989074707
338.3731994628906,145.57510375976562,42.37049865722656,56.76639938354492
338.54339599609375,138.8719940185547,45.2150993347168,58.592498779296875
338.63250732421875,131.8031005859375,49.213401794433594,58.70719909667969
338.6216125488281,128.4113006591797,53.6692008972168,55.956600189208984
339.4849853515625,124.43350219726562,56.62189865112305,54.36009979248047
339.444091796875,121.9397964477539,59.70320129394531,51.7140998840332
339.73699951171875,122.35140228271484,63.192298889160156,51.36130142211914
339.3822021484375,126.03079986572266,67.85579681396484,49.786800384521484
338.4501953125,131.46820068359375,70.86139678955078,50.816200256347656
338.8501892089844,141.60569763183594,73.04720306396484,50.07720184326172
337.6748962402344,151.83090209960938,74.53410339355469,50.674598693847656
337.13751220703125,163.85350036621094,73.69619750976562,54.42770004272461
335.5531921386719,178.8220977783203,73.77279663085938,55.20209884643555
332.5990905761719,193.05520629882812,73.6259994506836,55.769798278808594
330.7179870605469,206.39430236816406,69.83439636230469,56.025901794433594
327.4833984375,219.23049926757812,66.78600311279297,60.591400146484375
324.0870056152344,229.10890197753906,63.02119827270508,61.51860046386719
320.44390869140625,231.55270385742188,58.74140167236328,63.70589828491211
319.1536865234375,232.985107421875,53.413299560546875,62.702701568603516
316.2987976074219,233.26739501953125,46.176300048828125,61.204200744628906
314.85150146484375,232.88470458984375,38.467899322509766,60.874698638916016
315.718994140625,234.39370727539062,28.970800399780273,57.838600158691406
314.8572082519531,234.46690368652344,25.63960075378418,56.12990188598633
312.60760498046875,234.34539794921875,21.680999755859375,52.819400787353516
313.22509765625,233.79730224609375,19.701200485229492,50.93069839477539
310.3587951660156,233.49819946289062,19.114999771118164,50.24039840698242
310.8046875,233.1282958984375,17.46109962463379,47.17470169067383
308.4941101074219,231.48390197753906,19.325199127197266,49.074100494384766
306.74749755859375,235.8437957763672,21.559200286865234,44.01279830932617
304.10400390625,233.51109313964844,24.800199508666992,45.55459976196289
303.1072082519531,235.2729949951172,28.822799682617188,46.23870086669922
301.794189453125,239.26840209960938,33.75199890136719,48.163700103759766
298.9267883300781,246.4864959716797,36.748199462890625,46.9379997253418
298.34039306640625,251.8804931640625,42.07400131225586,52.18450164794922
297.2638854980469,258.9444885253906,46.29610061645508,49.82469940185547
296.9413146972656,262.51690673828125,51.37070083618164,49.04280090332031
298.7926940917969,269.1877136230469,52.834800720214844,52.975399017333984
302.48199462890625,273.3565979003906,52.329200744628906,54.660400390625
302.9974060058594,278.0244140625,60.04880142211914,57.514198303222656
306.6763916015625,279.2142028808594,64.80609893798828,61.742401123046875
310.5751953125,280.2344055175781,68.52909851074219,64.14520263671875
318.5570983886719,277.5296936035156,68.18240356445312,70.0427017211914
323.3211975097656,273.2319030761719,70.85759735107422,74.70659637451172
327.65399169921875,266.4706115722656,73.1718978881836,78.95770263671875
336.6752014160156,261.33758544921875,70.79239654541016,81.14949798583984
345.6070861816406,250.17129516601562,70.44039916992188,81.7468032836914
348.5528869628906,239.4665985107422,74.65760040283203,85.58000183105469
353.0154113769531,228.32350158691406,74.3958969116211,87.02899932861328
358.12109375,218.443603515625,73.19490051269531,87.10130310058594
360.6001892089844,208.80589294433594,70.81739807128906,91.243896484375
363.1431884765625,201.77870178222656,68.41950225830078,91.99349975585938
364.28338623046875,196.36680603027344,65.54499816894531,92.11720275878906
365.072998046875,195.7958984375,60.42340087890625,91.8739013671875
365.6119079589844,198.5471954345703,55.590999603271484,91.3447036743164
365.5978088378906,205.49560546875,50.03049850463867,90.08370208740234
364.1711120605469,212.86659240722656,43.87179946899414,88.55660247802734
362.9132080078125,221.3686981201172,37.915401458740234,86.7748031616211
359.2724914550781,229.32420349121094,33.13750076293945,85.60310363769531
356.5165100097656,242.07179260253906,27.58300018310547,81.30280303955078
352.69268798828125,246.7519073486328,24.351900100708008,88.98249816894531
344.9797058105469,261.6227111816406,24.157899856567383,82.80180358886719
337.806884765625,278.5898132324219,24.796300888061523,72.51820373535156
338.29791259765625,286.1619873046875,19.074399948120117,65.14530181884766
330.7290954589844,288.2538146972656,22.70240020751953,61.112998962402344
326.2820129394531,287.5401916503906,23.527099609375,62.50299835205078
322.1883850097656,285.4067077636719,26.302400588989258,61.622798919677734
315.0640869140625,283.152099609375,31.240800857543945,57.87649917602539
312.5487976074219,281.0118103027344,32.390899658203125,52.694400787353516
308.877685546875,277.43951416015625,35.242698669433594,50.5625
307.44879150390625,275.13909912109375,37.8932991027832,45.948699951171875
301.7745056152344,269.97479248046875,41.94139862060547,45.99209976196289
299.510009765625,265.6806945800781,46.184200286865234,45.80550003051758
296.09991455078125,262.1160888671875,49.27640151977539,45.246700286865234
295.4685974121094,259.39019775390625,51.69260025024414,46.371498107910156
294.5679016113281,255.75830078125,52.8672981262207,48.287601470947266
295.81719970703125,255.03990173339844,51.971900939941406,49.0890998840332
296.9303894042969,253.9698028564453,53.11980056762695,49.596500396728516
297.2839050292969,254.8968963623047,52.66239929199219,51.44459915161133
296.4107971191406,257.2934875488281,54.04779815673828,52.559200286865234
297.5701904296875,259.9112854003906,57.33789825439453,53.986698150634766
296.4324951171875,264.4525146484375,58.805999755859375,56.997398376464844
301.1429138183594,268.6971130371094,57.07320022583008,60.57170104980469
304.63031005859375,275.5920104980469,57.585201263427734,63.9921989440918
306.5426025390625,279.606689453125,58.601898193359375,65.76499938964844
307.3512878417969,285.7467041015625,61.7223014831543,66.24359893798828
309.5788879394531,287.9175109863281,63.35820007324219,64.32689666748047
305.1841125488281,288.4359130859375,68.49169921875,64.822998046875
311.6205139160156,289.7002868652344,64.56919860839844,64.77749633789062
316.9518127441406,290.0643005371094,67.00859832763672,64.21410369873047
321.9547119140625,288.1777038574219,68.15579986572266,65.39569854736328
325.63690185546875,279.602294921875,70.02369689941406,74.17130279541016
325.8893127441406,271.1868896484375,74.4115982055664,82.92179870605469
331.7283020019531,265.9397888183594,72.47109985351562,77.66000366210938
334.7738037109375,253.5030975341797,76.34420013427734,88.06320190429688
335.44500732421875,242.3363037109375,77.17739868164062,89.71399688720703
339.1335144042969,231.74929809570312,78.47799682617188,86.43360137939453
338.7101135253906,223.5330047607422,80.51319885253906,84.63670349121094
334.29180908203125,214.9615936279297,86.48490142822266,86.86270141601562
339.627197265625,208.26710510253906,80.01470184326172,86.67970275878906
338.24560546875,204.54690551757812,79.01519775390625,89.33280181884766
339.1741943359375,203.7086944580078,75.28050231933594,93.98860168457031
338.70330810546875,210.12109375,71.3895034790039,92.32350158691406
331.9540100097656,219.50729370117188,71.52210235595703,94.80509948730469
