1
185.252197265625,78.85399627685547,15.394700050354004,16.73870086669922
184.3112030029297,80.65350341796875,15.385299682617188,16.181499481201172
183.03199768066406,82.08580017089844,15.554400444030762,16.346399307250977
181.9116973876953,82.88890075683594,14.98169994354248,16.806699752807617
181.26589965820312,82.34490203857422,16.18120002746582,16.8976993560791
181.01910400390625,82.92169952392578,15.717700004577637,16.206600189208984
180.5341033935547,82.71739959716797,17.110300064086914,17.130199432373047
179.71839904785156,83.61039733886719,18.244400024414062,17.002099990844727
180.47740173339844,86.11360168457031,19.588199615478516,17.377399444580078
180.79229736328125,90.03099822998047,20.247400283813477,17.25670051574707
181.2165069580078,92.18250274658203,21.176000595092773,18.402299880981445
180.0467987060547,92.78040313720703,20.747400283813477,18.417400360107422
179.11839294433594,96.58699798583984,21.675600051879883,18.057199478149414
178.2180938720703,96.72730255126953,22.10110092163086,16.184499740600586
178.07850646972656,95.41459655761719,22.06909942626953,17.103599548339844
176.99679565429688,94.2665023803711,21.678199768066406,17.37470054626465
176.21530151367188,95.44779968261719,22.65180015563965,17.707799911499023
176.42340087890625,96.1541976928711,23.054500579833984,18.097700119018555
176.81869506835938,97.33989715576172,24.193099975585938,18.283100128173828
178.3321075439453,97.7239990234375,22.862600326538086,17.201200485229492
177.3542938232422,97.54720306396484,25.60219955444336,17.53619956970215
176.36480712890625,96.32839965820312,26.79010009765625,17.17799949645996
176.10960388183594,95.2427978515625,27.566099166870117,17.211299896240234
176.0500030517578,94.84100341796875,28.79560089111328,17.423500061035156
177.15420532226562,94.22139739990234,29.066699981689453,18.670900344848633
179.26840209960938,94.09960174560547,27.979999542236328,18.617300033569336
183.12570190429688,93.68609619140625,26.733999252319336,18.803699493408203
186.06419372558594,92.0416030883789,26.07740020751953,19.78849983215332
187.27859497070312,93.83350372314453,25.394399642944336,20.000200271606445
189.63900756835938,93.85440063476562,25.35569953918457,19.710500717163086
189.8820037841797,93.83329772949219,27.108699798583984,19.489099502563477
191.10870361328125,95.63300323486328,27.64780044555664,19.764299392700195
191.05450439453125,98.68949890136719,28.050600051879883,19.72330093383789
191.34849548339844,101.16190338134766,28.644500732421875,19.862499237060547
193.25979614257812,103.66560363769531,27.501300811767578,19.813899993896484
196.54620361328125,106.12220001220703,25.5625,19.346900939941406
197.5106964111328,107.5250015258789,25.468700408935547,19.986000061035156
198.0457000732422,109.33429718017578,25.22170066833496,20.061199188232422
198.12049865722656,111.80979919433594,26.374799728393555,20.241199493408203
198.35690307617188,112.77140045166016,27.01919937133789,19.855600357055664
198.00929260253906,111.5156021118164,27.638500213623047,19.911300659179688
196.51699829101562,111.55370330810547,27.47610092163086,20.181900024414062
196.35479736328125,111.14209747314453,27.142900466918945,20.721500396728516
198.0635986328125,111.8322982788086,26.093900680541992,20.81839942932129
200.2924041748047,115.3467025756836,23.64940071105957,20.341999053955078
201.48159790039062,117.52890014648438,22.589500427246094,20.089399337768555
202.38890075683594,118.10440063476562,22.79990005493164,20.781999588012695
202.89010620117188,119.12789916992188,22.777799606323242,20.800899505615234
204.19729614257812,119.01349639892578,23.511699676513672,21.039499282836914
204.6790008544922,122.21810150146484,22.38759994506836,20.35379981994629
204.65530395507812,126.55020141601562,21.843399047851562,21.746700286865234
206.54269409179688,130.65480041503906,21.041000366210938,21.58970069885254
208.8115997314453,132.2852020263672,20.38629913330078,20.702800750732422
211.3397979736328,131.2220001220703,19.517099380493164,20.796899795532227
214.0756072998047,131.73109436035156,19.532800674438477,20.919099807739258
215.33920288085938,134.764404296875,20.113100051879883,22.667600631713867
215.18150329589844,140.64529418945312,20.59869956970215,22.845500946044922
214.0010986328125,144.43719482421875,20.107900619506836,22.38680076599121
214.48379516601562,148.24249267578125,19.120500564575195,22.41670036315918
216.6013946533203,152.55490112304688,17.581100463867188,21.18079948425293
218.47259521484375,156.44320678710938,17.69179916381836,20.901399612426758
219.92449951171875,159.67669677734375,17.013200759887695,20.885900497436523
222.09979248046875,161.58059692382812,16.624799728393555,20.590499877929688
222.6291046142578,163.00759887695312,16.85260009765625,21.049100875854492
223.60049438476562,163.68699645996094,16.986400604248047,22.750099182128906
224.61480712890625,163.67410278320312,16.628999710083008,24.101499557495117
225.40870666503906,164.2906036376953,16.70680046081543,24.16990089416504
226.40269470214844,162.21519470214844,17.380199432373047,23.60420036315918
226.2572021484375,162.0489044189453,16.97570037841797,24.062000274658203
227.44960021972656,160.20570373535156,15.954099655151367,21.12350082397461
228.38600158691406,156.84629821777344,16.323999404907227,22.534099578857422
229.65480041503906,154.4683074951172,14.053299903869629,21.300600051879883
228.56109619140625,151.95260620117188,13.837200164794922,23.522600173950195
228.22450256347656,150.23609924316406,13.296500205993652,24.05470085144043
228.92669677734375,151.9315948486328,13.573200225830078,23.526399612426758
229.27239990234375,152.37669372558594,12.960100173950195,22.689800262451172
229.18539428710938,150.58200073242188,14.477999687194824,22.540800094604492
229.25929260253906,148.69419860839844,13.166000366210938,22.478500366210938
228.48500061035156,147.19580078125,13.7431001663208,23.430299758911133
227.6291046142578,144.31739807128906,14.234100341796875,24.627700805664062
227.279296875,142.84820556640625,14.022000312805176,24.522899627685547
225.6239013671875,145.67739868164062,14.485199928283691,23.796600341796875
225.4239044189453,149.85569763183594,14.38640022277832,24.447500228881836
222.7187957763672,150.0001983642578,13.784700393676758,23.841899871826172
221.3948974609375,147.69979858398438,14.47760009765625,24.206199645996094
221.0200958251953,146.46969604492188,14.37399959564209,25.249500274658203
219.41419982910156,146.49659729003906,15.13029956817627,25.948299407958984
219.3791961669922,148.30560302734375,14.3193998336792,23.944499969482422
219.09979248046875,147.2635955810547,15.009499549865723,25.34980010986328
219.1800994873047,147.4178009033203,14.111499786376953,25.134199142456055
216.50900268554688,145.79049682617188,14.812700271606445,26.681499481201172
213.0823974609375,144.34320068359375,15.037699699401855,26.662900924682617
211.69189453125,141.53759765625,13.648500442504883,27.0492000579834
210.58590698242188,139.91090393066406,14.29069995880127,27.263900756835938
210.7086944580078,138.77200317382812,13.784000396728516,27.52680015563965
209.00270080566406,138.88360595703125,14.446800231933594,26.28689956665039
206.79359436035156,137.82159423828125,14.59060001373291,27.480499267578125
203.08270263671875,134.40809631347656,15.705100059509277,28.219100952148438
199.38780212402344,126.52660369873047,17.499399185180664,29.501800537109375
194.98789978027344,120.09700012207031,16.653600692749023,29.37700080871582
193.08900451660156,118.77980041503906,14.737799644470215,29.053300857543945
189.24349975585938,122.42400360107422,16.555099487304688,28.827499389648438
185.02740478515625,126.64779663085938,16.86199951171875,29.83609962463379
181.00489807128906,132.76510620117188,18.3341007232666,30.398000717163086
178.81239318847656,137.9093017578125,16.43600082397461,31.69029998779297
178.22169494628906,139.69129943847656,15.72029972076416,30.38800048828125
176.07949829101562,140.7404022216797,16.678499221801758,30.458599090576172
173.1457061767578,143.14190673828125,16.918699264526367,30.81170082092285
170.33140563964844,141.95419311523438,17.215499877929688,31.96139907836914
166.97479248046875,140.1114959716797,17.54829978942871,33.247501373291016
164.0500030517578,135.47439575195312,18.033000946044922,33.59920120239258
161.20570373535156,129.34739685058594,17.914899826049805,33.57709884643555
160.67539978027344,126.9977035522461,19.13800048828125,31.78339958190918
161.08059692382812,126.82140350341797,19.84149932861328,31.605199813842773
159.8383026123047,124.53119659423828,22.680400848388672,32.52069854736328
159.48629760742188,124.72119903564453,24.796100616455078,32.59130096435547
158.3137969970703,125.1240005493164,28.137699127197266,32.99959945678711
157.13890075683594,124.68810272216797,29.269800186157227,32.13290023803711
154.8979034423828,125.04949951171875,30.489099502563477,32.4026985168457
151.89439392089844,128.4813995361328,32.76639938354492,33.027400970458984
149.7136993408203,134.74510192871094,34.03419876098633,30.289199829101562
146.58990478515625,137.9490966796875,37.084999084472656,31.581199645996094
143.91259765625,140.8831024169922,39.101600646972656,32.6953010559082
144.88949584960938,146.5386962890625,40.14360046386719,30.25670051574707
145.3966064453125,149.40020751953125,40.354698181152344,29.762100219726562
145.743896484375,152.6269989013672,43.08100128173828,28.153499603271484
142.89120483398438,152.58290100097656,46.435001373291016,28.8882999420166
138.5507049560547,151.4001007080078,49.144100189208984,29.319700241088867
135.76480102539062,149.28619384765625,52.750099182128906,29.553800582885742
135.84629821777344,148.3925018310547,54.06999969482422,29.852100372314453
139.21240234375,145.91969299316406,50.76900100708008,31.145200729370117
138.24830627441406,145.32620239257812,49.974300384521484,29.831300735473633
137.03759765625,145.52479553222656,49.48400115966797,30.527700424194336
130.3717041015625,146.97390747070312,51.528499603271484,29.9778995513916
123.3208999633789,146.3950958251953,55.60029983520508,30.322500228881836
117.99980163574219,145.64739990234375,58.63840103149414,30.64189910888672
114.50509643554688,148.93099975585938,60.77349853515625,32.984100341796875
111.91419982910156,156.19349670410156,60.067501068115234,34.8468017578125
110.97049713134766,162.24139404296875,57.812599182128906,36.49449920654297
107.06529998779297,173.82530212402344,55.08259963989258,35.58599853515625
100.00910186767578,181.60699462890625,56.538700103759766,35.16939926147461
93.84929656982422,186.4492950439453,60.285499572753906,33.751399993896484
88.8041000366211,188.97439575195312,64.47669982910156,33.65190124511719
83.22039794921875,190.27549743652344,68.94969940185547,32.831600189208984
84.30780029296875,188.0146026611328,68.46900177001953,35.17639923095703
88.5009994506836,182.30780029296875,62.6953010559082,37.89950180053711
90.11579895019531,177.30360412597656,61.692501068115234,38.709999084472656
88.3552017211914,173.52789306640625,64.15619659423828,36.53419876098633
84.03849792480469,170.44419860839844,67.74019622802734,36.390201568603516
78.99839782714844,168.67269897460938,71.78500366210938,37.53160095214844
77.4009017944336,169.62049865722656,72.83499908447266,37.24909973144531
81.45680236816406,168.414794921875,69.5967025756836,39.660701751708984
82.0625,170.53179931640625,68.84970092773438,39.0526008605957
80.9760971069336,172.86659240722656,71.03179931640625,37.30189895629883
78.2802963256836,173.98390197753906,74.07379913330078,36.839298248291016
68.79810333251953,176.26759338378906,79.347900390625,38.84669876098633
61.506099700927734,180.4761962890625,79.95379638671875,40.96780014038086
60.12260055541992,190.25030517578125,75.13310241699219,43.217498779296875
60.1156005859375,198.88729858398438,74.53389739990234,42.6348991394043
56.79079818725586,204.82679748535156,77.50330352783203,39.56949996948242
51.4744987487793,208.1053009033203,80.0614013671875,35.82830047607422
44.0806999206543,209.9322052001953,85.8927001953125,36.6963005065918
34.600101470947266,210.95469665527344,93.2029037475586,38.697601318359375
32.61309814453125,208.97630310058594,91.17870330810547,40.86520004272461
35.17210006713867,208.0345001220703,84.43470001220703,41.41270065307617
31.316699981689453,208.45489501953125,84.57839965820312,43.705299377441406
24.43950080871582,210.4272003173828,85.66809844970703,43.36520004272461
8.197099685668945,214.9152069091797,93.464599609375,46.98040008544922
2.421299934387207,231.96600341796875,93.7593002319336,42.80149841308594
0.5482000112533569,239.7407989501953,91.21399688720703,46.569801330566406
0.0,240.9029998779297,83.83529663085938,44.305599212646484
1.3508000373840332,245.893798828125,75.67749786376953,45.2864990234375
1.3346999883651733,257.352294921875,71.38310241699219,43.45000076293945
1.1949000358581543,269.2099914550781,68.04519653320312,44.9921989440918
0.9670000076293945,278.09039306640625,71.99400329589844,46.2755012512207
0.9222999811172485,281.9715881347656,76.15579986572266,47.3744010925293
0.0,282.68170166015625,81.01830291748047,49.48640060424805
0.03370000049471855,280.5546875,83.91780090332031,46.04309844970703
0.9514999985694885,276.88800048828125,89.73639678955078,45.94110107421875
0.6061999797821045,276.0378112792969,95.0114974975586,47.40739822387695
0.0,274.3377990722656,97.4988021850586,48.61859893798828
1.0406999588012695,269.66070556640625,99.45690155029297,52.72370147705078
5.533599853515625,265.24139404296875,102.24340057373047,54.17369842529297
12.284799575805664,260.156494140625,101.03160095214844,50.25519943237305
18.155899047851562,254.42140197753906,105.48100280761719,48.912200927734375
19.521900177001953,250.13369750976562,112.48069763183594,45.67340087890625
27.44879913330078,247.6168975830078,113.02210235595703,44.30860137939453
27.738100051879883,246.2816925048828,113.7072982788086,46.927799224853516
40.965999603271484,243.42649841308594,107.37100219726562,49.694698333740234
41.634700775146484,243.3592987060547,106.80960083007812,49.77579879760742
55.678199768066406,237.8603057861328,101.8510971069336,53.50320053100586
61.12839889526367,233.5207977294922,99.81620025634766,46.878299713134766
60.47560119628906,236.41799926757812,106.52639770507812,47.38059997558594
61.47600173950195,241.75,113.12020111083984,44.31700134277344
68.22679901123047,242.18690490722656,109.79090118408203,46.5526008605957
81.96839904785156,239.38690185546875,98.93669891357422,49.280399322509766
89.78040313720703,238.1273956298828,97.13960266113281,46.21839904785156
87.93710327148438,240.3948974609375,104.52950286865234,47.38019943237305
86.05879974365234,245.42640686035156,111.30120086669922,49.46120071411133
87.46859741210938,250.59280395507812,114.1332015991211,50.125099182128906
98.88390350341797,256.051513671875,103.06490325927734,51.37200164794922
106.50630187988281,260.5260009765625,98.5115966796875,51.86389923095703
106.31900024414062,267.4353942871094,98.3822021484375,51.93579864501953
100.53050231933594,276.4751892089844,106.77220153808594,52.18050003051758
101.24320220947266,280.5838928222656,110.9281997680664,55.86199951171875
116.82939910888672,281.86669921875,103.80069732666016,55.1614990234375
129.0447998046875,282.29150390625,99.62860107421875,59.30939865112305
134.32009887695312,294.75201416015625,101.88009643554688,60.845298767089844
130.56199645996094,310.1073913574219,107.76200103759766,49.1348991394043
128.57809448242188,317.4284973144531,108.09739685058594,41.53350067138672
143.7375030517578,319.8721923828125,104.46700286865234,38.74789810180664
160.5677947998047,318.90179443359375,101.7510986328125,39.77069854736328
172.6114044189453,317.4053955078125,100.00199890136719,41.320499420166016
177.7895050048828,315.6300048828125,99.71600341796875,43.18080139160156
196.24989318847656,315.0556945800781,99.86620330810547,44.020599365234375
221.46530151367188,314.20849609375,89.23660278320312,45.791500091552734
229.3970947265625,309.51458740234375,94.69450378417969,49.87919998168945
236.6381072998047,305.9631042480469,102.29319763183594,50.84809875488281
256.4554138183594,302.2915954589844,93.82630157470703,54.03580093383789
274.76251220703125,295.3066101074219,82.52339935302734,54.64139938354492
285.1549987792969,284.32720947265625,83.66390228271484,59.452999114990234
292.58160400390625,276.6206970214844,95.2020034790039,56.970699310302734
307.489990234375,271.98309326171875,90.40660095214844,55.891300201416016
329.5928039550781,265.2958984375,82.71150207519531,54.001399993896484
344.2695007324219,254.202392578125,80.77179718017578,53.79930114746094
354.9129943847656,246.02479553222656,85.7603988647461,53.442501068115234
361.8257141113281,236.83839416503906,89.13590240478516,53.41590118408203
375.7078857421875,230.43870544433594,88.29740142822266,49.83369827270508
384.7449951171875,232.8917999267578,83.83910369873047,47.99340057373047
389.69000244140625,239.83360290527344,79.22480010986328,48.76599884033203
389.05889892578125,242.4582977294922,82.26460266113281,49.49169921875
390.6913146972656,242.15499877929688,82.79060363769531,49.62120056152344
401.4009094238281,241.99510192871094,76.0636978149414,49.5620002746582
411.5669860839844,237.9123992919922,73.67639923095703,49.79290008544922
419.056884765625,235.3592987060547,72.52410125732422,48.787601470947266
421.2237854003906,233.36129760742188,74.8102035522461,48.696800231933594
419.989013671875,230.17100524902344,77.64099884033203,50.00669860839844
428.3446960449219,227.5500946044922,72.48580169677734,49.855098724365234
433.8075866699219,226.64779663085938,74.55480194091797,53.32120132446289
442.3761901855469,232.64219665527344,69.339599609375,52.33430099487305
448.650390625,238.56170654296875,69.41799926757812,53.01649856567383
450.56219482421875,244.36810302734375,76.31759643554688,55.1885986328125
457.63470458984375,248.48809814453125,73.48359680175781,55.61000061035156
467.3876037597656,247.94740295410156,74.16200256347656,57.02119827270508
474.8695068359375,240.33120727539062,66.99210357666016,57.92190170288086
481.3432922363281,233.23789978027344,68.37300109863281,55.5177001953125
486.8371887207031,229.48899841308594,77.67250061035156,52.36119842529297
492.8656921386719,229.98350524902344,74.37480163574219,50.55390167236328
503.6217956542969,233.60369873046875,70.29399871826172,49.669898986816406
507.6676940917969,234.8852996826172,67.47480010986328,49.2953987121582
507.7760925292969,238.65879821777344,64.97579956054688,46.405799865722656
505.21240234375,239.0885009765625,65.46070098876953,46.92639923095703
499.6451110839844,239.0269012451172,70.03939819335938,47.64070129394531
502.1969909667969,239.63259887695312,65.9280014038086,48.75189971923828
507.1164855957031,239.1511993408203,63.53730010986328,47.76919937133789
512.8253173828125,244.41090393066406,61.10169982910156,45.04330062866211
515.7128295898438,249.97549438476562,60.648399353027344,44.63629913330078
515.0878295898438,251.5052032470703,63.390899658203125,45.83440017700195
516.06591796875,254.6497039794922,65.71790313720703,46.264801025390625
520.3502807617188,256.70709228515625,64.45480346679688,45.549400329589844
528.01220703125,258.30810546875,58.057701110839844,44.061798095703125
531.065185546875,259.9305114746094,55.641300201416016,43.28810119628906
536.4771728515625,261.8157958984375,54.12670135498047,43.324100494384766
539.7473754882812,260.523193359375,52.38479995727539,43.64120101928711
544.532470703125,258.6300048828125,51.916099548339844,41.9093017578125
549.0208740234375,256.9992980957031,47.8400993347168,42.47809982299805
556.3145751953125,256.502197265625,45.38679885864258,41.68159866333008
563.1348876953125,253.5417938232422,42.17070007324219,42.151798248291016
567.1275024414062,252.86630249023438,41.75299835205078,40.98099899291992
569.1834716796875,250.26170349121094,39.57609939575195,41.09389877319336
568.68701171875,248.83740234375,39.18600082397461,39.31520080566406
564.5811157226562,247.92030334472656,40.05870056152344,39.726200103759766
559.9868774414062,243.50340270996094,35.2692985534668,39.65660095214844
556.1536865234375,239.96090698242188,33.63309860229492,39.138099670410156
553.1143188476562,238.53759765625,31.119199752807617,37.701698303222656
549.2169189453125,237.70480346679688,27.95549964904785,36.10929870605469
546.9968872070312,237.01150512695312,25.744600296020508,32.5880012512207
544.1934814453125,239.50689697265625,24.349599838256836,30.155799865722656
541.12451171875,241.5803985595703,24.415000915527344,29.83970069885254
538.9824829101562,242.63040161132812,23.78380012512207,30.11910057067871
535.6589965820312,244.02920532226562,24.315000534057617,30.905399322509766
531.2869262695312,244.7552032470703,27.290000915527344,32.489200592041016
530.2799072265625,243.2790069580078,26.181900024414062,32.22119903564453
527.1868896484375,241.9595947265625,26.770599365234375,31.905399322509766
524.5372924804688,242.84930419921875,28.01930046081543,31.255599975585938
524.1431274414062,243.3280029296875,27.850500106811523,26.902299880981445
525.8452758789062,243.6107940673828,26.188400268554688,25.47410011291504
525.3729858398438,243.1855926513672,26.748199462890625,25.407499313354492
526.5455932617188,240.60569763183594,25.04840087890625,26.605100631713867
524.0521850585938,239.6884002685547,26.316499710083008,26.399599075317383
523.0548706054688,238.94839477539062,27.434200286865234,29.246000289916992
521.30712890625,240.64450073242188,28.296499252319336,27.811800003051758
518.7053833007812,244.16909790039062,30.861799240112305,28.4242000579834
518.11181640625,246.13299560546875,31.10219955444336,26.819799423217773
516.2379150390625,247.23049926757812,32.96329879760742,25.752300262451172
512.947998046875,248.50579833984375,36.164100646972656,26.385900497436523
510.0650939941406,249.78720092773438,36.963199615478516,26.905000686645508
509.8033142089844,248.43569946289062,35.0609016418457,28.519399642944336
507.97760009765625,249.2530059814453,34.54349899291992,26.97719955444336
506.09710693359375,249.55929565429688,33.7859001159668,26.187299728393555
505.2428894042969,248.70469665527344,33.20209884643555,25.6112003326416
505.29998779296875,248.1219940185547,30.803699493408203,25.29640007019043
500.1693115234375,248.71009826660156,32.98379898071289,25.250600814819336
500.47039794921875,249.76870727539062,29.046199798583984,24.800899505615234
497.981689453125,247.28550720214844,29.100400924682617,25.133499145507812
494.9620056152344,247.65570068359375,28.925100326538086,26.31920051574707
492.2113952636719,247.1667938232422,29.159500122070312,26.128700256347656
491.4827880859375,246.59530639648438,28.36079978942871,25.253400802612305
488.43798828125,248.85470581054688,28.63680076599121,24.345399856567383
488.7995910644531,248.23500061035156,28.701499938964844,25.405000686645508
485.5315856933594,248.8616943359375,29.762699127197266,25.353700637817383
485.4482116699219,247.00650024414062,30.872499465942383,26.60540008544922
485.24688720703125,246.53309631347656,28.397300720214844,26.881099700927734
483.922607421875,246.34890747070312,27.836299896240234,25.85409927368164
482.75360107421875,247.1197967529297,27.65679931640625,23.260799407958984
482.5797119140625,247.62359619140625,25.652099609375,23.521799087524414
482.1203918457031,248.77749633789062,25.37980079650879,23.781999588012695
482.2735900878906,249.94459533691406,23.766000747680664,23.156400680541992
481.5639953613281,247.85629272460938,22.824899673461914,23.41659927368164
480.5166931152344,247.6656036376953,22.689199447631836,23.398399353027344
476.9902038574219,248.5605010986328,24.748300552368164,23.882400512695312
473.6565856933594,249.52760314941406,26.709699630737305,23.18709945678711
471.3411865234375,251.2908935546875,28.118099212646484,23.487499237060547
468.3183898925781,251.98800659179688,30.861499786376953,23.514999389648438
466.9689025878906,251.60389709472656,30.775100708007812,25.003299713134766
466.0356140136719,250.68280029296875,30.635700225830078,26.331600189208984
464.44580078125,251.59249877929688,31.0802001953125,25.125
463.2846984863281,252.82339477539062,30.48150062561035,23.422100067138672
462.25390625,252.7436065673828,30.655000686645508,23.766700744628906
461.41778564453125,253.1295928955078,31.35420036315918,23.090999603271484
462.0934143066406,253.18380737304688,30.396699905395508,23.573699951171875
460.99798583984375,253.85580444335938,29.27389907836914,24.517099380493164
458.4118957519531,252.193603515625,28.0841007232666,26.01609992980957
454.8808898925781,250.8291015625,31.436800003051758,25.895099639892578
452.1882019042969,250.9949951171875,33.44200134277344,23.646699905395508
449.3293151855469,249.90199279785156,36.18659973144531,22.47319984436035
444.9924011230469,247.8509979248047,39.50529861450195,22.28219985961914
444.1929931640625,247.77749633789062,39.48030090332031,23.29400062561035
442.6005859375,246.75039672851562,38.93539810180664,24.239099502563477
440.8324890136719,244.96279907226562,38.176300048828125,24.556800842285156
439.2752990722656,244.00140380859375,39.4296989440918,24.011600494384766
438.0232849121094,245.1616973876953,39.486900329589844,23.68239974975586
436.7388916015625,245.8217010498047,40.1890983581543,23.297300338745117
435.7388000488281,247.76910400390625,40.18669891357422,22.55109977722168
434.1684875488281,248.02349853515625,38.36790084838867,23.08169937133789
433.1722106933594,247.57730102539062,36.561798095703125,24.621299743652344
432.0502014160156,247.57350158691406,33.730499267578125,26.24720001220703
428.9363098144531,248.26370239257812,32.999900817871094,25.05150032043457
428.8882141113281,248.27479553222656,30.964500427246094,24.315399169921875
428.3005065917969,247.6331024169922,32.397499084472656,24.41659927368164
427.8116149902344,249.35400390625,32.0442008972168,22.901599884033203
426.81451416015625,250.5308074951172,32.894500732421875,23.453899383544922
425.05731201171875,251.5113067626953,28.382099151611328,23.359600067138672
425.0729064941406,251.03939819335938,25.448400497436523,23.53730010986328
425.88330078125,249.0802001953125,23.891700744628906,24.111099243164062
426.7461853027344,247.81410217285156,23.751800537109375,22.618499755859375
429.3608093261719,247.1781005859375,21.194799423217773,20.575700759887695
430.33770751953125,247.4217071533203,18.930999755859375,19.93790054321289
430.0939025878906,246.66600036621094,18.160600662231445,20.20439910888672
429.90301513671875,247.54879760742188,17.13290023803711,18.74370002746582
431.5611877441406,246.6154022216797,15.706199645996094,19.504899978637695
431.2456970214844,246.310302734375,16.006900787353516,21.729799270629883
430.101806640625,248.40049743652344,17.155500411987305,21.376399993896484
430.2969055175781,250.24049377441406,16.59079933166504,20.564300537109375
429.12188720703125,249.5803985595703,17.620100021362305,20.47209930419922
429.4307861328125,248.48109436035156,18.91320037841797,20.011999130249023
428.2929992675781,249.19740295410156,19.87849998474121,19.80579948425293
424.57720947265625,249.07179260253906,22.511199951171875,20.873899459838867
421.3778076171875,248.1719970703125,23.378299713134766,21.643299102783203
419.7712097167969,246.86419677734375,24.195600509643555,21.98819923400879
421.1366882324219,246.21670532226562,23.84309959411621,21.237600326538086
419.65411376953125,245.4329071044922,24.183900833129883,21.446800231933594
418.85400390625,244.08340454101562,23.93239974975586,20.619400024414062
419.4537048339844,241.67739868164062,23.417600631713867,20.07859992980957
419.9092102050781,239.1739044189453,21.670799255371094,20.331300735473633
420.4883117675781,237.2248992919922,19.936599731445312,19.9335994720459
417.5262145996094,236.210693359375,22.118200302124023,20.02239990234375
415.09588623046875,234.86810302734375,22.812299728393555,20.125099182128906
412.35400390625,235.43629455566406,23.641599655151367,19.050399780273438
409.4652099609375,237.2523956298828,25.57550048828125,19.223899841308594
407.3977966308594,237.4709930419922,25.596799850463867,18.824800491333008
405.940185546875,235.45359802246094,25.784900665283203,19.646900177001953
404.8243103027344,232.4221954345703,25.64299964904785,19.58489990234375
403.9450988769531,231.85389709472656,24.995100021362305,19.03569984436035
405.05450439453125,233.1616973876953,24.733699798583984,18.24049949645996
405.0244140625,233.75010681152344,24.083599090576172,18.617000579833984
405.0859069824219,235.54049682617188,23.971799850463867,18.301000595092773
405.302001953125,236.59429931640625,23.915000915527344,18.63559913635254
404.31048583984375,236.7841033935547,22.755800247192383,19.33209991455078
403.09100341796875,234.56019592285156,23.403900146484375,20.75790023803711
403.74969482421875,235.32369995117188,23.555299758911133,18.834299087524414
403.63018798828125,235.82220458984375,24.208499908447266,18.3882999420166
402.6445007324219,237.08250427246094,26.116100311279297,18.503999710083008
400.2098083496094,239.71560668945312,27.596900939941406,18.965700149536133
398.41778564453125,239.2375030517578,28.119199752807617,19.01609992980957
399.0393981933594,234.8231964111328,26.443700790405273,20.49049949645996
400.46429443359375,230.6549072265625,25.582300186157227,19.935199737548828
401.6694030761719,229.0666046142578,24.833499908447266,19.352800369262695
402.0426025390625,227.86399841308594,24.7716007232666,18.082799911499023
401.9482116699219,226.93870544433594,25.57309913635254,18.677799224853516
402.5773010253906,225.79600524902344,24.48579978942871,19.114099502563477
405.5116882324219,223.2418975830078,21.310199737548828,19.22209930419922
404.13970947265625,220.09249877929688,22.594100952148438,19.705400466918945
403.6151123046875,217.1428985595703,24.0856990814209,19.167800903320312
402.2370910644531,214.24270629882812,25.861600875854492,18.188600540161133
400.15301513671875,213.10040283203125,27.499799728393555,18.27429962158203
398.70001220703125,211.31509399414062,27.436899185180664,19.459999084472656
398.1048889160156,207.44349670410156,25.46489906311035,20.506399154663086
395.537109375,205.5742950439453,26.07830047607422,19.89240074157715
393.9919128417969,204.04029846191406,26.68939971923828,19.44379997253418
392.10931396484375,203.9539031982422,29.420799255371094,18.885799407958984
390.9106140136719,203.83770751953125,29.049699783325195,18.98740005493164
390.9772033691406,202.55490112304688,26.946800231933594,19.600500106811523
389.92889404296875,200.47799682617188,25.121999740600586,20.224199295043945
388.72088623046875,199.23519897460938,24.37420082092285,19.60300064086914
387.00079345703125,198.64529418945312,25.03339958190918,19.291500091552734
385.9299011230469,197.88589477539062,25.621000289916992,19.14150047302246
385.4421081542969,197.02340698242188,27.396400451660156,18.81049919128418
383.99139404296875,197.16909790039062,27.910999298095703,19.20359992980957
384.3346862792969,196.23609924316406,25.5393009185791,19.329999923706055
383.9991149902344,194.10740661621094,23.213699340820312,19.422100067138672
385.3291931152344,192.69639587402344,22.606199264526367,18.939300537109375
384.7926025390625,192.05709838867188,21.921600341796875,18.872800827026367
384.0889892578125,192.14649963378906,21.558300018310547,18.999900817871094
385.1888122558594,191.71749877929688,20.828699111938477,18.988300323486328
384.6842041015625,189.64349365234375,19.528200149536133,19.784400939941406
384.15521240234375,185.60879516601562,19.748600006103516,20.369199752807617
382.9872131347656,182.9593048095703,20.713499069213867,19.720600128173828
382.5721130371094,180.1652069091797,22.150400161743164,19.106599807739258
381.7900085449219,177.99200439453125,24.151599884033203,19.00510025024414
381.45001220703125,178.0561981201172,24.112899780273438,19.5398006439209
380.01959228515625,176.92340087890625,24.67970085144043,19.44729995727539
380.5173034667969,176.30160522460938,24.49810028076172,19.329999923706055
377.9158935546875,176.3782958984375,25.07430076599121,20.46820068359375
378.6307067871094,176.69790649414062,24.474599838256836,20.034099578857422
377.8359069824219,178.79229736328125,23.347400665283203,18.48150062561035
376.1947021484375,178.60000610351562,23.192899703979492,18.55739974975586
377.3370056152344,177.5323028564453,23.787500381469727,18.097999572753906
378.0555114746094,175.38479614257812,24.710899353027344,18.604299545288086
381.5436096191406,174.11050415039062,22.511999130249023,18.680099487304688
383.0461120605469,174.61309814453125,21.75320053100586,19.894399642944336
382.206787109375,174.14450073242188,22.179800033569336,19.869600296020508
382.8546142578125,172.7720947265625,23.487600326538086,18.988100051879883
381.9784851074219,170.11410522460938,25.910499572753906,19.0762996673584
382.12078857421875,169.45669555664062,25.655099868774414,19.395999908447266
381.9327087402344,167.28579711914062,24.72760009765625,20.855199813842773
383.1488037109375,164.39019775390625,23.503299713134766,20.722700119018555
384.7868957519531,163.65980529785156,23.215200424194336,19.241500854492188
384.3941955566406,161.8979034423828,23.44879913330078,19.68899917602539
384.7090148925781,160.8249969482422,24.0851993560791,19.113300323486328
383.9128112792969,159.24749755859375,23.626100540161133,20.46269989013672
383.9997863769531,155.568603515625,21.827499389648438,21.165000915527344
385.00799560546875,150.51809692382812,21.679800033569336,21.77560043334961
384.931884765625,148.89720153808594,22.43470001220703,19.816099166870117
382.71270751953125,150.39089965820312,24.022199630737305,19.458499908447266
380.78759765625,154.61390686035156,26.488000869750977,19.956300735473633
377.7969055175781,159.65069580078125,26.706600189208984,20.571199417114258
376.5237121582031,162.07330322265625,26.191299438476562,23.419099807739258
345.4635925292969,140.7471923828125,11.912300109863281,17.805299758911133
345.48089599609375,143.6522979736328,10.949899673461914,16.50860023498535
343.4007873535156,146.58349609375,12.071399688720703,17.133699417114258
341.2438049316406,151.4355926513672,13.337300300598145,17.56410026550293
340.4097900390625,153.13780212402344,11.595000267028809,16.36549949645996
338.8843078613281,153.80670166015625,11.927399635314941,16.74850082397461
337.12701416015625,152.93020629882812,13.48639965057373,15.802499771118164
335.2744140625,152.9654998779297,15.516200065612793,16.725299835205078
332.46630859375,152.06320190429688,17.074499130249023,18.502500534057617
332.2860107421875,153.3094940185547,17.295799255371094,19.083499908447266
333.04278564453125,153.91709899902344,16.675800323486328,18.770999908447266
331.777587890625,153.19039916992188,17.031400680541992,17.160900115966797
333.0093078613281,153.1519012451172,16.038700103759766,17.042400360107422
334.0309143066406,152.4385986328125,16.992000579833984,17.221799850463867
336.9469909667969,150.6873016357422,16.138500213623047,17.767799377441406
339.87451171875,147.63340759277344,15.485400199890137,18.895299911499023
341.3782043457031,146.2299041748047,16.03499984741211,17.612600326538086
339.9442138671875,148.44549560546875,18.56220054626465,18.13249969482422
337.09979248046875,151.64309692382812,21.487499237060547,19.034299850463867
332.9171142578125,154.3907928466797,27.537700653076172,20.993999481201172
357.15301513671875,116.63980102539062,18.451799392700195,20.31220054626465
359.7561950683594,118.05840301513672,15.889699935913086,20.66160011291504
360.08160400390625,120.20099639892578,15.605299949645996,20.698200225830078
360.5762023925781,122.27050018310547,15.937299728393555,20.405000686645508
360.96649169921875,124.32140350341797,15.819999694824219,21.01219940185547
361.8623046875,125.02040100097656,16.013700485229492,19.96179962158203
363.639892578125,120.54010009765625,17.478200912475586,20.957000732421875
366.2119140625,119.1426010131836,16.976999282836914,19.968599319458008
369.62420654296875,117.63580322265625,17.65999984741211,20.95050048828125
373.364501953125,116.39330291748047,17.786800384521484,20.22170066833496
376.8868103027344,114.72979736328125,18.306299209594727,21.36669921875
380.96539306640625,114.65969848632812,17.897899627685547,20.69339942932129
383.91571044921875,110.30580139160156,17.707500457763672,21.03969955444336
385.2130126953125,108.34089660644531,17.239500045776367,21.218399047851562
386.7705078125,108.68509674072266,17.065799713134766,20.857500076293945
387.13958740234375,107.69519805908203,17.52989959716797,21.015899658203125
387.5085144042969,105.99479675292969,17.965599060058594,21.103599548339844
388.05499267578125,106.18070220947266,18.08930015563965,21.301300048828125
388.091796875,108.7781982421875,17.64150047302246,20.952499389648438
390.2409973144531,111.114501953125,17.428800582885742,20.156700134277344
392.21630859375,114.93460083007812,17.105199813842773,19.289899826049805
394.6402893066406,118.53240203857422,16.774700164794922,19.117399215698242
396.085693359375,120.71649932861328,17.167400360107422,20.0625
397.4912109375,123.47540283203125,17.510299682617188,20.05929946899414
399.3174133300781,125.181396484375,17.574899673461914,20.721200942993164
400.3053894042969,126.69850158691406,18.20669937133789,21.87660026550293
401.53759765625,127.16639709472656,18.73270034790039,22.076200485229492
403.27398681640625,129.11570739746094,18.096200942993164,21.20330047607422
404.2940979003906,130.31370544433594,18.197099685668945,21.258499145507812
404.5810852050781,132.2480010986328,18.476299285888672,21.49209976196289
404.87091064453125,132.30499267578125,18.95989990234375,21.485599517822266
406.68011474609375,130.62379455566406,19.13170051574707,22.74880027770996
408.3157043457031,131.3350067138672,18.791799545288086,22.193500518798828
408.7781982421875,132.5832977294922,18.74410057067871,21.843900680541992
409.2654113769531,133.05130004882812,18.727100372314453,21.907499313354492
409.2085876464844,133.06790161132812,19.568899154663086,22.490400314331055
409.3357849121094,132.8238983154297,18.87529945373535,22.237899780273438
409.21160888671875,129.9615020751953,18.401899337768555,22.885000228881836
408.3125,129.06820678710938,18.14620018005371,22.877399444580078
407.49468994140625,127.84140014648438,18.50659942626953,23.494699478149414
406.5140075683594,126.89469909667969,18.24410057067871,23.052499771118164
406.9219970703125,123.31520080566406,19.272600173950195,23.080400466918945
408.2757873535156,121.62039947509766,19.10449981689453,23.34709930419922
409.6897888183594,120.94539642333984,19.14229965209961,23.587400436401367
410.0707092285156,121.16729736328125,19.26449966430664,24.337099075317383
410.6724853515625,121.6624984741211,19.297199249267578,23.460500717163086
411.222412109375,123.07839965820312,19.149799346923828,23.577199935913086
411.8387145996094,123.2155990600586,18.98710060119629,23.38159942626953
412.41790771484375,121.56439971923828,19.202299118041992,23.60930061340332
412.9648132324219,122.5385971069336,19.62310028076172,23.07699966430664
414.4941101074219,123.65730285644531,18.900299072265625,23.176599502563477
415.5057067871094,123.20700073242188,19.751699447631836,23.402999877929688
417.30609130859375,123.09549713134766,19.465900421142578,22.873300552368164
416.2724914550781,126.83300018310547,20.05590057373047,22.405899047851562
416.48760986328125,131.2158966064453,19.688100814819336,22.300600051879883
417.82611083984375,135.02659606933594,19.530899047851562,22.543899536132812
418.5130920410156,136.27589416503906,19.286800384521484,22.942399978637695
420.08660888671875,136.17739868164062,20.117799758911133,23.063800811767578
421.9588928222656,134.96249389648438,20.84079933166504,23.65999984741211
423.7926025390625,135.77760314941406,20.602399826049805,23.6476993560791
425.5150146484375,136.09219360351562,19.888399124145508,23.75819969177246
427.6885070800781,136.37330627441406,20.268400192260742,23.922700881958008
429.4837951660156,136.1490020751953,20.08839988708496,23.64150047302246
429.526611328125,137.1605987548828,20.175800323486328,24.12220001220703
430.9735107421875,137.2602996826172,20.018299102783203,24.01420021057129
431.8951110839844,137.08889770507812,20.151599884033203,24.45709991455078
432.875,136.9062042236328,20.25979995727539,24.192399978637695
433.7034912109375,137.22000122070312,20.008399963378906,24.76219940185547
434.9956970214844,138.07000732421875,20.209199905395508,24.41309928894043
436.1875,137.91830444335938,19.89590072631836,24.366600036621094
435.7018127441406,138.34970092773438,20.237600326538086,24.60420036315918
435.7500915527344,139.40330505371094,21.305700302124023,25.034799575805664
