1
319.1015930175781,176.5959014892578,52.015098571777344,51.72249984741211
319.0841064453125,181.02920532226562,52.024200439453125,51.97959899902344
320.1619873046875,183.03219604492188,49.615501403808594,51.523399353027344
322.2513122558594,185.4595947265625,47.97460174560547,51.57350158691406
324.8446960449219,188.9508056640625,44.34469985961914,50.9744987487793
326.07659912109375,192.08009338378906,42.489898681640625,51.172000885009766
327.7143859863281,196.22470092773438,40.28239822387695,50.12739944458008
329.16009521484375,200.55560302734375,37.81529998779297,48.98590087890625
329.664306640625,203.49609375,36.684600830078125,49.107200622558594
331.2488098144531,208.2790985107422,33.82609939575195,48.275901794433594
332.52191162109375,209.55599975585938,32.12009811401367,48.75120162963867
333.5690002441406,210.10060119628906,29.18869972229004,48.87879943847656
334.8800964355469,209.585693359375,25.96430015563965,47.72050094604492
335.972900390625,208.2209014892578,22.792400360107422,47.51919937133789
336.54730224609375,205.60830688476562,19.920299530029297,48.509498596191406
337.0481872558594,204.9403076171875,16.819400787353516,47.2848014831543
337.0448913574219,200.398193359375,15.461400032043457,48.85020065307617
336.4082946777344,196.34410095214844,13.479999542236328,50.445701599121094
335.1429138183594,196.71249389648438,13.044400215148926,47.64039993286133
333.8788146972656,193.97900390625,13.476499557495117,47.442901611328125
331.7059020996094,192.5084991455078,14.376999855041504,46.21879959106445
329.9674987792969,188.35910034179688,14.893899917602539,46.70090103149414
327.9867858886719,184.15130615234375,14.72089958190918,47.997501373291016
324.6460876464844,180.71029663085938,16.42609977722168,47.47520065307617
321.55511474609375,176.7530975341797,19.176799774169922,48.14860153198242
317.9078063964844,172.38929748535156,23.210899353027344,48.09189987182617
314.7694091796875,169.0709991455078,26.668100357055664,47.92559814453125
312.5445861816406,165.0303955078125,28.533000946044922,46.59040069580078
309.48919677734375,162.2471923828125,30.830299377441406,46.63610076904297
305.714111328125,157.3437042236328,34.426700592041016,46.702598571777344
304.82861328125,153.15379333496094,35.41740036010742,45.43880081176758
302.1228942871094,150.53689575195312,36.609798431396484,41.41859817504883
300.36810302734375,145.59019470214844,39.152198791503906,40.94179916381836
298.8407897949219,137.24429321289062,40.2760009765625,43.42020034790039
296.5871887207031,132.78439331054688,41.81679916381836,43.02450180053711
296.21240234375,125.93990325927734,43.279598236083984,45.311100006103516
295.3140869140625,119.90850067138672,44.63130187988281,44.482200622558594
292.92779541015625,111.9916000366211,48.02840042114258,46.93600082397461
293.5840148925781,108.06520080566406,50.33470153808594,46.21689987182617
296.27288818359375,104.02629852294922,48.508201599121094,45.26219940185547
297.0,101.26619720458984,49.57099914550781,44.37730026245117
298.3789978027344,99.04959869384766,52.45669937133789,43.377201080322266
299.3970031738281,95.70890045166016,54.114200592041016,43.89509963989258
303.9469909667969,92.48190307617188,49.68320083618164,45.40769958496094
305.9684143066406,91.0875015258789,48.96379852294922,44.860599517822266
308.875,88.15390014648438,50.10100173950195,46.189701080322266
309.51800537109375,87.28389739990234,50.345001220703125,47.700801849365234
311.81689453125,86.49659729003906,50.527801513671875,48.91299819946289
314.1159973144531,89.44580078125,48.70130157470703,47.6702995300293
317.131591796875,89.36209869384766,47.96080017089844,48.4208984375
319.30108642578125,90.61599731445312,48.222900390625,48.00090026855469
321.6964111328125,91.63580322265625,48.144901275634766,48.402801513671875
320.8241882324219,91.8030014038086,50.32469940185547,48.34349822998047
322.66339111328125,91.95919799804688,49.83039855957031,48.941001892089844
325.82989501953125,94.80940246582031,47.11989974975586,47.763301849365234
327.8544921875,97.58489990234375,45.725799560546875,47.70009994506836
328.9717102050781,101.7345962524414,44.38249969482422,47.01150131225586
329.8417053222656,103.98670196533203,42.05030059814453,49.00740051269531
330.0546875,109.40229797363281,41.11869812011719,48.50510025024414
327.748291015625,137.1790008544922,26.80780029296875,47.30659866333008
327.35528564453125,141.01950073242188,24.380699157714844,47.95119857788086
327.02569580078125,144.62579345703125,22.271699905395508,48.69620132446289
326.96380615234375,144.856201171875,19.284500122070312,49.767601013183594
325.8369140625,146.19509887695312,17.737699508666992,49.951900482177734
324.2080993652344,144.61090087890625,17.08049964904785,53.15620040893555
322.7972106933594,148.8271026611328,16.659099578857422,50.51539993286133
319.548095703125,146.826904296875,17.37809944152832,54.069801330566406
318.2438049316406,146.85809326171875,18.932300567626953,57.349300384521484
316.643798828125,151.3668975830078,19.470600128173828,54.57469940185547
316.2253112792969,155.7729034423828,19.436199188232422,52.592098236083984
315.68829345703125,156.818603515625,19.54640007019043,53.695701599121094
315.2117004394531,158.9008026123047,20.984899520874023,52.50230026245117
313.77850341796875,163.58970642089844,22.691200256347656,48.48929977416992
312.59149169921875,164.06869506835938,25.15880012512207,50.435001373291016
312.0315856933594,164.6884002685547,26.968700408935547,51.27119827270508
311.79681396484375,162.9694061279297,29.515499114990234,54.508201599121094
311.4818115234375,166.04469299316406,30.61709976196289,52.79029846191406
311.9302062988281,167.77349853515625,32.48310089111328,51.935001373291016
311.18701171875,169.11219787597656,34.54800033569336,52.668701171875
311.3926086425781,171.1992950439453,37.3921012878418,51.766300201416016
312.952392578125,173.78379821777344,38.64229965209961,50.846500396728516
313.218994140625,176.53529357910156,41.19889831542969,50.089900970458984
313.2980041503906,178.20680236816406,43.136600494384766,49.99549865722656
314.35870361328125,180.0950927734375,44.16510009765625,52.74689865112305
315.5050964355469,184.685302734375,45.50120162963867,49.94240188598633
315.7379150390625,187.2781982421875,46.39830017089844,50.50630187988281
316.3085021972656,191.0623016357422,48.07870101928711,49.68709945678711
316.8883972167969,193.5740966796875,49.16529846191406,50.44020080566406
318.40509033203125,196.55709838867188,49.09400177001953,50.05110168457031
318.45111083984375,199.28700256347656,50.08980178833008,49.71760177612305
318.3727111816406,201.5034942626953,51.01070022583008,49.67390060424805
318.4139099121094,202.90899658203125,51.55149841308594,49.851200103759766
319.6131896972656,205.452392578125,50.285499572753906,48.83980178833008
320.2222900390625,207.58349609375,50.937400817871094,48.82389831542969
320.315185546875,208.65199279785156,50.216400146484375,48.85580062866211
321.00201416015625,209.99859619140625,49.400901794433594,48.29410171508789
320.49359130859375,213.08189392089844,49.33190155029297,49.11259841918945
320.8091125488281,214.03700256347656,48.099700927734375,48.51210021972656
321.3117980957031,216.08560180664062,46.59469985961914,48.9379997253418
320.6012878417969,215.71670532226562,46.25600051879883,50.471900939941406
320.7952880859375,217.81080627441406,44.67919921875,49.33110046386719
321.2200012207031,218.69650268554688,43.14350128173828,50.206199645996094
321.106201171875,218.9873046875,43.126399993896484,49.435699462890625
320.7449951171875,219.2003936767578,41.395198822021484,50.174400329589844
320.8450927734375,219.47860717773438,41.281700134277344,51.35649871826172
319.90020751953125,220.01919555664062,40.375999450683594,52.33549880981445
319.6325988769531,223.62429809570312,39.18149948120117,50.81529998779297
318.7809143066406,224.2440948486328,37.029701232910156,53.944698333740234
319.1708068847656,228.98770141601562,34.5172004699707,51.096900939941406
319.0867919921875,231.910400390625,32.64120101928711,53.55910110473633
318.0469055175781,233.75160217285156,32.06669998168945,52.63410186767578
318.2449951171875,236.1114044189453,27.69860076904297,54.167198181152344
319.4761962890625,239.0493927001953,23.80190086364746,53.00619888305664
318.6299133300781,240.24400329589844,22.728200912475586,55.017398834228516
318.52789306640625,241.2801055908203,21.7362003326416,54.67210006713867
319.3334045410156,241.66380310058594,19.096200942993164,57.25529861450195
319.2596130371094,243.79800415039062,17.231300354003906,55.78120040893555
318.0386962890625,247.05470275878906,17.775999069213867,56.3224983215332
317.5892028808594,249.7642059326172,17.713199615478516,54.584598541259766
315.2511901855469,252.20010375976562,18.935300827026367,54.64469909667969
314.6788024902344,254.14129638671875,19.445600509643555,54.215599060058594
314.1509094238281,253.34300231933594,20.689899444580078,54.95289993286133
314.2008056640625,254.10279846191406,21.387500762939453,54.04069900512695
312.7919006347656,254.34339904785156,23.452899932861328,53.57400131225586
313.1814880371094,255.05569458007812,25.059600830078125,53.824798583984375
312.3005065917969,254.9864959716797,28.347200393676758,55.28929901123047
312.23870849609375,256.1575927734375,29.793399810791016,55.754600524902344
311.5978088378906,259.4757995605469,33.37030029296875,56.23910140991211
312.24169921875,265.0701904296875,34.91749954223633,51.96419906616211
312.0744934082031,264.3160095214844,37.231300354003906,56.098201751708984
312.21978759765625,265.84820556640625,39.22959899902344,57.4375
310.59649658203125,266.1527099609375,41.95100021362305,57.46139907836914
311.3161926269531,267.57720947265625,44.91579818725586,59.395599365234375
311.2854919433594,268.78759765625,47.69430160522461,58.632301330566406
311.3052062988281,275.91571044921875,49.0463981628418,54.88890075683594
312.74810791015625,275.985595703125,49.198699951171875,55.750701904296875
311.22430419921875,270.0874938964844,53.720001220703125,62.58300018310547
309.919189453125,266.9377136230469,55.8734016418457,66.23290252685547
314.54620361328125,276.0173034667969,53.62480163574219,54.45880126953125
316.5805969238281,271.1205139160156,52.14229965209961,62.543701171875
310.94061279296875,265.2135009765625,60.725101470947266,71.72219848632812
314.1492919921875,272.67620849609375,59.5619010925293,65.10880279541016
309.9548034667969,265.51690673828125,63.950599670410156,80.8563003540039
311.64581298828125,272.47369384765625,63.8114013671875,69.6532974243164
310.0163879394531,274.3612976074219,65.65979766845703,66.4259033203125
306.0744934082031,264.5356140136719,130.1959991455078,92.6498031616211
300.5184020996094,263.4396057128906,139.55990600585938,93.51730346679688
299.8529052734375,263.9742126464844,141.76449584960938,92.1636962890625
301.6716003417969,264.7286071777344,140.0041961669922,91.69200134277344
302.3544006347656,264.1756896972656,136.75390625,92.5082015991211
300.8291015625,265.8371887207031,141.1699981689453,91.14459991455078
302.9928894042969,264.47650146484375,139.14320373535156,92.79930114746094
303.8490905761719,265.4173889160156,134.5500030517578,91.7948989868164
303.5436096191406,263.9953918457031,136.76480102539062,92.6322021484375
302.91790771484375,264.6680908203125,139.05740356445312,91.35970306396484
302.747314453125,264.3793029785156,138.40350341796875,91.82869720458984
303.32611083984375,264.4844055175781,139.1123046875,91.94770050048828
303.860107421875,265.0775146484375,135.60800170898438,91.69200134277344
301.18719482421875,264.38409423828125,139.7841033935547,92.84549713134766
301.85308837890625,264.2742004394531,139.29820251464844,92.90850067138672
303.3953857421875,264.0625915527344,132.50070190429688,92.83999633789062
301.0409851074219,264.47320556640625,139.04449462890625,92.4188003540039
303.1221923828125,265.389892578125,135.3553924560547,91.21179962158203
303.2403869628906,264.6340026855469,137.4073028564453,92.77490234375
304.4419860839844,264.3439025878906,135.28829956054688,92.5031967163086
305.95819091796875,264.0658874511719,133.85760498046875,92.331298828125
305.9912109375,264.16668701171875,137.22959899902344,92.45989990234375
301.4858093261719,264.172607421875,136.1282958984375,92.25250244140625
300.9768981933594,263.37530517578125,138.5753936767578,92.38909912109375
297.65789794921875,262.7998046875,141.97140502929688,94.0833969116211
295.5679016113281,264.7926940917969,144.79110717773438,91.86430358886719
294.42449951171875,263.7662048339844,146.7917022705078,93.12950134277344
295.2762145996094,264.8716125488281,143.70579528808594,92.64769744873047
288.4455871582031,264.8326110839844,152.37330627441406,92.90699768066406
296.106201171875,264.8966979980469,143.31410217285156,93.27770233154297
295.4331970214844,263.8844909667969,145.17269897460938,94.0728988647461
296.32159423828125,265.0187072753906,145.58749389648438,92.50160217285156
298.1004943847656,263.4302062988281,142.8603973388672,93.30349731445312
303.0899963378906,264.4314880371094,136.6593017578125,92.20760345458984
304.8302917480469,263.47808837890625,136.20530700683594,92.87750244140625
306.79229736328125,265.1606140136719,130.41000366210938,92.2605972290039
304.4908142089844,263.66729736328125,133.39610290527344,92.93679809570312
291.3569030761719,262.5267028808594,133.14840698242188,91.30560302734375
299.46630859375,267.9079895019531,60.056400299072266,77.57779693603516
311.82818603515625,284.3192138671875,36.98550033569336,54.01210021972656
309.9220886230469,281.8200988769531,42.44169998168945,56.312198638916016
309.82000732421875,281.35369873046875,44.37350082397461,58.88240051269531
309.9122009277344,282.13238525390625,46.22669982910156,59.505699157714844
310.5174865722656,281.5137023925781,49.12649917602539,59.3135986328125
312.07958984375,280.7139892578125,49.886199951171875,59.65010070800781
314.1037902832031,280.01611328125,48.94919967651367,60.069801330566406
311.69140625,280.7430114746094,55.38759994506836,64.4374008178711
313.8100891113281,283.0480041503906,54.184200286865234,60.716400146484375
316.38909912109375,283.52069091796875,52.52199935913086,58.148799896240234
314.8192138671875,282.46728515625,56.64569854736328,57.5786018371582
312.55120849609375,282.4879150390625,59.92470169067383,57.59159851074219
318.1225891113281,281.1955871582031,56.41630172729492,58.70759963989258
317.4436950683594,281.9338073730469,58.188899993896484,59.077999114990234
319.22540283203125,281.9014892578125,57.234100341796875,58.967201232910156
319.2412109375,282.02911376953125,57.37229919433594,59.12929916381836
319.49859619140625,282.5331115722656,57.293701171875,60.13800048828125
320.6825866699219,282.2432861328125,56.2327995300293,57.82529830932617
320.1590881347656,281.28021240234375,56.85300064086914,59.71950149536133
318.8833923339844,282.2410888671875,58.66189956665039,58.87189865112305
321.22210693359375,280.364013671875,56.9364013671875,59.769798278808594
320.1134033203125,281.66241455078125,57.77000045776367,57.1265983581543
320.148193359375,281.6174011230469,56.745601654052734,56.90549850463867
320.2619934082031,281.29669189453125,56.139400482177734,57.877601623535156
320.0801086425781,280.1592102050781,54.19820022583008,60.028900146484375
319.348388671875,279.70050048828125,53.814998626708984,59.647499084472656
318.7445983886719,279.65008544921875,51.66450119018555,62.224700927734375
321.12310791015625,279.6326904296875,48.087501525878906,58.00270080566406
320.8035888671875,278.09149169921875,48.21929931640625,58.585899353027344
317.1260070800781,274.1946105957031,48.992000579833984,61.41389846801758
314.87890625,267.6438903808594,49.3203010559082,67.17539978027344
316.73431396484375,270.2030029296875,47.18980026245117,64.24479675292969
316.6706848144531,270.0414123535156,43.23659896850586,64.25509643554688
315.77288818359375,268.6034851074219,41.51729965209961,64.50749969482422
315.1310119628906,269.0303955078125,39.80099868774414,67.40399932861328
314.7768859863281,273.2695007324219,38.20940017700195,60.483699798583984
314.001708984375,274.4775085449219,38.63140106201172,59.07720184326172
314.3117980957031,271.3077087402344,34.963401794433594,62.50090026855469
316.09649658203125,272.2395935058594,31.832599639892578,63.58100128173828
318.1871032714844,276.565185546875,27.0177001953125,58.81999969482422
318.65850830078125,271.3044128417969,25.866300582885742,63.51559829711914
315.23089599609375,271.227294921875,28.4158992767334,63.507598876953125
316.4938049316406,271.75311279296875,25.65959930419922,61.43280029296875
316.0889892578125,272.1701965332031,25.779499053955078,62.130401611328125
315.3487854003906,267.52679443359375,25.274999618530273,65.44499969482422
312.12750244140625,268.7864074707031,27.413400650024414,63.83449935913086
307.7356872558594,265.26300048828125,30.362600326538086,67.39910125732422
310.4849853515625,266.5264892578125,28.59149932861328,66.60540008544922
311.6805114746094,270.0539855957031,27.423500061035156,62.40449905395508
311.8276062011719,268.9175109863281,27.073200225830078,62.263099670410156
310.10369873046875,265.79620361328125,29.253400802612305,66.6624984741211
311.42608642578125,270.64849853515625,29.205299377441406,63.53689956665039
309.01300048828125,267.5867919921875,32.380401611328125,67.92539978027344
311.07391357421875,269.9678039550781,31.97719955444336,65.50509643554688
312.2684020996094,272.1776123046875,32.497501373291016,63.502899169921875
312.05389404296875,276.3359069824219,34.43870162963867,59.47639846801758
312.190185546875,278.1387023925781,37.60649871826172,57.44409942626953
314.3349914550781,274.75799560546875,36.6526985168457,60.56639862060547
313.63128662109375,277.7809143066406,39.34389877319336,57.65800094604492
313.52069091796875,279.5378112792969,41.70100021362305,57.22990036010742
310.3158874511719,270.4179992675781,46.82830047607422,65.49859619140625
310.3410949707031,267.52850341796875,48.75899887084961,69.6447982788086
310.623291015625,270.63739013671875,51.29520034790039,68.3207015991211
307.418701171875,265.3893127441406,55.405799865722656,74.12069702148438
310.677001953125,279.0757141113281,54.30440139770508,61.8203010559082
314.3479919433594,279.38031005859375,52.47710037231445,60.70899963378906
314.6430969238281,278.5920104980469,54.16450119018555,63.237998962402344
315.9713134765625,278.0747985839844,53.9286994934082,64.75499725341797
318.0758972167969,280.9952087402344,53.7484016418457,60.8568000793457
316.9985046386719,281.1617126464844,55.7244987487793,60.941898345947266
318.61468505859375,281.88238525390625,54.951900482177734,59.91469955444336
319.1463928222656,282.51141357421875,55.586299896240234,58.242698669433594
314.9233093261719,282.2742004394531,61.279998779296875,59.3754997253418
314.5683898925781,281.94219970703125,61.519500732421875,60.506099700927734
317.1971130371094,281.1993103027344,60.07170104980469,60.77370071411133
313.9534912109375,281.4021911621094,62.782798767089844,59.566001892089844
317.8595886230469,280.2853088378906,57.99789810180664,61.20610046386719
316.1966857910156,279.87689208984375,60.30390167236328,60.91669845581055
309.2355041503906,277.0093994140625,65.69280242919922,62.61220169067383
307.4388122558594,265.7060852050781,65.30609893798828,68.63310241699219
313.10888671875,272.69659423828125,58.648799896240234,59.406700134277344
310.96099853515625,267.341796875,61.088199615478516,61.05390167236328
311.7579040527344,269.8340148925781,56.75019836425781,57.909400939941406
309.3070983886719,266.70098876953125,57.810699462890625,60.55759811401367
307.74468994140625,268.79730224609375,55.93320083618164,58.4723014831543
308.7392883300781,266.0328063964844,56.80110168457031,58.527000427246094
306.6307067871094,266.61810302734375,52.95930099487305,59.025299072265625
306.2650146484375,266.7585144042969,53.46839904785156,59.17649841308594
306.1796875,266.00048828125,49.02349853515625,60.63779830932617
305.99139404296875,266.2882995605469,48.81460189819336,56.947601318359375
304.693115234375,266.7029113769531,47.087100982666016,56.191001892089844
303.0346984863281,264.7424011230469,46.61199951171875,56.07979965209961
303.335693359375,264.1451110839844,43.86840057373047,51.64939880371094
303.91900634765625,259.9967041015625,43.038299560546875,53.86439895629883
304.6628112792969,253.7960968017578,39.98149871826172,51.719398498535156
305.2231140136719,246.6309051513672,39.26390075683594,51.608299255371094
307.144287109375,242.5894012451172,37.7224006652832,50.45280075073242
308.34210205078125,234.02420043945312,34.19609832763672,51.29610061645508
310.9350891113281,224.83749389648438,31.478900909423828,51.82830047607422
310.61279296875,215.36659240722656,30.154800415039062,51.765098571777344
312.26409912109375,207.92190551757812,29.7908992767334,48.78269958496094
314.6747131347656,196.2552947998047,26.287500381469727,50.66429901123047
316.7889099121094,186.2899932861328,25.868200302124023,51.247100830078125
321.2161865234375,179.59210205078125,20.461299896240234,50.22079849243164
323.01031494140625,174.87770080566406,19.701099395751953,50.56610107421875
325.3033142089844,169.5478973388672,18.22249984741211,51.98929977416992
326.51959228515625,166.1298065185547,16.811800003051758,53.96670150756836
327.75579833984375,168.452392578125,16.072599411010742,53.076900482177734
328.41650390625,170.98500061035156,16.147300720214844,53.91320037841797
328.8091125488281,174.12550354003906,16.760299682617188,52.55979919433594
329.32550048828125,175.21119689941406,20.083900451660156,53.5452995300293
331.4986877441406,176.36839294433594,22.053600311279297,53.70589828491211
333.0700988769531,180.31700134277344,23.711700439453125,51.979698181152344
338.02801513671875,178.95989990234375,24.69610023498535,54.840599060058594
340.1355895996094,179.2386016845703,28.317100524902344,57.2057991027832
349.135009765625,183.33689880371094,24.436800003051758,56.250701904296875
357.0830078125,180.0308074951172,23.931299209594727,61.37580108642578
365.34979248046875,183.67449951171875,24.82159996032715,59.80500030517578
373.952392578125,186.18899536132812,25.72610092163086,59.936100006103516
381.1394958496094,188.27960205078125,28.637699127197266,60.67720031738281
391.7879943847656,186.4875030517578,29.301700592041016,64.83760070800781
402.17730712890625,187.97860717773438,30.475299835205078,64.9446029663086
412.3306884765625,188.07330322265625,32.87879943847656,65.51370239257812
419.7680969238281,187.56300354003906,35.14580154418945,65.28160095214844
428.4183044433594,189.27940368652344,37.50339889526367,65.64669799804688
434.360595703125,190.13189697265625,38.982398986816406,65.12460327148438
440.6737976074219,192.57980346679688,39.60430145263672,63.81480026245117
443.5614929199219,193.74830627441406,42.10329818725586,63.50859832763672
443.7037048339844,194.94679260253906,44.19150161743164,60.26250076293945
442.0035095214844,194.45269775390625,45.85929870605469,58.00149917602539
438.7279968261719,196.26539611816406,46.979801177978516,55.450199127197266
432.7486877441406,197.40829467773438,48.20970153808594,55.50239944458008
426.7980041503906,199.87330627441406,49.22800064086914,53.17499923706055
417.8915100097656,202.3612060546875,50.7494010925293,55.045799255371094
408.6487121582031,206.74530029296875,51.912200927734375,53.969398498535156
396.6311950683594,210.3717041015625,51.82059860229492,54.13639831542969
383.881103515625,216.7165069580078,53.13610076904297,52.538700103759766
372.5964050292969,219.72830200195312,51.81520080566406,51.39039993286133
358.03509521484375,223.61129760742188,49.855499267578125,49.7484016418457
341.73870849609375,226.32919311523438,51.03820037841797,49.986698150634766
326.89849853515625,228.30580139160156,48.3025016784668,48.05509948730469
310.4186096191406,226.7949981689453,45.73970031738281,47.67499923706055
292.24639892578125,224.55810546875,54.39540100097656,53.57149887084961
279.45318603515625,221.78199768066406,49.55139923095703,55.53499984741211
267.4359130859375,218.8820037841797,48.063201904296875,55.44029998779297
251.31820678710938,216.80050659179688,48.65489959716797,54.96220016479492
241.35299682617188,212.93499755859375,48.20280075073242,53.99480056762695
231.52879333496094,209.99830627441406,51.10129928588867,53.481300354003906
223.42379760742188,204.97000122070312,48.24449920654297,55.12879943847656
216.11239624023438,202.94619750976562,46.68349838256836,51.4197998046875
211.63839721679688,200.44349670410156,44.182498931884766,50.15919876098633
208.6083984375,199.9105987548828,42.800498962402344,50.8307991027832
207.0373992919922,199.29769897460938,42.57400131225586,51.09579849243164
207.54379272460938,200.66799926757812,42.07350158691406,51.02870178222656
209.2852020263672,202.84230041503906,42.14789962768555,52.22819900512695
214.21080017089844,205.97669982910156,40.23440170288086,52.24129867553711
219.05520629882812,211.0460968017578,39.68539810180664,53.12580108642578
227.939697265625,215.14129638671875,39.40950012207031,52.141998291015625
234.5279998779297,221.01800537109375,42.21070098876953,53.59370040893555
247.71400451660156,225.49850463867188,40.75870132446289,54.97169876098633
254.80780029296875,230.00909423828125,53.194000244140625,52.89619827270508
261.565185546875,234.68739318847656,53.50310134887695,51.499900817871094
273.52978515625,236.07269287109375,47.68629837036133,51.89569854736328
279.30340576171875,236.3957061767578,52.079498291015625,57.06039810180664
303.156005859375,243.12159729003906,47.83570098876953,52.2422981262207
318.86749267578125,245.73370361328125,49.42940139770508,54.99800109863281
341.0380859375,247.37319946289062,49.64759826660156,54.20370101928711
361.1044921875,247.24989318847656,50.034698486328125,53.71200180053711
382.04541015625,245.02560424804688,55.25699996948242,52.36600112915039
403.84039306640625,242.24429321289062,48.532501220703125,52.56589889526367
425.3568115234375,237.0153045654297,40.203800201416016,54.97560119628906
441.356201171875,232.58050537109375,42.37269973754883,51.21849822998047
451.9186096191406,227.50120544433594,45.060001373291016,52.5702018737793
461.6647033691406,222.44610595703125,45.63159942626953,51.20289993286133
469.94281005859375,216.2572021484375,45.5984992980957,52.2515983581543
473.2572021484375,213.64920043945312,45.8932991027832,51.07210159301758
475.4833984375,211.05130004882812,47.873600006103516,51.528099060058594
477.014892578125,210.1342010498047,47.902000427246094,53.1973991394043
467.75311279296875,217.66470336914062,42.375099182128906,55.80379867553711
459.7835998535156,223.8343963623047,42.21419906616211,56.4818000793457
448.96929931640625,229.89120483398438,37.194400787353516,58.832401275634766
434.279296875,235.11399841308594,34.434600830078125,59.86259841918945
420.4263000488281,240.78500366210938,30.991100311279297,57.42839813232422
399.5220031738281,246.7342987060547,28.694299697875977,41.96120071411133
379.9706115722656,253.8437957763672,30.386199951171875,58.02330017089844
358.0484924316406,267.22259521484375,30.069900512695312,50.311798095703125
339.3143005371094,269.01849365234375,22.481599807739258,47.48030090332031
309.6344909667969,265.5433044433594,31.22369956970215,48.37900161743164
296.5350036621094,264.42138671875,34.97869873046875,46.23759841918945
277.2668151855469,266.6864929199219,38.207401275634766,39.285400390625
262.9117126464844,255.8415069580078,24.29129981994629,30.263599395751953
252.38009643554688,253.61380004882812,24.3789005279541,28.552799224853516
234.71099853515625,247.9958953857422,32.53219985961914,39.89139938354492
227.99020385742188,245.59840393066406,28.605499267578125,36.885101318359375
219.30230712890625,235.4434051513672,32.66960144042969,41.681800842285156
215.79539489746094,230.54379272460938,32.92390060424805,40.36240005493164
216.1298065185547,227.21490478515625,31.351499557495117,37.999298095703125
217.33250427246094,221.6197052001953,30.918100357055664,39.1172981262207
219.37179565429688,221.814697265625,29.35770034790039,35.89440155029297
224.96279907226562,219.84170532226562,30.00909996032715,36.121299743652344
230.30999755859375,221.7095947265625,27.641199111938477,34.692100524902344
238.4116973876953,223.9342041015625,26.821500778198242,32.65530014038086
246.22430419921875,228.43240356445312,24.5177001953125,30.143199920654297
256.18438720703125,231.08349609375,24.12190055847168,28.30739974975586
264.2060852050781,235.83340454101562,22.738300323486328,26.158899307250977
277.9071960449219,237.56329345703125,18.367300033569336,24.912099838256836
288.7110900878906,245.30380249023438,19.690099716186523,21.70989990234375
303.0255126953125,251.71290588378906,37.42900085449219,46.78229904174805
304.5559997558594,264.2598876953125,101.84660339355469,91.38960266113281
300.6328125,262.0495910644531,143.13299560546875,97.0239028930664
303.5000915527344,262.9049987792969,131.03379821777344,95.3864974975586
302.37548828125,263.2265930175781,139.3491973876953,92.93340301513672
304.006103515625,263.5787048339844,135.84719848632812,92.66179656982422
303.53741455078125,263.26629638671875,139.625,94.25890350341797
305.369384765625,262.18011474609375,131.35560607910156,94.82669830322266
301.8387145996094,261.23858642578125,138.6696014404297,95.118896484375
303.9804992675781,256.3138122558594,135.88389587402344,99.85330200195312
302.6925048828125,257.7253112792969,141.00689697265625,98.77619934082031
419.2583923339844,244.347900390625,34.22560119628906,59.92290115356445
432.74798583984375,246.072998046875,25.648000717163086,39.065799713134766
434.1556091308594,242.46180725097656,27.46820068359375,42.93730163574219
434.5596923828125,240.56289672851562,28.466800689697266,45.06840133666992
433.6055908203125,239.49929809570312,29.18939971923828,47.87099838256836
431.0517883300781,240.95889282226562,29.798799514770508,48.833499908447266
426.5061950683594,240.83380126953125,30.563800811767578,51.06650161743164
422.01959228515625,239.34820556640625,32.807701110839844,54.25320053100586
415.5032958984375,243.9416046142578,38.589500427246094,48.562801361083984
401.8345031738281,245.46029663085938,49.4474983215332,44.44049835205078
389.1377868652344,246.17140197753906,53.763301849365234,40.527000427246094
378.0924987792969,246.9279022216797,51.56809997558594,59.722801208496094
370.8110046386719,248.6981964111328,41.22919845581055,30.329299926757812
348.3385925292969,250.0260009765625,32.262001037597656,51.656700134277344
343.83770751953125,248.67100524902344,31.50200080871582,41.81760025024414
315.4678039550781,247.3730926513672,50.4468994140625,60.3567008972168
297.1628112792969,245.53680419921875,52.54029846191406,50.84830093383789
282.2915954589844,240.2075958251953,50.919700622558594,53.34400177001953
276.6607971191406,235.51260375976562,42.4911994934082,49.106201171875
270.1849060058594,234.864501953125,29.39069938659668,46.294498443603516
256.82879638671875,227.54150390625,25.01140022277832,47.35639953613281
242.5605010986328,220.2760009765625,37.66830062866211,46.18069839477539
232.8632049560547,212.71609497070312,41.370201110839844,47.50590133666992
228.54080200195312,207.806396484375,38.315799713134766,47.85689926147461
227.71449279785156,202.65589904785156,30.144399642944336,47.746700286865234
228.94960021972656,201.74330139160156,24.493900299072266,42.47819900512695
227.16250610351562,201.47940063476562,27.70159912109375,35.34159851074219
225.39630126953125,203.99110412597656,32.86909866333008,28.155799865722656
225.8759002685547,204.79190063476562,34.15299987792969,25.85140037536621
230.3000946044922,204.37539672851562,34.7765998840332,28.77199935913086
235.6230010986328,205.60299682617188,36.33110046386719,31.506799697875977
242.73480224609375,209.81759643554688,36.5525016784668,30.65399932861328
249.8397979736328,214.2873992919922,35.477298736572266,30.08049964904785
258.32049560546875,216.19949340820312,33.95650100708008,32.65660095214844
278.4176940917969,217.8769073486328,21.376399993896484,32.06159973144531
287.526611328125,224.00149536132812,24.322599411010742,33.283199310302734
295.506103515625,229.2794952392578,32.73529815673828,39.88370132446289
311.9403991699219,235.81100463867188,25.70829963684082,30.496400833129883
324.15679931640625,238.7863006591797,34.87889862060547,27.663999557495117
336.7710876464844,243.5915985107422,35.23080062866211,23.740299224853516
354.66119384765625,247.60679626464844,28.908100128173828,20.867300033569336
370.5893859863281,248.0782012939453,28.059200286865234,20.17959976196289
385.04071044921875,249.20269775390625,27.864700317382812,21.62310028076172
398.78271484375,246.6652069091797,26.670700073242188,23.247100830078125
413.91339111328125,242.93260192871094,24.742599487304688,39.07270050048828
427.5993957519531,236.26669311523438,18.60759925842285,40.16510009765625
436.48870849609375,230.71580505371094,25.583999633789062,41.445701599121094
439.9706115722656,221.30360412597656,32.695098876953125,42.25510025024414
444.1455993652344,211.5811004638672,38.5004997253418,43.97200012207031
448.84039306640625,204.9947052001953,40.21860122680664,44.06269836425781
454.6391906738281,198.37939453125,37.589298248291016,45.97079849243164
459.6300048828125,194.3737030029297,31.26180076599121,46.432098388671875
461.90771484375,190.29209899902344,26.530500411987305,48.13520050048828
461.1448974609375,185.0312042236328,26.39080047607422,51.39929962158203
457.860595703125,183.82000732421875,31.141199111938477,51.27330017089844
447.8575134277344,185.9613037109375,41.00379943847656,48.40119934082031
435.965087890625,188.16119384765625,49.43069839477539,43.339900970458984
425.0392150878906,189.86549377441406,53.04790115356445,41.222801208496094
412.1130065917969,190.8031005859375,54.065399169921875,39.92660140991211
402.6980895996094,188.9066925048828,50.07680130004883,40.708499908447266
392.34979248046875,187.15679931640625,39.7421989440918,42.107398986816406
383.3743896484375,185.7602996826172,44.740501403808594,46.43709945678711
380.2174987792969,185.80690002441406,28.540700912475586,45.75640106201172
367.5338134765625,185.61419677734375,39.29140090942383,50.06449890136719
358.4566955566406,184.0467987060547,28.244199752807617,51.63999938964844
351.97021484375,185.2052001953125,31.08169937133789,51.30030059814453
340.6123046875,186.25650024414062,31.23430061340332,49.12810134887695
320.40399169921875,186.610595703125,42.06639862060547,49.13740158081055
305.9660949707031,185.17840576171875,46.862998962402344,48.17380142211914
292.0483093261719,181.64230346679688,48.7755012512207,47.76089859008789
280.6487121582031,178.31500244140625,48.688201904296875,44.56809997558594
270.355712890625,176.93429565429688,47.00400161743164,44.73400115966797
260.5766906738281,175.00619506835938,45.512699127197266,41.26959991455078
260.26470947265625,172.2021942138672,34.743099212646484,39.086299896240234
257.5456848144531,166.57449340820312,30.75149917602539,38.735599517822266
257.46240234375,165.4998016357422,28.148500442504883,36.045501708984375
256.3033142089844,158.20249938964844,27.03689956665039,40.13800048828125
256.4139099121094,158.20919799804688,28.003299713134766,40.804901123046875
254.4925994873047,155.3760986328125,32.08169937133789,43.2317008972168
253.26260375976562,155.62539672851562,37.62839889526367,46.28379821777344
255.2301025390625,158.1569061279297,40.367401123046875,47.789100646972656
261.518798828125,162.97979736328125,38.97420120239258,48.44850158691406
263.8931884765625,172.3574981689453,38.75130081176758,48.370201110839844
269.76141357421875,182.2238006591797,37.10850143432617,49.26499938964844
276.0120849609375,189.31959533691406,35.10210037231445,50.451900482177734
284.1108093261719,197.27589416503906,31.626699447631836,50.999698638916016
298.4642028808594,204.26910400390625,22.443500518798828,51.744300842285156
308.269287109375,212.3513946533203,17.58919906616211,48.93410110473633
317.10418701171875,225.22169494628906,18.114500045776367,49.843299865722656
319.20849609375,234.61129760742188,25.841899871826172,64.37689971923828
332.88848876953125,242.21429443359375,22.251100540161133,44.289100646972656
343.2167053222656,246.25450134277344,25.26420021057129,46.21649932861328
349.15240478515625,248.593505859375,34.06679916381836,49.83570098876953
356.21270751953125,252.42869567871094,39.99829864501953,56.03030014038086
362.69268798828125,256.23748779296875,52.499698638916016,58.539398193359375
370.5992126464844,257.14678955078125,67.60780334472656,93.37120056152344
376.7948913574219,257.419189453125,56.6531982421875,59.79359817504883
386.73748779296875,257.9161071777344,51.15370178222656,60.11579895019531
392.7185974121094,256.7318115234375,56.70690155029297,60.015098571777344
403.0094909667969,255.50509643554688,50.22560119628906,58.67789840698242
408.410400390625,252.01510620117188,47.13359832763672,58.97520065307617
416.9849853515625,248.7476043701172,39.86859893798828,56.960201263427734
423.0885009765625,245.1737060546875,32.611698150634766,60.59400177001953
427.3055114746094,239.9407958984375,27.581899642944336,65.96479797363281
424.5804138183594,236.2115936279297,29.630699157714844,65.3905029296875
420.6108093261719,233.18569946289062,33.94580078125,61.53799819946289
414.3421936035156,221.78829956054688,36.48979949951172,62.4474983215332
406.4291076660156,214.810302734375,40.43299865722656,60.45669937133789
394.0403137207031,209.18069458007812,49.89080047607422,57.04249954223633
384.4252014160156,202.9031982421875,54.53799819946289,56.942100524902344
374.17919921875,197.4783935546875,58.02859878540039,56.409698486328125
363.5617980957031,193.49099731445312,59.79249954223633,55.20859909057617
354.9014892578125,189.2646942138672,57.74369812011719,54.20869827270508
343.47039794921875,187.32119750976562,56.36220169067383,50.84410095214844
335.72698974609375,183.3238067626953,50.78030014038086,49.88159942626953
329.87939453125,180.29159545898438,42.18239974975586,47.56760025024414
323.0513000488281,176.25779724121094,34.472198486328125,47.542198181152344
316.17279052734375,167.15280151367188,33.16659927368164,51.04130172729492
310.50640869140625,163.74249267578125,22.825599670410156,48.72719955444336
300.9186096191406,156.5814971923828,23.635099411010742,48.993499755859375
290.31219482421875,144.14739990234375,30.434600830078125,54.46739959716797
283.2694091796875,140.72689819335938,33.9833984375,51.025699615478516
276.714599609375,137.4730987548828,38.109500885009766,47.19369888305664
269.5234069824219,133.345703125,45.535301208496094,46.547698974609375
269.1427001953125,130.4510040283203,46.02980041503906,40.331199645996094
267.0169982910156,126.15540313720703,49.02450180053711,37.8927001953125
268.8731994628906,122.03900146484375,49.122100830078125,36.853599548339844
270.5712890625,120.84819793701172,49.9385986328125,36.04909896850586
275.9106140136719,118.86820220947266,45.21099853515625,35.89080047607422
279.12078857421875,118.76499938964844,44.46379852294922,35.610198974609375
287.24371337890625,118.4406967163086,40.91299819946289,37.36069869995117
290.385498046875,119.402099609375,41.8114013671875,40.446800231933594
301.806884765625,124.46990203857422,34.71419906616211,40.658599853515625
305.9610900878906,126.76799774169922,34.234798431396484,43.520999908447266
316.8855895996094,129.25120544433594,27.875999450683594,44.825599670410156
331.0633850097656,133.85499572753906,21.310300827026367,43.75859832763672
340.47589111328125,137.71189880371094,17.42009925842285,44.03269958496094
349.2507019042969,139.89309692382812,16.826799392700195,44.034698486328125
359.8634033203125,141.13189697265625,14.838600158691406,46.42570114135742
365.8320007324219,141.44119262695312,17.305200576782227,47.9015998840332
371.6365966796875,145.30409240722656,21.26580047607422,45.501800537109375
375.17999267578125,145.36390686035156,26.275400161743164,44.57040023803711
378.2486877441406,150.96969604492188,30.488500595092773,39.77750015258789
381.6451110839844,152.50599670410156,34.30699920654297,38.566001892089844
383.5635986328125,155.4676971435547,36.98189926147461,36.246700286865234
384.2987060546875,156.60169982910156,40.074501037597656,37.290000915527344
385.2619934082031,156.9770965576172,41.63840103149414,38.39580154418945
385.4361877441406,160.87950134277344,41.82590103149414,37.30149841308594
385.57049560546875,164.17030334472656,42.0906982421875,36.28369903564453
384.6734924316406,168.2510986328125,41.36479949951172,35.65570068359375
383.25048828125,172.77369689941406,39.50709915161133,34.766998291015625
379.57159423828125,176.5041046142578,37.41999816894531,34.17610168457031
377.7829895019531,179.38189697265625,33.18360137939453,35.05390167236328
372.87078857421875,182.6529998779297,29.095600128173828,36.35390090942383
369.29339599609375,180.91250610351562,24.2539005279541,40.22420120239258
363.9707946777344,180.75160217285156,20.624500274658203,41.242401123046875
357.7759094238281,180.49710083007812,18.284000396728516,42.20610046386719
350.7070007324219,178.4835968017578,17.63680076599121,42.87889862060547
339.501708984375,179.3751983642578,17.249500274658203,39.1349983215332
334.21099853515625,181.5684051513672,16.28809928894043,35.42219924926758
326.18548583984375,172.42630004882812,21.449899673461914,41.874900817871094
315.60589599609375,171.9853973388672,24.01140022277832,41.99449920654297
304.94891357421875,175.25559997558594,26.270200729370117,42.09769821166992
295.6565856933594,180.42140197753906,31.293399810791016,43.352901458740234
285.6680908203125,189.04559326171875,34.8484992980957,42.313201904296875
280.4419860839844,195.32659912109375,36.51250076293945,38.48550033569336
279.50860595703125,194.4281005859375,38.33000183105469,36.111698150634766
280.8490905761719,196.07550048828125,38.11109924316406,35.08649826049805
283.6560974121094,192.63070678710938,35.28340148925781,38.189701080322266
286.5274963378906,193.4248046875,38.26890182495117,35.87969970703125
293.5299987792969,192.25289916992188,40.47560119628906,35.77989959716797
300.5740966796875,190.49769592285156,41.274898529052734,37.32529830932617
309.0826110839844,189.03970336914062,44.00339889526367,38.0275993347168
319.08648681640625,186.59719848632812,46.88290023803711,37.633399963378906
328.6200866699219,186.39370727539062,49.332698822021484,35.75559997558594
341.79791259765625,186.18209838867188,47.66669845581055,33.157901763916016
354.90130615234375,183.84390258789062,45.964298248291016,34.00870132446289
366.74468994140625,182.49200439453125,44.42470169067383,35.325401306152344
376.3179931640625,179.18919372558594,43.3577995300293,37.452598571777344
385.10870361328125,175.8585968017578,42.03969955444336,40.02439880371094
392.1784973144531,174.94430541992188,40.561100006103516,39.64830017089844
399.8731994628906,173.25039672851562,37.5807991027832,39.4635009765625
404.7149963378906,171.83509826660156,34.170101165771484,38.10419845581055
406.3193054199219,168.2563934326172,32.33190155029297,36.998600006103516
405.9469909667969,164.33929443359375,31.32509994506836,35.17359924316406
406.0653076171875,164.60279846191406,30.562299728393555,34.81010055541992
402.4513854980469,159.36849975585938,31.430200576782227,34.14289855957031
402.9278869628906,159.86439514160156,30.85110092163086,33.06639862060547
397.9294128417969,155.15679931640625,32.04209899902344,32.316898345947266
391.894287109375,150.3914031982422,31.509199142456055,31.005300521850586
383.8070983886719,146.04269409179688,31.346900939941406,31.39889907836914
377.4856872558594,144.29739379882812,30.98310089111328,29.485200881958008
370.48968505859375,141.46640014648438,29.341899871826172,29.497499465942383
366.1418151855469,140.06320190429688,27.256000518798828,26.199100494384766
360.5459899902344,138.46449279785156,31.756200790405273,22.941099166870117
359.9143981933594,131.6782989501953,33.38479995727539,28.849599838256836
362.3608093261719,127.74359893798828,31.0718994140625,31.2544002532959
366.2196044921875,130.881103515625,32.18470001220703,21.1023006439209
369.510498046875,134.0399932861328,43.54669952392578,19.872699737548828
373.97900390625,136.57159423828125,29.522600173950195,20.962799072265625
373.8800964355469,144.56640625,49.32229995727539,17.537500381469727
365.1260070800781,148.18719482421875,91.81729888916016,23.44070053100586
372.1449890136719,151.66000366210938,37.85350036621094,16.893699645996094
371.501708984375,152.82119750976562,32.09120178222656,15.979299545288086
369.2705078125,156.51210021972656,35.92720031738281,16.722000122070312
362.43499755859375,162.35659790039062,74.95169830322266,23.12980079650879
360.8558044433594,165.0294952392578,38.46649932861328,15.29699993133545
358.0928955078125,165.685302734375,33.67900085449219,12.837300300598145
355.37188720703125,166.3332061767578,29.667699813842773,10.291099548339844
353.9931945800781,163.11309814453125,30.601499557495117,13.262900352478027
356.69049072265625,155.47239685058594,52.29090118408203,27.65760040283203
353.6249084472656,144.7834930419922,30.131099700927734,20.914899826049805
354.2685852050781,134.08509826660156,25.98940086364746,20.94890022277832
355.9176940917969,126.9395980834961,26.920000076293945,22.03380012512207
357.24859619140625,125.43689727783203,26.81730079650879,21.46980094909668
355.2311096191406,125.0740966796875,23.072799682617188,21.397300720214844
352.4894104003906,126.9093017578125,18.931499481201172,21.035499572753906
344.89129638671875,128.94329833984375,25.02750015258789,25.023399353027344
343.5256042480469,129.46670532226562,28.579999923706055,28.601200103759766
347.0976867675781,128.15170288085938,30.397899627685547,30.8705997467041
356.6424865722656,122.74349975585938,27.659400939941406,34.537200927734375
367.6940002441406,118.0010986328125,27.110300064086914,37.480201721191406
377.5078125,118.11799621582031,25.45159912109375,38.0802001953125
382.1554870605469,124.61609649658203,29.857999801635742,35.44820022583008
381.8695068359375,134.8907012939453,29.008800506591797,32.902000427246094
378.03680419921875,137.95269775390625,26.335399627685547,35.04840087890625
368.3757019042969,135.79429626464844,29.702199935913086,38.49480056762695
359.64471435546875,130.05979919433594,38.933998107910156,43.51810073852539
362.57489013671875,129.49859619140625,37.57440185546875,42.22869873046875
364.4956970214844,129.1042938232422,38.14120101928711,41.154998779296875
363.6014099121094,128.2834014892578,38.7505989074707,40.10369873046875
363.6502990722656,123.72470092773438,38.36579895019531,41.70600128173828
364.931884765625,119.39630126953125,37.817100524902344,42.569698333740234
368.3633117675781,116.16200256347656,34.722801208496094,42.34859848022461
371.8157958984375,111.58570098876953,32.13240051269531,42.18550109863281
375.8771057128906,105.36710357666016,32.4556999206543,42.76499938964844
382.2892150878906,99.18060302734375,31.030099868774414,42.081298828125
389.1995849609375,93.61219787597656,29.109399795532227,41.2505989074707
393.7950134277344,90.17240142822266,26.639999389648438,40.809200286865234
395.9679870605469,87.33560180664062,25.085399627685547,41.352500915527344
395.9679870605469,85.7655029296875,23.693500518798828,40.7223014831543
395.0730895996094,85.14600372314453,21.811199188232422,39.64099884033203
391.91241455078125,84.13770294189453,22.518199920654297,39.214900970458984
388.5443115234375,82.6178970336914,25.006999969482422,38.8650016784668
386.8305969238281,80.09880065917969,26.117599487304688,38.09370040893555
388.1936950683594,76.63259887695312,25.282800674438477,39.26580047607422
387.5484924316406,73.01290130615234,24.686800003051758,39.7963981628418
385.2143859863281,70.52870178222656,23.8617000579834,39.83190155029297
379.8550109863281,69.30010223388672,26.22450065612793,39.98440170288086
371.3601989746094,69.19550323486328,29.81730079650879,37.64950180053711
364.28839111328125,69.73739624023438,32.59199905395508,33.64149856567383
355.60760498046875,75.01950073242188,36.91899871826172,27.112300872802734
349.806884765625,84.0000991821289,38.631099700927734,20.402099609375
344.660888671875,85.05259704589844,36.39929962158203,33.003700256347656
337.650390625,87.19779968261719,41.67070007324219,45.334800720214844
332.3760070800781,96.19650268554688,43.109901428222656,54.887298583984375
328.2215881347656,105.93509674072266,41.44540023803711,60.6879997253418
328.58538818359375,131.39100646972656,25.89780044555664,51.67150115966797
323.5115966796875,155.31629943847656,22.6653995513916,49.73189926147461
317.2030944824219,196.1374053955078,20.965599060058594,41.750701904296875
313.5911865234375,223.00869750976562,21.887500762939453,39.151798248291016
311.2633056640625,226.3784942626953,26.07159996032715,42.078800201416016
322.2323913574219,213.34860229492188,23.73550033569336,47.43370056152344
322.6084899902344,201.09359741210938,43.692501068115234,33.232200622558594
326.1263122558594,194.3643035888672,48.13600158691406,23.12579917907715
333.32440185546875,183.931396484375,47.27280044555664,25.08169937133789
340.127685546875,173.6833953857422,43.94020080566406,32.49039840698242
344.04541015625,164.52630615234375,46.536598205566406,42.143798828125
353.2063903808594,159.0063934326172,43.17020034790039,48.2952995300293
359.5787048339844,159.12069702148438,42.3120002746582,48.402801513671875
382.3833923339844,176.6103057861328,36.23529815673828,34.57619857788086
378.71600341796875,176.19839477539062,40.139801025390625,38.56039810180664
374.66778564453125,181.8583984375,45.107398986816406,35.987998962402344
372.0461120605469,187.47219848632812,44.78020095825195,30.421199798583984
371.1260070800781,189.67140197753906,41.20320129394531,33.633399963378906
367.3367919921875,191.7292022705078,39.64929962158203,43.479000091552734
364.00970458984375,195.03089904785156,37.845298767089844,46.58250045776367
360.3843994140625,195.35690307617188,37.10609817504883,44.96379852294922
354.606689453125,193.95350646972656,37.99530029296875,44.38130187988281
349.8507995605469,193.05459594726562,38.6870002746582,45.260101318359375
344.3728942871094,192.90159606933594,40.50669860839844,46.66210174560547
336.664794921875,194.8253936767578,42.05500030517578,46.6963996887207
333.55169677734375,197.02830505371094,39.78919982910156,45.12860107421875
331.0693054199219,197.85780334472656,36.34230041503906,42.06589889526367
328.65289306640625,197.95350646972656,32.8671989440918,40.38010025024414
327.9501953125,197.035400390625,28.35930061340332,40.041099548339844
326.68450927734375,197.37319946289062,24.74340057373047,39.89870071411133
324.306884765625,198.21090698242188,25.53660011291504,43.393798828125
322.9729919433594,198.98550415039062,23.961599349975586,45.924198150634766
322.24749755859375,201.81289672851562,24.13789939880371,49.29999923706055
319.07470703125,202.06320190429688,30.055999755859375,50.93370056152344
312.2262878417969,202.40960693359375,41.56589889526367,50.82789993286133
311.5975036621094,205.67930603027344,45.719600677490234,47.32939910888672
311.2763977050781,208.46429443359375,48.17839813232422,45.93230056762695
313.9407958984375,210.0269012451172,47.529998779296875,44.17539978027344
316.50909423828125,211.7017059326172,46.07360076904297,41.15729904174805
322.4327087402344,212.4385986328125,41.552799224853516,38.56959915161133
331.19189453125,213.60220336914062,33.29460144042969,37.70240020751953
338.0520935058594,211.39990234375,27.035400390625,38.996498107910156
338.8677978515625,212.3166961669922,25.94569969177246,36.197898864746094
348.7961120605469,209.70480346679688,18.41320037841797,38.3849983215332
349.9892883300781,211.08770751953125,16.898700714111328,37.429298400878906
356.6546936035156,209.55859375,15.842000007629395,39.1343994140625
359.2568054199219,206.45159912109375,18.41119956970215,42.485198974609375
361.1227111816406,206.21620178222656,23.987899780273438,42.5452995300293
361.76690673828125,206.37139892578125,30.485599517822266,42.26240158081055
363.3013916015625,204.87420654296875,34.4833984375,40.99869918823242
365.7214050292969,204.77459716796875,37.17449951171875,40.05950164794922
368.7742004394531,204.4073028564453,36.92959976196289,39.90299987792969
372.4140930175781,204.58970642089844,35.928199768066406,38.895198822021484
376.64349365234375,203.00830078125,32.89350128173828,38.162498474121094
381.8453063964844,202.3524932861328,27.31060028076172,35.33620071411133
388.05621337890625,198.7595977783203,20.826099395751953,34.854801177978516
394.1228942871094,196.45480346679688,14.742400169372559,34.25130081176758
397.2290954589844,193.47390747070312,11.562000274658203,33.58140182495117
397.1671142578125,191.37660217285156,13.328399658203125,32.82780075073242
396.1466979980469,189.20660400390625,18.476900100708008,32.4099006652832
394.98590087890625,188.33389282226562,23.45359992980957,31.757200241088867
392.7607116699219,185.89309692382812,28.18079948425293,31.62820053100586
391.9443054199219,184.34469604492188,30.6737003326416,30.680999755859375
390.7951965332031,183.24879455566406,32.197200775146484,30.523799896240234
390.63751220703125,182.50079345703125,31.586999893188477,29.735200881958008
390.6625061035156,182.5697021484375,29.993900299072266,30.7898006439209
391.43609619140625,183.51409912109375,25.989299774169922,31.87470054626465
393.0625915527344,185.96290588378906,20.689699172973633,33.96220016479492
392.818115234375,188.43980407714844,15.892499923706055,36.52170181274414
392.77459716796875,192.00450134277344,12.624500274658203,38.970001220703125
388.0179138183594,195.87049865722656,14.73009967803955,38.98149871826172
384.2228088378906,199.99510192871094,18.380599975585938,40.0817985534668
376.6123962402344,203.4384002685547,24.36009979248047,39.74580001831055
369.2857971191406,207.15719604492188,31.167299270629883,40.249900817871094
361.0544128417969,210.70559692382812,37.40119934082031,41.055301666259766
354.0173034667969,211.54100036621094,41.67850112915039,41.6885986328125
348.0733947753906,211.31919860839844,42.7322998046875,43.13719940185547
341.2522888183594,208.78819274902344,43.87030029296875,44.73139953613281
336.4534912109375,204.12030029296875,38.9744987487793,47.15869903564453
333.2533874511719,200.52200317382812,31.708200454711914,45.52949905395508
330.1899108886719,194.1759033203125,24.232200622558594,49.149600982666016
325.56689453125,185.01170349121094,21.87779998779297,52.14400100708008
314.6512145996094,176.13519287109375,24.909700393676758,50.68069839477539
308.6046142578125,165.08929443359375,30.396900177001953,52.700401306152344
301.25,156.30589294433594,39.79679870605469,45.51060104370117
291.4367980957031,147.30870056152344,50.96950149536133,40.66230010986328
287.0069885253906,141.74830627441406,55.877498626708984,36.31340026855469
284.7373962402344,137.081298828125,58.473201751708984,33.601898193359375
283.9140930175781,134.52479553222656,57.98870086669922,32.615501403808594
284.5367126464844,130.61740112304688,55.258201599121094,39.1864013671875
289.96881103515625,128.52549743652344,47.1693000793457,47.167198181152344
296.51971435546875,131.23959350585938,36.87799835205078,50.663299560546875
300.8594055175781,138.05880737304688,33.43159866333008,53.457298278808594
305.38250732421875,147.33900451660156,29.22260093688965,54.14659881591797
310.2547912597656,164.05130004882812,27.01490020751953,47.833099365234375
312.12310791015625,183.8657989501953,30.618999481201172,40.976898193359375
315.9137878417969,193.82850646972656,36.162200927734375,45.598201751708984
319.0090026855469,200.7864990234375,42.66299819946289,49.13759994506836
323.6510009765625,209.72129821777344,43.37699890136719,48.40449905395508
329.2506103515625,215.46290588378906,43.09349822998047,48.348899841308594
335.7026062011719,221.82699584960938,39.91350173950195,42.895198822021484
339.7109069824219,223.0384063720703,37.96799850463867,36.593299865722656
351.27978515625,218.864501953125,29.170900344848633,37.60029983520508
358.0639953613281,216.59530639648438,25.958599090576172,37.560699462890625
362.47088623046875,216.7429962158203,23.577199935913086,36.8744010925293
367.45269775390625,217.9779052734375,22.234699249267578,38.375
371.3539123535156,219.07470703125,21.815000534057617,39.48789978027344
376.6028137207031,220.24459838867188,20.639299392700195,36.269798278808594
383.3037109375,222.8957977294922,16.570600509643555,27.15839958190918
387.8280029296875,215.46620178222656,16.836200714111328,29.86750030517578
390.2533874511719,213.07789611816406,19.533700942993164,27.71470069885254
393.32281494140625,208.69129943847656,20.32469940185547,27.41080093383789
396.9407958984375,206.44239807128906,19.576000213623047,26.722000122070312
401.42169189453125,206.0404052734375,16.583900451660156,25.21299934387207
407.1065979003906,205.26829528808594,12.381099700927734,25.655099868774414
410.5411071777344,202.37770080566406,10.94729995727539,29.39240074157715
411.6073913574219,198.3029022216797,11.72599983215332,33.14419937133789
413.6106872558594,198.1623992919922,10.876700401306152,32.283199310302734
413.19879150390625,193.18980407714844,13.145600318908691,36.3661003112793
412.3301086425781,195.0751953125,16.097700119018555,33.69990158081055
410.9986877441406,194.24769592285156,19.034700393676758,32.04460144042969
410.6355895996094,194.37770080566406,17.95210075378418,31.287200927734375
411.5108947753906,194.55279541015625,15.190699577331543,29.03499984741211
409.5539855957031,192.18980407714844,14.667900085449219,31.635400772094727
406.7120056152344,192.7135009765625,16.734899520874023,30.991300582885742
402.38031005859375,191.1851043701172,19.60610008239746,35.016300201416016
398.256103515625,193.62319946289062,21.486400604248047,35.96870040893555
394.40240478515625,191.84759521484375,23.982099533081055,42.19960021972656
390.4031982421875,190.9593048095703,26.740100860595703,45.02370071411133
385.2333984375,186.19219970703125,29.605600357055664,46.16559982299805
379.8539123535156,181.6800994873047,33.29600143432617,46.725101470947266
373.4186096191406,176.22479248046875,38.38999938964844,47.082298278808594
367.4610900878906,171.4727020263672,45.464599609375,47.06869888305664
361.3882141113281,165.43800354003906,50.61750030517578,48.66510009765625
353.9518127441406,159.56100463867188,57.74610137939453,49.96910095214844
350.55419921875,154.20559692382812,58.01390075683594,46.78839874267578
345.1047058105469,147.46400451660156,60.09989929199219,44.7577018737793
339.5292053222656,144.2248992919922,61.42210006713867,40.384300231933594
335.5987854003906,143.97970581054688,60.16310119628906,34.91569900512695
331.33221435546875,143.1905059814453,57.75979995727539,32.04899978637695
327.28741455078125,141.6295928955078,55.999298095703125,32.750301361083984
324.2961120605469,142.13929748535156,52.50640106201172,35.17620086669922
320.35980224609375,143.19349670410156,49.13029861450195,41.29079818725586
318.4685974121094,145.94320678710938,43.169898986816406,49.90679931640625
314.95849609375,152.14010620117188,38.350399017333984,54.688499450683594
311.0050964355469,161.00929260253906,39.61579895019531,54.199798583984375
308.5304870605469,168.6280059814453,41.02180099487305,53.00600051879883
308.1860046386719,178.41769409179688,39.9724006652832,51.595001220703125
311.8902893066406,189.26119995117188,35.30070114135742,51.85319900512695
321.7522888183594,195.6479034423828,21.81839942932129,54.35380172729492
329.7135009765625,199.80979919433594,18.100099563598633,57.5989990234375
335.3760986328125,201.76449584960938,21.95039939880371,57.589599609375
338.88250732421875,203.66949462890625,30.093399047851562,56.709598541259766
350.8865966796875,202.31289672851562,31.149200439453125,54.78139877319336
363.931396484375,199.74989318847656,33.55350112915039,54.605201721191406
374.42120361328125,198.32789611816406,36.207298278808594,55.475101470947266
384.7755126953125,198.28770446777344,42.49509811401367,56.239601135253906
396.3247985839844,199.4134979248047,49.66899871826172,56.4724006652832
409.2192077636719,199.66329956054688,56.335201263427734,56.45669937133789
426.2318115234375,202.35369873046875,57.806800842285156,55.567298889160156
440.3924865722656,203.67269897460938,56.460601806640625,53.70209884643555
456.93560791015625,206.6674041748047,54.2671012878418,51.734100341796875
475.35150146484375,207.8697052001953,51.33380126953125,51.60049819946289
475.5107116699219,209.2664031982422,51.150001525878906,50.33489990234375
489.2345886230469,209.13909912109375,48.58489990234375,51.989200592041016
491.4822998046875,209.92909240722656,46.35820007324219,51.60070037841797
505.82830810546875,209.06629943847656,45.37900161743164,53.70199966430664
517.97509765625,206.64610290527344,41.027000427246094,57.1953010559082
526.5723266601562,201.65170288085938,40.3931999206543,62.239200592041016
524.9453735351562,196.88429260253906,47.94580078125,63.27149963378906
523.343017578125,198.3007049560547,54.1526985168457,57.137001037597656
516.2396240234375,194.57240295410156,58.460899353027344,55.2041015625
511.9715881347656,189.72950744628906,54.28950119018555,55.967201232910156
505.6361999511719,183.55079650878906,45.856201171875,61.285499572753906
497.9100036621094,177.60009765625,37.09920120239258,64.55280303955078
487.38238525390625,174.39149475097656,31.34469985961914,67.44930267333984
467.43548583984375,170.97500610351562,34.999900817871094,68.92320251464844
444.84490966796875,167.60360717773438,39.8932991027832,66.65070343017578
424.2294006347656,164.19859313964844,40.66669845581055,64.45169830322266
401.2511901855469,158.6811981201172,44.31010055541992,63.02949905395508
378.7578125,152.14199829101562,47.61819839477539,62.594200134277344
357.0098876953125,146.2095947265625,51.43349838256836,59.681800842285156
339.5257873535156,141.91229248046875,51.671600341796875,56.54629898071289
322.7778015136719,139.36570739746094,51.5890007019043,51.67530059814453
309.7070007324219,138.40829467773438,48.615699768066406,50.04819869995117
295.4043884277344,139.5507049560547,49.3557014465332,43.25080108642578
284.68450927734375,139.28030395507812,49.195499420166016,41.940399169921875
277.614013671875,139.06820678710938,48.51279830932617,42.4922981262207
271.07708740234375,136.3112030029297,51.1172981262207,45.05390167236328
267.177001953125,139.3282928466797,50.4734001159668,42.23099899291992
266.6831970214844,138.82440185546875,50.595001220703125,43.946998596191406
269.77398681640625,140.4261932373047,49.91600036621094,43.78860092163086
272.21160888671875,141.74099731445312,49.665199279785156,42.62070083618164
276.9147033691406,143.8065948486328,49.08039855957031,41.535099029541016
284.3442077636719,148.3184051513672,50.683799743652344,41.10580062866211
292.1827087402344,155.1949005126953,49.643798828125,40.3754997253418
300.8702087402344,161.72219848632812,49.47669982910156,44.85820007324219
310.60260009765625,171.53729248046875,46.20920181274414,44.30339813232422
320.49139404296875,184.73680114746094,44.26029968261719,44.293399810791016
333.5050964355469,196.88609313964844,39.45220184326172,50.328800201416016
347.2214050292969,206.44630432128906,35.57630157470703,51.047401428222656
361.2430114746094,213.54339599609375,32.31959915161133,53.506500244140625
373.255615234375,217.635498046875,30.778499603271484,51.97529983520508
388.2012023925781,220.43280029296875,26.594100952148438,51.749698638916016
404.67010498046875,222.50970458984375,21.299699783325195,49.99489974975586
416.1488952636719,223.30760192871094,21.87190055847168,52.42070007324219
428.4870910644531,222.92649841308594,21.70829963684082,60.26100158691406
437.5309143066406,223.90919494628906,27.33139991760254,64.94229888916016
445.1369934082031,233.41079711914062,32.9822998046875,57.47560119628906
450.564697265625,236.77969360351562,39.26070022583008,56.69919967651367
454.4103088378906,234.2689971923828,42.330299377441406,58.617401123046875
456.2839050292969,229.18040466308594,44.037601470947266,61.17679977416992
455.6081848144531,225.49159240722656,45.275299072265625,62.583099365234375
451.4064025878906,224.95480346679688,48.3473014831543,60.56909942626953
445.872802734375,221.25399780273438,52.898101806640625,63.31999969482422
439.462890625,222.50160217285156,56.25120162963867,62.412601470947266
428.89471435546875,223.47210693359375,59.855098724365234,59.27949905395508
419.8299865722656,222.7666015625,59.4807014465332,57.73400115966797
409.0624084472656,222.31300354003906,58.017799377441406,58.59960174560547
395.6528015136719,221.17759704589844,59.006500244140625,55.85169982910156
383.3245849609375,221.75489807128906,59.00619888305664,53.69029998779297
370.3389892578125,218.9552001953125,57.331298828125,52.948299407958984
355.94879150390625,214.9716033935547,55.384300231933594,55.012699127197266
343.15740966796875,211.0543975830078,52.40950012207031,54.19649887084961
332.03228759765625,205.52130126953125,48.9453010559082,54.35089874267578
320.02801513671875,201.70899963378906,47.55329895019531,52.69449996948242
308.43280029296875,195.28640747070312,47.47629928588867,52.19269943237305
298.86370849609375,190.5124969482422,48.82109832763672,53.87480163574219
289.29638671875,182.75140380859375,47.30979919433594,57.525299072265625
283.8778991699219,175.3791046142578,45.77289962768555,54.77000045776367
277.0553894042969,169.1649932861328,44.86439895629883,51.8286018371582
275.3736877441406,162.3302001953125,43.03770065307617,49.91239929199219
273.34381103515625,157.44949340820312,41.79059982299805,47.62929916381836
272.3135070800781,154.40469360351562,39.207698822021484,45.99959945678711
271.6263122558594,154.37710571289062,37.118499755859375,45.3297004699707
271.2278137207031,155.9394073486328,35.0443000793457,43.028099060058594
271.3172912597656,161.851806640625,33.34080123901367,40.44919967651367
273.8861083984375,162.5009002685547,31.682300567626953,42.48849868774414
275.7945861816406,164.80369567871094,30.821800231933594,44.634498596191406
282.4368896484375,166.88699340820312,26.122299194335938,45.6505012512207
291.3865966796875,172.83160400390625,20.63479995727539,46.89849853515625
297.9530944824219,173.7677001953125,19.12619972229004,53.597900390625
301.1824035644531,182.68850708007812,18.18269920349121,51.15810012817383
306.4458923339844,200.10020446777344,22.07539939880371,40.579498291015625
315.7892150878906,211.4304962158203,21.529800415039062,37.557098388671875
325.6524963378906,220.46180725097656,16.875999450683594,39.130401611328125
335.72088623046875,228.49459838867188,18.933799743652344,35.02629852294922
344.0372009277344,234.83680725097656,23.672800064086914,39.756099700927734
350.6174011230469,242.56900024414062,28.067100524902344,48.043399810791016
362.0613098144531,245.58180236816406,29.800800323486328,41.75680160522461
369.87298583984375,244.88690185546875,35.75979995727539,47.658199310302734
377.1412048339844,243.13079833984375,40.98160171508789,52.48469924926758
384.0338134765625,242.00779724121094,48.06549835205078,56.40810012817383
393.6922912597656,239.88949584960938,49.536598205566406,55.25410079956055
400.8254089355469,236.4174041748047,54.179100036621094,57.46440124511719
407.2405090332031,232.6273956298828,57.85960006713867,60.756099700927734
416.2421875,227.00880432128906,56.424598693847656,58.03340148925781
421.31048583984375,220.1112060546875,56.2234992980957,58.96139907836914
426.65618896484375,214.12460327148438,54.28310012817383,59.145301818847656
429.9527893066406,209.28599548339844,52.9547004699707,56.596099853515625
430.1241149902344,202.22129821777344,52.5,56.036399841308594
428.619384765625,194.55259704589844,52.2052001953125,56.7942008972168
425.089599609375,187.24009704589844,52.3213005065918,56.48249816894531
420.51629638671875,178.8571014404297,52.19490051269531,57.536598205566406
411.85040283203125,171.3621063232422,52.58250045776367,56.993900299072266
404.9840087890625,165.2093048095703,51.833099365234375,56.1963996887207
395.0096130371094,161.0364990234375,50.82160186767578,52.332000732421875
385.04949951171875,156.97000122070312,49.632301330566406,47.88759994506836
375.28619384765625,152.4906005859375,46.50680160522461,46.89860153198242
365.49420166015625,147.0825958251953,45.87409973144531,48.03200149536133
354.90960693359375,141.66879272460938,46.555999755859375,49.62540054321289
343.7912902832031,135.38400268554688,41.7671012878418,50.68600082397461
334.0828857421875,132.0576934814453,39.51729965209961,51.829898834228516
326.7922058105469,130.1605987548828,32.64540100097656,47.70159912109375
316.9985046386719,125.88040161132812,36.810001373291016,46.848201751708984
308.1921081542969,125.5625,36.11289978027344,43.37649917602539
301.94171142578125,125.73639678955078,35.01100158691406,40.686100006103516
298.78070068359375,122.08519744873047,31.969900131225586,43.2588996887207
295.1423034667969,123.01390075683594,32.537601470947266,43.89889907836914
290.79669189453125,126.0261001586914,32.12049865722656,46.212398529052734
286.7167053222656,128.39210510253906,34.89550018310547,50.26169967651367
282.0285949707031,135.25709533691406,37.33440017700195,53.03390121459961
281.3221130371094,150.06629943847656,32.82749938964844,51.0890007019043
281.35699462890625,160.91580200195312,31.516599655151367,55.09560012817383
282.83758544921875,183.75259399414062,26.831600189208984,45.481201171875
284.29888916015625,184.12489318847656,25.195899963378906,49.73529815673828
286.8179016113281,194.72979736328125,24.58769989013672,42.152400970458984
285.3706970214844,192.82080078125,25.80120086669922,55.184200286865234
287.248291015625,205.3123016357422,28.761699676513672,55.814998626708984
294.7174072265625,219.41119384765625,24.764699935913086,48.487300872802734
304.3388977050781,232.34759521484375,21.947200775146484,48.439701080322266
309.7626953125,239.7281951904297,27.776599884033203,46.60969924926758
319.4873046875,243.20050048828125,27.816099166870117,48.204898834228516
332.5726013183594,248.7122039794922,26.235000610351562,44.950801849365234
341.3026123046875,250.5070037841797,28.887699127197266,44.06880187988281
354.4715881347656,248.67869567871094,25.20840072631836,48.542598724365234
364.44268798828125,249.4564971923828,30.531999588012695,53.71229934692383
374.04638671875,248.5321044921875,30.91699981689453,47.61669921875
383.78509521484375,248.05819702148438,39.30690002441406,63.84669876098633
395.3252868652344,245.6833038330078,38.86349868774414,55.23590087890625
402.94000244140625,242.85409545898438,42.08580017089844,54.787200927734375
412.4862976074219,237.99710083007812,42.58620071411133,53.40299987792969
418.3714904785156,233.6383056640625,43.76250076293945,53.99879837036133
421.726806640625,228.38580322265625,45.8755989074707,51.62710189819336
426.34381103515625,220.16940307617188,46.18600082397461,51.68730163574219
428.9493103027344,213.06179809570312,46.68870162963867,51.654701232910156
428.0452880859375,206.281005859375,47.999900817871094,51.97589874267578
427.0509033203125,198.5012969970703,48.20909881591797,51.53450012207031
424.0906066894531,190.63929748535156,47.669898986816406,52.37810134887695
419.1907958984375,183.6553955078125,48.426700592041016,51.88779830932617
413.29010009765625,178.7073974609375,47.632198333740234,50.28450012207031
405.5920104980469,174.22019958496094,46.477901458740234,47.88610076904297
397.6675109863281,168.397705078125,44.52289962768555,46.83250045776367
388.2934875488281,164.10960388183594,42.31930160522461,45.85499954223633
377.21990966796875,157.69940185546875,41.239498138427734,44.989601135253906
368.16729736328125,150.55990600585938,37.33140182495117,46.8125
356.9140930175781,146.12890625,35.64469909667969,47.05609893798828
344.5859069824219,140.69630432128906,35.03010177612305,47.127201080322266
335.21051025390625,137.61390686035156,30.444400787353516,49.259700775146484
327.3728942871094,137.5321044921875,26.246299743652344,47.75960159301758
315.3597106933594,139.37789916992188,28.991199493408203,49.22760009765625
305.1986083984375,145.00709533691406,28.248300552368164,47.0010986328125
297.2626953125,147.65679931640625,28.12179946899414,49.21689987182617
290.4346008300781,151.44039916992188,28.485200881958008,47.05550003051758
288.04998779296875,151.49330139160156,27.908899307250977,47.88050079345703
283.8617858886719,150.97610473632812,28.844100952148438,49.25619888305664
281.6466064453125,156.34629821777344,29.52589988708496,48.149898529052734
279.6195983886719,162.2969970703125,30.62929916381836,47.9015998840332
279.43328857421875,174.04539489746094,29.50749969482422,46.53450012207031
278.6069030761719,185.35330200195312,28.43090057373047,46.31290054321289
276.7659912109375,201.3470001220703,29.305700302124023,45.699100494384766
278.5044860839844,213.2261962890625,26.994699478149414,47.922000885009766
280.5473937988281,224.677001953125,27.541799545288086,49.135799407958984
281.8529968261719,233.34030151367188,30.002500534057617,48.46870040893555
292.5360107421875,243.26210021972656,26.959299087524414,59.97740173339844
298.1669921875,251.38450622558594,25.757099151611328,48.007598876953125
296.297607421875,262.90350341796875,38.56119918823242,46.3468017578125
305.6534118652344,263.2970886230469,66.80909729003906,72.23300170898438
299.84381103515625,264.5458068847656,140.4344940185547,95.4542007446289
303.41680908203125,259.9413146972656,149.37469482421875,100.05870056152344
275.85369873046875,247.90269470214844,208.41619873046875,112.09729766845703
298.1158142089844,260.0199890136719,138.30360412597656,95.99800109863281
300.673095703125,263.99481201171875,138.94970703125,92.7938003540039
301.8799133300781,264.3659973144531,142.0948028564453,92.44319915771484
304.156494140625,265.29010009765625,136.9552001953125,92.36160278320312
304.477294921875,265.50830078125,134.38839721679688,92.23539733886719
301.9159851074219,263.9397888183594,140.04400634765625,92.01509857177734
302.80670166015625,265.6614990234375,138.35389709472656,91.58699798583984
303.56988525390625,265.33551025390625,142.66119384765625,91.39990234375
297.1465148925781,263.3233947753906,170.21200561523438,93.10540008544922
309.57159423828125,259.2926940917969,148.1710968017578,92.40959930419922
430.1413879394531,242.77330017089844,33.91699981689453,65.8488998413086
434.1445007324219,234.41990661621094,24.486499786376953,62.54520034790039
430.9800109863281,220.54620361328125,26.414100646972656,56.097999572753906
427.9660949707031,210.9178009033203,27.28969955444336,54.792999267578125
422.4779968261719,200.60780334472656,27.470699310302734,54.119300842285156
414.1924133300781,185.95950317382812,29.47610092163086,55.46739959716797
405.7107849121094,175.18479919433594,29.820999145507812,53.275299072265625
396.5557861328125,164.67269897460938,29.737300872802734,52.08409881591797
386.08428955078125,154.20120239257812,31.742799758911133,50.052398681640625
374.150390625,148.3092041015625,33.82550048828125,46.38970184326172
361.5282897949219,137.20730590820312,37.81340026855469,47.135101318359375
348.7362976074219,132.7281036376953,42.00870132446289,42.05739974975586
338.3736877441406,130.1840057373047,42.22890090942383,40.87409973144531
330.07830810546875,129.8988037109375,42.0463981628418,39.440399169921875
316.4993896484375,129.83689880371094,44.598899841308594,38.93920135498047
307.8861083984375,129.89430236816406,46.20880126953125,40.534400939941406
298.84991455078125,132.28439331054688,49.983001708984375,42.85129928588867
290.3420104980469,135.24229431152344,50.01060104370117,44.52239990234375
282.6438903808594,139.7449951171875,50.601898193359375,46.26279830932617
277.8301086425781,143.95489501953125,47.73550033569336,50.95940017700195
272.9325866699219,155.82110595703125,46.75529861450195,53.27330017089844
265.0816955566406,174.75770568847656,50.8557014465332,51.51969909667969
260.0769958496094,191.81910705566406,48.908199310302734,51.175899505615234
253.97779846191406,210.56199645996094,50.06169891357422,52.18320083618164
251.46539306640625,229.22779846191406,51.137901306152344,47.85200119018555
254.28720092773438,241.3863983154297,50.903900146484375,44.058101654052734
256.6145935058594,253.76409912109375,52.96609878540039,43.889801025390625
265.8775939941406,266.227294921875,48.50199890136719,41.324501037597656
269.72430419921875,273.54681396484375,45.12649917602539,44.739498138427734
278.6408996582031,273.7213134765625,64.54219818115234,62.44309997558594
293.0039978027344,264.4090881347656,145.3979949951172,93.1167984008789
299.2886962890625,264.29840087890625,144.33560180664062,94.30020141601562
302.8335876464844,265.1112060546875,138.59210205078125,92.63189697265625
301.97540283203125,265.0116882324219,141.32069396972656,92.94120025634766
302.944091796875,264.71728515625,136.99710083007812,93.5093994140625
304.9584045410156,264.2984924316406,136.17739868164062,93.3853988647461
306.47039794921875,262.59619140625,140.9801025390625,96.96859741210938
301.61981201171875,265.89520263671875,140.59779357910156,91.61910247802734
300.31201171875,264.5234069824219,155.21749877929688,93.00360107421875
297.034912109375,264.2748107910156,173.41419982910156,93.13040161132812
429.4786071777344,274.2591857910156,53.36119842529297,78.77739715576172
438.6860046386719,286.4364929199219,52.31719970703125,59.757598876953125
450.45928955078125,287.02349853515625,48.73189926147461,60.117401123046875
461.9364013671875,286.06439208984375,50.062198638916016,60.26020050048828
472.8731994628906,285.84759521484375,123.8302993774414,69.50589752197266
472.1336975097656,283.95928955078125,69.09639739990234,68.41819763183594
474.3586120605469,287.4390869140625,92.24030303955078,69.21849822998047
479.3904113769531,288.2630920410156,68.41819763183594,65.7926025390625
484.8203125,289.0661926269531,152.32179260253906,69.42440032958984
482.8601989746094,289.6856994628906,152.95460510253906,68.41210174560547
483.17059326171875,292.6195068359375,84.02349853515625,61.79460144042969
480.18310546875,290.1127014160156,69.97010040283203,65.23899841308594
470.760986328125,289.23309326171875,160.9373016357422,68.60209655761719
466.0513000488281,281.20159912109375,95.00350189208984,74.231201171875
463.31500244140625,274.0140075683594,73.86900329589844,80.88569641113281
473.3100891113281,273.6523132324219,64.6572036743164,66.30419921875
467.1174011230469,263.5150146484375,65.2833023071289,76.44329833984375
472.739990234375,263.3765869140625,57.505401611328125,62.2056999206543
468.1733093261719,254.72720336914062,55.88570022583008,55.40589904785156
461.7919006347656,245.18589782714844,55.575401306152344,52.30820083618164
456.35040283203125,235.55230712890625,54.54169845581055,54.0807991027832
450.8858947753906,229.6844940185547,51.712501525878906,53.372501373291016
445.71160888671875,225.0113983154297,51.50189971923828,53.185001373291016
441.1109924316406,219.54159545898438,48.822200775146484,55.70090103149414
435.4866943359375,214.5552978515625,47.20930099487305,59.644798278808594
430.2362976074219,210.5648956298828,44.671600341796875,62.815799713134766
426.1285095214844,205.6934051513672,41.10150146484375,67.23660278320312
422.8738098144531,202.10580444335938,37.38560104370117,67.82430267333984
418.5089111328125,192.26820373535156,34.38600158691406,74.52020263671875
415.5985107421875,187.46080017089844,32.310001373291016,76.08809661865234
411.9762878417969,181.11929321289062,29.76650047302246,76.5625991821289
406.8330078125,178.05709838867188,29.7637996673584,72.75260162353516
403.08349609375,170.2823944091797,29.179000854492188,72.7876968383789
399.0657958984375,158.73980712890625,30.13599967956543,78.11039733886719
394.90240478515625,156.9499053955078,30.79170036315918,76.02839660644531
394.872314453125,150.9575958251953,29.929399490356445,78.87409973144531
395.1971130371094,145.7220001220703,27.03459930419922,83.24210357666016
394.82080078125,142.14259338378906,25.851499557495117,84.16179656982422
396.95440673828125,140.4862060546875,23.87470054626465,79.20189666748047
399.07611083984375,136.45469665527344,23.773399353027344,75.07209777832031
402.0632019042969,127.62229919433594,24.25349998474121,76.27449798583984
403.38970947265625,119.90840148925781,25.436599731445312,78.23249816894531
406.5732116699219,115.75679779052734,25.425399780273438,78.58480072021484
410.2347106933594,114.197998046875,24.776199340820312,78.5990982055664
414.72808837890625,106.67320251464844,24.106199264526367,85.4395980834961
417.6343994140625,106.36990356445312,24.16790008544922,87.08149719238281
419.4194030761719,103.9728012084961,25.851699829101562,89.06089782714844
421.13031005859375,110.8822021484375,27.939199447631836,82.1875991821289
421.6890869140625,116.6948013305664,29.988500595092773,80.53369903564453
423.244384765625,125.3291015625,30.344600677490234,78.09750366210938
422.652099609375,126.52159881591797,30.88599967956543,78.37409973144531
420.62139892578125,130.2353973388672,33.26020050048828,80.71690368652344
418.2215881347656,137.18780517578125,37.04240036010742,76.72760009765625
415.4778137207031,143.05889892578125,40.11249923706055,74.37519836425781
412.7632141113281,143.85369873046875,43.55659866333008,79.62670135498047
408.8056945800781,152.7675018310547,48.4650993347168,76.63310241699219
405.1838073730469,161.29550170898438,52.00619888305664,71.16639709472656
402.0779113769531,167.29969787597656,56.55830001831055,69.72630310058594
400.1282958984375,181.01010131835938,57.933101654052734,62.6682014465332
397.2615966796875,194.3415985107422,58.110801696777344,58.01900100708008
394.4219970703125,205.3876953125,59.98830032348633,59.29090118408203
392.6600036621094,211.73269653320312,61.74409866333008,66.82420349121094
391.1022033691406,220.56370544433594,62.96269989013672,72.03089904785156
391.3617858886719,223.3979034423828,60.12710189819336,75.89839935302734
392.7589111328125,224.41009521484375,58.22019958496094,73.47560119628906
392.6745910644531,222.2362060546875,59.03129959106445,75.55439758300781
392.5632019042969,219.60049438476562,61.454498291015625,77.34750366210938
391.77130126953125,218.1024932861328,64.3572006225586,78.3134994506836
390.7715148925781,214.8903045654297,69.77050018310547,79.10929870605469
391.07281494140625,211.81979370117188,72.29409790039062,77.03710174560547
