1
567.1937866210938,99.99189758300781,215.2082061767578,412.6340026855469
569.6259765625,112.97630310058594,208.81190490722656,408.0591125488281
580.3742065429688,102.37770080566406,197.1197052001953,435.8146057128906
610.1193237304688,79.22260284423828,168.4810028076172,447.72039794921875
608.7553100585938,108.42359924316406,172.706298828125,345.9458923339844
624.940673828125,144.24200439453125,168.86410522460938,390.59051513671875
620.0745239257812,119.13870239257812,179.92860412597656,346.4678039550781
628.8187866210938,138.97659301757812,175.6584930419922,371.0895080566406
629.9564819335938,126.5071029663086,189.4445037841797,413.4928894042969
634.2833251953125,134.5041961669922,196.7248992919922,371.19769287109375
636.201171875,129.0186004638672,189.51010131835938,329.1404113769531
620.9296875,114.64990234375,203.38119506835938,305.2654113769531
622.8848876953125,121.71160125732422,197.97540283203125,291.10650634765625
620.968994140625,141.71380615234375,212.9763946533203,265.0220031738281
618.1707763671875,146.9521026611328,210.0919952392578,242.04660034179688
622.2489013671875,154.5460968017578,210.34320068359375,263.30609130859375
635.273193359375,138.947998046875,204.46339416503906,257.3550109863281
635.96337890625,137.49830627441406,209.04930114746094,250.39630126953125
639.542724609375,129.38999938964844,214.30490112304688,256.6004943847656
639.7858276367188,141.51620483398438,209.74859619140625,234.47610473632812
645.3433227539062,136.36419677734375,210.50390625,233.2180938720703
656.53369140625,147.22140502929688,204.910400390625,234.81289672851562
652.860595703125,140.01950073242188,209.33689880371094,232.7415008544922
657.0161743164062,133.8220977783203,207.33250427246094,230.31260681152344
658.1942138671875,157.54840087890625,199.26719665527344,215.76829528808594
651.0836791992188,139.87210083007812,205.10409545898438,231.25039672851562
649.861083984375,144.7769012451172,205.41650390625,224.42630004882812
644.2413940429688,129.79690551757812,213.33059692382812,242.83889770507812
635.7136840820312,139.99429321289062,212.92140197753906,229.74169921875
620.473876953125,143.25779724121094,226.8258056640625,214.00999450683594
613.5062866210938,134.49729919433594,233.05979919433594,223.21510314941406
610.9531860351562,145.17039489746094,228.41079711914062,218.94720458984375
611.3665771484375,132.61940002441406,229.17039489746094,230.6519012451172
621.9298095703125,137.44290161132812,211.5142059326172,234.78500366210938
606.6455078125,126.88009643554688,223.59190368652344,212.78660583496094
617.273681640625,113.5802001953125,215.81500244140625,238.49209594726562
608.431884765625,127.49720001220703,217.177001953125,211.54859924316406
604.4323120117188,116.50189971923828,220.31700134277344,221.61749267578125
622.2235717773438,97.1135025024414,204.9040985107422,209.77200317382812
625.1552734375,119.52200317382812,185.61610412597656,400.7135925292969
628.4119873046875,91.48509979248047,183.06739807128906,442.0080871582031
623.1608276367188,76.91909790039062,177.23500061035156,438.5061950683594
619.08447265625,68.55889892578125,182.56809997558594,404.61199951171875
604.1630249023438,78.66230010986328,190.47610473632812,212.07090759277344
613.4873046875,67.47109985351562,175.93850708007812,214.60850524902344
610.8834838867188,73.45570373535156,178.03810119628906,302.0993957519531
607.7625122070312,69.06719970703125,176.36839294433594,204.57460021972656
597.273193359375,67.24909973144531,186.17739868164062,289.0174865722656
595.4290161132812,74.81909942626953,183.85800170898438,385.7744140625
598.8922729492188,68.74400329589844,174.57589721679688,471.2560119628906
595.8192138671875,60.4744987487793,173.9084014892578,474.3785095214844
592.4281005859375,63.27909851074219,169.38589477539062,476.5741882324219
594.5042114257812,66.20950317382812,167.0460968017578,473.7904968261719
598.6195068359375,56.05780029296875,168.64669799804688,483.2983093261719
599.6729125976562,49.26499938964844,163.34930419921875,490.7349853515625
592.7681884765625,51.807701110839844,170.99290466308594,444.8172912597656
594.5081176757812,13.874500274658203,174.110595703125,526.12548828125
595.23681640625,24.024900436401367,170.61129760742188,486.5602111816406
593.04052734375,0.0,181.93499755859375,528.4871826171875
593.0285034179688,5.712699890136719,182.95249938964844,524.2844848632812
587.87109375,19.216800689697266,194.42889404296875,519.152587890625
595.4080200195312,17.778600692749023,178.00210571289062,484.4757995605469
604.3839721679688,66.75080108642578,169.30990600585938,473.24920654296875
602.9338989257812,22.171600341796875,175.52020263671875,517.8284301757812
596.0092163085938,19.922199249267578,182.60850524902344,500.8345947265625
571.9730834960938,5.291800022125244,201.71189880371094,208.13299560546875
561.4177856445312,8.566399574279785,227.08030700683594,194.54800415039062
543.0228881835938,20.912799835205078,243.55039978027344,169.193603515625
535.9625854492188,19.904399871826172,247.7615966796875,171.71949768066406
519.7656860351562,8.126899719238281,275.62640380859375,182.1074981689453
523.0006103515625,19.30030059814453,263.0741882324219,164.38980102539062
507.5309143066406,6.531300067901611,284.1617126464844,172.01080322265625
514.1873168945312,4.683599948883057,267.4630126953125,175.5305938720703
504.9991149902344,8.377599716186523,252.01449584960938,171.4868927001953
502.3179931640625,3.0007998943328857,291.48260498046875,193.8455047607422
500.0035095214844,8.202699661254883,254.42750549316406,179.69309997558594
481.19378662109375,4.4653000831604,311.093994140625,194.77279663085938
470.2174987792969,6.412600040435791,329.05731201171875,192.74459838867188
457.7029113769531,19.627599716186523,332.35211181640625,171.21519470214844
455.4258117675781,28.241899490356445,247.76199340820312,128.77830505371094
430.7510986328125,52.660701751708984,233.94459533691406,103.34429931640625
417.143798828125,64.78679656982422,243.34669494628906,124.5613021850586
423.460693359375,77.94270324707031,245.9071044921875,153.67739868164062
460.6708984375,102.13059997558594,229.41180419921875,165.65499877929688
492.43780517578125,130.6927947998047,176.68280029296875,163.36199951171875
516.40087890625,153.05450439453125,136.32569885253906,151.33070373535156
545.9398193359375,167.8325958251953,148.27589416503906,138.98519897460938
543.3485107421875,164.49339294433594,145.19180297851562,147.60330200195312
549.49609375,152.2301025390625,153.48179626464844,166.52139282226562
539.4058227539062,123.33609771728516,272.1205139160156,213.70530700683594
530.6680297851562,96.9801025390625,277.15301513671875,239.50990295410156
553.9630126953125,135.86309814453125,245.43409729003906,271.6050109863281
574.9022827148438,141.0269012451172,202.9185028076172,220.7230987548828
559.8817749023438,171.1363067626953,149.5446014404297,187.87249755859375
555.6956787109375,158.43190002441406,260.06170654296875,201.40570068359375
567.8079833984375,177.6020050048828,152.21839904785156,189.872802734375
547.8651123046875,164.07420349121094,271.43121337890625,203.98629760742188
541.7191162109375,181.2176971435547,119.80770111083984,180.15269470214844
568.68798828125,209.63609313964844,176.82839965820312,162.2281951904297
568.8933715820312,183.45620727539062,211.11680603027344,198.4665069580078
567.6735229492188,205.81640625,142.2429962158203,175.30130004882812
570.9102783203125,218.61610412597656,156.79730224609375,167.05580139160156
560.832275390625,226.08779907226562,127.92739868164062,178.0594024658203
576.8189697265625,216.0991973876953,130.97860717773438,190.1909942626953
581.8101196289062,212.53619384765625,124.2791976928711,194.88760375976562
598.806884765625,200.15089416503906,145.3874053955078,210.12429809570312
590.2393798828125,183.4239959716797,157.8354949951172,239.2136993408203
575.617919921875,173.98440551757812,208.0749969482422,339.4879150390625
596.1832885742188,179.1613006591797,168.2198028564453,320.8913879394531
609.8878784179688,170.65199279785156,166.0532989501953,324.74090576171875
590.2139282226562,174.00929260253906,183.9311981201172,290.0096130371094
610.3472290039062,154.93809509277344,198.44520568847656,292.6341857910156
619.5247192382812,184.60069274902344,163.8094024658203,344.7325134277344
622.4127807617188,115.92890167236328,164.15859985351562,300.5929870605469
619.6373291015625,120.79879760742188,185.2989044189453,293.88299560546875
611.9794921875,204.91400146484375,148.69610595703125,296.58538818359375
602.5084838867188,204.9248046875,168.16079711914062,272.4790954589844
606.4901123046875,184.85470581054688,168.19940185546875,310.31060791015625
574.7034912109375,202.672607421875,163.86940002441406,286.0372009277344
564.3474731445312,170.51739501953125,228.50379943847656,320.2344055175781
564.4987182617188,133.4945068359375,252.27259826660156,331.32110595703125
571.1746215820312,119.16130065917969,247.94509887695312,303.7572021484375
580.93798828125,132.2989959716797,260.2558898925781,287.6825866699219
541.5863037109375,139.0673065185547,235.23550415039062,396.8100891113281
528.4439697265625,115.07749938964844,188.97059631347656,366.0191955566406
510.7135925292969,107.9446029663086,148.18479919433594,339.91241455078125
478.4501953125,173.79620361328125,162.54139709472656,297.8326110839844
458.1510925292969,168.4564971923828,197.343994140625,290.1966857910156
482.7322998046875,163.02000427246094,159.96139526367188,305.1202087402344
454.5987854003906,190.00759887695312,176.91700744628906,279.06768798828125
428.235107421875,202.10870361328125,195.90280151367188,289.90838623046875
449.533203125,193.18260192871094,172.21710205078125,293.8778991699219
452.8356018066406,209.06610107421875,145.6719970703125,278.70880126953125
469.6413879394531,171.40249633789062,136.5200958251953,336.62908935546875
476.03448486328125,189.9676055908203,121.01940155029297,350.03240966796875
488.02301025390625,210.12899780273438,125.13520050048828,303.3945007324219
515.2255249023438,168.331298828125,142.7949981689453,312.32708740234375
517.1325073242188,154.56869506835938,156.23049926757812,319.1878967285156
516.3112182617188,180.91690063476562,163.25909423828125,277.8140869140625
547.20947265625,152.57440185546875,151.07110595703125,323.5093994140625
566.8516845703125,230.2104034423828,152.73289489746094,259.6630859375
571.6375122070312,85.32330322265625,176.94810485839844,407.42388916015625
582.173583984375,80.80269622802734,210.8531036376953,445.7820129394531
601.71142578125,100.04280090332031,190.72430419921875,419.9540100097656
611.459716796875,86.87760162353516,185.6833038330078,439.8218994140625
583.2908935546875,84.43479919433594,203.97500610351562,455.565185546875
598.6854248046875,124.07319641113281,191.54269409179688,414.3634948730469
609.5272827148438,113.83200073242188,187.53759765625,420.9537048339844
593.8931884765625,144.29229736328125,200.66619873046875,395.70770263671875
590.7152709960938,177.18460083007812,190.84190368652344,339.3870849609375
616.5010986328125,205.4716033935547,186.0146942138672,301.07958984375
586.9249267578125,200.68580627441406,235.4969024658203,334.5841979980469
583.1453247070312,174.597900390625,170.7154998779297,346.3201904296875
578.271484375,237.88490295410156,120.06890106201172,274.231689453125
567.2105712890625,242.20399475097656,132.09710693359375,292.010986328125
552.3419799804688,232.5727996826172,126.56159973144531,304.59210205078125
538.6793823242188,247.03599548339844,122.81069946289062,282.3450927734375
519.7133178710938,237.48609924316406,122.88259887695312,291.25860595703125
509.010498046875,241.9427947998047,114.8009033203125,288.5387878417969
498.0711975097656,244.53030395507812,111.89739990234375,284.6263122558594
489.1883850097656,256.48638916015625,112.4520034790039,264.48291015625
476.8442077636719,254.2209930419922,122.23970031738281,269.439208984375
480.71728515625,262.8468933105469,111.15689849853516,261.3356018066406
464.7143859863281,259.5260009765625,128.68359375,251.18380737304688
462.71600341796875,257.30889892578125,128.49090576171875,259.7587890625
463.45159912109375,254.62130737304688,127.90149688720703,254.0543975830078
467.76458740234375,256.54058837890625,123.00920104980469,251.76600646972656
461.126708984375,259.51580810546875,125.73979949951172,262.04010009765625
458.2080993652344,269.9898986816406,125.82890319824219,256.69268798828125
452.2200927734375,286.0476989746094,135.22579956054688,246.8083038330078
454.90020751953125,287.0779113769531,121.13600158691406,251.9532012939453
449.4841003417969,285.6007080078125,137.99420166015625,254.0240020751953
462.972900390625,290.0224914550781,120.5802001953125,245.8863983154297
456.4986877441406,284.2710876464844,133.82749938964844,248.23190307617188
389.2966003417969,271.0262145996094,195.63650512695312,261.0729064941406
448.643798828125,268.189697265625,144.69760131835938,263.4455871582031
454.4411926269531,268.8301086425781,132.42349243164062,262.5956115722656
457.2668151855469,274.2080993652344,126.57469940185547,259.55999755859375
463.1507873535156,275.60479736328125,123.51789855957031,260.8724060058594
459.2190856933594,278.5433044433594,126.16680145263672,257.04339599609375
451.4403991699219,282.1636962890625,138.0832061767578,256.9862976074219
445.3931884765625,280.1535949707031,144.7187042236328,259.8464050292969
219.65609741210938,205.2324981689453,267.35369873046875,334.7674865722656
226.8802032470703,192.01519775390625,224.08090209960938,347.98480224609375
242.27430725097656,180.30870056152344,218.57679748535156,359.6913146972656
533.8087768554688,91.24359893798828,151.30740356445312,416.3822937011719
534.2562866210938,93.03279876708984,141.52139282226562,414.622802734375
528.9052734375,83.71499633789062,150.2812042236328,433.5763854980469
531.8231811523438,86.42900085449219,144.87319946289062,438.4350891113281
527.1107788085938,73.3396987915039,150.47219848632812,463.0683898925781
346.1549987792969,239.37289428710938,141.69720458984375,290.9921875
357.59271240234375,240.60780334472656,131.2666015625,286.65380859375
364.5101013183594,233.86940002441406,130.62460327148438,301.06561279296875
357.80108642578125,227.76190185546875,148.8527069091797,305.2168884277344
212.84759521484375,128.3491973876953,161.57989501953125,218.52540588378906
209.9936981201172,155.83120727539062,149.13009643554688,177.17820739746094
219.5386962890625,144.74879455566406,147.66529846191406,183.33740234375
332.9216003417969,102.91059875488281,100.9928970336914,249.68890380859375
214.54139709472656,162.59100341796875,177.19180297851562,188.2490997314453
212.04080200195312,158.50729370117188,154.81320190429688,182.8917999267578
323.6549072265625,251.1947021484375,104.02880096435547,285.052001953125
216.7655029296875,157.4506072998047,150.74420166015625,235.23019409179688
214.05490112304688,110.28949737548828,169.09849548339844,218.33189392089844
210.4866943359375,117.51470184326172,149.1674041748047,206.1425018310547
209.13290405273438,93.9531021118164,164.63099670410156,243.9058074951172
202.60629272460938,102.37989807128906,167.52099609375,225.62950134277344
208.30540466308594,112.62799835205078,177.63670349121094,216.06610107421875
210.49209594726562,116.62680053710938,146.44320678710938,209.33680725097656
212.22000122070312,94.69020080566406,165.22340393066406,234.73370361328125
206.50900268554688,99.37529754638672,165.1009979248047,215.5063018798828
207.6569061279297,145.97259521484375,194.6092987060547,246.48739624023438
327.33770751953125,246.06350708007812,138.3887939453125,293.9364929199219
333.0517883300781,248.38710021972656,138.8166961669922,288.1205139160156
318.6709899902344,239.66409301757812,164.2917022705078,300.3359069824219
316.7091979980469,245.0406036376953,133.43710327148438,286.981689453125
325.7131042480469,252.5175018310547,134.38160705566406,275.7148132324219
319.3534851074219,250.03700256347656,139.5399932861328,279.28118896484375
317.8446044921875,247.3905029296875,132.82449340820312,254.98350524902344
310.6012878417969,236.36839294433594,136.92320251464844,261.22869873046875
305.3059997558594,231.1949005126953,133.72940063476562,277.7289123535156
293.6653137207031,230.98399353027344,137.7960968017578,250.2783966064453
209.77540588378906,204.1595001220703,215.4033966064453,321.40740966796875
228.56350708007812,195.45120239257812,200.18170166015625,328.2669982910156
224.20249938964844,179.96580505371094,198.32809448242188,343.1683044433594
232.92840576171875,212.27020263671875,197.73390197753906,309.5072937011719
228.8072052001953,186.4239959716797,206.8397979736328,353.57598876953125
228.7471923828125,205.9929962158203,208.92979431152344,333.0661926269531
227.85479736328125,203.45770263671875,218.09719848632812,331.2582092285156
252.9611053466797,195.28829956054688,195.1425018310547,344.3019104003906
220.74349975585938,201.79139709472656,217.83120727539062,338.2085876464844
216.2274932861328,173.5467987060547,212.72970581054688,349.8252868652344
208.41419982910156,136.7899932861328,218.7996063232422,306.781494140625
216.55999755859375,144.96519470214844,209.7406005859375,395.0347900390625
213.74749755859375,123.77619934082031,209.7781982421875,388.91290283203125
218.360107421875,123.34870147705078,209.15989685058594,258.0403137207031
224.61160278320312,112.07420349121094,214.36729431152344,252.8321075439453
217.8489990234375,109.09190368652344,225.38909912109375,247.97239685058594
206.97219848632812,110.69339752197266,246.05819702148438,248.5081024169922
201.9947967529297,119.1415023803711,264.4704895019531,227.88079833984375
207.50160217285156,137.48550415039062,259.602294921875,181.343505859375
193.0791015625,161.94830322265625,272.39471435546875,210.2700958251953
195.8321075439453,187.65460205078125,242.39059448242188,167.93460083007812
202.1367950439453,196.88319396972656,238.00770568847656,149.5847930908203
195.93190002441406,179.4799041748047,248.48370361328125,196.45559692382812
209.6833953857422,229.52780151367188,207.2261962890625,304.8302917480469
225.8968963623047,245.6593017578125,181.5312957763672,288.7835998535156
204.4333038330078,205.7908935546875,190.42230224609375,334.2091064453125
209.83309936523438,203.1278076171875,186.88079833984375,336.8721923828125
202.34950256347656,186.87750244140625,196.44650268554688,353.12249755859375
202.26499938964844,153.9080047607422,191.1407928466797,386.0920104980469
197.51080322265625,140.61099243164062,207.03570556640625,399.3890075683594
194.8968048095703,175.50889587402344,202.7303009033203,364.4910888671875
202.58949279785156,143.6439971923828,200.1020050048828,396.3559875488281
197.78089904785156,154.36520385742188,210.26870727539062,385.6347961425781
202.2425994873047,153.00709533691406,205.17649841308594,386.9928894042969
544.8925170898438,93.43109893798828,236.96389770507812,443.65771484375
533.899169921875,92.83899688720703,261.58050537109375,447.1610107421875
545.5156860351562,85.82369995117188,236.9058074951172,454.1763000488281
555.3496704101562,76.9364013671875,243.8699951171875,463.0635986328125
549.393798828125,106.77770233154297,239.8363037109375,433.2222900390625
562.2235717773438,90.98509979248047,228.17030334472656,449.014892578125
565.9514770507812,81.99479675292969,215.1551055908203,458.00518798828125
573.4365234375,104.1323013305664,221.3446044921875,435.8677062988281
580.0408935546875,70.41010284423828,206.71409606933594,469.5898132324219
583.2799072265625,78.04100036621094,228.50250244140625,461.9590148925781
579.0568237304688,76.0385971069336,252.15980529785156,463.96148681640625
580.7606811523438,101.01599884033203,200.0904998779297,426.6798095703125
592.5355224609375,76.19950103759766,201.59109497070312,463.8005065917969
588.6547241210938,73.40080261230469,215.0946044921875,454.66558837890625
591.5814819335938,78.99610137939453,206.4647979736328,429.635986328125
584.156005859375,60.30759811401367,209.58639526367188,469.35260009765625
591.0330200195312,96.46029663085938,209.33419799804688,440.62890625
584.0361938476562,93.9832992553711,202.02679443359375,421.20001220703125
588.5833740234375,79.2593994140625,196.8206024169922,449.9549865722656
587.4539184570312,66.32279968261719,198.83180236816406,473.44781494140625
580.560791015625,84.04290008544922,217.9947052001953,455.95709228515625
572.0900268554688,86.10530090332031,225.5760040283203,418.99530029296875
574.3787841796875,103.87010192871094,224.6374969482422,415.4317932128906
236.04620361328125,192.3791961669922,167.47740173339844,345.50311279296875
231.8011016845703,170.34249877929688,156.94700622558594,364.755615234375
233.69940185546875,168.7135009765625,142.98330688476562,352.0282897949219
241.08169555664062,168.2404022216797,129.5574951171875,370.5184020996094
226.38609313964844,171.91329956054688,154.1331024169922,368.0867004394531
234.34860229492188,164.95449829101562,137.52430725097656,240.8675994873047
232.72799682617188,143.04299926757812,124.64230346679688,266.252685546875
232.45590209960938,137.32809448242188,115.35369873046875,286.4241943359375
231.14520263671875,131.51910400390625,132.0019989013672,291.4566955566406
227.4591064453125,126.5884017944336,149.4219970703125,298.9797058105469
215.5507049560547,136.92919921875,158.46600341796875,294.9964904785156
180.66110229492188,126.21520233154297,226.82949829101562,359.5963134765625
188.89939880371094,135.06610107421875,207.83909606933594,378.3431091308594
194.69110107421875,137.7519073486328,209.091796875,385.3179931640625
214.18150329589844,123.46019744873047,201.9770050048828,403.65521240234375
210.93429565429688,119.06790161132812,190.0821075439453,275.9841003417969
226.08140563964844,111.5593032836914,160.94869995117188,428.4407043457031
243.54429626464844,111.47429656982422,131.80299377441406,428.5257873535156
244.8043975830078,91.61530303955078,127.33930206298828,448.38470458984375
237.57020568847656,68.63890075683594,138.02920532226562,471.3611145019531
232.25669860839844,59.55039978027344,148.76510620117188,470.9591064453125
231.16419982910156,66.75090026855469,150.10629272460938,470.43548583984375
231.63650512695312,71.93659973144531,147.72410583496094,459.4119873046875
228.5675048828125,75.25550079345703,152.99020385742188,464.7445068359375
234.4678955078125,86.26200103759766,151.71670532226562,451.173095703125
228.16839599609375,51.25519943237305,161.3260955810547,484.760009765625
232.40049743652344,63.23540115356445,158.74009704589844,472.4458923339844
219.6903076171875,43.48320007324219,167.16990661621094,480.03961181640625
225.8780059814453,73.26229858398438,160.80599975585938,466.7377014160156
229.94729614257812,69.35639953613281,157.09840393066406,464.8243103027344
221.26519775390625,37.752201080322266,167.5623016357422,498.6539001464844
225.37030029296875,50.750999450683594,158.91549682617188,463.5107116699219
228.40420532226562,22.811199188232422,165.39109802246094,517.1887817382812
231.37120056152344,44.62590026855469,149.74209594726562,478.8982849121094
230.3302001953125,23.798500061035156,168.4217071533203,511.1615905761719
224.41920471191406,48.2052001953125,160.64430236816406,489.01519775390625
228.78619384765625,50.06629943847656,156.43589782714844,479.9125061035156
229.41259765625,46.528499603271484,164.0699005126953,491.4578857421875
227.10760498046875,48.66669845581055,174.2888946533203,464.70928955078125
217.5323028564453,74.63710021972656,181.86270141601562,278.0071105957031
215.6636962890625,96.61900329589844,197.10769653320312,213.8433074951172
209.41940307617188,142.46820068359375,180.6501007080078,255.7010040283203
203.35760498046875,149.66729736328125,181.58889770507812,267.35540771484375
200.02349853515625,148.5023956298828,189.36500549316406,261.22509765625
191.95730590820312,162.40829467773438,215.22909545898438,203.4573974609375
197.38690185546875,169.3863983154297,181.6562957763672,203.93870544433594
198.43429565429688,166.06539916992188,172.60850524902344,232.42999267578125
197.4281005859375,168.89920043945312,191.4376983642578,248.9980010986328
198.19259643554688,140.18890380859375,202.10389709472656,331.80718994140625
224.86819458007812,173.12359619140625,177.3719940185547,362.39630126953125
471.7379150390625,123.99980163574219,207.74839782714844,416.0002136230469
475.298095703125,90.6593017578125,242.30320739746094,449.3406982421875
462.96771240234375,101.09660339355469,261.5008850097656,438.9034118652344
454.9024963378906,104.35250091552734,264.1014099121094,435.6474914550781
468.76129150390625,104.83799743652344,261.1296081542969,435.1619873046875
456.78338623046875,98.00559997558594,261.10418701171875,441.994384765625
467.552490234375,100.41999816894531,279.03729248046875,439.5799865722656
461.6413879394531,97.31590270996094,276.3490905761719,442.6841125488281
453.03680419921875,83.27909851074219,266.7392883300781,456.72088623046875
465.9808044433594,79.73169708251953,293.03271484375,460.268310546875
460.0076904296875,81.16459655761719,253.84469604492188,458.83538818359375
463.5072021484375,95.67240142822266,247.57550048828125,444.3276062011719
466.0223083496094,104.1321029663086,254.71409606933594,435.8678894042969
467.3164978027344,83.15190124511719,285.0683898925781,456.8481140136719
470.0393981933594,70.34040069580078,235.76210021972656,469.65948486328125
470.2244873046875,89.41100311279297,243.58509826660156,446.7937927246094
470.05010986328125,96.97000122070312,228.0491943359375,406.2851867675781
459.9082946777344,105.32720184326172,274.0481872558594,424.8544921875
454.98651123046875,91.5155029296875,262.24969482421875,448.4844970703125
461.08441162109375,104.0967025756836,278.1007080078125,435.9032897949219
461.42608642578125,75.21369934082031,252.0854034423828,464.7862854003906
462.5851135253906,96.64859771728516,267.9790954589844,430.3135070800781
466.9909973144531,113.47270202636719,231.92520141601562,425.52191162109375
466.9884948730469,138.76220703125,234.73350524902344,401.23779296875
468.23370361328125,88.15589904785156,220.86959838867188,451.8440856933594
464.676513671875,81.84760284423828,235.77169799804688,457.9206848144531
456.51800537109375,103.1095962524414,236.30189514160156,433.0545959472656
455.43829345703125,96.26840209960938,266.7452087402344,443.7315979003906
456.10980224609375,111.19339752197266,273.81451416015625,428.8064880371094
454.4518127441406,100.0779037475586,281.0054016113281,439.9220886230469
452.0846862792969,76.70079803466797,271.01629638671875,463.2991943359375
454.36358642578125,76.94210052490234,248.4600067138672,459.4927062988281
464.83709716796875,82.81079864501953,286.15771484375,451.6628112792969
464.576904296875,83.63099670410156,225.28160095214844,456.3689880371094
457.6965026855469,73.16950225830078,284.1426086425781,465.37939453125
458.5242004394531,94.94219970703125,239.8843994140625,443.5705871582031
454.67449951171875,89.2135009765625,276.3305969238281,450.7864990234375
454.2633972167969,78.80829620361328,250.3708038330078,461.19171142578125
461.2309875488281,85.4365005493164,264.9725036621094,454.5635070800781
458.86041259765625,108.33380126953125,237.26010131835938,430.3905944824219
455.05511474609375,117.98629760742188,254.43649291992188,422.0137023925781
457.4128112792969,116.6177978515625,227.54150390625,423.3822021484375
459.9507141113281,89.86979675292969,249.24490356445312,450.13018798828125
457.1382141113281,115.12010192871094,235.8112030029297,424.8799133300781
444.31689453125,103.95010375976562,251.12930297851562,435.1278076171875
443.0284118652344,90.20890045166016,250.1663055419922,449.7911071777344
440.7485046386719,98.57859802246094,246.10870361328125,441.42138671875
449.418212890625,103.48370361328125,245.50619506835938,436.51629638671875
457.5450134277344,119.37779998779297,236.57310485839844,420.6221923828125
429.9150085449219,111.35099792480469,268.6796875,428.64898681640625
443.5093994140625,153.57119750976562,261.8919982910156,384.6849060058594
469.7403869628906,136.27040100097656,228.6782989501953,397.5450134277344
471.9374084472656,111.55039978027344,209.4188995361328,428.4495849609375
475.7421875,105.5260009765625,228.593994140625,432.08819580078125
453.5220947265625,89.98390197753906,275.1697998046875,450.01611328125
461.37451171875,116.32569885253906,247.5998992919922,421.1274108886719
464.1289978027344,144.4799041748047,258.56048583984375,395.5201110839844
456.7002868652344,112.10469818115234,238.94920349121094,427.8952941894531
468.26251220703125,133.05999755859375,218.25270080566406,406.94000244140625
450.8457946777344,94.13030242919922,238.83689880371094,445.86968994140625
458.3620910644531,118.19120025634766,249.05450439453125,414.597900390625
454.56439208984375,135.93350219726562,228.4571075439453,404.0664978027344
471.7851867675781,88.79759979248047,217.47259521484375,451.202392578125
449.5965881347656,140.66610717773438,230.0023956298828,399.3338928222656
463.7515869140625,104.11319732666016,238.8625946044922,435.8868103027344
455.7467956542969,138.35350036621094,219.30630493164062,401.6465148925781
472.8445129394531,121.90380096435547,216.5128936767578,418.0963134765625
464.53179931640625,105.34320068359375,232.29989624023438,431.77520751953125
469.25311279296875,113.83779907226562,205.35110473632812,416.9281005859375
462.2515869140625,156.86810302734375,215.27699279785156,382.3760986328125
456.4873962402344,101.13249969482422,245.09519958496094,438.86749267578125
460.131591796875,117.31269836425781,215.36019897460938,422.6872863769531
449.00518798828125,126.90290069580078,260.0730895996094,413.09710693359375
458.1719970703125,103.98609924316406,222.19940185546875,432.66668701171875
458.98858642578125,101.8396987915039,237.98880004882812,431.03131103515625
452.00750732421875,114.63089752197266,227.34280395507812,424.7650146484375
447.8089904785156,109.71430206298828,257.4786071777344,430.28570556640625
451.01031494140625,110.99019622802734,229.97799682617188,429.0097961425781
455.1236877441406,118.34310150146484,248.66720581054688,420.74530029296875
440.6856994628906,120.88079833984375,241.49899291992188,419.11920166015625
449.1348876953125,116.68299865722656,264.3870849609375,423.3169860839844
466.2085876464844,129.35330200195312,225.97689819335938,410.6466979980469
470.8291015625,97.67369842529297,225.74639892578125,442.3262939453125
475.2515869140625,118.72879791259766,222.4759063720703,421.2712097167969
487.8352966308594,98.45899963378906,213.31390380859375,438.5567932128906
470.31939697265625,114.81009674072266,235.21820068359375,425.1899108886719
479.1706848144531,86.99479675292969,236.40899658203125,453.00518798828125
483.184814453125,73.47119903564453,224.9781036376953,466.52880859375
480.1543884277344,100.50389862060547,220.25669860839844,439.49609375
480.1148986816406,79.28279876708984,246.59710693359375,457.16351318359375
486.8319091796875,124.02950286865234,225.6905975341797,412.6875
503.36590576171875,111.00150299072266,220.65260314941406,428.9985046386719
489.61151123046875,90.28130340576172,243.30430603027344,447.07440185546875
495.55889892578125,114.94730377197266,221.21560668945312,418.06439208984375
499.4825134277344,85.2134017944336,254.7541961669922,447.6424865722656
503.55218505859375,108.54199981689453,235.5133056640625,431.4580078125
498.68890380859375,74.41480255126953,233.99920654296875,462.3797912597656
502.8713073730469,72.75370025634766,245.0670928955078,464.4950866699219
501.2439880371094,81.44219970703125,239.44529724121094,458.55780029296875
499.0963134765625,70.01290130615234,241.9322052001953,469.9870910644531
498.4034118652344,103.77030181884766,248.8979949951172,436.2296142578125
496.72198486328125,76.14540100097656,235.06590270996094,463.8546142578125
492.70819091796875,99.00769805908203,236.58560180664062,440.9923095703125
483.2679138183594,111.6719970703125,244.44810485839844,424.65869140625
490.04949951171875,111.856201171875,234.48350524902344,426.98699951171875
481.601806640625,125.90260314941406,236.44569396972656,409.28399658203125
474.7763977050781,116.40660095214844,230.43240356445312,423.5934143066406
458.9731140136719,139.71240234375,249.2823944091797,400.28759765625
449.0455017089844,105.55229949951172,247.7427978515625,434.44769287109375
449.07659912109375,129.0991973876953,246.27090454101562,410.9007873535156
441.50640869140625,101.99449920654297,246.9597930908203,438.0054931640625
430.3369140625,128.16720581054688,255.3249053955078,411.8327941894531
420.529296875,109.12830352783203,255.13250732421875,430.8717041015625
416.6763916015625,84.81690216064453,260.77191162109375,455.18310546875
415.8481140136719,110.96929931640625,248.75399780273438,429.03070068359375
395.5338134765625,73.77980041503906,272.9762878417969,466.22021484375
395.8714904785156,94.92510223388672,270.3638916015625,445.07489013671875
383.99560546875,103.47560119628906,274.7078857421875,434.0622863769531
391.22601318359375,117.72859954833984,255.17739868164062,422.2713928222656
381.080810546875,76.12750244140625,281.9912109375,463.87249755859375
378.7063903808594,108.47959899902344,285.34130859375,416.19720458984375
388.3026123046875,115.8145980834961,260.74798583984375,424.1853942871094
372.37310791015625,107.2313003540039,267.372802734375,432.7687072753906
388.8894958496094,110.810302734375,252.0946044921875,429.189697265625
377.81878662109375,95.43599700927734,266.63800048828125,444.5639953613281
388.7929992675781,129.51809692382812,262.0898132324219,410.4819030761719
393.7851867675781,84.45600128173828,268.0526123046875,455.54400634765625
392.87548828125,105.81890106201172,254.07229614257812,420.3291931152344
388.8680114746094,98.03269958496094,267.0480041503906,441.96728515625
398.464599609375,117.92569732666016,258.8190002441406,422.0741882324219
415.6807861328125,96.06580352783203,256.5325012207031,443.9342041015625
413.4753112792969,104.40679931640625,249.09530639648438,435.5932922363281
422.4255065917969,139.61219787597656,255.02920532226562,400.3877868652344
437.0075988769531,131.90919494628906,257.1766052246094,408.0907897949219
441.6935119628906,113.05979919433594,260.8800964355469,426.940185546875
462.81610107421875,130.5081024169922,226.67919921875,409.4919128417969
475.9346008300781,83.80390167236328,249.09219360351562,456.19610595703125
465.8042907714844,136.11940002441406,251.41879272460938,403.880615234375
482.389404296875,117.9280014038086,259.4173889160156,412.5849914550781
482.2025146484375,113.3667984008789,258.2137145996094,424.6542053222656
484.54681396484375,106.12220001220703,268.81890869140625,424.9060974121094
488.181396484375,82.35260009765625,278.9230041503906,457.64739990234375
488.3505859375,116.80370330810547,270.3075866699219,423.1962890625
508.7698059082031,60.322898864746094,267.39520263671875,479.6770935058594
516.02587890625,76.31060028076172,241.58489990234375,463.68939208984375
508.4353942871094,106.95950317382812,258.62921142578125,433.0404968261719
523.3566284179688,112.0385971069336,250.16529846191406,427.9613952636719
527.1019897460938,50.9567985534668,245.58529663085938,489.043212890625
512.9620971679688,68.47019958496094,254.1407928466797,471.52978515625
517.288818359375,68.14469909667969,283.5721130371094,471.85528564453125
523.7064819335938,55.85179901123047,257.5439147949219,484.148193359375
524.9791259765625,62.73540115356445,258.5314025878906,477.26458740234375
524.318603515625,75.62409973144531,268.397705078125,464.3758850097656
527.7252807617188,63.68840026855469,267.1202087402344,476.3116149902344
513.4727172851562,73.67829895019531,280.1523132324219,466.3216857910156
519.430908203125,69.24430084228516,260.43170166015625,470.7557067871094
508.997314453125,79.96369934082031,278.5504150390625,459.85528564453125
525.87841796875,62.71549987792969,248.7689971923828,463.07598876953125
512.6563110351562,66.57610321044922,249.33349609375,473.42388916015625
513.1954956054688,88.64679718017578,261.193603515625,448.9732971191406
506.0408935546875,91.44139862060547,258.2893981933594,448.55859375
503.75,84.752197265625,256.1488952636719,455.247802734375
500.9014892578125,98.0208969116211,254.1531982421875,441.9790954589844
492.6671142578125,120.57450103759766,263.568603515625,419.4255065917969
493.4461975097656,102.99169921875,256.5325012207031,437.00830078125
486.52459716796875,104.99310302734375,264.3008117675781,435.00689697265625
486.65460205078125,73.07340240478516,252.16749572753906,466.9266052246094
484.0867004394531,75.57859802246094,256.0267028808594,464.42138671875
486.3398132324219,55.75379943847656,231.94810485839844,484.2461853027344
478.05108642578125,55.22639846801758,237.74220275878906,484.7735900878906
474.3526916503906,47.867401123046875,233.50120544433594,492.1325988769531
471.18951416015625,57.40489959716797,231.37879943847656,482.5950927734375
469.2323913574219,62.53519821166992,233.9611053466797,474.8764953613281
464.48541259765625,58.24530029296875,224.5731964111328,481.75469970703125
459.5674133300781,64.38169860839844,220.58729553222656,474.7484130859375
449.93951416015625,66.91210174560547,226.59669494628906,473.087890625
440.789794921875,72.89859771728516,232.8031005859375,463.07769775390625
440.04638671875,66.20220184326172,222.5482940673828,470.6307067871094
438.2359924316406,84.89869689941406,214.13229370117188,438.752685546875
426.1778869628906,59.77669906616211,214.1737060546875,480.2232971191406
433.9211120605469,70.30030059814453,198.60150146484375,469.69970703125
415.9150085449219,56.953399658203125,227.4447021484375,483.0466003417969
420.2255859375,70.06520080566406,203.02459716796875,469.934814453125
405.06500244140625,59.2239990234375,212.67919921875,480.7760009765625
396.00390625,71.43360137939453,223.70449829101562,468.56640625
407.2867126464844,89.64540100097656,204.15289306640625,438.21710205078125
363.3147888183594,56.716800689697266,237.7393035888672,483.283203125
379.36358642578125,97.45010375976562,236.39230346679688,441.14569091796875
349.26251220703125,60.9114990234375,252.69619750976562,479.0885009765625
353.5541076660156,91.7354965209961,268.57379150390625,447.2608947753906
352.6964111328125,66.35430145263672,258.1705017089844,473.64569091796875
353.9930114746094,66.2782974243164,254.60040283203125,473.7217102050781
348.77978515625,68.27429962158203,261.18670654296875,471.7257080078125
340.2673034667969,75.43509674072266,272.84381103515625,464.5649108886719
325.8808898925781,87.23600006103516,313.331787109375,452.7640075683594
345.89788818359375,77.03150177001953,283.5335998535156,462.968505859375
327.29791259765625,91.67790222167969,284.05499267578125,448.3221130371094
336.5393981933594,93.00150299072266,312.6950988769531,446.9984130859375
335.900390625,83.6155014038086,275.2685852050781,451.5860900878906
334.0940856933594,93.6874008178711,289.9606018066406,446.3125915527344
330.7373962402344,100.82569885253906,291.8619079589844,439.1742858886719
338.60760498046875,78.4030990600586,268.2237854003906,461.5968933105469
346.30511474609375,102.59020233154297,277.8757019042969,437.409912109375
338.6860046386719,81.87069702148438,291.37921142578125,458.12921142578125
331.102294921875,95.22899627685547,297.3298034667969,444.77099609375
350.2926025390625,97.26799774169922,282.3143005371094,442.73199462890625
344.6496887207031,105.41690063476562,287.7726135253906,434.5830993652344
349.3930969238281,106.79989624023438,275.2851867675781,433.20001220703125
348.47869873046875,103.43990325927734,273.973388671875,436.5600891113281
356.2832946777344,106.43389892578125,284.07958984375,433.56610107421875
341.9059143066406,105.59130096435547,272.45318603515625,434.40869140625
340.3359069824219,88.49800109863281,289.14569091796875,451.50201416015625
343.2441101074219,108.80139923095703,263.4013977050781,431.1986083984375
344.314697265625,92.05449676513672,254.67649841308594,447.94549560546875
345.4328918457031,89.70939636230469,250.6280059814453,450.29058837890625
335.8504943847656,75.60659790039062,254.2899932861328,464.3934020996094
339.4512939453125,103.55339813232422,258.5819091796875,436.44659423828125
333.6466979980469,93.87950134277344,248.46189880371094,446.1205139160156
335.869384765625,124.8488998413086,258.71630859375,415.1510925292969
333.4447021484375,84.77639770507812,241.26710510253906,455.22369384765625
331.9005126953125,117.04530334472656,247.9680938720703,422.9547119140625
333.3960876464844,94.0261001586914,228.5467071533203,445.9739074707031
329.78131103515625,111.44830322265625,238.7998046875,428.55169677734375
328.1178894042969,88.9280014038086,231.0281982421875,451.0719909667969
344.4541931152344,114.54910278320312,212.30499267578125,425.4508972167969
338.3846130371094,86.54190063476562,203.42019653320312,453.4580078125
342.248291015625,77.8196029663086,202.12210083007812,462.1805114746094
346.8926086425781,92.92790222167969,195.79519653320312,447.0721130371094
345.0085144042969,77.17230224609375,203.99159240722656,462.404296875
353.677001953125,84.98760223388672,199.79620361328125,455.01239013671875
350.9162902832031,104.67630004882812,224.3916015625,435.3236999511719
363.9197998046875,91.0625991821289,205.0789031982422,448.9374084472656
364.9248046875,99.82109832763672,212.93850708007812,440.17889404296875
367.0674133300781,83.62979888916016,214.3448028564453,451.4881896972656
377.8031921386719,94.54290008544922,195.71240234375,444.2333068847656
368.5799865722656,84.64830017089844,208.922607421875,452.26361083984375
385.2301940917969,108.11000061035156,184.66000366210938,430.7680969238281
365.8547058105469,115.10399627685547,227.37989807128906,422.66070556640625
374.8171081542969,93.84010314941406,221.61729431152344,444.0075988769531
388.7550964355469,106.16529846191406,203.08450317382812,432.96600341796875
380.0274963378906,79.93190002441406,236.4488067626953,457.56048583984375
394.2685852050781,82.28260040283203,220.91050720214844,456.32159423828125
388.2085876464844,105.86389923095703,226.0771026611328,434.1361083984375
414.4096984863281,90.06700134277344,205.97430419921875,449.19488525390625
543.8364868164062,100.18080139160156,139.38070678710938,404.2015075683594
564.7150268554688,261.0409851074219,109.44029998779297,217.8491973876953
597.1043090820312,281.10791015625,73.54450225830078,168.80149841308594
609.0234985351562,294.0024108886719,71.10099792480469,133.9481964111328
623.6632080078125,293.0600891113281,56.607398986816406,142.7716064453125
628.8770141601562,295.58380126953125,56.62900161743164,139.31590270996094
629.1019287109375,279.26690673828125,53.11180114746094,153.63710021972656
628.4810180664062,286.1087951660156,54.97930145263672,142.37899780273438
629.735595703125,301.5504150390625,53.925498962402344,142.81390380859375
629.2252197265625,286.01568603515625,53.65340042114258,153.07150268554688
552.4432983398438,223.0850067138672,64.67539978027344,191.8426055908203
452.80279541015625,336.7221984863281,72.41079711914062,203.27780151367188
450.1745910644531,326.56829833984375,88.10569763183594,213.43170166015625
446.1368103027344,280.1893005371094,98.90779876708984,254.02870178222656
426.8066101074219,220.58399963378906,147.87240600585938,296.91839599609375
429.2474060058594,94.33809661865234,229.67860412597656,415.9754943847656
418.2200012207031,70.7688980102539,263.1807861328125,437.8168029785156
462.2403869628906,81.53170013427734,175.154296875,413.5513000488281
547.901123046875,83.37590026855469,161.0247039794922,402.9508056640625
533.755126953125,75.5145034790039,172.00390625,411.9353942871094
452.8251037597656,97.61139678955078,210.43089294433594,361.7814025878906
462.43701171875,79.07630157470703,210.881103515625,400.8283996582031
471.835693359375,86.06549835205078,198.5364990234375,404.1112976074219
383.2189025878906,91.97480010986328,226.40899658203125,378.523193359375
496.6328125,70.78130340576172,196.1510009765625,410.6875915527344
395.2073059082031,66.59770202636719,252.43739318847656,426.9388122558594
564.4508056640625,83.14099884033203,137.3376007080078,390.3367004394531
562.3983154296875,81.73799896240234,134.1322021484375,394.2358093261719
413.5628967285156,108.45960235595703,209.29319763183594,372.4827880859375
417.9085998535156,93.7063980102539,195.33070373535156,401.2029113769531
421.6178894042969,84.62010192871094,185.3206024169922,392.1238098144531
412.55828857421875,76.4989013671875,214.26370239257812,421.0812072753906
547.8319091796875,77.54219818115234,153.71080017089844,386.3700866699219
566.9860229492188,68.48739624023438,134.94830322265625,393.2590026855469
417.830810546875,146.25070190429688,149.60260009765625,340.284912109375
363.3934020996094,67.15660095214844,236.7928924560547,393.7948913574219
553.8375854492188,69.39990234375,142.7841033935547,386.19110107421875
564.732177734375,66.81510162353516,134.96929931640625,373.3927001953125
390.3345031738281,83.17140197753906,192.5,372.1409912109375
381.6507873535156,67.3468017578125,212.43780517578125,386.9866027832031
559.2072143554688,90.85900115966797,132.3314971923828,345.39019775390625
571.8400268554688,86.89399719238281,120.9021987915039,348.2528991699219
555.6845703125,91.1968994140625,130.17430114746094,319.18438720703125
403.10040283203125,108.34770202636719,154.69239807128906,320.5304870605469
562.9318237304688,81.95339965820312,132.43130493164062,348.8133850097656
563.8283081054688,73.86309814453125,131.79359436035156,354.8930969238281
568.6674194335938,69.91230010986328,127.15630340576172,342.7336120605469
561.3372192382812,75.37229919433594,120.42160034179688,339.912109375
568.0908203125,67.44580078125,122.1688003540039,355.08270263671875
567.7374877929688,69.94670104980469,114.07150268554688,348.99639892578125
571.4547119140625,70.69509887695312,116.99530029296875,336.1227111816406
567.5020141601562,72.25540161132812,114.26860046386719,320.9223937988281
359.773193359375,73.27459716796875,151.8988037109375,323.62359619140625
366.1979064941406,85.61940002441406,122.92520141601562,302.5946960449219
365.5701904296875,85.70970153808594,125.2698974609375,313.3960876464844
365.1278076171875,97.4490966796875,117.91649627685547,291.5705871582031
368.6148986816406,109.78620147705078,111.11160278320312,280.2567138671875
363.0177001953125,95.70709991455078,112.97869873046875,301.7492980957031
366.1174011230469,106.00530242919922,110.03269958496094,276.87188720703125
358.4949951171875,93.37059783935547,124.80619812011719,296.81671142578125
360.852294921875,85.75550079345703,108.99980163574219,294.7544860839844
363.71881103515625,73.35790252685547,116.22769927978516,305.3669128417969
366.8743896484375,87.75450134277344,101.31089782714844,302.83349609375
357.6449890136719,93.40450286865234,125.16649627685547,297.0340881347656
356.1040954589844,83.5521011352539,108.10040283203125,295.0856018066406
355.9696960449219,74.23269653320312,116.5614013671875,313.3559875488281
361.03118896484375,99.04460144042969,114.4761962890625,280.3031005859375
360.1611022949219,106.47100067138672,118.74939727783203,285.88018798828125
366.50469970703125,110.66719818115234,108.57379913330078,280.47088623046875
365.04559326171875,110.61650085449219,113.84549713134766,284.20819091796875
367.0599060058594,101.68840026855469,105.98609924316406,292.0010070800781
363.84710693359375,120.21530151367188,116.2322998046875,277.352294921875
370.8346862792969,133.57470703125,100.20800018310547,250.44749450683594
363.33221435546875,134.9611053466797,113.8604965209961,248.9626007080078
363.8558044433594,121.91259765625,115.6365966796875,265.5692138671875
360.9111022949219,115.68930053710938,106.1404037475586,266.4071960449219
354.2336120605469,96.90049743652344,119.44059753417969,292.0162048339844
347.0845947265625,98.05149841308594,124.32869720458984,287.3456115722656
343.6951904296875,74.5426025390625,136.2606964111328,302.73651123046875
360.3937072753906,77.96549987792969,113.3593978881836,292.7919006347656
359.76959228515625,91.91300201416016,119.12049865722656,296.82659912109375
351.8573913574219,86.98729705810547,117.90470123291016,287.4814147949219
350.7120056152344,73.52059936523438,126.81950378417969,305.8590087890625
365.8031921386719,82.85980224609375,106.27899932861328,290.4161071777344
357.8533020019531,98.54730224609375,120.31819915771484,283.805908203125
352.28570556640625,82.99210357666016,116.41519927978516,298.9556884765625
351.4244079589844,82.27860260009766,126.10910034179688,294.30511474609375
360.2174072265625,110.39179992675781,116.56629943847656,271.3157043457031
356.67779541015625,87.41600036621094,124.08399963378906,309.2413024902344
374.2818908691406,96.92400360107422,102.05580139160156,282.2687072753906
361.07830810546875,76.4551010131836,112.99210357666016,310.2615051269531
371.465087890625,97.95079803466797,111.2594985961914,294.1268005371094
369.4193115234375,112.7125015258789,102.81300354003906,275.8648986816406
388.2515869140625,133.5926971435547,89.06050109863281,249.00929260253906
392.1925964355469,137.3948974609375,91.57119750976562,236.90789794921875
400.1347961425781,146.34629821777344,76.30020141601562,219.4174041748047
395.5498046875,133.64199829101562,94.55380249023438,240.75869750976562
397.25250244140625,123.36070251464844,78.85209655761719,250.6208038330078
379.49420166015625,78.07170104980469,113.78479766845703,281.75189208984375
375.34619140625,68.6884994506836,111.60859680175781,313.0527038574219
563.4370727539062,58.935699462890625,117.07360076904297,328.1431884765625
565.56201171875,82.75589752197266,141.77529907226562,382.2703857421875
567.3743286132812,76.0176010131836,128.36480712890625,367.22918701171875
560.5416870117188,76.75740051269531,149.41090393066406,359.5934143066406
570.1732788085938,68.51010131835938,129.55490112304688,375.6654968261719
567.4237060546875,69.89869689941406,137.36610412597656,366.44549560546875
563.1657104492188,74.65390014648438,130.74710083007812,353.0076904296875
569.3878784179688,73.5718994140625,120.91510009765625,334.8221130371094
563.9284057617188,71.45259857177734,118.3582992553711,329.14300537109375
565.845703125,76.4572982788086,115.4801025390625,297.6211853027344
564.9666748046875,75.3904037475586,127.08760070800781,311.3528137207031
557.9946899414062,65.92549896240234,129.61669921875,307.2497863769531
569.1561279296875,72.5459976196289,117.30619812011719,301.70489501953125
565.0579833984375,73.52749633789062,118.90489959716797,286.1841125488281
