1
172.8632049560547,117.11100006103516,150.1260986328125,314.8890075683594
168.81350708007812,101.14409637451172,175.98599243164062,330.85589599609375
167.779296875,124.49939727783203,162.27149963378906,307.5006103515625
163.74929809570312,103.35759735107422,156.0832977294922,328.6424865722656
160.02569580078125,104.30819702148438,151.45970153808594,327.6918029785156
158.57350158691406,102.4292984008789,158.35760498046875,329.5705871582031
157.87030029296875,102.76090240478516,157.12350463867188,329.2391052246094
160.989501953125,105.44249725341797,174.29339599609375,326.5574951171875
154.25619506835938,131.1403045654297,184.17010498046875,300.8597106933594
166.8397979736328,122.94170379638672,192.27130126953125,309.05828857421875
168.95269775390625,132.4040985107422,149.78070068359375,299.4057922363281
163.2541961669922,103.26460266113281,188.92149353027344,328.73541259765625
169.04690551757812,120.06670379638672,158.5720977783203,311.93328857421875
172.41360473632812,109.45429992675781,184.35699462890625,322.5456848144531
167.17129516601562,127.00399780273438,178.20419311523438,304.9960021972656
164.702392578125,129.45120239257812,173.60670471191406,302.5487976074219
168.6201934814453,108.16709899902344,166.44400024414062,323.8328857421875
174.2657928466797,106.66349792480469,147.53900146484375,325.33648681640625
176.5052032470703,113.3051986694336,153.87669372558594,318.6947937011719
169.43899536132812,138.35719299316406,165.51820373535156,292.3916015625
167.47650146484375,108.67350006103516,178.32809448242188,323.3265075683594
163.57919311523438,122.48570251464844,187.8529052734375,309.5143127441406
170.38560485839844,132.56370544433594,158.3643035888672,299.4363098144531
171.8083038330078,100.94219970703125,154.83920288085938,331.0578918457031
166.65289306640625,102.5363998413086,155.86459350585938,329.4635925292969
171.01519775390625,92.2125015258789,155.15719604492188,339.78741455078125
170.1199951171875,126.3718032836914,151.1416015625,305.6282043457031
172.71969604492188,100.75849914550781,156.74490356445312,331.2414855957031
174.4705047607422,100.47029876708984,148.73680114746094,331.5296936035156
177.39259338378906,119.97450256347656,147.51119995117188,312.0255126953125
165.97470092773438,101.39600372314453,177.79519653320312,330.60400390625
178.35159301757812,126.58190155029297,165.5251007080078,305.418212890625
167.3907928466797,98.88849639892578,325.52301025390625,332.9739990234375
195.8533935546875,85.3313980102539,246.39959716796875,346.6686096191406
180.8677978515625,88.9395980834961,222.789306640625,326.047607421875
178.04800415039062,82.74849700927734,181.90420532226562,349.2514953613281
180.1208953857422,115.43190002441406,136.89830017089844,316.568115234375
178.5059051513672,91.77529907226562,169.6313934326172,340.2247009277344
172.2382049560547,129.75230407714844,162.71620178222656,302.2477111816406
182.99960327148438,83.59539794921875,182.72000122070312,348.4046936035156
182.00970458984375,110.73370361328125,169.18739318847656,321.26629638671875
181.51980590820312,133.0688934326172,157.4051055908203,298.93109130859375
183.31430053710938,100.48590087890625,165.76190185546875,331.5140075683594
174.9969024658203,96.05979919433594,148.21180725097656,335.940185546875
179.09689331054688,101.73100280761719,139.4152069091797,330.2690124511719
180.5742950439453,100.86969757080078,135.70069885253906,331.13018798828125
176.69180297851562,100.41220092773438,138.02650451660156,331.5877990722656
175.6284942626953,103.63710021972656,145.5115966796875,328.3629150390625
175.26930236816406,114.21790313720703,145.52870178222656,317.7821044921875
179.15769958496094,102.39739990234375,157.66879272460938,329.60260009765625
174.960693359375,121.75409698486328,152.51930236816406,310.24591064453125
173.2418975830078,97.36190032958984,162.5832061767578,334.6380920410156
174.9720001220703,118.9927978515625,159.87669372558594,313.0072021484375
181.5863037109375,123.92289733886719,164.73770141601562,308.07708740234375
172.7548065185547,112.2948989868164,166.6750030517578,319.7051086425781
178.13600158691406,119.0155029296875,150.5594024658203,312.9844970703125
170.29119873046875,103.08709716796875,155.9665069580078,328.91290283203125
172.20559692382812,103.66670227050781,165.7277069091797,328.33331298828125
182.18350219726562,102.4531021118164,147.40330505371094,329.5469055175781
176.3459014892578,112.47740173339844,163.2895050048828,319.5226135253906
185.15049743652344,107.5615005493164,158.1571044921875,324.4383850097656
177.6237030029297,102.60759735107422,160.7635955810547,329.39239501953125
173.46099853515625,118.95159912109375,190.85989379882812,313.04840087890625
173.41439819335938,115.84989929199219,176.77760314941406,316.15008544921875
168.85980224609375,107.30139923095703,185.6876983642578,324.698486328125
177.57350158691406,107.93499755859375,177.093505859375,324.06500244140625
174.95599365234375,118.3761978149414,174.88819885253906,313.6238098144531
174.5727996826172,116.92780303955078,171.56509399414062,315.07220458984375
177.7476043701172,124.83180236816406,173.04490661621094,307.168212890625
174.8717041015625,102.2114028930664,159.75160217285156,329.7886047363281
171.67129516601562,133.71420288085938,169.591796875,298.26190185546875
170.63699340820312,106.947998046875,149.5364990234375,325.052001953125
170.6439971923828,100.55030059814453,173.64939880371094,331.44970703125
174.17250061035156,113.32230377197266,151.55929565429688,318.6777038574219
169.1947021484375,101.33149719238281,153.71910095214844,330.6684875488281
161.6678009033203,102.50679779052734,180.34840393066406,329.4931945800781
161.7071990966797,98.29820251464844,166.47300720214844,333.7018127441406
158.57119750976562,101.93800354003906,187.63800048828125,330.06201171875
163.52589416503906,108.78880310058594,169.01280212402344,323.2112121582031
157.63279724121094,102.32460021972656,174.59170532226562,329.6754150390625
167.60360717773438,88.01249694824219,168.7655029296875,343.98748779296875
173.32029724121094,87.60079956054688,164.30690002441406,223.89419555664062
169.1959991455078,81.7323989868164,192.79100036621094,310.275390625
174.38710021972656,69.9531021118164,182.80099487304688,329.1473083496094
168.7541961669922,62.22529983520508,186.20570373535156,351.4017028808594
166.44850158691406,74.9845962524414,197.9145050048828,330.9923095703125
153.06239318847656,94.65950012207031,208.7064971923828,178.51089477539062
137.41709899902344,82.48249816894531,302.24249267578125,212.0272979736328
153.49659729003906,98.8218994140625,189.5428009033203,239.04220581054688
154.2873992919922,114.2603988647461,212.7772979736328,296.1236877441406
146.84559631347656,131.76429748535156,182.89720153808594,285.6648864746094
143.37159729003906,128.37890625,189.0778045654297,275.3414001464844
145.71620178222656,128.50180053710938,170.75070190429688,298.30340576171875
150.0041961669922,102.19670104980469,156.2779998779297,329.8033142089844
149.55160522460938,105.45349884033203,161.056396484375,326.5465087890625
150.4322967529297,105.23269653320312,156.44219970703125,326.7672119140625
149.9376983642578,116.60250091552734,168.58639526367188,315.3974914550781
153.6096954345703,127.04299926757812,156.827392578125,304.9570007324219
154.71420288085938,116.76139831542969,159.1685028076172,315.23858642578125
153.36099243164062,109.85530090332031,166.68780517578125,322.14471435546875
150.09100341796875,120.38960266113281,174.24929809570312,311.61041259765625
154.43260192871094,110.73570251464844,169.65679931640625,320.8215026855469
149.6284942626953,115.62100219726562,168.9158935546875,316.3789978027344
156.88290405273438,115.67420196533203,162.0319061279297,316.3258056640625
151.44349670410156,130.18919372558594,162.60299682617188,301.8109130859375
154.69949340820312,103.02950286865234,160.99319458007812,328.9704895019531
148.27699279785156,110.37120056152344,169.6197967529297,321.6288146972656
150.0612030029297,119.94429779052734,165.81629943847656,312.0556945800781
152.57449340820312,123.9697036743164,164.30230712890625,308.0303039550781
154.65379333496094,105.75520324707031,166.29859924316406,326.24481201171875
154.9770965576172,102.81069946289062,164.2440948486328,329.1893005371094
161.33120727539062,116.16259765625,156.65750122070312,315.83740234375
162.97109985351562,125.91560363769531,165.91529846191406,306.08441162109375
174.2808074951172,120.62039947509766,151.44149780273438,311.3794860839844
166.64439392089844,114.90270233154297,162.78829956054688,317.0972900390625
175.58389282226562,135.82850646972656,165.4123992919922,296.1715087890625
172.0352020263672,103.0593032836914,166.32879638671875,328.9407043457031
175.49549865722656,110.8156967163086,168.3242950439453,321.1842956542969
179.0634002685547,120.27079772949219,173.9777069091797,311.72918701171875
184.70570373535156,115.08350372314453,164.63059997558594,316.91650390625
185.31809997558594,116.40879821777344,166.2093048095703,315.5911865234375
180.3498992919922,109.67050170898438,168.41700744628906,320.64520263671875
176.52650451660156,134.35159301757812,165.4875030517578,297.6484069824219
176.95570373535156,102.67140197753906,142.9803924560547,329.32861328125
172.4333953857422,97.27760314941406,159.8105926513672,334.722412109375
170.34950256347656,110.79309844970703,146.33200073242188,321.2069091796875
175.80380249023438,128.00120544433594,136.12530517578125,303.9988098144531
188.8040008544922,104.60749816894531,117.38009643554688,327.3924865722656
188.31210327148438,103.61100006103516,122.4656982421875,328.3888854980469
178.34080505371094,95.8219985961914,127.18409729003906,336.1780090332031
168.35189819335938,109.95549774169922,136.57029724121094,322.04449462890625
179.8563995361328,101.96589660644531,118.1405029296875,311.243896484375
184.46189880371094,100.53469848632812,110.5635986328125,327.6979064941406
185.60980224609375,105.0958023071289,112.13600158691406,318.11639404296875
176.8585968017578,105.3864974975586,128.06179809570312,326.6134948730469
172.84190368652344,103.14459991455078,142.69810485839844,326.77740478515625
150.56399536132812,110.65630340576172,185.9575958251953,314.3118896484375
146.45140075683594,99.0457992553711,178.12620544433594,332.9541931152344
158.63250732421875,95.4561996459961,186.52630615234375,336.3756103515625
165.03199768066406,97.08699798583984,167.8137969970703,334.9129943847656
170.4611053466797,90.5634994506836,155.03390502929688,341.4364929199219
180.36489868164062,81.90119934082031,140.70509338378906,350.0987854003906
185.21319580078125,83.7042007446289,119.77439880371094,348.2958068847656
193.1221923828125,73.65640258789062,102.13140106201172,358.3435974121094
183.5124969482422,66.62689971923828,117.73600006103516,365.37310791015625
186.5762939453125,60.140899658203125,110.70570373535156,371.8591003417969
184.360107421875,55.19940185546875,114.64759826660156,376.80059814453125
181.9792022705078,53.19409942626953,121.42839813232422,378.805908203125
184.58189392089844,56.92319869995117,122.05390167236328,375.0768127441406
183.49749755859375,54.012298583984375,128.30540466308594,377.9877014160156
187.1549072265625,51.00469970703125,124.47010040283203,380.99530029296875
179.76519775390625,37.12739944458008,136.66099548339844,394.8725891113281
181.3009033203125,46.5640983581543,127.38760375976562,384.4783935546875
179.46090698242188,44.438201904296875,130.62759399414062,387.5617980957031
181.44960021972656,22.787099838256836,134.3946990966797,409.02288818359375
176.60789489746094,26.892799377441406,129.2194061279297,405.1070861816406
178.44580078125,32.99729919433594,132.98629760742188,388.71820068359375
182.7928924560547,17.61870002746582,131.43359375,414.38128662109375
185.16259765625,35.968101501464844,119.09860229492188,396.0318908691406
181.84930419921875,17.95439910888672,129.02639770507812,414.04559326171875
179.48150634765625,27.82900047302246,139.91690063476562,404.1709899902344
186.42250061035156,35.06399917602539,121.6854019165039,395.9122009277344
178.0897979736328,33.79059982299805,143.9492950439453,398.20941162109375
179.98849487304688,39.2677001953125,140.6815948486328,392.7323913574219
176.17559814453125,50.51940155029297,145.2653045654297,379.8758850097656
174.05810546875,82.50129699707031,144.8863067626953,334.1773986816406
166.97940063476562,95.91519927978516,152.0196075439453,327.5682067871094
166.40029907226562,117.48580169677734,151.20680236816406,303.4010925292969
166.16729736328125,110.57019805908203,156.35000610351562,316.5150146484375
160.23280334472656,134.48789978027344,174.27879333496094,273.5190124511719
155.6392059326172,115.8136978149414,158.0157928466797,310.16070556640625
155.42300415039062,102.87699890136719,144.33349609375,329.12298583984375
152.01939392089844,97.36270141601562,166.3144989013672,334.6372985839844
374.9382019042969,53.377498626708984,188.7135009765625,377.6341857910156
372.4609069824219,52.40570068359375,198.15660095214844,379.59429931640625
370.3114013671875,48.01940155029297,199.6551971435547,383.9805908203125
367.92620849609375,46.8302001953125,208.181396484375,385.1697998046875
365.6346130371094,57.73970031738281,218.26370239257812,374.26031494140625
372.1722106933594,53.480201721191406,204.8173065185547,378.5198059082031
361.9366149902344,47.702999114990234,239.1981964111328,384.2969970703125
359.6827087402344,44.90729904174805,252.34849548339844,387.09271240234375
351.4296875,52.04990005493164,255.06509399414062,379.9501037597656
351.38189697265625,52.21030044555664,250.9416961669922,379.7897033691406
358.3222961425781,48.239898681640625,236.42010498046875,383.7601013183594
361.0132141113281,50.760501861572266,242.03179931640625,381.239501953125
362.3460998535156,43.3484001159668,242.9210968017578,388.651611328125
360.8340148925781,49.448299407958984,243.7429962158203,382.55169677734375
359.2973937988281,46.211299896240234,249.04550170898438,385.7886962890625
358.3995056152344,48.158599853515625,244.99769592285156,383.8414001464844
356.6995849609375,47.20750045776367,247.17909240722656,384.7925109863281
359.5244140625,47.37620162963867,248.69349670410156,384.6238098144531
350.9442138671875,46.58420181274414,247.67379760742188,385.4158020019531
371.2410888671875,50.94559860229492,242.1894989013672,381.0544128417969
362.9129943847656,48.06679916381836,241.89610290527344,383.9331970214844
350.4508972167969,40.44369888305664,238.9958038330078,391.5563049316406
360.67999267578125,46.11690139770508,229.1739044189453,385.8830871582031
346.6108093261719,48.14939880371094,243.47430419921875,383.8505859375
341.23968505859375,51.23210144042969,243.610595703125,380.7679138183594
175.42010498046875,56.03219985961914,200.5218048095703,368.177490234375
178.7303924560547,70.41200256347656,201.5438995361328,361.5880126953125
190.4929962158203,70.24530029296875,191.71209716796875,361.75469970703125
204.74549865722656,59.19169998168945,188.0142059326172,372.80828857421875
360.19549560546875,49.90800094604492,226.8791046142578,382.0920104980469
346.43701171875,53.963199615478516,236.45989990234375,378.03680419921875
341.4884948730469,48.297000885009766,258.48748779296875,383.7030029296875
345.82489013671875,44.758201599121094,251.97030639648438,387.2417907714844
346.3482971191406,46.314300537109375,246.1219024658203,385.6856994628906
339.318115234375,46.916500091552734,251.56039428710938,385.0835876464844
359.648193359375,44.450599670410156,243.33290100097656,387.5494079589844
352.0111999511719,40.46549987792969,236.99819946289062,391.53448486328125
351.9407043457031,48.11360168457031,251.91470336914062,383.88641357421875
353.0093994140625,37.94779968261719,252.87840270996094,394.05218505859375
350.8288879394531,44.08940124511719,250.35850524902344,387.9106140136719
344.11041259765625,42.86410140991211,254.07989501953125,389.135986328125
346.6311950683594,49.235198974609375,233.08189392089844,382.7648010253906
179.00379943847656,48.277801513671875,226.5782012939453,381.0838928222656
189.09829711914062,45.628700256347656,227.5670928955078,385.4422912597656
352.623291015625,49.34519958496094,226.80349731445312,382.65478515625
221.07200622558594,46.72079849243164,333.01580810546875,382.6339111328125
257.0426025390625,47.809600830078125,337.712890625,384.1903991699219
345.9966125488281,51.3843994140625,223.6602020263672,380.6156005859375
207.5762939453125,51.30860137939453,360.9032897949219,380.69140625
362.42401123046875,61.46379852294922,214.6645050048828,370.53619384765625
345.5564880371094,49.0260009765625,216.6486053466797,382.9740905761719
320.5943908691406,57.14149856567383,255.30239868164062,374.8586120605469
336.8064880371094,56.71760177612305,235.41949462890625,375.28240966796875
327.72589111328125,56.69929885864258,248.22250366210938,368.56060791015625
350.97198486328125,63.35380172729492,228.88890075683594,368.6462097167969
340.3554992675781,52.413299560546875,245.80459594726562,379.5867004394531
365.3197937011719,47.031898498535156,229.3594970703125,384.9679870605469
360.6993103027344,50.783199310302734,213.40089416503906,381.216796875
365.3434143066406,55.16019821166992,213.80599975585938,376.8398132324219
371.1033020019531,48.22809982299805,197.3173065185547,383.77191162109375
367.6064147949219,48.87710189819336,199.36529541015625,383.1228942871094
358.97650146484375,54.10089874267578,206.3231964111328,377.89910888671875
350.9974060058594,52.2843017578125,218.66810607910156,379.7156982421875
353.0494079589844,53.21030044555664,217.5863037109375,378.7897033691406
355.57110595703125,55.900299072265625,211.3220977783203,376.0997009277344
361.5705871582031,54.71070098876953,206.1334991455078,377.289306640625
363.5997009277344,49.24769973754883,201.60989379882812,382.7522888183594
359.8734130859375,46.42839813232422,208.44970703125,385.5089111328125
368.43438720703125,52.36949920654297,195.85499572753906,379.6304931640625
356.81610107421875,50.072200775146484,216.03390502929688,380.412109375
351.2381896972656,50.96730041503906,216.23159790039062,381.03271484375
348.1799011230469,54.549198150634766,222.11219787597656,377.4508056640625
360.5096130371094,51.614200592041016,204.7238006591797,380.38580322265625
341.54888916015625,50.38159942626953,231.38870239257812,381.6182861328125
353.3327941894531,50.51959991455078,214.64639282226562,381.48040771484375
324.1022033691406,52.50960159301758,244.78419494628906,379.4903869628906
326.5120849609375,52.837501525878906,245.5334014892578,379.1625061035156
327.9901123046875,49.96540069580078,227.72520446777344,382.03460693359375
331.5282897949219,47.33829879760742,243.0605926513672,384.6617126464844
333.75189208984375,49.937801361083984,227.57139587402344,378.57818603515625
333.2257080078125,52.981998443603516,237.75320434570312,379.01800537109375
344.92120361328125,48.58720016479492,210.7220001220703,379.42730712890625
346.4130859375,55.92729949951172,222.09039306640625,376.07269287109375
346.0815124511719,52.04750061035156,217.24969482421875,379.9525146484375
357.8218994140625,56.77450180053711,226.19540405273438,375.2255859375
350.5960998535156,50.83940124511719,227.5469970703125,381.1606140136719
349.0143127441406,42.610198974609375,224.5321044921875,389.3898010253906
358.3940124511719,51.274898529052734,205.62469482421875,380.7251892089844
369.6095886230469,48.42369842529297,206.69219970703125,383.5762939453125
368.50469970703125,50.45309829711914,209.17349243164062,381.5469055175781
374.4551086425781,48.26340103149414,195.8625030517578,383.73651123046875
377.8739013671875,47.38570022583008,199.53480529785156,384.6142883300781
378.5296936035156,54.0973014831543,205.8404998779297,377.9027099609375
385.38079833984375,43.26020050048828,195.35780334472656,388.73980712890625
387.17340087890625,51.77980041503906,198.62789916992188,380.22021484375
390.2117004394531,42.77090072631836,197.8778076171875,389.2290954589844
391.1169128417969,47.924598693847656,201.81329345703125,384.0752868652344
392.243896484375,43.767799377441406,193.9698028564453,388.2322082519531
394.3443908691406,40.5984001159668,199.2541046142578,390.43499755859375
391.38970947265625,39.53609848022461,208.6396942138672,392.4638977050781
392.4480895996094,39.92219924926758,201.18350219726562,392.0777893066406
392.0578918457031,41.856300354003906,204.49569702148438,390.1437072753906
390.4913024902344,40.98189926147461,208.01480102539062,391.0180969238281
390.5035095214844,39.391700744628906,199.6448974609375,392.6083068847656
381.1007080078125,34.36589813232422,213.70179748535156,396.8280029296875
376.44879150390625,43.64619827270508,210.67210388183594,388.3537902832031
368.5069885253906,34.348899841308594,214.14610290527344,397.6510925292969
373.7991027832031,47.33869934082031,209.25619506835938,384.6612854003906
362.8572998046875,35.40660095214844,215.37879943847656,396.5934143066406
373.0762023925781,46.59040069580078,199.09429931640625,385.40960693359375
345.7392883300781,39.67729949951172,225.9539031982422,391.3255920410156
351.3966064453125,62.64229965209961,211.72079467773438,369.3576965332031
341.01739501953125,48.40359878540039,213.72909545898438,383.5964050292969
322.72698974609375,46.72439956665039,235.0653076171875,385.2756042480469
309.2770080566406,46.661800384521484,250.48350524902344,385.33819580078125
308.2732849121094,38.09510040283203,243.56280517578125,393.90478515625
317.1083068847656,43.67829895019531,224.18919372558594,388.3216857910156
268.34710693359375,43.417701721191406,284.0226135253906,388.5823059082031
220.70469665527344,39.10369873046875,320.1654968261719,392.89630126953125
259.5683898925781,37.01679992675781,287.88031005859375,394.9831848144531
240.11529541015625,25.970699310302734,304.8388977050781,401.6650085449219
209.6737060546875,27.14900016784668,334.42388916015625,399.69000244140625
273.2578125,53.143798828125,269.03460693359375,378.856201171875
219.3491973876953,43.47079849243164,319.4278869628906,388.5292053222656
229.77969360351562,54.37369918823242,308.94439697265625,377.6263122558594
216.10910034179688,40.14659881591797,324.0450134277344,391.8533935546875
261.4389953613281,33.88639831542969,283.7178039550781,398.11358642578125
197.20620727539062,31.167499542236328,328.95098876953125,385.073486328125
241.735595703125,47.46609878540039,298.7361145019531,384.5339050292969
199.54440307617188,38.25529861450195,338.1099853515625,393.74468994140625
215.49310302734375,50.212398529052734,331.4754943847656,381.78759765625
256.4103088378906,58.894901275634766,298.2742004394531,373.1051025390625
208.32640075683594,46.38399887084961,349.193603515625,385.6159973144531
261.6145935058594,48.59640121459961,297.5268859863281,383.4035949707031
266.1803894042969,30.538299560546875,314.1706848144531,401.4617004394531
255.58090209960938,44.29050064086914,308.79669189453125,387.7095031738281
261.93560791015625,60.00389862060547,325.82550048828125,371.99609375
261.9413146972656,62.358699798583984,319.17669677734375,369.64129638671875
328.3149108886719,55.8494987487793,254.5552978515625,376.1505126953125
355.2815856933594,36.56589889526367,235.42909240722656,395.4341125488281
368.5231018066406,40.04079818725586,224.2075958251953,391.9591979980469
371.7026062011719,42.9995002746582,232.6179962158203,389.00048828125
376.3161926269531,37.07059860229492,222.9322967529297,394.9294128417969
382.6903076171875,39.88669967651367,235.4075927734375,392.1133117675781
387.0086975097656,42.043800354003906,233.24420166015625,389.9562072753906
395.1438903808594,35.55459976196289,230.70150756835938,396.4454040527344
405.6911926269531,43.06760025024414,218.33970642089844,388.9324035644531
400.4325866699219,43.37910079956055,214.14540100097656,388.62091064453125
396.6272888183594,39.8734016418457,220.4824981689453,392.1265869140625
400.8900146484375,44.49789810180664,229.8065948486328,387.5021057128906
411.3049011230469,39.706199645996094,219.26170349121094,392.2937927246094
410.0105895996094,38.047698974609375,223.94720458984375,393.9523010253906
421.0462951660156,40.46900177001953,221.8092041015625,391.531005859375
417.993896484375,38.91230010986328,221.8896026611328,393.08770751953125
419.35040283203125,37.3202018737793,221.96580505371094,394.6798095703125
423.2590026855469,31.497900009155273,224.1298065185547,400.5021057128906
409.26611328125,35.42850112915039,230.88839721679688,396.5714111328125
407.9776916503906,40.25410079956055,228.19580078125,391.74591064453125
416.8135070800781,36.113399505615234,223.27110290527344,395.8865966796875
409.3351135253906,38.109901428222656,229.61810302734375,393.8901062011719
410.47540283203125,35.740699768066406,220.64169311523438,396.2593078613281
408.82708740234375,33.8755989074707,211.0189971923828,398.12451171875
404.6535949707031,37.67490005493164,205.76190185546875,394.3251037597656
403.841796875,34.96649932861328,203.26539611816406,397.03350830078125
398.8080139160156,39.669498443603516,203.74819946289062,392.33050537109375
397.41259765625,35.668800354003906,202.53379821777344,396.3312072753906
396.9501953125,40.375701904296875,200.05929565429688,391.6242980957031
395.3568115234375,41.18050003051758,204.09950256347656,390.8194885253906
389.6799011230469,39.084800720214844,203.4387969970703,392.9151916503906
385.1890869140625,40.055599212646484,202.82330322265625,391.94439697265625
386.3756103515625,39.26919937133789,191.56210327148438,392.7308044433594
377.88140869140625,36.32109832763672,195.9239044189453,395.67889404296875
375.1676940917969,38.87030029296875,197.35150146484375,393.12969970703125
373.043701171875,36.772300720214844,196.73440551757812,394.91949462890625
368.78619384765625,37.32899856567383,191.54269409179688,394.6709899902344
366.7958068847656,40.01089859008789,192.21339416503906,390.50579833984375
213.51089477539062,54.60580062866211,237.1367950439453,367.3074951171875
314.8811950683594,42.29439926147461,241.36590576171875,389.7055969238281
355.59600830078125,43.980499267578125,179.69749450683594,388.0195007324219
343.7890930175781,43.41389846801758,191.85670471191406,388.5181884765625
337.40509033203125,40.9193000793457,182.17849731445312,391.0806884765625
325.50390625,37.98540115356445,184.47850036621094,391.1564025878906
323.6604919433594,38.648101806640625,180.40330505371094,391.4856872558594
309.60198974609375,43.879600524902344,187.44810485839844,388.1203918457031
299.79791259765625,42.33420181274414,199.43890380859375,374.15460205078125
243.46910095214844,38.467498779296875,178.76620483398438,386.7377014160156
239.797607421875,41.28710174560547,197.3173065185547,382.255615234375
