1
329.2821960449219,120.54070281982422,166.65870666503906,84.4561996459961
330.3445129394531,120.03990173339844,165.2989044189453,86.38999938964844
331.2770080566406,119.82759857177734,165.54490661621094,86.20050048828125
331.1614990234375,120.58049774169922,166.8354949951172,85.14769744873047
330.9270935058594,119.92130279541016,166.19459533691406,85.59829711914062
332.03070068359375,120.70429992675781,166.03660583496094,84.61360168457031
330.9125061035156,122.2396011352539,166.01229858398438,83.10900115966797
332.0382080078125,122.24169921875,166.61570739746094,84.73780059814453
332.9700927734375,122.8030014038086,166.8061981201172,83.75050354003906
332.8128967285156,122.57499694824219,168.16009521484375,85.4446029663086
333.3245849609375,123.47339630126953,167.5554962158203,85.2761001586914
332.45440673828125,123.64399719238281,168.90640258789062,84.97530364990234
333.01031494140625,125.30899810791016,169.47120666503906,85.58699798583984
332.2829895019531,125.8468017578125,170.9075927734375,85.20130157470703
333.73028564453125,125.81490325927734,170.89239501953125,86.48989868164062
333.9678955078125,126.77860260009766,168.281494140625,84.81539916992188
334.21160888671875,128.6197967529297,171.51339721679688,84.1417007446289
334.78839111328125,128.1678924560547,170.53720092773438,85.2665023803711
332.6485900878906,128.6217041015625,171.14149475097656,85.34539794921875
336.2601013183594,131.0323944091797,170.05299377441406,82.36640167236328
336.37579345703125,131.12379455566406,171.1573028564453,82.93280029296875
339.2074890136719,132.19940185546875,167.41580200195312,81.65809631347656
336.8898010253906,131.80160522460938,172.36929321289062,82.54319763183594
341.0343017578125,130.62879943847656,169.3563995361328,84.52210235595703
337.6366882324219,129.40249633789062,172.54469299316406,85.8041000366211
342.8309020996094,131.65640258789062,170.11529541015625,83.65959930419922
343.77069091796875,130.8968963623047,168.5540008544922,84.8573989868164
344.98260498046875,131.33290100097656,167.1916961669922,83.0155029296875
346.080810546875,130.12579345703125,168.19140625,84.63710021972656
349.1181945800781,130.7366943359375,167.60499572753906,84.85310363769531
345.6839904785156,131.64830017089844,171.4709014892578,83.47679901123047
350.74371337890625,130.53759765625,166.235107421875,84.552001953125
352.0078125,129.8874969482422,167.06199645996094,85.79810333251953
353.5520935058594,131.94039916992188,165.9875030517578,83.4634017944336
356.0513916015625,131.12100219726562,163.23489379882812,84.49030303955078
355.9661865234375,130.5634002685547,164.63059997558594,84.89129638671875
357.31329345703125,128.972900390625,164.73849487304688,85.9813003540039
357.5306091308594,129.60350036621094,164.56739807128906,85.97660064697266
356.7821960449219,128.51589965820312,165.4528045654297,86.40409851074219
358.27239990234375,128.66619873046875,164.8105010986328,87.04409790039062
357.9956970214844,128.11749267578125,165.0095977783203,87.62950134277344
358.2309875488281,127.78269958496094,165.96240234375,87.04019927978516
356.6849060058594,126.42420196533203,167.81300354003906,87.61360168457031
358.0650939941406,125.27120208740234,166.86940002441406,88.47429656982422
360.4254150390625,125.38099670410156,165.94769287109375,88.06950378417969
359.3233947753906,124.24469757080078,168.13079833984375,88.6438980102539
361.3606872558594,123.82340240478516,166.17840576171875,87.7583999633789
360.5661926269531,121.0698013305664,169.49270629882812,88.99579620361328
361.5986022949219,119.49759674072266,167.4326934814453,89.83049774169922
363.1199035644531,117.77420043945312,167.07359313964844,90.05989837646484
363.92059326171875,116.73619842529297,167.28799438476562,89.74189758300781
364.31048583984375,116.5177993774414,166.13580322265625,87.87640380859375
364.4870910644531,114.09980010986328,172.03379821777344,88.43360137939453
363.944091796875,113.29229736328125,169.68699645996094,86.85489654541016
362.8682861328125,110.45369720458984,169.31089782714844,87.54039764404297
363.70550537109375,109.09380340576172,169.97689819335938,86.17050170898438
362.9747009277344,107.07620239257812,172.4261016845703,85.89559936523438
365.4148864746094,105.71610260009766,169.69369506835938,84.33000183105469
364.3965148925781,102.48670196533203,171.23550415039062,87.34100341796875
363.283203125,100.39579772949219,173.7052001953125,87.49629974365234
363.4743957519531,99.4197998046875,175.14439392089844,87.13310241699219
362.49700927734375,98.58809661865234,175.82229614257812,88.18080139160156
364.31109619140625,97.43470001220703,175.71800231933594,88.41339874267578
363.3893127441406,96.19740295410156,175.31239318847656,89.36979675292969
363.0328063964844,96.41230010986328,177.0458984375,89.46810150146484
365.0812072753906,94.69609832763672,174.3354949951172,91.17739868164062
365.7525939941406,93.96810150146484,173.60699462890625,91.57250213623047
365.7716979980469,92.0718994140625,173.96290588378906,95.17410278320312
366.1731872558594,89.83869934082031,173.85699462890625,96.9979019165039
366.4410095214844,90.14340209960938,175.3173065185547,97.5687026977539
367.3523864746094,87.82540130615234,173.8824005126953,98.1675033569336
364.85198974609375,87.904296875,177.9322967529297,100.04630279541016
368.8371887207031,88.18699645996094,173.84849548339844,97.28340148925781
367.0133972167969,87.37870025634766,176.027099609375,100.5427017211914
366.9010925292969,87.59709930419922,175.90989685058594,98.94509887695312
366.2945861816406,87.77249908447266,176.93409729003906,99.45819854736328
366.5957946777344,86.53630065917969,176.6685028076172,101.01689910888672
367.82440185546875,86.07679748535156,176.41329956054688,101.00569915771484
366.1976013183594,84.47820281982422,177.43190002441406,103.23789978027344
368.3992004394531,86.19560241699219,175.5319061279297,102.29389953613281
367.1390075683594,84.41480255126953,177.4674072265625,104.9209976196289
368.17950439453125,84.2916030883789,177.61349487304688,104.68890380859375
369.1754150390625,81.5780029296875,177.32989501953125,108.29740142822266
367.82720947265625,80.57759857177734,183.1903076171875,108.94139862060547
367.76519775390625,79.47509765625,181.62210083007812,108.33599853515625
367.0093078613281,76.84600067138672,181.90280151367188,112.72730255126953
367.5690002441406,75.64199829101562,185.6728057861328,111.80480194091797
367.6376037597656,74.45149993896484,186.31179809570312,111.68930053710938
369.1039123535156,73.05729675292969,189.710693359375,113.61029815673828
370.8002014160156,71.89340209960938,188.5352020263672,113.2594985961914
371.0588073730469,71.87699890136719,187.82009887695312,114.84980010986328
372.565185546875,71.81220245361328,188.47630310058594,112.9531021118164
372.65618896484375,71.26200103759766,187.03329467773438,114.5093994140625
374.2264099121094,69.79290008544922,189.13009643554688,113.76950073242188
374.5721130371094,68.47229766845703,189.41720581054688,115.67320251464844
375.505615234375,67.95439910888672,186.3083038330078,116.40879821777344
375.8800048828125,67.44190216064453,188.0240020751953,117.22489929199219
376.922607421875,66.408203125,190.88450622558594,116.78459930419922
378.4960021972656,65.20970153808594,187.5968017578125,118.93879699707031
378.6776123046875,63.20289993286133,191.1708984375,121.03679656982422
379.8319091796875,62.60210037231445,189.44850158691406,122.93890380859375
378.787109375,61.17919921875,192.44850158691406,123.0697021484375
379.64678955078125,59.98160171508789,192.20880126953125,123.35659790039062
379.89080810546875,58.233699798583984,195.08949279785156,124.8290023803711
380.5044860839844,57.50619888305664,194.5850067138672,125.41639709472656
380.9624938964844,55.917999267578125,194.4123992919922,126.22019958496094
380.7398986816406,54.22819900512695,193.93099975585938,127.81390380859375
381.9447021484375,55.43550109863281,193.47560119628906,126.79039764404297
381.6838073730469,55.68539810180664,196.4575958251953,125.66629791259766
382.7080993652344,54.84260177612305,195.55999755859375,124.127197265625
383.6535949707031,54.23740005493164,194.22830200195312,124.56809997558594
383.875,54.565101623535156,193.51910400390625,123.35659790039062
383.9892883300781,53.06570053100586,193.30259704589844,124.0613021850586
383.9826965332031,52.952999114990234,192.6208953857422,124.63469696044922
383.7914123535156,52.28010177612305,193.02220153808594,123.0802993774414
383.3512878417969,51.269500732421875,192.77589416503906,126.79070281982422
382.3996887207031,51.777099609375,193.93499755859375,122.66500091552734
382.81890869140625,50.278900146484375,193.2570037841797,125.74620056152344
383.1348876953125,51.003299713134766,191.9062957763672,123.70790100097656
382.2596130371094,50.90650177001953,190.0424041748047,126.83889770507812
380.3504943847656,51.14670181274414,190.78829956054688,122.89859771728516
379.94171142578125,50.8114013671875,192.206298828125,126.20279693603516
378.20361328125,51.45830154418945,190.13009643554688,123.59559631347656
377.8456115722656,51.937801361083984,192.8513946533203,123.30069732666016
376.5611877441406,51.849300384521484,189.98789978027344,125.74819946289062
374.6282958984375,52.3754997253418,189.8188934326172,121.256103515625
373.6893005371094,50.522499084472656,190.714599609375,123.6010971069336
371.6228942871094,52.628299713134766,188.9665985107422,122.49579620361328
369.8091125488281,52.86790084838867,187.97979736328125,121.40080261230469
369.2835998535156,52.109901428222656,186.8489990234375,122.31590270996094
368.47930908203125,53.11579895019531,185.9980926513672,119.15390014648438
367.1116943359375,52.67319869995117,184.48330688476562,119.82949829101562
364.7059020996094,51.89440155029297,183.3791961669922,118.69670104980469
361.7109069824219,51.03310012817383,183.11959838867188,120.84200286865234
359.6346130371094,52.227298736572266,185.3011932373047,119.1082992553711
358.7119140625,51.69260025024414,181.1865997314453,117.92569732666016
357.0992126464844,51.91360092163086,181.89990234375,118.22750091552734
355.518310546875,51.37409973144531,179.39599609375,115.7031021118164
353.8279113769531,50.845699310302734,179.27920532226562,117.8739013671875
351.86920166015625,50.93439865112305,179.2375030517578,118.30490112304688
350.5199890136719,49.94599914550781,178.35499572753906,115.66950225830078
348.3741149902344,51.9994010925293,178.20419311523438,116.64759826660156
345.9773864746094,52.025001525878906,177.85769653320312,113.81849670410156
345.755615234375,51.349098205566406,175.4591064453125,115.61579895019531
343.49530029296875,52.26070022583008,176.51870727539062,114.7113037109375
339.3328857421875,52.305599212646484,178.381103515625,111.22930145263672
334.79058837890625,51.686500549316406,180.76719665527344,114.6011962890625
333.3705139160156,51.454898834228516,178.92019653320312,112.42289733886719
329.73529052734375,51.77830123901367,181.14549255371094,111.54979705810547
328.0090026855469,50.61259841918945,178.42669677734375,113.85389709472656
326.3124084472656,51.234798431396484,177.4698028564453,112.46869659423828
323.75030517578125,50.99769973754883,177.92550659179688,114.82779693603516
321.8481140136719,50.82379913330078,176.747802734375,113.66500091552734
317.965087890625,51.2942008972168,179.01280212402344,115.03189849853516
317.46038818359375,50.38059997558594,176.66029357910156,113.83049774169922
311.7681884765625,50.99079895019531,180.62049865722656,114.32279968261719
310.17010498046875,49.627899169921875,176.8076934814453,114.95040130615234
307.2304992675781,50.65589904785156,177.20179748535156,115.25469970703125
303.2309875488281,51.919700622558594,179.5128936767578,113.7686996459961
299.9836120605469,51.24879837036133,176.45050048828125,114.16410064697266
296.04638671875,52.98500061035156,176.79110717773438,116.15779876708984
293.3111877441406,51.785400390625,176.09750366210938,114.29730224609375
288.7229919433594,52.22420120239258,176.4512939453125,117.42179870605469
283.6980895996094,54.44820022583008,175.3690948486328,114.32250213623047
278.1131896972656,53.99470138549805,173.9351043701172,115.50599670410156
274.6505126953125,54.948001861572266,174.06979370117188,115.5886001586914
273.5599060058594,54.125099182128906,172.89149475097656,115.02079772949219
267.8203125,56.611698150634766,171.3686065673828,113.5822982788086
264.5885925292969,55.59980010986328,171.98609924316406,114.5073013305664
257.44769287109375,56.03919982910156,174.72509765625,115.09919738769531
254.23289489746094,56.1078987121582,172.49729919433594,113.58070373535156
250.92869567871094,56.28120040893555,171.54859924316406,116.44999694824219
247.20970153808594,56.332801818847656,170.43150329589844,114.28389739990234
244.33920288085938,57.20819854736328,167.7218017578125,117.18009948730469
240.67039489746094,57.59239959716797,168.6378936767578,115.22039794921875
237.68319702148438,57.657901763916016,166.4051055908203,116.96320343017578
232.64419555664062,57.33000183105469,168.23289489746094,116.00090026855469
229.4949951171875,57.552101135253906,168.1302947998047,117.18589782714844
225.28030395507812,59.2692985534668,167.57359313964844,117.1636962890625
221.0334014892578,58.407501220703125,169.21690368652344,119.72360229492188
217.28660583496094,58.058998107910156,169.85910034179688,121.10260009765625
213.9918975830078,59.51169967651367,168.76919555664062,119.92070007324219
209.22169494628906,61.00130081176758,168.2274932861328,121.80249786376953
205.83399963378906,60.5546989440918,169.12969970703125,119.63130187988281
202.7095947265625,60.74800109863281,167.33250427246094,122.08769989013672
198.90769958496094,61.46120071411133,167.8070068359375,121.79170227050781
194.74600219726562,63.583499908447266,165.80569458007812,120.49610137939453
191.3209991455078,64.5634994506836,165.1092987060547,119.06719970703125
187.19650268554688,63.719398498535156,165.73480224609375,120.99420166015625
182.13600158691406,64.92859649658203,165.56500244140625,119.14550018310547
178.51119995117188,63.917198181152344,167.18649291992188,118.66470336914062
175.23399353027344,66.03839874267578,164.22569274902344,124.84709930419922
170.9237060546875,65.81400299072266,167.5583953857422,120.7052001953125
167.4846954345703,66.0647964477539,164.97509765625,124.7738037109375
163.8961944580078,68.33190155029297,164.53269958496094,121.93990325927734
159.44500732421875,66.86100006103516,165.52760314941406,119.90149688720703
156.58349609375,69.15509796142578,163.71449279785156,114.0907974243164
154.38279724121094,70.87049865722656,159.09950256347656,114.78720092773438
150.80239868164062,71.32550048828125,158.7686004638672,109.21009826660156
147.67359924316406,71.5989990234375,158.68089294433594,112.4896011352539
143.52749633789062,72.13089752197266,158.95010375976562,110.05850219726562
140.87550354003906,72.25489807128906,159.9593963623047,108.90139770507812
136.843505859375,70.88200378417969,159.4571075439453,107.66690063476562
135.57839965820312,68.73799896240234,158.8253936767578,109.27410125732422
133.389892578125,67.43890380859375,155.76589965820312,110.53469848632812
129.53709411621094,67.74629974365234,159.0032958984375,112.54869842529297
127.02449798583984,67.25769805908203,160.06619262695312,108.75330352783203
123.90950012207031,67.08719635009766,158.02430725097656,111.7145004272461
121.51190185546875,67.41439819335938,158.71490478515625,110.84400177001953
119.456298828125,68.94819641113281,158.6822967529297,110.12079620361328
116.89469909667969,68.3373031616211,158.2429962158203,108.07140350341797
114.23719787597656,69.07050323486328,159.05799865722656,111.54509735107422
110.90730285644531,72.02369689941406,156.41639709472656,107.56410217285156
106.82569885253906,72.62010192871094,159.45469665527344,110.09510040283203
103.4738998413086,66.72979736328125,159.67539978027344,112.37329864501953
100.72859954833984,69.00509643554688,159.5092010498047,115.80819702148438
96.56220245361328,67.38980102539062,161.88690185546875,116.34329986572266
91.62889862060547,71.83380126953125,165.99920654296875,114.60559844970703
87.87870025634766,73.52269744873047,163.26950073242188,113.8917007446289
83.3927001953125,69.8009033203125,163.9062957763672,117.88300323486328
81.19219970703125,72.92530059814453,165.506103515625,113.91400146484375
76.9906997680664,75.8291015625,163.83740234375,110.42240142822266
72.96859741210938,70.84130096435547,163.1551055908203,117.31340026855469
66.94339752197266,79.00589752197266,167.79379272460938,110.39669799804688
63.86989974975586,72.83170318603516,161.9696044921875,114.16780090332031
60.326499938964844,73.51339721679688,171.58770751953125,116.7864990234375
56.33610153198242,82.79399871826172,157.5301971435547,104.63960266113281
52.754798889160156,72.35340118408203,165.85769653320312,117.84729766845703
46.68130111694336,80.44229888916016,160.5283966064453,109.77770233154297
45.66709899902344,74.55799865722656,162.4176025390625,114.92469787597656
40.98460006713867,75.76110076904297,160.99180603027344,115.55249786376953
39.833900451660156,74.78849792480469,161.83349609375,115.32710266113281
35.3827018737793,77.26229858398438,161.42039489746094,113.69450378417969
33.666500091552734,75.12220001220703,161.75010681152344,117.5656967163086
30.694700241088867,76.7157974243164,159.5749969482422,115.4552001953125
28.749300003051758,73.99310302734375,160.40640258789062,118.15470123291016
25.580699920654297,73.35070037841797,160.06910705566406,120.41909790039062
22.712799072265625,73.71820068359375,160.502197265625,120.39620208740234
21.940000534057617,74.31620025634766,159.11289978027344,120.78060150146484
20.312999725341797,74.08589935302734,160.12399291992188,121.55609893798828
20.15239906311035,76.73789978027344,162.00540161132812,119.30650329589844
19.311899185180664,78.56590270996094,161.07310485839844,115.24690246582031
19.676799774169922,76.92030334472656,165.44459533691406,117.57479858398438
19.44029998779297,79.0448989868164,159.14169311523438,114.29669952392578
18.57979965209961,74.9198989868164,160.93760681152344,122.2345962524414
16.632600784301758,82.48979949951172,159.9958953857422,112.45089721679688
18.15019989013672,76.58290100097656,159.6782989501953,119.94529724121094
16.618499755859375,81.31220245361328,161.70480346679688,113.44539642333984
18.795499801635742,76.9999008178711,159.0614013671875,118.75350189208984
19.058000564575195,82.1344985961914,158.72239685058594,113.42160034179688
17.43709945678711,78.71710205078125,159.6750030517578,116.72740173339844
18.413700103759766,81.32479858398438,158.8824005126953,113.49549865722656
17.309099197387695,78.92769622802734,158.67349243164062,116.24839782714844
18.802200317382812,77.19950103759766,156.96319580078125,118.0438003540039
19.896499633789062,76.33309936523438,156.09649658203125,117.50959777832031
18.260499954223633,76.25499725341797,157.32249450683594,119.21769714355469
19.82819938659668,76.59030151367188,156.75360107421875,116.64659881591797
17.79450035095215,74.48259735107422,158.60169982910156,121.12920379638672
20.324199676513672,73.57420349121094,159.41229248046875,118.95780181884766
19.014299392700195,76.87770080566406,160.47869873046875,114.73739624023438
20.181900024414062,76.75810241699219,159.4438018798828,113.86250305175781
22.2632999420166,75.97119903564453,161.12579345703125,116.19180297851562
24.07830047607422,72.97930145263672,157.7447967529297,117.41000366210938
27.189699172973633,71.95899963378906,161.31959533691406,120.04060363769531
28.48889923095703,76.82980346679688,158.23109436035156,113.90270233154297
30.925500869750977,73.31199645996094,157.52420043945312,116.00650024414062
32.62049865722656,72.48860168457031,160.64590454101562,116.58670043945312
34.43090057373047,74.27169799804688,159.19960021972656,114.70919799804688
36.90760040283203,72.4844970703125,156.1811981201172,115.71790313720703
40.945701599121094,71.35649871826172,159.94119262695312,116.80570220947266
43.645999908447266,73.86669921875,156.4423065185547,115.16899871826172
43.89780044555664,70.60440063476562,159.2949981689453,116.85870361328125
46.0281982421875,72.91400146484375,158.02520751953125,114.33260345458984
49.54600143432617,71.56390380859375,160.3350067138672,114.71320343017578
51.402000427246094,74.04139709472656,159.99630737304688,113.96620178222656
55.356998443603516,70.47460174560547,158.3686981201172,115.2157974243164
57.83300018310547,72.38050079345703,160.95880126953125,113.85050201416016
61.932701110839844,72.8906021118164,159.75,112.74400329589844
64.98200225830078,71.67849731445312,158.7458953857422,114.07489776611328
68.16280364990234,73.44609832763672,158.78590393066406,113.12840270996094
74.5698013305664,72.47679901123047,158.00650024414062,112.22260284423828
76.12960052490234,73.26750183105469,158.02420043945312,110.96790313720703
80.30180358886719,76.36509704589844,156.7799072265625,107.2925033569336
84.50170135498047,72.6270980834961,154.96949768066406,112.21939849853516
87.93150329589844,77.58689880371094,155.66329956054688,106.568603515625
91.96320343017578,73.27989959716797,152.84759521484375,109.8646011352539
95.7582015991211,76.6592025756836,153.67840576171875,106.13610076904297
99.5656967163086,75.41560363769531,151.5247039794922,106.75029754638672
104.17150115966797,75.62079620361328,151.28070068359375,107.84149932861328
107.77649688720703,73.82620239257812,150.1280975341797,108.07540130615234
110.34259796142578,74.20899963378906,150.52169799804688,107.91400146484375
112.43190002441406,75.2605972290039,148.97869873046875,106.46389770507812
114.54679870605469,75.83480072021484,151.66220092773438,107.26029968261719
118.62329864501953,73.67359924316406,146.9696044921875,108.16739654541016
119.50420379638672,74.43699645996094,148.7593994140625,106.18370056152344
122.63189697265625,74.7261962890625,149.12640380859375,106.9209976196289
125.4104995727539,73.8666000366211,147.2740936279297,106.01640319824219
126.5615005493164,73.34950256347656,149.06590270996094,109.14689636230469
130.4582977294922,72.60820007324219,147.75790405273438,107.85890197753906
133.20449829101562,71.93379974365234,150.08299255371094,108.35130310058594
136.2440948486328,71.7228012084961,145.889892578125,105.28230285644531
138.18060302734375,72.74849700927734,149.0260009765625,108.16829681396484
143.3675994873047,69.74829864501953,146.2382049560547,107.34359741210938
143.99330139160156,72.70960235595703,147.885498046875,107.64990234375
149.02369689941406,70.24720001220703,146.12710571289062,107.52100372314453
149.8686065673828,71.3666000366211,149.43370056152344,108.6552963256836
152.08099365234375,70.256103515625,155.3979949951172,106.66840362548828
155.96620178222656,74.39350128173828,160.89100646972656,104.4052963256836
159.33680725097656,80.80879974365234,137.90939331054688,98.4884033203125
162.37579345703125,71.27400207519531,141.45489501953125,104.627197265625
163.67140197753906,71.66500091552734,143.31790161132812,107.6135025024414
167.73199462890625,70.33439636230469,145.3946075439453,105.27649688720703
169.75570678710938,72.70140075683594,141.4019012451172,106.3864974975586
173.59519958496094,72.83879852294922,146.7281036376953,101.44210052490234
174.906494140625,76.21839904785156,137.3126983642578,100.24700164794922
178.16319274902344,69.0656967163086,139.7917938232422,105.18489837646484
180.1197052001953,70.60169982910156,137.3280029296875,103.39089965820312
182.93800354003906,69.74359893798828,136.56149291992188,105.6050033569336
184.260498046875,72.21029663085938,134.28359985351562,100.41500091552734
187.0655975341797,70.72969818115234,135.34120178222656,103.82599639892578
188.83749389648438,71.07990264892578,133.0343017578125,103.36060333251953
190.78919982910156,68.54290008544922,135.5823974609375,103.6072998046875
190.88150024414062,70.9646987915039,131.87550354003906,103.918701171875
192.76800537109375,70.70909881591797,132.92469787597656,104.04229736328125
193.84190368652344,70.12899780273438,132.39739990234375,103.13459777832031
195.25950622558594,68.45790100097656,133.9040069580078,105.23090362548828
196.36509704589844,69.7979965209961,132.8621063232422,103.43289947509766
198.40289306640625,70.15470123291016,132.33279418945312,104.03050231933594
200.5792999267578,69.92870330810547,132.65499877929688,103.38469696044922
202.36000061035156,69.82279968261719,135.093505859375,104.16100311279297
204.7397003173828,69.17469787597656,134.20680236816406,105.57679748535156
205.96270751953125,70.81400299072266,135.6804962158203,102.46240234375
206.7834014892578,68.37220001220703,137.64889526367188,106.23619842529297
209.92010498046875,70.2970962524414,131.68780517578125,106.3156967163086
211.38470458984375,69.15229797363281,137.5153045654297,105.19139862060547
214.45509338378906,67.98320007324219,134.40130615234375,104.94879913330078
216.8365936279297,67.69439697265625,131.84730529785156,107.22129821777344
218.08999633789062,68.96929931640625,132.6221923828125,105.91169738769531
219.28970336914062,68.91429901123047,133.63900756835938,106.85369873046875
221.93170166015625,70.44000244140625,133.92160034179688,104.6906967163086
223.94259643554688,68.54419708251953,134.6177978515625,105.2406005859375
225.27099609375,68.11329650878906,135.67320251464844,106.80400085449219
226.45260620117188,68.9374008178711,134.87759399414062,104.74299621582031
226.68629455566406,67.1686019897461,137.84689331054688,108.26950073242188
230.3070068359375,66.3230972290039,135.4237060546875,106.40660095214844
229.58279418945312,66.96369934082031,136.66879272460938,106.46900177001953
232.21189880371094,66.64620208740234,135.8751983642578,107.71080017089844
233.0460968017578,66.95670318603516,135.01930236816406,107.58209991455078
235.3802947998047,67.76809692382812,134.55810546875,107.0188980102539
235.3553924560547,66.81639862060547,134.3209991455078,107.73979949951172
234.8343048095703,67.21890258789062,135.08160400390625,107.6281967163086
235.48460388183594,66.1073989868164,135.60169982910156,107.19110107421875
235.46470642089844,67.56520080566406,137.43099975585938,105.81379699707031
236.43629455566406,68.0813980102539,134.58639526367188,107.02279663085938
236.1121063232422,67.71720123291016,134.72689819335938,106.91310119628906
235.8480987548828,66.64140319824219,135.48680114746094,108.44170379638672
236.1427001953125,67.96269989013672,135.60409545898438,107.12920379638672
236.4241943359375,67.34020233154297,136.1136016845703,106.99330139160156
236.97340393066406,68.22260284423828,133.94509887695312,107.94490051269531
237.843994140625,67.78399658203125,133.0366973876953,106.6187973022461
237.4835968017578,66.9677963256836,132.98089599609375,108.068603515625
237.8782958984375,67.5822982788086,132.57789611816406,107.32039642333984
238.34669494628906,67.19300079345703,132.21449279785156,106.84400177001953
238.0334014892578,66.56629943847656,132.42649841308594,106.48650360107422
237.9324951171875,66.722900390625,132.1602020263672,105.63410186767578
239.4951934814453,67.7739028930664,130.15199279785156,106.02400207519531
238.98699951171875,69.20790100097656,129.7803955078125,102.94059753417969
240.53909301757812,66.44879913330078,129.7969970703125,106.70690155029297
239.3354949951172,67.01529693603516,130.76609802246094,105.79329681396484
240.70849609375,66.75399780273438,129.19650268554688,105.75409698486328
239.7200927734375,64.15889739990234,129.94439697265625,107.04530334472656
239.65359497070312,69.09190368652344,128.64529418945312,101.95439910888672
240.14370727539062,64.25270080566406,128.8538055419922,107.06310272216797
239.33560180664062,69.41609954833984,129.8155059814453,101.7291030883789
239.6696014404297,65.05470275878906,129.23739624023438,106.77880096435547
240.38499450683594,65.70999908447266,129.5950927734375,105.8958969116211
240.23800659179688,69.62480163574219,128.8824005126953,102.6854019165039
241.22430419921875,66.28450012207031,127.10919952392578,106.06159973144531
241.018798828125,64.96050262451172,128.51780700683594,106.6769027709961
240.8074951171875,66.0239028930664,127.5238037109375,104.80329895019531
240.84469604492188,61.04600143432617,128.28500366210938,110.1531982421875
241.23800659179688,64.81210327148438,127.62940216064453,105.8760986328125
241.2097930908203,61.0984992980957,130.13150024414062,109.77850341796875
241.0778045654297,63.59410095214844,129.1157989501953,107.29920196533203
241.43190002441406,61.57849884033203,128.88229370117188,107.21379852294922
241.59840393066406,61.48780059814453,129.16580200195312,108.54820251464844
241.54539489746094,62.40010070800781,128.1649932861328,106.61519622802734
240.12840270996094,61.98619842529297,128.86680603027344,107.23999786376953
241.12899780273438,62.59170150756836,127.71929931640625,108.0770034790039
240.7899932861328,61.3218994140625,129.16099548339844,108.26950073242188
240.59579467773438,64.32610321044922,128.97450256347656,106.2686996459961
239.31590270996094,62.42110061645508,128.9976043701172,106.05449676513672
239.2895965576172,64.52410125732422,128.68670654296875,105.76029968261719
239.17059326171875,62.72269821166992,129.22970581054688,105.99970245361328
239.5561981201172,64.42489624023438,128.34979248046875,104.03759765625
238.42559814453125,62.06629943847656,129.74070739746094,106.0000991821289
239.0323944091797,62.709800720214844,128.97169494628906,104.347900390625
238.69960021972656,62.80720138549805,129.2447052001953,105.17639923095703
238.23590087890625,61.388099670410156,129.98159790039062,105.99340057373047
238.41270446777344,64.99960327148438,129.10650634765625,103.06939697265625
238.3032989501953,61.032798767089844,129.52980041503906,106.04190063476562
237.37600708007812,62.517601013183594,128.76939392089844,104.98529815673828
237.51519775390625,64.5186996459961,128.68679809570312,105.09519958496094
236.71719360351562,63.9989013671875,131.59620666503906,104.49629974365234
236.0823974609375,65.18060302734375,129.95030212402344,103.27729797363281
235.63729858398438,62.96760177612305,130.65919494628906,105.64029693603516
234.3321990966797,67.12590026855469,131.9824981689453,101.30919647216797
234.3135986328125,65.4718017578125,131.42080688476562,102.74400329589844
232.7675018310547,68.55470275878906,132.54409790039062,100.31159973144531
233.76620483398438,66.33300018310547,131.83090209960938,100.53060150146484
232.35690307617188,70.12560272216797,133.04859924316406,99.09040069580078
232.41749572753906,66.52790069580078,132.69290161132812,102.48400115966797
231.51939392089844,69.96980285644531,133.13720703125,99.06050109863281
231.7104949951172,66.21389770507812,133.06719970703125,102.17639923095703
230.3253936767578,70.12899780273438,133.9156951904297,98.85790252685547
230.91119384765625,66.7228012084961,133.53460693359375,102.8604965209961
230.47430419921875,69.07630157470703,134.0325927734375,100.22019958496094
230.83389282226562,68.56610107421875,133.1580047607422,101.82510375976562
229.9044952392578,69.63980102539062,134.27670288085938,102.25370025634766
229.5406036376953,68.70649719238281,135.15040588378906,100.63480377197266
229.7635040283203,68.96420288085938,134.16400146484375,101.28679656982422
229.2364959716797,67.877197265625,135.20399475097656,103.70059967041016
228.56109619140625,70.2249984741211,135.7342987060547,99.4052963256836
228.6851043701172,67.86399841308594,135.54859924316406,104.45259857177734
228.2136993408203,68.50150299072266,138.00579833984375,103.77510070800781
227.47950744628906,69.2936019897461,137.7720947265625,103.12699890136719
227.47329711914062,63.88370132446289,137.6313018798828,109.76069641113281
226.79739379882812,70.1719970703125,137.85350036621094,104.04679870605469
226.55650329589844,63.48749923706055,139.0653076171875,112.84490203857422
227.14419555664062,71.30239868164062,138.4241943359375,102.72740173339844
227.11549377441406,64.4176025390625,138.95030212402344,110.87100219726562
226.2725067138672,69.60970306396484,140.02879333496094,105.90440368652344
226.46730041503906,62.748199462890625,140.45350646972656,111.36370086669922
226.38209533691406,71.57109832763672,140.0590057373047,102.0990982055664
227.02499389648438,65.2406005859375,139.3466033935547,109.20439910888672
225.8459930419922,66.3279037475586,141.24130249023438,107.20079803466797
225.47450256347656,70.20069885253906,140.2626953125,104.88980102539062
225.61279296875,66.35880279541016,139.20550537109375,106.48580169677734
224.67930603027344,65.55960083007812,141.00439453125,109.21399688720703
223.885498046875,65.71080017089844,141.8372039794922,107.868896484375
224.4936065673828,68.3666000366211,142.02789306640625,106.92970275878906
224.85069274902344,68.63520050048828,140.65719604492188,105.33360290527344
224.464599609375,67.10900115966797,141.35789489746094,106.7959976196289
225.2469024658203,65.81990051269531,140.81930541992188,107.6729965209961
225.93580627441406,66.16419982910156,142.00320434570312,108.06649780273438
225.1887969970703,67.65589904785156,143.8740997314453,107.96060180664062
227.05340576171875,64.1134033203125,141.5615997314453,111.15859985351562
228.50729370117188,64.20220184326172,139.64930725097656,110.52140045166016
229.0988006591797,63.65290069580078,140.023193359375,110.44450378417969
230.38189697265625,64.2322998046875,139.968994140625,109.5707015991211
233.00120544433594,63.75090026855469,140.14830017089844,110.189697265625
233.39230346679688,60.55649948120117,142.29029846191406,114.92449951171875
234.789306640625,62.34170150756836,147.6468048095703,113.55680084228516
236.77259826660156,64.6094970703125,149.1811981201172,112.19339752197266
239.1405029296875,62.08549880981445,149.97869873046875,114.72709655761719
239.78390502929688,64.5354995727539,150.12269592285156,111.56739807128906
241.60609436035156,64.67050170898438,149.9761962890625,111.55139923095703
242.59620666503906,66.09159851074219,151.1844940185547,110.3573989868164
243.99020385742188,62.08679962158203,151.8437957763672,114.65959930419922
245.7530975341797,66.36640167236328,151.23240661621094,111.11060333251953
247.2913055419922,63.2327995300293,151.2628936767578,115.2052001953125
248.818603515625,64.35929870605469,152.12879943847656,113.21749877929688
249.9886932373047,66.11399841308594,150.94659423828125,112.24530029296875
251.57989501953125,61.92729949951172,152.4488067626953,116.94519805908203
252.55409240722656,66.78369903564453,152.68670654296875,111.42720031738281
255.10989379882812,64.43560028076172,152.43190002441406,114.34970092773438
256.0071105957031,70.26380157470703,150.69639587402344,108.2197036743164
258.7911071777344,63.33039855957031,150.99630737304688,115.1906967163086
260.372802734375,67.90609741210938,152.4947967529297,110.51399993896484
262.5006103515625,70.36199951171875,149.84539794921875,108.43699645996094
265.56219482421875,62.734798431396484,147.6439971923828,116.7073974609375
266.3797912597656,71.42269897460938,151.24659729003906,107.96980285644531
267.2679138183594,67.94760131835938,147.76939392089844,113.01119995117188
267.8622131347656,66.5792007446289,152.6300048828125,114.01809692382812
269.55218505859375,65.10970306396484,152.2532958984375,113.25460052490234
269.57000732421875,71.65339660644531,152.99830627441406,107.28679656982422
271.0498046875,65.3895034790039,152.07940673828125,113.79090118408203
271.56768798828125,72.87580108642578,151.2696075439453,105.14530181884766
272.9844970703125,70.90399932861328,143.45379638671875,107.5999984741211
272.9963073730469,71.05960083007812,145.17990112304688,107.2052993774414
273.4245910644531,71.7979965209961,142.3238983154297,106.22339630126953
273.7264099121094,73.59269714355469,141.5594940185547,103.189697265625
274.65020751953125,72.20349884033203,141.7209014892578,105.03410339355469
274.7113037109375,72.89320373535156,141.9844970703125,104.402099609375
275.0210876464844,70.71849822998047,139.875,106.51360321044922
274.690185546875,73.0519027709961,142.45790100097656,104.09040069580078
275.1370849609375,71.8958969116211,140.77239990234375,105.20590209960938
274.5960998535156,71.08679962158203,142.27760314941406,106.20130157470703
273.83770751953125,72.7146987915039,141.15750122070312,105.0154037475586
273.3727111816406,72.06320190429688,140.89990234375,105.72219848632812
272.4548034667969,73.31809997558594,141.9691925048828,104.6792984008789
272.2496032714844,71.31310272216797,142.0688018798828,106.14320373535156
271.6505126953125,74.40809631347656,141.93980407714844,103.87799835205078
271.0986022949219,73.05509948730469,141.58349609375,104.73629760742188
270.6953125,75.74980163574219,141.86830139160156,103.66909790039062
270.28961181640625,70.84559631347656,141.2993927001953,107.57250213623047
269.8591003417969,73.3865966796875,143.01840209960938,104.47689819335938
269.32049560546875,73.76950073242188,142.29249572753906,105.57769775390625
268.84149169921875,73.97789764404297,142.26710510253906,106.04840087890625
268.32989501953125,73.74479675292969,142.7729949951172,106.30879974365234
267.69281005859375,74.26719665527344,142.96180725097656,106.74520111083984
266.9678955078125,72.89859771728516,142.27310180664062,106.99569702148438
265.49578857421875,73.3447036743164,144.68150329589844,108.60769653320312
265.5729064941406,70.595703125,142.17669677734375,111.11100006103516
264.5538024902344,70.87930297851562,145.66879272460938,110.78610229492188
263.66070556640625,72.92320251464844,141.51199340820312,108.5823974609375
262.8207092285156,71.68109893798828,143.4167938232422,110.47899627685547
261.1250915527344,71.67729949951172,142.5522003173828,109.71019744873047
260.6742858886719,71.47229766845703,144.59959411621094,110.32749938964844
259.9255065917969,69.5896987915039,144.90269470214844,111.41200256347656
258.9919128417969,70.5177001953125,144.0135040283203,112.13140106201172
258.4071960449219,69.9478988647461,147.08189392089844,114.20670318603516
257.47930908203125,70.44850158691406,146.9093017578125,114.38140106201172
256.39898681640625,72.42880249023438,146.03720092773438,114.34369659423828
255.9456024169922,73.5199966430664,147.42080688476562,111.87860107421875
255.2050018310547,73.46890258789062,146.17889404296875,112.5542984008789
255.66940307617188,72.2146987915039,146.55520629882812,112.71949768066406
254.93629455566406,74.11409759521484,147.75869750976562,112.86820220947266
254.6822052001953,72.57219696044922,149.3260955810547,112.36119842529297
254.06590270996094,73.87799835205078,148.82339477539062,113.0353012084961
254.3614959716797,73.9395980834961,149.1475067138672,111.97769927978516
254.21629333496094,75.53469848632812,150.37319946289062,111.88809967041016
253.98300170898438,75.5802993774414,149.87620544433594,109.5613021850586
254.37789916992188,74.97579956054688,149.06019592285156,111.54280090332031
254.02259826660156,74.8812026977539,148.97560119628906,110.83360290527344
253.06919860839844,75.98709869384766,149.87379455566406,111.41380310058594
253.5861053466797,75.14240264892578,150.3170928955078,109.6676025390625
253.4906005859375,74.10420227050781,149.0305938720703,111.73860168457031
252.64990234375,75.43450164794922,151.4149932861328,110.94190216064453
252.73170471191406,74.5353012084961,150.6427001953125,111.57579803466797
252.4799041748047,73.13719940185547,150.9777069091797,112.27020263671875
253.37130737304688,73.51080322265625,150.9445037841797,112.69419860839844
253.0758056640625,73.78350067138672,151.0,112.56520080566406
253.05039978027344,73.09459686279297,150.5178985595703,113.70259857177734
253.24960327148438,72.67549896240234,151.42649841308594,113.25479888916016
253.65370178222656,70.9833984375,151.0377960205078,114.5447006225586
254.61680603027344,70.84839630126953,149.54969787597656,114.30079650878906
254.70840454101562,70.49169921875,150.10670471191406,115.55840301513672
254.85060119628906,68.82170104980469,151.24659729003906,116.35089874267578
255.2960968017578,69.87940216064453,151.07940673828125,117.62809753417969
254.51800537109375,66.32620239257812,151.78970336914062,118.19110107421875
256.1581115722656,67.95659637451172,150.89120483398438,118.8843994140625
255.4593963623047,67.38899993896484,151.47950744628906,119.21710205078125
256.4552001953125,66.85669708251953,150.55340576171875,118.42389678955078
256.69061279296875,65.07820129394531,151.2010955810547,122.23760223388672
257.0600891113281,65.28019714355469,150.12879943847656,122.3656997680664
256.3428955078125,66.01399993896484,151.14639282226562,120.99690246582031
257.1726989746094,65.56529998779297,150.78379821777344,122.006103515625
257.4486999511719,65.72889709472656,150.5950927734375,121.5458984375
257.5421142578125,65.58270263671875,150.5218963623047,120.75769805908203
257.17059326171875,63.85089874267578,150.44740295410156,123.83170318603516
258.0398864746094,63.181400299072266,149.92230224609375,124.55699920654297
256.80059814453125,63.944400787353516,151.97019958496094,123.27050018310547
258.27880859375,62.562801361083984,150.77650451660156,123.39430236816406
257.2330017089844,63.4650993347168,152.92820739746094,124.47109985351562
259.0215148925781,60.7400016784668,151.46820068359375,124.61799621582031
257.9388122558594,62.06209945678711,151.8730010986328,124.98400115966797
259.9179992675781,62.34960174560547,150.0596923828125,123.63909912109375
259.6435852050781,59.6708984375,150.85060119628906,127.25389862060547
258.06640625,58.657901763916016,153.47549438476562,126.92400360107422
259.5722961425781,57.02190017700195,153.31930541992188,129.67160034179688
258.3584899902344,57.66350173950195,152.62399291992188,128.73899841308594
260.39990234375,56.75230026245117,151.78720092773438,127.58789825439453
259.4424133300781,56.96269989013672,151.56069946289062,128.3231964111328
261.21319580078125,56.388099670410156,150.74879455566406,127.69730377197266
259.7117004394531,55.571800231933594,150.9752960205078,128.52850341796875
261.5082092285156,56.873199462890625,150.2523956298828,127.3467025756836
259.8387145996094,56.57490158081055,150.26910400390625,126.31919860839844
261.77789306640625,55.07789993286133,146.66000366210938,128.1772003173828
261.11920166015625,54.88420104980469,148.14849853515625,128.54580688476562
263.72088623046875,55.8223991394043,145.4320068359375,127.5459976196289
262.4455871582031,54.704200744628906,145.93299865722656,129.17599487304688
264.1017150878906,55.700199127197266,144.48849487304688,127.75859832763672
264.2250061035156,55.22840118408203,145.07029724121094,127.43270111083984
263.92388916015625,55.130401611328125,144.34640502929688,127.97560119628906
264.4147033691406,54.87620162963867,144.20269775390625,128.2041015625
264.3601989746094,54.66600036621094,143.83309936523438,128.57069396972656
264.7773132324219,54.139198303222656,143.4727020263672,128.9123992919922
263.9495849609375,53.39500045776367,144.5063934326172,129.52670288085938
265.0527038574219,54.570701599121094,145.3527069091797,127.52839660644531
264.77508544921875,53.567298889160156,144.7404022216797,129.21530151367188
264.97589111328125,55.059600830078125,144.76800537109375,127.24590301513672
264.6850891113281,54.49089813232422,144.9449005126953,127.67880249023438
264.0491027832031,54.575801849365234,144.99630737304688,127.82579803466797
265.35980224609375,55.54560089111328,142.6428985595703,126.59619903564453
264.1304931640625,54.79570007324219,144.08909606933594,126.8218994140625
265.51300048828125,55.88410186767578,143.04660034179688,125.7509994506836
263.7840881347656,56.22460174560547,145.1103057861328,125.87779998779297
264.5320129394531,55.6953010559082,143.8437042236328,126.40579986572266
265.6589050292969,56.72269821166992,141.87820434570312,125.94200134277344
263.97021484375,58.01029968261719,142.7852020263672,124.23899841308594
263.6133117675781,57.598899841308594,143.37420654296875,124.46330261230469
263.2590026855469,58.39759826660156,143.14590454101562,123.74929809570312
263.2394104003906,58.67959976196289,142.86529541015625,122.75959777832031
262.3074035644531,57.8827018737793,143.6082000732422,124.02549743652344
262.0506896972656,57.52980041503906,144.29519653320312,124.13749694824219
261.5226135253906,56.25600051879883,144.5164031982422,124.19850158691406
262.5433044433594,58.97629928588867,142.88119506835938,123.23970031738281
261.5806884765625,57.785400390625,144.25999450683594,123.18560028076172
261.2701110839844,59.690399169921875,145.50669860839844,121.6854019165039
260.8251037597656,58.321800231933594,144.76339721679688,122.36849975585938
260.3832092285156,58.880699157714844,145.7436065673828,121.12159729003906
261.12890625,60.60219955444336,144.20359802246094,120.62580108642578
260.80938720703125,57.975101470947266,145.4210968017578,122.3021011352539
260.902099609375,62.67620086669922,145.0688018798828,116.28150177001953
261.57220458984375,60.24190139770508,143.79490661621094,119.84020233154297
260.9914855957031,60.19060134887695,144.79910278320312,120.69280242919922
259.6404113769531,60.402099609375,145.40989685058594,118.08689880371094
259.8684997558594,61.404701232910156,144.83090209960938,118.51210021972656
259.8371887207031,61.87770080566406,144.5897979736328,115.32599639892578
260.5697937011719,63.759300231933594,142.64950561523438,114.84970092773438
260.51708984375,64.99960327148438,143.8114013671875,112.43419647216797
261.4342956542969,63.645599365234375,141.8553009033203,112.11380004882812
261.731689453125,65.51069641113281,140.58279418945312,109.99530029296875
262.1654968261719,62.48550033569336,139.76669311523438,112.74980163574219
262.16790771484375,69.05169677734375,139.0648956298828,104.86669921875
261.1188049316406,66.06430053710938,138.92759704589844,106.88009643554688
261.1882019042969,64.37590026855469,138.3813018798828,106.90640258789062
260.61260986328125,68.3718032836914,139.04139709472656,103.0647964477539
260.55841064453125,64.21540069580078,140.75669860839844,106.75440216064453
261.20050048828125,66.74030303955078,137.85679626464844,102.9468002319336
260.2857971191406,63.65959930419922,139.21170043945312,104.79979705810547
260.1471862792969,65.05249786376953,139.20089721679688,102.83999633789062
260.3171081542969,66.41950225830078,137.57839965820312,101.20600128173828
260.1814880371094,66.51290130615234,137.18539428710938,100.95050048828125
259.63690185546875,65.8030014038086,138.75900268554688,102.08830261230469
258.0671081542969,64.02649688720703,139.33880615234375,104.239501953125
258.2525939941406,65.21980285644531,137.77630615234375,102.15699768066406
256.568115234375,65.99430084228516,140.1367950439453,101.74690246582031
256.2554931640625,65.25019836425781,140.58729553222656,102.60150146484375
256.775390625,65.43990325927734,140.41180419921875,102.28800201416016
256.1585998535156,64.76280212402344,141.16659545898438,102.47219848632812
256.05010986328125,65.70559692382812,140.01559448242188,102.097900390625
255.6627960205078,64.68180084228516,141.29229736328125,102.61799621582031
255.85040283203125,65.13670349121094,142.25669860839844,102.21510314941406
255.95089721679688,63.03919982910156,142.67149353027344,104.09140014648438
255.71690368652344,65.35310363769531,142.13819885253906,102.31410217285156
256.3418884277344,63.86909866333008,142.39649963378906,103.7708969116211
255.95689392089844,65.49639892578125,140.97279357910156,102.38179779052734
255.6208038330078,65.9656982421875,142.8076934814453,101.78900146484375
254.98480224609375,65.2218017578125,142.91799926757812,103.25090026855469
254.83779907226562,65.45349884033203,145.47039794921875,101.60780334472656
254.5612030029297,66.67230224609375,141.74020385742188,99.82440185546875
254.6674041748047,70.08670043945312,144.43899536132812,96.05149841308594
253.63720703125,69.22360229492188,140.5749969482422,97.45330047607422
253.94500732421875,71.885498046875,143.27330017089844,93.89189910888672
252.51730346679688,70.3489990234375,143.4300994873047,95.63259887695312
252.78269958496094,71.64029693603516,142.5117950439453,94.00830078125
252.377197265625,72.06169891357422,142.93580627441406,95.11810302734375
252.8907012939453,71.45210266113281,145.1186065673828,95.34559631347656
252.04879760742188,71.52259826660156,144.2344970703125,94.57420349121094
252.7790069580078,72.02120208740234,144.77529907226562,94.26930236816406
252.5811004638672,71.96430206298828,144.68739318847656,94.24659729003906
252.6013946533203,71.5261001586914,142.47169494628906,95.71410369873047
252.7510986328125,70.73490142822266,145.36669921875,96.11430358886719
252.42379760742188,71.44580078125,145.14109802246094,94.5780029296875
252.91380310058594,70.17669677734375,142.69859313964844,95.91179656982422
252.62100219726562,69.63420104980469,145.70970153808594,96.38929748535156
252.33120727539062,68.83370208740234,141.8498992919922,97.22239685058594
252.51519775390625,69.58059692382812,144.23399353027344,96.7925033569336
251.86270141601562,67.92420196533203,141.93179321289062,98.34619903564453
251.91510009765625,66.60140228271484,141.33389282226562,99.1874008178711
250.8802947998047,66.37149810791016,143.33700561523438,100.19010162353516
250.88429260253906,67.097900390625,140.2187042236328,99.5082015991211
251.0218963623047,62.829898834228516,140.5010986328125,104.05680084228516
249.99530029296875,63.26969909667969,140.1385955810547,103.47309875488281
249.64239501953125,62.9369010925293,140.26400756835938,103.34190368652344
249.01840209960938,63.4026985168457,140.38380432128906,102.67549896240234
248.39669799804688,64.83350372314453,139.89450073242188,102.42379760742188
248.25169372558594,61.914798736572266,140.85049438476562,103.15489959716797
248.28439331054688,62.51810073852539,139.51809692382812,103.2864990234375
247.50669860839844,62.24660110473633,140.822998046875,103.74859619140625
247.92959594726562,63.69879913330078,139.56739807128906,102.90270233154297
247.37730407714844,63.96139907836914,138.71510314941406,103.3021011352539
247.09620666503906,64.24430084228516,139.910400390625,103.3488998413086
246.69320678710938,64.31929779052734,140.25489807128906,103.44999694824219
246.79310607910156,64.30259704589844,140.21240234375,103.13929748535156
246.64100646972656,64.2229995727539,138.56640625,102.8009033203125
246.11920166015625,63.83869934082031,138.05850219726562,103.9343032836914
246.4492950439453,62.63050079345703,136.3986053466797,104.30780029296875
245.95150756835938,60.67369842529297,137.91310119628906,106.2686996459961
246.3361053466797,61.01350021362305,139.4167022705078,107.11209869384766
245.6363067626953,63.083099365234375,137.94459533691406,106.09980010986328
245.78579711914062,62.31330108642578,137.7783966064453,105.01689910888672
245.63040161132812,62.27389907836914,138.6696014404297,107.02649688720703
246.09060668945312,63.69540023803711,139.3206024169922,104.45970153808594
246.04550170898438,65.70089721679688,139.52659606933594,105.42669677734375
245.97900390625,60.18439865112305,138.9532012939453,109.62349700927734
247.24560546875,64.52660369873047,138.2458038330078,104.54309844970703
245.70809936523438,64.814697265625,140.43069458007812,105.34300231933594
246.2635955810547,64.11070251464844,141.35609436035156,105.22209930419922
245.43359375,66.20050048828125,139.5872039794922,103.35579681396484
244.92539978027344,61.2952995300293,141.41580200195312,109.59850311279297
244.76890563964844,67.90809631347656,139.07159423828125,104.11650085449219
245.5352020263672,57.54010009765625,139.94590759277344,115.15899658203125
243.7998046875,66.86840057373047,140.279296875,106.43170166015625
245.793701171875,56.64830017089844,139.6427001953125,116.83989715576172
245.53860473632812,67.56749725341797,139.59640502929688,105.50599670410156
244.8365020751953,59.09640121459961,141.12579345703125,116.2614974975586
245.5222930908203,64.73410034179688,139.65660095214844,110.68560028076172
244.91140747070312,59.94710159301758,140.10879516601562,117.99839782714844
246.031494140625,63.52629852294922,139.1750030517578,114.37840270996094
245.352294921875,61.51750183105469,138.5216064453125,117.34919738769531
245.57350158691406,61.356998443603516,137.72039794921875,118.34110260009766
247.8939971923828,59.64899826049805,136.01870727539062,120.62809753417969
250.19619750976562,63.709800720214844,134.1134033203125,118.23819732666016
248.80239868164062,60.47829818725586,136.90089416503906,120.4728012084961
250.7404022216797,59.93550109863281,135.3341064453125,123.5166015625
251.3686981201172,62.19620132446289,136.51390075683594,120.72029876708984
250.402099609375,59.89860153198242,136.85980224609375,123.79229736328125
253.1654052734375,63.61650085449219,135.71029663085938,121.55760192871094
251.904296875,59.60900115966797,137.07760620117188,127.07769775390625
253.9597930908203,62.32630157470703,135.6403045654297,122.84329986572266
252.783203125,60.0166015625,137.1846923828125,126.81269836425781
252.69529724121094,61.397701263427734,137.0653076171875,125.81809997558594
253.3686065673828,61.57490158081055,136.8347930908203,124.49240112304688
254.03359985351562,61.64929962158203,136.81700134277344,125.59770202636719
254.7700958251953,60.55500030517578,135.8916015625,126.66639709472656
255.45449829101562,60.89179992675781,134.63369750976562,126.81520080566406
255.07440185546875,59.28710174560547,136.36790466308594,128.22979736328125
253.88380432128906,58.88819885253906,137.31199645996094,127.35230255126953
255.19729614257812,60.082698822021484,135.87820434570312,126.17279815673828
254.56320190429688,60.483299255371094,137.289306640625,125.88800048828125
254.66709899902344,61.55509948730469,137.1226043701172,125.4845962524414
254.30470275878906,58.884700775146484,137.04330444335938,127.80490112304688
253.28460693359375,61.13209915161133,137.17149353027344,124.23509979248047
254.7436065673828,60.77399826049805,135.82449340820312,125.6802978515625
254.1313934326172,59.91849899291992,136.7642059326172,125.72969818115234
254.04879760742188,61.95560073852539,136.9257049560547,125.01589965820312
254.17849731445312,59.38679885864258,136.70640563964844,127.20800018310547
253.67030334472656,60.88629913330078,137.039306640625,124.9884033203125
254.18589782714844,61.09560012817383,137.80130004882812,126.12860107421875
254.8778076171875,59.09199905395508,137.15550231933594,128.55349731445312
255.47779846191406,60.98870086669922,137.0865936279297,126.15029907226562
252.8177947998047,56.7932014465332,139.64520263671875,128.70399475097656
255.19960021972656,59.84619903564453,137.59730529785156,125.13079833984375
255.310302734375,59.03390121459961,139.2406005859375,127.82260131835938
254.54359436035156,58.368499755859375,139.22760009765625,127.71749877929688
254.73629760742188,60.760799407958984,139.7501983642578,125.34369659423828
254.76829528808594,58.799598693847656,142.298095703125,126.81950378417969
254.43040466308594,58.19770050048828,142.4407958984375,127.22789764404297
254.24630737304688,59.11690139770508,143.23739624023438,126.69760131835938
255.30709838867188,59.392601013183594,142.66319274902344,124.17559814453125
254.50880432128906,60.595699310302734,143.38710021972656,123.34989929199219
255.55470275878906,65.11080169677734,142.76390075683594,118.83879852294922
254.356201171875,67.10040283203125,145.2332000732422,114.6781997680664
255.26710510253906,69.28119659423828,144.72320556640625,114.06719970703125
254.9468994140625,70.95330047607422,145.5124053955078,112.18470001220703
254.83970642089844,71.06829833984375,145.49200439453125,110.4520034790039
254.75230407714844,72.11229705810547,145.01080322265625,109.13760375976562
254.58290100097656,72.22579956054688,146.6470947265625,107.22129821777344
254.56910705566406,72.93920135498047,146.9405059814453,107.10870361328125
255.322998046875,74.10700225830078,143.610107421875,106.85160064697266
254.36549377441406,73.28269958496094,145.28709411621094,105.43659973144531
253.17359924316406,73.62370300292969,144.71099853515625,105.89569854736328
251.03509521484375,74.4021987915039,147.360595703125,105.65540313720703
251.90049743652344,75.41390228271484,144.125,104.81800079345703
252.04580688476562,73.83219909667969,144.2987060546875,105.08429718017578
251.08639526367188,74.76370239257812,143.968994140625,104.77570343017578
250.7606964111328,74.73390197753906,143.4954071044922,103.27780151367188
251.37969970703125,74.34329986572266,142.48219299316406,102.57460021972656
251.047607421875,74.42240142822266,142.5428009033203,102.96540069580078
251.0319061279297,74.14440155029297,142.8957061767578,102.3281021118164
250.31939697265625,73.89730072021484,144.2917938232422,103.14189910888672
250.610107421875,73.39620208740234,143.22360229492188,101.7938003540039
249.7646026611328,71.53949737548828,144.09890747070312,104.01370239257812
249.16110229492188,71.79969787597656,144.2554931640625,102.8489990234375
250.0821990966797,73.69080352783203,143.87530517578125,102.22160339355469
249.6636962890625,71.65699768066406,144.57659912109375,102.9573974609375
250.05349731445312,70.9352035522461,144.9427032470703,105.07929992675781
249.2263946533203,72.35009765625,145.97300720214844,104.59410095214844
248.7429962158203,70.97119903564453,145.88560485839844,104.5698013305664
248.3957977294922,71.58709716796875,144.685302734375,104.03510284423828
248.2978057861328,70.62249755859375,146.90359497070312,105.03340148925781
247.95970153808594,70.81279754638672,146.9832000732422,104.51309967041016
246.6195068359375,70.89649963378906,148.6428985595703,105.32420349121094
246.9886932373047,70.35389709472656,147.43569946289062,106.2384033203125
246.57130432128906,70.0469970703125,147.48219299316406,107.60900115966797
245.95750427246094,68.96959686279297,148.3446044921875,108.04180145263672
246.639404296875,69.52420043945312,147.7082061767578,108.64179992675781
246.5937957763672,69.58809661865234,147.26170349121094,106.57640075683594
247.08670043945312,68.86699676513672,147.53680419921875,108.00399780273438
247.35690307617188,69.31050109863281,147.9990997314453,107.05020141601562
248.21119689941406,70.40450286865234,147.05079650878906,104.68830108642578
247.26080322265625,70.93150329589844,145.42039489746094,103.85919952392578
247.90550231933594,69.81759643554688,145.1304931640625,104.98729705810547
247.10690307617188,70.42400360107422,148.01800537109375,106.50370025634766
246.69309997558594,70.51190185546875,150.84710693359375,104.11280059814453
247.70579528808594,69.939697265625,147.30909729003906,104.7437973022461
246.11940002441406,71.85749816894531,144.9792022705078,104.0364990234375
246.17210388183594,69.26619720458984,145.65420532226562,107.0530014038086
246.80360412597656,70.83470153808594,143.77239990234375,104.04900360107422
245.62730407714844,70.27839660644531,146.36300659179688,107.1010971069336
247.19520568847656,70.98719787597656,145.12289428710938,107.93299865722656
246.3365020751953,70.39679718017578,144.6280975341797,108.19650268554688
247.03860473632812,71.29530334472656,144.33079528808594,108.06539916992188
247.05799865722656,71.69319915771484,144.3621063232422,108.31719970703125
247.20750427246094,72.96610260009766,145.0218963623047,108.71399688720703
247.46600341796875,73.71189880371094,142.9221954345703,107.61109924316406
248.2666015625,74.47949981689453,143.80380249023438,109.76190185546875
247.50619506835938,75.63739776611328,143.04750061035156,111.15390014648438
248.42300415039062,75.55729675292969,141.57369995117188,112.9708023071289
248.9375,77.71959686279297,139.58839416503906,112.88269805908203
250.21170043945312,78.23690032958984,137.96060180664062,113.72560119628906
250.15570068359375,79.10209655761719,138.70370483398438,114.6166000366211
248.98770141601562,79.52529907226562,140.9969940185547,115.5624008178711
249.3083953857422,79.82630157470703,140.35659790039062,117.497802734375
249.00709533691406,80.29840087890625,141.03700256347656,117.46299743652344
248.91969299316406,81.54789733886719,140.8240966796875,116.51349639892578
248.56629943847656,82.71939849853516,141.64169311523438,116.59829711914062
249.07009887695312,82.17440032958984,138.95289611816406,116.6178970336914
248.17880249023438,81.92919921875,139.89959716796875,118.2759017944336
248.44720458984375,81.57939910888672,140.1616973876953,118.43370056152344
248.26800537109375,82.0438003540039,140.34719848632812,118.48870086669922
249.59280395507812,82.18389892578125,140.22650146484375,119.14959716796875
248.24099731445312,83.1050033569336,140.9403076171875,117.2686996459961
248.9770050048828,82.90989685058594,140.43370056152344,118.60179901123047
248.94700622558594,82.90550231933594,139.25999450683594,118.20140075683594
248.58670043945312,82.9623031616211,140.36309814453125,119.18280029296875
249.66720581054688,83.01419830322266,139.11940002441406,118.50450134277344
250.01119995117188,83.0613021850586,139.63180541992188,120.02770233154297
249.19009399414062,84.02980041503906,139.981201171875,118.95580291748047
248.87420654296875,85.1989974975586,139.98159790039062,117.70649719238281
248.86709594726562,85.84030151367188,139.73480224609375,117.79509735107422
249.02450561523438,84.65260314941406,140.19850158691406,118.22139739990234
248.26429748535156,85.70269775390625,139.84390258789062,117.81420135498047
249.50230407714844,86.15899658203125,137.51510620117188,115.55850219726562
249.07569885253906,85.46939849853516,137.6197052001953,117.77519989013672
248.9156951904297,86.16130065917969,136.5343017578125,116.18589782714844
248.34669494628906,84.76679992675781,137.4792938232422,117.70480346679688
247.25180053710938,85.55870056152344,137.15750122070312,116.9552001953125
246.53729248046875,83.70040130615234,137.939697265625,117.41130065917969
244.0885009765625,86.61430358886719,138.39199829101562,115.7854995727539
243.01739501953125,84.64929962158203,138.80130004882812,115.38009643554688
242.46229553222656,85.96179962158203,137.05389404296875,114.28309631347656
241.31149291992188,85.07749938964844,137.63479614257812,113.50869750976562
240.43260192871094,87.4905014038086,136.60589599609375,111.08869934082031
238.101806640625,85.97989654541016,135.752197265625,112.1083984375
235.8144989013672,86.16609954833984,136.27169799804688,111.29940032958984
234.789794921875,86.93299865722656,136.12620544433594,110.98639678955078
231.76409912109375,86.28179931640625,136.76780700683594,110.54000091552734
230.60069274902344,85.55549621582031,136.03050231933594,110.73729705810547
229.5583038330078,85.68119812011719,135.92039489746094,109.9977035522461
227.656494140625,84.60050201416016,134.60450744628906,109.87120056152344
226.3166961669922,85.4916000366211,134.75250244140625,110.7041015625
224.9055938720703,85.53340148925781,133.55990600585938,109.94010162353516
223.24139404296875,84.23280334472656,133.3809051513672,111.7030029296875
221.86590576171875,85.21929931640625,132.70790100097656,109.9219970703125
219.9031982421875,86.37300109863281,134.5778045654297,108.5427017211914
219.4700927734375,82.85749816894531,132.8856964111328,111.31659698486328
217.81790161132812,83.1270980834961,133.27099609375,109.7520980834961
215.73519897460938,83.63249969482422,134.37249755859375,108.29850006103516
215.03439331054688,85.71810150146484,131.53990173339844,107.1865005493164
214.12060546875,82.44930267333984,131.9799041748047,109.40619659423828
212.41549682617188,83.49590301513672,130.8979949951172,108.75900268554688
210.29859924316406,81.68199920654297,132.16690063476562,110.46620178222656
209.7821044921875,83.71810150146484,130.38900756835938,108.74559783935547
210.00379943847656,81.51249694824219,130.96209716796875,110.11180114746094
208.47669982910156,84.0614013671875,129.99769592285156,109.2698974609375
207.7277069091797,82.14929962158203,131.40370178222656,110.23419952392578
208.8238067626953,84.11689758300781,129.8715057373047,109.5385971069336
207.70970153808594,81.77159881591797,129.2436065673828,110.87110137939453
206.12530517578125,85.52890014648438,129.89129638671875,108.01709747314453
206.10409545898438,82.67539978027344,129.33580017089844,109.17500305175781
203.99220275878906,86.57360076904297,130.80340576171875,108.24649810791016
204.8188934326172,82.72429656982422,129.41929626464844,110.30680084228516
203.4738006591797,85.77549743652344,128.6804962158203,108.05110168457031
201.82620239257812,83.56950378417969,130.4373016357422,109.79889678955078
201.014404296875,86.85559844970703,130.49440002441406,108.97949981689453
200.52239990234375,84.80159759521484,130.1584014892578,110.13469696044922
199.42930603027344,86.31060028076172,129.8592987060547,110.82649993896484
198.88720703125,83.87590026855469,130.1439971923828,112.24649810791016
196.8466033935547,87.1947021484375,129.24270629882812,111.28800201416016
196.173095703125,85.01280212402344,130.49380493164062,110.76969909667969
195.23809814453125,86.71119689941406,130.3105926513672,111.42269897460938
194.2178955078125,87.85919952392578,131.35240173339844,110.1321029663086
192.87939453125,86.81310272216797,129.97650146484375,110.38130187988281
191.8050994873047,88.1604995727539,128.83729553222656,110.98040008544922
189.91729736328125,88.76029968261719,130.89309692382812,109.07389831542969
188.97889709472656,90.67350006103516,131.4727020263672,108.47460174560547
186.8365020751953,87.92060089111328,132.2655029296875,109.73629760742188
187.08349609375,89.61849975585938,130.42269897460938,109.61620330810547
184.9156036376953,89.08910369873047,132.8489990234375,109.65560150146484
183.7425994873047,90.81710052490234,133.22560119628906,109.0176010131836
184.1479034423828,89.10590362548828,133.3350067138672,109.48690032958984
183.27969360351562,90.59970092773438,131.97850036621094,108.2781982421875
181.72830200195312,91.02020263671875,133.37770080566406,108.29149627685547
181.08140563964844,90.58699798583984,133.85560607910156,107.49330139160156
180.59120178222656,91.7802963256836,132.3928985595703,109.20549774169922
180.210693359375,91.00569915771484,133.6280975341797,106.0531997680664
179.7696990966797,91.3218002319336,132.2183074951172,107.6718978881836
178.99049377441406,90.5291976928711,133.4438018798828,109.01799774169922
178.70269775390625,89.76629638671875,133.2248992919922,109.92839813232422
177.56089782714844,90.18579864501953,133.12510681152344,108.33999633789062
177.1002960205078,89.90229797363281,133.30140686035156,110.53500366210938
178.32809448242188,90.36080169677734,130.64199829101562,107.59439849853516
178.1638946533203,90.29759979248047,133.38710021972656,108.34819793701172
178.1038055419922,90.8375015258789,131.61819458007812,108.10749816894531
177.8385009765625,91.2936019897461,131.81129455566406,107.97640228271484
176.70970153808594,92.35310363769531,133.4571990966797,107.53690338134766
178.44970703125,92.3156967163086,132.91400146484375,106.54640197753906
177.2819061279297,92.68789672851562,131.9387969970703,106.12640380859375
178.21180725097656,93.15070343017578,132.93899536132812,105.4104995727539
177.1916046142578,93.09300231933594,131.52810668945312,102.52189636230469
177.90480041503906,94.23670196533203,132.46060180664062,100.90260314941406
177.25559997558594,94.85649871826172,133.36000061035156,102.0177993774414
177.60789489746094,95.66069793701172,133.9114990234375,102.85489654541016
175.9622039794922,95.66310119628906,132.59060668945312,102.4927978515625
176.28329467773438,96.10780334472656,133.46600341796875,101.30339813232422
176.0467987060547,96.34860229492188,133.76539611816406,101.45240020751953
175.8887939453125,96.92359924316406,134.11920166015625,99.11759948730469
176.44679260253906,98.26069641113281,133.05250549316406,98.44519805908203
176.92860412597656,99.07019805908203,131.085205078125,97.94059753417969
177.15750122070312,98.1852035522461,131.97520446777344,97.68190002441406
176.1656036376953,98.61990356445312,132.0933074951172,96.78489685058594
176.0522003173828,97.7052993774414,132.43820190429688,96.88379669189453
176.8000946044922,99.93340301513672,131.81979370117188,94.96410369873047
175.9658966064453,99.75559997558594,132.0688018798828,95.81719970703125
175.61790466308594,99.14700317382812,132.5196075439453,95.46440124511719
175.51719665527344,100.14089965820312,132.56959533691406,94.84619903564453
175.63999938964844,100.44290161132812,131.06759643554688,93.43609619140625
175.10260009765625,100.30699920654297,131.27940368652344,94.33940124511719
174.16079711914062,101.2145004272461,131.88229370117188,94.49449920654297
173.10580444335938,100.78520202636719,131.5948028564453,93.3197021484375
173.7554931640625,101.34320068359375,130.88999938964844,94.05259704589844
173.8704071044922,101.4645004272461,130.87530517578125,92.87960052490234
173.48129272460938,101.4551010131836,131.51849365234375,93.72370147705078
172.75360107421875,101.14420318603516,131.73890686035156,91.85369873046875
172.68670654296875,101.56739807128906,131.86729431152344,91.9083023071289
173.1334991455078,102.40280151367188,131.51080322265625,92.12319946289062
173.28770446777344,102.8406982421875,130.73219299316406,91.6781005859375
172.72140502929688,103.02519989013672,130.4622039794922,90.09310150146484
172.92210388183594,103.6353988647461,130.59519958496094,91.93209838867188
172.4821014404297,104.41919708251953,130.08839416503906,89.50389862060547
171.87010192871094,104.60700225830078,130.2864990234375,90.03919982910156
172.5196075439453,104.2416000366211,129.7982940673828,88.30159759521484
171.85369873046875,105.26959991455078,131.36520385742188,88.76629638671875
171.19400024414062,105.54959869384766,129.64840698242188,87.03780364990234
171.33349609375,106.13099670410156,132.85440063476562,87.78810119628906
171.20480346679688,107.00559997558594,129.0482940673828,86.02519989013672
171.22329711914062,107.44100189208984,131.2064971923828,86.3479995727539
171.39759826660156,107.42350006103516,129.80870056152344,85.3373031616211
170.96719360351562,108.11029815673828,131.11729431152344,85.38829803466797
170.41619873046875,109.16339874267578,130.45689392089844,83.75070190429688
170.4680938720703,110.3302001953125,131.72940063476562,81.83889770507812
170.6116943359375,110.94830322265625,130.585693359375,83.14929962158203
169.3892059326172,111.39019775390625,130.0341033935547,80.57479858398438
169.67449951171875,111.63749694824219,127.73090362548828,80.4114990234375
167.1732940673828,111.90229797363281,128.50379943847656,80.16320037841797
167.6909942626953,112.92630004882812,124.57060241699219,78.12660217285156
167.72479248046875,114.4011001586914,127.9197006225586,79.793701171875
167.97869873046875,113.2384033203125,126.97699737548828,78.58570098876953
166.88999938964844,115.55660247802734,125.70259857177734,75.36360168457031
165.7082977294922,116.64450073242188,129.70770263671875,77.32820129394531
166.28909301757812,116.55580139160156,128.14439392089844,75.58609771728516
165.24119567871094,117.8727035522461,129.46449279785156,74.26460266113281
166.8603057861328,116.908203125,127.94969940185547,73.66490173339844
164.4394073486328,118.82170104980469,129.71029663085938,74.83360290527344
165.24920654296875,118.35870361328125,128.12249755859375,73.81759643554688
165.3560028076172,119.2061996459961,130.64830017089844,73.01920318603516
164.66729736328125,121.3750991821289,128.985595703125,71.84380340576172
164.6562957763672,123.73139953613281,129.72149658203125,69.00530242919922
165.0522003173828,122.87529754638672,128.31239318847656,69.42870330810547
164.84449768066406,122.57939910888672,129.9447021484375,70.22049713134766
164.19740295410156,124.34410095214844,131.0657958984375,69.46649932861328
165.05990600585938,125.65409851074219,127.95760345458984,67.22059631347656
163.99349975585938,125.40249633789062,130.26210021972656,67.46080017089844
164.38949584960938,126.1865005493164,130.31700134277344,67.8644027709961
164.62669372558594,127.71009826660156,129.14920043945312,67.00469970703125
163.9573974609375,128.52940368652344,129.21319580078125,65.67849731445312
164.5124969482422,129.23959350585938,129.55050659179688,65.13480377197266
163.21600341796875,128.9680938720703,130.20880126953125,65.40399932861328
163.82229614257812,130.21229553222656,127.87259674072266,63.477699279785156
163.5666961669922,129.42820739746094,129.96820068359375,65.29530334472656
163.13409423828125,130.38670349121094,127.33149719238281,63.591400146484375
163.83859252929688,127.98789978027344,129.87049865722656,66.64600372314453
164.5225067138672,129.25250244140625,130.01409912109375,64.46829986572266
163.4987030029297,128.5673065185547,130.34840393066406,66.72579956054688
163.59210205078125,128.3251953125,130.2373046875,66.93379974365234
163.82220458984375,128.09300231933594,129.9311065673828,66.78130340576172
164.472900390625,126.8552017211914,128.19580078125,68.4729995727539
164.739501953125,126.64199829101562,128.26690673828125,68.26509857177734
165.39239501953125,128.05580139160156,128.2606964111328,66.8031005859375
164.07760620117188,127.91940307617188,128.98370361328125,67.48770141601562
163.747802734375,128.47219848632812,128.68429565429688,66.49600219726562
163.99569702148438,129.1829071044922,128.50120544433594,66.39070129394531
164.50559997558594,129.35260009765625,128.1199951171875,66.29989624023438
163.18170166015625,128.5355987548828,129.6820068359375,66.92780303955078
164.70309448242188,128.75039672851562,127.62110137939453,66.8958969116211
163.02659606933594,127.82659912109375,129.1322021484375,68.01100158691406
165.3623046875,128.1851043701172,126.98809814453125,67.91459655761719
163.91819763183594,126.01740264892578,127.94650268554688,70.29350280761719
164.7144012451172,125.82720184326172,126.86229705810547,70.95580291748047
164.83990478515625,125.79759979248047,127.02130126953125,70.90129852294922
165.23550415039062,124.8750991821289,126.63600158691406,71.67649841308594
165.4427032470703,124.10700225830078,124.7739028930664,71.11969757080078
167.2386932373047,123.9303970336914,123.92070007324219,70.77429962158203
166.2884979248047,121.57420349121094,124.05010223388672,72.38009643554688
167.33580017089844,123.21209716796875,122.87439727783203,69.25749969482422
166.3782958984375,122.07890319824219,125.15080261230469,71.23880004882812
167.5052032470703,122.06759643554688,122.68379974365234,69.8927993774414
167.1540985107422,117.60919952392578,124.23889923095703,74.67849731445312
167.08580017089844,123.11219787597656,125.12789916992188,67.91510009765625
168.0467987060547,117.81710052490234,122.56120300292969,73.06950378417969
167.58299255371094,121.14289855957031,124.12049865722656,69.37319946289062
167.6051025390625,119.95259857177734,124.69640350341797,71.2666015625
168.82150268554688,118.45349884033203,123.62550354003906,71.83889770507812
168.87469482421875,118.36109924316406,123.93360137939453,71.12529754638672
169.03860473632812,116.96839904785156,123.48529815673828,72.85420227050781
169.57980346679688,116.10299682617188,123.08200073242188,74.7500991821289
170.18150329589844,115.51360321044922,122.93299865722656,74.89990234375
170.17950439453125,115.63569641113281,123.80580139160156,74.72799682617188
168.98240661621094,116.25279998779297,125.73390197753906,74.28500366210938
170.56390380859375,115.91739654541016,124.72810363769531,73.93479919433594
171.09860229492188,116.77230072021484,125.5271987915039,73.28790283203125
169.90350341796875,116.53520202636719,126.6343994140625,73.40229797363281
170.9803009033203,117.11740112304688,126.29630279541016,72.92289733886719
171.57949829101562,116.4656982421875,125.12930297851562,72.44129943847656
171.2425994873047,116.90350341796875,125.87740325927734,70.9885025024414
171.14019775390625,117.09390258789062,126.50779724121094,70.7396011352539
171.84449768066406,117.36669921875,126.45140075683594,69.79570007324219
172.06680297851562,118.4844970703125,127.07350158691406,68.83589935302734
171.9586944580078,119.06919860839844,127.79810333251953,68.21119689941406
172.139404296875,119.13610076904297,127.99729919433594,68.35269927978516
173.8000030517578,119.20259857177734,127.03060150146484,67.49810028076172
175.5413055419922,119.38500213623047,125.12799835205078,66.62409973144531
176.4375,119.16400146484375,125.73280334472656,66.1906967163086
174.95840454101562,118.4489974975586,126.87950134277344,66.5813980102539
177.00840759277344,119.05850219726562,125.12680053710938,66.34010314941406
175.1381072998047,119.09369659423828,127.48480224609375,65.7864990234375
176.6627960205078,119.49009704589844,125.4844970703125,66.78610229492188
173.42759704589844,118.76570129394531,129.41650390625,66.48570251464844
175.64720153808594,119.06880187988281,125.53469848632812,66.51180267333984
172.28309631347656,119.33760070800781,129.61819458007812,66.8676986694336
170.15220642089844,118.92379760742188,132.08099365234375,67.58740234375
168.02049255371094,117.42009735107422,133.72349548339844,68.45069885253906
168.8470001220703,117.69090270996094,131.58639526367188,70.02760314941406
167.53810119628906,117.6144027709961,132.12460327148438,69.5
168.3072967529297,118.16400146484375,130.0926055908203,69.60279846191406
166.5941925048828,118.318603515625,131.08709716796875,69.5708999633789
166.33309936523438,118.12429809570312,129.88600158691406,70.58399963378906
165.15769958496094,118.33899688720703,131.64540100097656,70.322998046875
165.75729370117188,118.51419830322266,130.06759643554688,69.82959747314453
164.26780700683594,118.94159698486328,132.75250244140625,68.3125991821289
163.4976043701172,117.97129821777344,132.98150634765625,69.47010040283203
161.9176025390625,118.7417984008789,136.05999755859375,68.84629821777344
160.38079833984375,119.37149810791016,131.6811065673828,68.60340118408203
159.06239318847656,118.11759948730469,132.65060424804688,69.84919738769531
159.1134033203125,119.4188003540039,133.62879943847656,68.76699829101562
156.67030334472656,118.25579833984375,135.0355987548828,69.73470306396484
155.52830505371094,118.82669830322266,135.6331024169922,68.8550033569336
154.3972930908203,119.56520080566406,136.154296875,69.47329711914062
155.5384979248047,119.24970245361328,133.25010681152344,69.49240112304688
152.2998046875,119.12699890136719,136.6522979736328,69.72360229492188
152.52000427246094,118.96710205078125,133.1741943359375,71.21859741210938
151.5413055419922,118.03070068359375,133.43479919433594,71.40699768066406
148.3625946044922,118.77970123291016,135.5762939453125,70.956298828125
148.3419952392578,118.85820007324219,133.21209716796875,69.84539794921875
148.11940002441406,118.90260314941406,130.98849487304688,70.31120300292969
146.88079833984375,119.8563003540039,130.9604949951172,68.7197036743164
146.1717071533203,119.86519622802734,131.60260009765625,69.1260986328125
145.44639587402344,120.01699829101562,130.7779998779297,69.33599853515625
145.42770385742188,120.99749755859375,129.4477996826172,68.20549774169922
143.74729919433594,122.30139923095703,129.72869873046875,66.80879974365234
143.3477020263672,122.47200012207031,129.727294921875,67.0604019165039
142.7288055419922,122.68730163574219,128.7751007080078,67.40660095214844
141.05560302734375,122.43949890136719,129.32069396972656,67.58699798583984
141.06700134277344,122.9791030883789,128.14309692382812,67.77210235595703
139.6634979248047,123.25299835205078,129.45480346679688,68.4813003540039
140.34539794921875,122.65019989013672,127.84040069580078,69.10759735107422
140.0106964111328,122.85759735107422,128.3804931640625,69.61519622802734
138.6555938720703,123.05680084228516,128.19149780273438,70.3364028930664
138.80320739746094,122.72049713134766,126.68009948730469,71.03079986572266
138.906494140625,123.36360168457031,126.25879669189453,70.83499908447266
136.6278076171875,124.71160125732422,127.68329620361328,71.06099700927734
138.47830200195312,123.74459838867188,123.91320037841797,73.01580047607422
137.51629638671875,125.15869903564453,124.09210205078125,71.5824966430664
136.33070373535156,126.71189880371094,124.97160339355469,71.79190063476562
136.90150451660156,127.27680206298828,122.61019897460938,72.20259857177734
135.7819061279297,127.96869659423828,124.27790069580078,71.70020294189453
135.4680938720703,128.06900024414062,124.39080047607422,72.69940185546875
135.04649353027344,130.14059448242188,124.3207015991211,71.09600067138672
133.093505859375,130.90069580078125,124.7885971069336,71.62020111083984
133.7467041015625,132.36050415039062,124.16069793701172,70.68280029296875
133.34719848632812,132.72329711914062,124.54319763183594,71.8718032836914
133.4449005126953,134.7550048828125,123.7208023071289,71.04900360107422
132.05580139160156,134.50390625,123.91519927978516,73.1427001953125
132.25030517578125,137.20339965820312,120.73670196533203,71.74490356445312
133.42709350585938,139.60020446777344,119.4384994506836,71.72239685058594
131.73899841308594,141.1367950439453,119.5261001586914,72.40180206298828
132.35989379882812,142.1490020751953,117.43920135498047,73.043701171875
131.58880615234375,137.88229370117188,115.18509674072266,73.83779907226562
116.44930267333984,101.52189636230469,195.73109436035156,131.4987030029297
124.56159973144531,144.5373992919922,122.69339752197266,78.30359649658203
128.3511962890625,135.9376983642578,115.46900177001953,86.74089813232422
119.0885009765625,106.3781967163086,179.28419494628906,127.51190185546875
123.52439880371094,145.9709930419922,104.75260162353516,76.78230285644531
128.72540283203125,149.70480346679688,120.97000122070312,85.8134994506836
126.57460021972656,145.51220703125,126.00409698486328,89.29139709472656
126.20249938964844,135.2086944580078,119.77239990234375,87.26419830322266
120.8604965209961,143.3325958251953,122.12940216064453,99.32150268554688
129.7736053466797,162.32870483398438,121.09049987792969,78.97720336914062
120.83589935302734,160.66650390625,123.17449951171875,81.60310363769531
125.14450073242188,161.34979248046875,118.33439636230469,81.78160095214844
126.95929718017578,164.71470642089844,116.67459869384766,78.4457015991211
123.32170104980469,151.4434051513672,118.39579772949219,91.27149963378906
127.38310241699219,160.39100646972656,119.56490325927734,73.16560363769531
136.1875,171.63059997558594,114.381103515625,58.480899810791016
123.59359741210938,139.37510681152344,119.19940185546875,83.9885025024414
120.63960266113281,154.9326934814453,123.4926986694336,91.30139923095703
125.12079620361328,170.635498046875,120.52249908447266,72.41339874267578
117.52529907226562,152.5373992919922,130.01730346679688,89.82749938964844
92.39929962158203,103.681396484375,245.97219848632812,165.09910583496094
136.54200744628906,136.08070373535156,117.86009979248047,83.87570190429688
315.0806884765625,184.69180297851562,79.11479949951172,50.52109909057617
321.6564025878906,188.2406005859375,103.10479736328125,55.054100036621094
318.1333923339844,185.3636932373047,104.86170196533203,55.78689956665039
316.7773132324219,186.29949951171875,107.03489685058594,52.89789962768555
315.497802734375,185.9268035888672,107.48829650878906,55.74190139770508
314.5286865234375,185.24310302734375,108.64929962158203,55.93960189819336
314.4305114746094,185.5670928955078,107.19960021972656,55.69919967651367
311.8548889160156,186.7292938232422,111.85030364990234,55.231300354003906
311.1510925292969,187.73330688476562,112.68479919433594,54.474300384521484
315.9939880371094,188.25860595703125,107.67849731445312,54.72010040283203
325.1972961425781,186.05430603027344,97.06610107421875,54.9724006652832
319.3117980957031,185.2924041748047,104.08200073242188,52.32640075683594
320.0934143066406,189.38099670410156,104.19650268554688,52.417198181152344
329.37811279296875,183.76510620117188,92.0261001586914,56.55099868774414
322.38519287109375,185.89340209960938,101.64600372314453,49.74140167236328
324.7828063964844,192.031494140625,99.72550201416016,50.28099822998047
325.7406921386719,185.9658966064453,94.23799896240234,59.98749923706055
338.2132873535156,186.28199768066406,83.72769927978516,57.94609832763672
333.1252136230469,190.6616973876953,88.3384017944336,53.44029998779297
326.7976989746094,187.1593017578125,94.3572998046875,54.7494010925293
323.8931884765625,194.13450622558594,60.487098693847656,48.47840118408203
309.59130859375,194.74209594726562,113.46739959716797,40.6072998046875
320.751708984375,191.6414031982422,97.70259857177734,50.9390983581543
312.77679443359375,199.9582977294922,86.09719848632812,43.096099853515625
308.3669128417969,193.7418975830078,110.19450378417969,43.962501525878906
309.8572082519531,184.48399353027344,106.72830200195312,63.39889907836914
316.7124938964844,197.7799072265625,62.73569869995117,40.27939987182617
307.84979248046875,185.59609985351562,107.32980346679688,54.516998291015625
309.7981872558594,185.0294952392578,75.98429870605469,43.83649826049805
311.822998046875,185.2646942138672,81.31999969482422,30.186199188232422
308.877197265625,181.68350219726562,122.05780029296875,58.37030029296875
317.04278564453125,190.64340209960938,75.14550018310547,47.51570129394531
308.215087890625,184.10940551757812,91.57360076904297,41.83639907836914
311.064697265625,188.47979736328125,96.806396484375,54.16450119018555
310.6228942871094,185.1060028076172,94.8916015625,55.02909851074219
309.5133056640625,184.4857940673828,93.9645004272461,56.436500549316406
