1
229.00430297851562,189.2823944091797,51.86109924316406,101.4104995727539
228.99339294433594,190.08070373535156,52.10540008544922,103.18199920654297
228.31109619140625,189.3737030029297,52.606300354003906,102.4386978149414
227.7342987060547,189.206298828125,52.989601135253906,102.66609954833984
227.68380737304688,189.3719024658203,52.9109992980957,102.32550048828125
227.99899291992188,189.6425018310547,52.575199127197266,102.33830261230469
228.39649963378906,189.41299438476562,52.23139953613281,102.63240051269531
228.5312042236328,189.9925994873047,51.631099700927734,101.67489624023438
229.210693359375,189.47129821777344,51.82529830932617,101.78900146484375
228.3426055908203,189.39419555664062,52.19820022583008,102.3478012084961
228.99989318847656,190.03089904785156,51.394500732421875,101.7240982055664
228.50950622558594,189.15719604492188,52.182498931884766,102.81919860839844
229.0731964111328,189.73989868164062,51.51919937133789,102.19999694824219
228.4552001953125,189.88040161132812,52.294498443603516,102.74739837646484
227.92649841308594,189.70950317382812,52.67570114135742,102.52100372314453
228.8520965576172,189.29820251464844,51.613800048828125,102.57579803466797
228.39010620117188,188.83590698242188,51.92399978637695,102.4281005859375
229.29510498046875,189.47630310058594,51.09149932861328,102.6968994140625
228.35580444335938,189.4197998046875,52.20830154418945,102.63510131835938
228.81410217285156,189.43130493164062,51.38199996948242,103.0447998046875
228.3892059326172,189.39019775390625,51.651798248291016,102.32209777832031
228.49960327148438,189.1385955810547,51.58890151977539,102.5792007446289
228.64959716796875,189.44590759277344,51.51850128173828,102.99749755859375
229.01210021972656,188.96249389648438,51.64059829711914,103.46769714355469
229.1636962890625,189.85479736328125,51.716800689697266,102.62870025634766
228.5155029296875,189.497802734375,52.35029983520508,102.90730285644531
227.4490966796875,190.10459899902344,53.0181999206543,101.9385986328125
228.03030395507812,189.36570739746094,52.59880065917969,102.26300048828125
228.71189880371094,190.0605010986328,51.49850082397461,102.11119842529297
228.41400146484375,189.00900268554688,51.88249969482422,102.50689697265625
229.26930236816406,190.38169860839844,51.13520050048828,102.39700317382812
228.92320251464844,189.2613983154297,51.6151008605957,101.67859649658203
228.97760009765625,190.53799438476562,51.47019958496094,101.6572036743164
228.84739685058594,190.2718048095703,51.620399475097656,101.98580169677734
229.3966064453125,189.4669952392578,50.924598693847656,102.22530364990234
228.343505859375,190.01980590820312,52.4031982421875,102.52290344238281
227.57330322265625,190.52349853515625,53.11249923706055,101.96279907226562
228.01800537109375,189.9626007080078,52.5453987121582,102.06169891357422
228.2489013671875,190.76089477539062,52.28820037841797,101.61640167236328
227.92039489746094,189.36419677734375,53.19409942626953,101.78479766845703
227.8699951171875,189.9835968017578,53.19110107421875,101.28970336914062
228.13780212402344,189.39540100097656,52.73109817504883,102.49690246582031
227.73080444335938,190.6226043701172,53.26020050048828,101.68789672851562
228.0966033935547,189.82969665527344,52.76319885253906,102.24759674072266
227.84620666503906,189.8408966064453,52.874000549316406,102.15190124511719
227.52349853515625,189.9470977783203,53.197200775146484,101.99929809570312
227.79269409179688,190.9416961669922,52.90959930419922,100.95429992675781
227.8054962158203,189.6802978515625,52.86709976196289,102.09269714355469
227.93670654296875,189.42599487304688,52.98609924316406,102.35710144042969
228.0218963623047,190.18260192871094,53.26020050048828,101.83370208740234
227.71749877929688,189.81500244140625,53.70349884033203,102.07530212402344
227.44920349121094,190.4344024658203,53.33869934082031,101.41539764404297
227.12420654296875,189.39410400390625,53.331199645996094,102.04650115966797
227.58299255371094,190.69009399414062,53.902000427246094,101.39820098876953
227.58619689941406,190.10580444335938,54.036399841308594,102.43479919433594
227.2154998779297,193.2259979248047,53.99810028076172,98.35030364990234
228.25770568847656,190.28990173339844,56.85599899291992,101.18939971923828
231.7436981201172,177.27490234375,59.57889938354492,104.45649719238281
231.92759704589844,175.70140075683594,57.5359001159668,99.67030334472656
232.23699951171875,177.5836944580078,55.49290084838867,101.32939910888672
227.4405975341797,183.6844024658203,52.913299560546875,102.67859649658203
227.82009887695312,186.38290405273438,51.944000244140625,100.2427978515625
226.38819885253906,190.68870544433594,50.384498596191406,97.05500030517578
225.05880737304688,192.60769653320312,50.216400146484375,94.6364974975586
225.59300231933594,177.71470642089844,57.480499267578125,104.10929870605469
229.764404296875,181.03550720214844,55.095699310302734,97.56539916992188
227.91940307617188,177.7772979736328,55.16809844970703,92.00199890136719
227.739501953125,178.50010681152344,53.656700134277344,91.8489990234375
222.30960083007812,182.88290405273438,48.908199310302734,95.74490356445312
219.701904296875,189.94920349121094,47.7755012512207,92.22720336914062
219.9499969482422,192.3903045654297,47.44139862060547,90.62650299072266
219.0928955078125,188.7574005126953,45.76350021362305,92.37689971923828
220.70339965820312,191.0980987548828,49.19670104980469,91.45390319824219
223.27780151367188,178.3739013671875,52.10150146484375,95.6405029296875
225.28720092773438,177.45399475097656,50.08259963989258,90.35549926757812
225.05630493164062,179.1748046875,48.11309814453125,88.61139678955078
224.2353973388672,181.16810607910156,48.144100189208984,90.01020050048828
222.814697265625,189.62319946289062,45.69179916381836,88.07420349121094
219.32130432128906,193.8188018798828,43.51340103149414,85.14939880371094
219.32510375976562,195.0063934326172,44.34659957885742,84.7957992553711
137.8614959716797,144.21800231933594,67.7490005493164,139.0054931640625
148.73980712890625,157.81829833984375,110.3917007446289,129.11529541015625
235.85360717773438,183.12579345703125,49.06420135498047,81.41449737548828
233.12339782714844,182.81219482421875,51.56589889526367,79.30719757080078
232.14830017089844,186.70120239257812,49.28350067138672,78.38990020751953
232.13040161132812,188.00430297851562,48.26639938354492,78.7155990600586
228.32699584960938,193.02049255371094,42.77830123901367,78.6072998046875
226.52049255371094,194.47189331054688,39.76350021362305,79.50859832763672
226.18789672851562,193.4936981201172,40.23870086669922,79.91539764404297
226.16310119628906,194.6562042236328,38.86859893798828,79.79070281982422
225.78750610351562,193.93209838867188,40.203399658203125,80.63760375976562
225.5637969970703,194.6580047607422,39.922698974609375,80.06069946289062
226.0478973388672,194.84219360351562,39.736900329589844,80.16449737548828
225.32859802246094,194.91140747070312,39.70650100708008,79.62799835205078
225.1728057861328,195.10240173339844,39.432098388671875,79.72669982910156
225.4564971923828,195.5072021484375,38.83549880981445,79.35590362548828
224.8887939453125,193.8966064453125,39.331298828125,80.14759826660156
224.35479736328125,195.131103515625,39.15660095214844,79.82430267333984
224.0948028564453,194.26739501953125,38.915000915527344,80.21849822998047
224.02139282226562,195.2949981689453,38.615501403808594,79.15399932861328
224.2342987060547,193.93359375,39.6796989440918,80.5302963256836
223.7165985107422,194.02609252929688,39.452999114990234,80.06289672851562
223.851806640625,193.48019409179688,39.81589889526367,80.65010070800781
224.70840454101562,195.13839721679688,39.019798278808594,79.63639831542969
223.2969970703125,194.59689331054688,40.306800842285156,79.6405029296875
224.86180114746094,194.60580444335938,42.01430130004883,80.643798828125
226.00689697265625,195.0290069580078,41.24169921875,80.23670196533203
228.95179748535156,193.67970275878906,40.83300018310547,80.47540283203125
230.14300537109375,194.1562042236328,39.43220138549805,79.69889831542969
229.26690673828125,193.7194061279297,40.80220031738281,80.0009994506836
229.44850158691406,194.92889404296875,38.99879837036133,79.24430084228516
227.53399658203125,193.82369995117188,36.15909957885742,80.15599822998047
226.35789489746094,194.22329711914062,35.184898376464844,79.88259887695312
221.54539489746094,193.55140686035156,36.30139923095703,79.34839630126953
221.5579071044922,194.05050659179688,33.81829833984375,78.54609680175781
136.75770568847656,150.44259643554688,54.1702995300293,126.88770294189453
129.78619384765625,146.5778045654297,61.527099609375,123.8125
126.10140228271484,145.3594970703125,64.30799865722656,125.33090209960938
134.37440490722656,145.625,61.36240005493164,126.83110046386719
132.5572052001953,147.07040405273438,61.10049819946289,125.20459747314453
135.7541046142578,151.17449951171875,60.3130989074707,126.10579681396484
133.1407928466797,152.54449462890625,62.11199951171875,124.01599884033203
133.44729614257812,152.48280334472656,60.724700927734375,124.49600219726562
131.5697021484375,153.3343963623047,61.21160125732422,123.81189727783203
129.83509826660156,147.9694061279297,63.60150146484375,126.87069702148438
134.33560180664062,145.49290466308594,58.73889923095703,118.82420349121094
134.4528045654297,144.86599731445312,60.204200744628906,118.49590301513672
135.82530212402344,148.46119689941406,58.45399856567383,119.89800262451172
131.8419952392578,148.106201171875,62.44329833984375,122.0813980102539
135.9091033935547,154.7635040283203,60.90449905395508,119.67630004882812
133.03309631347656,153.9084014892578,64.1281967163086,119.60929870605469
131.6697998046875,152.82989501953125,60.94089889526367,119.10140228271484
133.5084991455078,149.16639709472656,58.81169891357422,119.15440368652344
134.14979553222656,147.94090270996094,59.5702018737793,114.37370300292969
138.21290588378906,151.247802734375,56.43080139160156,115.41729736328125
134.91000366210938,153.4259033203125,58.96379852294922,115.50420379638672
135.02920532226562,155.4199981689453,58.169898986816406,114.84239959716797
132.6575927734375,156.4582061767578,60.4994010925293,114.52760314941406
132.4915008544922,159.02789306640625,60.23569869995117,111.54540252685547
132.58120727539062,157.90499877929688,59.37699890136719,111.9447021484375
131.87640380859375,154.21929931640625,58.71139907836914,111.439697265625
132.96319580078125,153.3695068359375,58.2130012512207,111.12809753417969
133.36380004882812,156.45050048828125,56.242801666259766,110.63140106201172
132.83279418945312,159.2115936279297,59.67890167236328,107.3917007446289
132.7678985595703,160.57659912109375,56.30289840698242,107.42440032958984
132.71400451660156,160.8115997314453,57.28630065917969,106.94309997558594
132.29989624023438,160.75860595703125,59.212398529052734,106.96920013427734
130.14300537109375,156.5865020751953,58.68429946899414,104.04309844970703
130.20069885253906,156.1479034423828,56.84170150756836,104.0270004272461
133.25059509277344,156.16769409179688,55.24549865722656,106.77739715576172
134.34970092773438,157.3538055419922,54.87799835205078,105.66400146484375
134.89149475097656,160.72979736328125,52.43360137939453,103.88050079345703
133.85980224609375,160.25439453125,52.12919998168945,104.84950256347656
127.87799835205078,161.2624969482422,63.531700134277344,104.94280242919922
129.4093017578125,160.73609924316406,63.694801330566406,104.7477035522461
128.08970642089844,161.0334930419922,66.27210235595703,104.00160217285156
132.66209411621094,159.25830078125,59.69540023803711,106.71900177001953
132.29229736328125,161.26280212402344,57.449798583984375,105.63800048828125
137.18980407714844,162.06300354003906,54.812400817871094,105.47760009765625
135.8271942138672,162.20150756835938,55.23099899291992,104.97899627685547
133.78570556640625,159.41749572753906,55.94940185546875,107.12660217285156
132.36050415039062,158.73809814453125,55.78459930419922,107.714599609375
132.59930419921875,159.50430297851562,54.47119903564453,107.19200134277344
132.84719848632812,159.7574005126953,53.497398376464844,106.24649810791016
133.15280151367188,160.27130126953125,52.96950149536133,106.29740142822266
133.69180297851562,160.38619995117188,53.78329849243164,105.71880340576172
132.43930053710938,161.26559448242188,53.46770095825195,105.35449981689453
131.9302978515625,160.51559448242188,54.23270034790039,104.97090148925781
132.01040649414062,160.15020751953125,53.02470016479492,104.06199645996094
132.89979553222656,159.6508026123047,52.53779983520508,105.44490051269531
133.1613006591797,160.43780517578125,52.90879821777344,105.16110229492188
131.93850708007812,160.14010620117188,54.377899169921875,103.63030242919922
131.59649658203125,160.16110229492188,54.4723014831543,106.63529968261719
132.43569946289062,160.5811004638672,53.82210159301758,104.57710266113281
133.0670928955078,159.92930603027344,52.32529830932617,105.19259643554688
133.1876983642578,160.58749389648438,52.60419845581055,105.0916976928711
133.17990112304688,160.18099975585938,54.02119827270508,104.36029815673828
132.4564971923828,158.12379455566406,53.82780075073242,107.51570129394531
132.28280639648438,161.76060485839844,54.3578987121582,103.93090057373047
132.4824981689453,161.39649963378906,55.11159896850586,103.05560302734375
133.46530151367188,161.59759521484375,54.615299224853516,102.93920135498047
132.22059631347656,159.3430938720703,53.31779861450195,105.70890045166016
134.5124053955078,157.15660095214844,52.77349853515625,107.20690155029297
133.61309814453125,154.29750061035156,52.57160186767578,108.4990005493164
132.67709350585938,154.20309448242188,54.44329833984375,108.45929718017578
130.81719970703125,158.531494140625,54.125099182128906,106.66259765625
131.9062957763672,157.78529357910156,51.41379928588867,107.00029754638672
128.7967987060547,158.42739868164062,53.541900634765625,106.31159973144531
128.74749755859375,159.18040466308594,51.77539825439453,106.02580261230469
125.29350280761719,154.6573028564453,53.425201416015625,109.60820007324219
123.0636978149414,153.7238006591797,52.84510040283203,109.02890014648438
117.41999816894531,155.65899658203125,53.73860168457031,106.95429992675781
112.6177978515625,157.78140258789062,54.705501556396484,105.8864974975586
112.97630310058594,157.93280029296875,51.95130157470703,105.65879821777344
111.37909698486328,159.65020751953125,53.769500732421875,104.86070251464844
109.64869689941406,158.20509338378906,53.196998596191406,106.84940338134766
109.20559692382812,153.0937957763672,52.61009979248047,107.90740203857422
105.86799621582031,154.22720336914062,54.7041015625,107.67880249023438
105.95590209960938,153.2480010986328,53.05830001831055,108.09459686279297
104.7260971069336,156.2425994873047,53.86199951171875,105.76860046386719
105.22470092773438,157.17880249023438,52.82360076904297,104.96430206298828
103.4260025024414,156.2187957763672,55.28969955444336,107.0979995727539
103.43930053710938,157.56570434570312,53.7400016784668,105.27970123291016
102.51229858398438,157.7209930419922,57.62139892578125,105.0188980102539
102.04100036621094,159.1981964111328,57.994998931884766,104.643798828125
102.81529998779297,157.46609497070312,57.32709884643555,106.32740020751953
103.71099853515625,159.43829345703125,55.635398864746094,104.568603515625
103.37100219726562,157.3137969970703,56.50490188598633,106.30680084228516
103.97010040283203,159.37879943847656,55.30500030517578,104.68699645996094
104.27510070800781,158.9844970703125,54.97930145263672,105.10749816894531
102.4738998413086,157.5166015625,57.52470016479492,105.16169738769531
101.8405990600586,158.17649841308594,57.93519973754883,105.60469818115234
102.88200378417969,159.43299865722656,56.42430114746094,105.98650360107422
103.06199645996094,158.99769592285156,58.52450180053711,106.377197265625
103.68509674072266,157.9781036376953,56.29240036010742,107.06079864501953
103.98269653320312,158.83859252929688,56.0359992980957,105.62200164794922
102.37830352783203,156.67430114746094,56.013099670410156,107.42530059814453
102.7394027709961,158.13259887695312,55.8224983215332,105.9269027709961
105.81169891357422,159.21710205078125,52.903900146484375,105.5635986328125
104.14289855957031,159.2100067138672,56.422401428222656,105.05760192871094
109.1333999633789,158.88609313964844,55.998600006103516,106.67130279541016
109.66220092773438,157.49929809570312,54.17290115356445,108.16500091552734
113.9104995727539,159.59300231933594,55.434898376464844,106.71029663085938
114.07959747314453,159.22940063476562,54.460201263427734,106.57649993896484
119.82520294189453,158.49920654296875,56.1416015625,107.99030303955078
123.8302993774414,159.92080688476562,51.42219924926758,106.65260314941406
127.43180084228516,160.92520141601562,57.014400482177734,103.92279815673828
128.9752960205078,161.30859375,57.52159881591797,103.35440063476562
135.12379455566406,161.5800018310547,56.14569854736328,102.94110107421875
135.01370239257812,160.64930725097656,54.85710144042969,102.86090087890625
135.48199462890625,161.27630615234375,56.5343017578125,101.90740203857422
134.9116973876953,162.3491973876953,56.67279815673828,101.24639892578125
137.23680114746094,162.18629455566406,54.40409851074219,101.85769653320312
136.2845001220703,162.05149841308594,56.40129852294922,101.65650177001953
135.1571044921875,162.72830200195312,58.826499938964844,100.8147964477539
133.70370483398438,161.37770080566406,60.63130187988281,101.78500366210938
135.5074005126953,162.31520080566406,60.030399322509766,101.48290252685547
135.7960968017578,162.5135040283203,59.247501373291016,100.625
135.6226043701172,162.6862030029297,58.222900390625,100.92829895019531
136.27049255371094,160.90310668945312,56.25400161743164,102.06430053710938
137.13600158691406,163.00990295410156,60.986698150634766,100.61399841308594
136.08380126953125,162.5487060546875,57.6682014465332,102.01180267333984
135.8843994140625,162.20889282226562,62.97460174560547,101.45890045166016
138.1262969970703,161.3876953125,55.7421989440918,101.68199920654297
135.21780395507812,162.05490112304688,61.68880081176758,101.88469696044922
137.82110595703125,162.23379516601562,56.15739822387695,101.0885009765625
136.19239807128906,161.01910400390625,60.89310073852539,102.26529693603516
135.26019287109375,162.6427001953125,58.838199615478516,100.69999694824219
222.92140197753906,194.59410095214844,36.2588996887207,80.91169738769531
222.9763946533203,194.35690307617188,37.419498443603516,81.0551986694336
222.30230712890625,195.9506072998047,38.53889846801758,81.13899993896484
218.08799743652344,192.6356964111328,40.94350051879883,85.1854019165039
217.37669372558594,193.46249389648438,44.72169876098633,82.92140197753906
223.65969848632812,194.71609497070312,36.7317008972168,81.36810302734375
222.36990356445312,193.7366943359375,37.37739944458008,83.0156021118164
221.31930541992188,193.7541046142578,39.0182991027832,82.79840087890625
221.3314971923828,194.0186004638672,36.94990158081055,82.42259979248047
221.46620178222656,193.77259826660156,38.01300048828125,82.26529693603516
222.8031005859375,194.693603515625,37.09920120239258,81.58350372314453
221.92880249023438,195.5070037841797,36.52040100097656,80.70800018310547
224.06629943847656,193.65159606933594,36.8125,81.82569885253906
223.83770751953125,193.65769958496094,37.982200622558594,81.65339660644531
223.81239318847656,191.73550415039062,38.796199798583984,82.81390380859375
223.3740997314453,192.3549041748047,38.277099609375,81.86260223388672
136.46090698242188,161.20700073242188,60.02840042114258,100.59549713134766
148.14840698242188,167.0625,112.24109649658203,103.3490982055664
230.4398956298828,169.5247039794922,58.72309875488281,92.09539794921875
234.41360473632812,171.0644073486328,54.071998596191406,85.47460174560547
134.30479431152344,160.67869567871094,65.62899780273438,101.68299865722656
250.93069458007812,156.7418975830078,53.4193000793457,84.57019805908203
252.87330627441406,140.80230712890625,67.70220184326172,87.02780151367188
267.9169006347656,148.3022003173828,47.57870101928711,79.71839904785156
280.5552978515625,141.95790100097656,49.703399658203125,77.35299682617188
282.4996032714844,138.7104949951172,47.55699920654297,80.75309753417969
294.0765075683594,138.2310028076172,45.4994010925293,78.49120330810547
292.7231140136719,138.43890380859375,47.73160171508789,80.31790161132812
300.9226989746094,142.23809814453125,45.6973991394043,73.5813980102539
300.0882873535156,144.11929321289062,47.320701599121094,72.02670288085938
306.9176940917969,141.47900390625,47.00859832763672,74.86599731445312
307.8251953125,143.83639526367188,49.40620040893555,71.42130279541016
309.6842041015625,133.85560607910156,51.41680145263672,81.04570007324219
313.3677978515625,140.75559997558594,49.1255989074707,73.38780212402344
323.5653991699219,136.21620178222656,46.08769989013672,74.8292007446289
320.0549011230469,131.523193359375,52.150699615478516,78.08989715576172
332.1409912109375,122.78119659423828,50.47010040283203,82.5613021850586
330.1795959472656,117.4365005493164,54.307498931884766,86.76860046386719
338.8951110839844,110.96839904785156,58.00389862060547,88.65840148925781
340.01019287109375,98.98670196533203,58.247798919677734,98.6886978149414
350.5094909667969,84.28980255126953,55.730201721191406,106.21700286865234
351.13128662109375,76.14540100097656,59.247501373291016,114.16459655761719
363.9739074707031,59.11709976196289,59.19729995727539,119.68699645996094
360.0564880371094,53.8745002746582,63.2869987487793,125.93009948730469
368.44189453125,48.63589859008789,63.53459930419922,120.47090148925781
368.6435852050781,50.182498931884766,66.24009704589844,119.88909912109375
379.1348876953125,52.333900451660156,63.190101623535156,116.27680206298828
377.5765075683594,50.92679977416992,64.53890228271484,123.06739807128906
381.98431396484375,67.1041030883789,63.700599670410156,108.20079803466797
383.6144104003906,66.93350219726562,61.95589828491211,108.86979675292969
386.3669128417969,73.13999938964844,57.82440185546875,103.37329864501953
384.6476135253906,69.54820251464844,60.541099548339844,108.90789794921875
384.0286865234375,80.36820220947266,64.49299621582031,96.20850372314453
385.8573913574219,72.160400390625,59.84339904785156,106.08719635009766
391.7513122558594,80.75910186767578,61.66389846801758,101.30799865722656
388.2998962402344,84.82469940185547,60.87480163574219,99.88610076904297
387.5880126953125,78.78179931640625,63.27050018310547,111.94219970703125
386.599609375,77.0885009765625,64.3156967163086,112.81060028076172
379.2047119140625,100.9009017944336,68.37460327148438,93.85479736328125
379.0545959472656,98.46929931640625,69.4374008178711,94.59860229492188
360.0790100097656,102.52300262451172,74.88610076904297,96.78700256347656
362.0910949707031,96.77429962158203,71.31900024414062,107.0615005493164
343.6268005371094,108.37139892578125,69.40360260009766,98.61299896240234
339.99371337890625,103.57209777832031,63.04970169067383,102.79989624023438
316.9548034667969,102.11949920654297,62.430999755859375,102.90599822998047
315.5859069824219,102.74410247802734,59.77289962768555,102.3396987915039
308.5840148925781,99.84490203857422,52.92250061035156,100.15399932861328
307.62078857421875,98.92680358886719,53.0625,101.806396484375
307.5187072753906,98.44400024414062,52.59809875488281,96.36910247802734
307.0763854980469,99.29979705810547,50.25849914550781,95.99030303955078
307.5703125,103.07550048828125,52.87779998779297,93.59539794921875
307.9276123046875,105.66529846191406,52.90570068359375,90.84660339355469
313.5242919921875,113.76470184326172,48.82640075683594,87.36009979248047
313.839111328125,116.39129638671875,48.7666015625,86.69879913330078
321.6274108886719,127.41780090332031,41.73189926147461,80.87699890136719
321.29449462890625,129.35440063476562,43.25640106201172,79.63819885253906
318.0425109863281,140.62890625,43.534000396728516,73.2249984741211
317.7152099609375,144.13470458984375,42.918701171875,67.14710235595703
316.5934143066406,144.94830322265625,43.83380126953125,66.26139831542969
315.9637145996094,144.94960021972656,45.333099365234375,66.143798828125
319.8497009277344,140.86239624023438,42.91270065307617,71.12449645996094
320.5570068359375,139.87030029296875,43.040000915527344,74.95480346679688
322.88580322265625,134.7808074951172,41.38140106201172,80.65190124511719
323.4471130371094,133.98300170898438,41.38690185546875,82.19819641113281
325.56201171875,129.69590759277344,42.601600646972656,83.96240234375
324.6310119628906,129.28970336914062,43.022098541259766,87.79959869384766
325.54010009765625,128.99420166015625,42.7864990234375,89.31620025634766
325.3555908203125,128.4279022216797,43.275299072265625,88.49299621582031
324.989990234375,127.73280334472656,43.349700927734375,90.9457015991211
324.56988525390625,127.95390319824219,44.0880012512207,90.60459899902344
323.26519775390625,127.97480010986328,44.55149841308594,89.15660095214844
322.6452941894531,128.14920043945312,44.003299713134766,91.3593978881836
320.5224914550781,130.5074005126953,46.29399871826172,89.2738037109375
320.9845886230469,132.0050048828125,44.53889846801758,87.51509857177734
318.28118896484375,134.74139404296875,43.660701751708984,84.05149841308594
317.69500732421875,137.9904022216797,42.82429885864258,81.68440246582031
316.9576110839844,141.89520263671875,41.94070053100586,70.50479888916016
316.9137878417969,142.3697967529297,42.38639831542969,71.80729675292969
318.281005859375,137.05340576171875,41.61130142211914,72.65899658203125
317.9079895019531,136.72129821777344,44.032501220703125,77.86260223388672
320.85418701171875,131.6826934814453,42.9911994934082,76.59420013427734
321.3554992675781,132.7509002685547,42.92169952392578,80.29979705810547
323.7786865234375,129.92770385742188,42.737998962402344,82.68399810791016
324.114013671875,128.85020446777344,42.59320068359375,84.68769836425781
327.2943115234375,128.3404998779297,43.47959899902344,87.44129943847656
326.94061279296875,128.1638946533203,43.364200592041016,88.19349670410156
330.2002868652344,133.01280212402344,49.061798095703125,86.40560150146484
333.17279052734375,133.4116973876953,46.0265007019043,78.90570068359375
344.0154113769531,134.3730010986328,51.32529830932617,83.10970306396484
343.1234130859375,133.3701934814453,53.309898376464844,83.1897964477539
356.0205078125,137.28140258789062,52.536399841308594,74.63880157470703
355.2842102050781,137.6094970703125,50.91630172729492,81.83219909667969
362.32958984375,136.70849609375,54.36989974975586,81.00779724121094
363.8857116699219,134.71580505371094,54.61989974975586,86.48210144042969
375.840087890625,137.54010009765625,68.99600219726562,84.79669952392578
376.18170166015625,136.3083038330078,65.52110290527344,81.59459686279297
398.49639892578125,134.33729553222656,57.684898376464844,80.04090118408203
400.93121337890625,130.9763946533203,65.7488021850586,86.4397964477539
416.4122009277344,122.14579772949219,65.1666030883789,95.4614028930664
419.2250061035156,123.67400360107422,68.84269714355469,91.30020141601562
432.4289855957031,120.2511978149414,65.70760345458984,94.48259735107422
433.8638916015625,119.95130157470703,62.411399841308594,95.84729766845703
439.4646911621094,118.53150177001953,63.848201751708984,96.65280151367188
440.1459045410156,119.13169860839844,60.79050064086914,99.2573013305664
444.3819885253906,120.98210144042969,56.3932991027832,94.04109954833984
444.843994140625,120.86509704589844,62.26789855957031,97.23690032958984
452.35540771484375,124.82959747314453,64.67870330810547,86.15409851074219
455.0934143066406,125.99199676513672,59.6505012512207,86.26950073242188
457.3356018066406,118.00180053710938,64.30480194091797,88.32250213623047
457.2204895019531,118.15879821777344,61.18130111694336,87.98680114746094
457.6343078613281,108.40440368652344,64.77749633789062,96.2853012084961
457.42181396484375,109.12460327148438,63.677101135253906,95.52320098876953
458.8617858886719,103.73789978027344,68.48500061035156,101.37870025634766
458.5834045410156,104.9917984008789,65.85289764404297,98.2030029296875
459.972900390625,101.52050018310547,65.21890258789062,101.08660125732422
460.53369140625,99.6875,64.47429656982422,102.97930145263672
461.23370361328125,96.68489837646484,63.91680145263672,105.30799865722656
461.06988525390625,96.42729949951172,61.9380989074707,105.24929809570312
461.318603515625,91.84919738769531,63.93840026855469,103.94599914550781
461.72149658203125,92.7509994506836,61.08539962768555,102.3102035522461
462.0111083984375,93.08820343017578,60.101600646972656,98.83390045166016
463.0671081542969,90.7593994140625,66.70909881591797,99.7052993774414
464.0465087890625,89.32080078125,61.546199798583984,103.30609893798828
467.0924987792969,87.02749633789062,67.6603012084961,99.96640014648438
468.7843933105469,86.0530014038086,62.8302001953125,99.22160339355469
473.17718505859375,83.61849975585938,66.73809814453125,96.39469909667969
473.6653137207031,82.06659698486328,63.35879898071289,101.49649810791016
478.2627868652344,82.27749633789062,66.45819854736328,97.47709655761719
480.0392150878906,79.34190368652344,63.02239990234375,103.89209747314453
480.5494079589844,81.45179748535156,63.843101501464844,97.2759017944336
481.77191162109375,82.29669952392578,64.0438003540039,96.61219787597656
482.9356994628906,89.927001953125,59.323001861572266,71.6498031616211
486.75579833984375,94.55719757080078,65.11869812011719,83.48210144042969
484.25189208984375,101.26429748535156,71.59049987792969,69.70040130615234
483.4313049316406,100.48310089111328,57.16569900512695,70.7699966430664
485.6424865722656,85.69409942626953,66.75399780273438,86.4176025390625
485.6437072753906,83.8644027709961,66.74250030517578,86.6061019897461
483.0296936035156,76.65380096435547,67.25630187988281,95.18160247802734
483.5179138183594,70.48889923095703,65.81800079345703,99.59439849853516
484.79071044921875,71.36399841308594,64.50240325927734,96.88359832763672
483.926513671875,70.56770324707031,63.40449905395508,97.256103515625
485.8505859375,68.35990142822266,61.980899810791016,95.13639831542969
486.0902099609375,66.86940002441406,60.57979965209961,96.96610260009766
486.6241149902344,66.29630279541016,59.55149841308594,97.10700225830078
486.2702941894531,65.9979019165039,60.39680099487305,100.22530364990234
486.64111328125,65.42330169677734,60.538299560546875,98.10379791259766
487.0273132324219,65.42330169677734,60.3656005859375,99.15059661865234
485.5589904785156,66.3333969116211,60.27320098876953,102.06649780273438
485.0618896484375,68.15840148925781,61.69329833984375,100.7780990600586
486.1724853515625,70.74490356445312,65.01580047607422,96.38899993896484
487.098388671875,73.50969696044922,64.01170349121094,97.4375
487.3940124511719,79.1852035522461,63.58769989013672,85.92859649658203
487.64788818359375,82.88480377197266,64.35549926757812,89.44270324707031
489.61639404296875,96.57379913330078,62.98699951171875,64.10929870605469
488.9554138183594,107.3821029663086,63.26959991455078,52.45500183105469
488.027587890625,112.6343994140625,66.72779846191406,48.267799377441406
487.4598083496094,111.96309661865234,65.36119842529297,51.35309982299805
485.5497131347656,104.47730255126953,63.62590026855469,55.76020050048828
486.2672119140625,104.17890167236328,63.97589874267578,56.70640182495117
482.73089599609375,92.7572021484375,63.04719924926758,66.9448013305664
483.1213073730469,94.12000274658203,64.3550033569336,65.4208984375
481.8717041015625,83.07839965820312,63.617401123046875,82.99530029296875
481.27789306640625,82.27330017089844,62.90370178222656,85.3198013305664
479.6766052246094,76.32679748535156,61.006500244140625,94.15440368652344
481.18798828125,76.331298828125,60.688899993896484,89.3634033203125
479.9714050292969,72.18710327148438,62.474700927734375,96.32599639892578
479.46258544921875,71.0562973022461,62.534000396728516,96.39299774169922
479.2749938964844,70.60559844970703,63.979698181152344,95.83460235595703
480.0538024902344,71.06089782714844,62.267799377441406,95.09700012207031
478.83758544921875,71.50659942626953,63.43769836425781,99.10659790039062
479.1559143066406,71.77570343017578,62.945701599121094,96.47049713134766
477.61468505859375,71.7136001586914,63.08000183105469,99.66230010986328
479.1466979980469,70.32270050048828,61.355499267578125,96.68990325927734
480.5387878417969,71.0979995727539,57.59880065917969,102.13369750976562
479.2956848144531,70.6261978149414,56.809600830078125,100.73390197753906
478.8576965332031,69.94080352783203,54.070899963378906,102.02110290527344
477.7630920410156,68.72779846191406,54.122100830078125,104.3406982421875
473.3533935546875,65.83820343017578,60.47269821166992,99.61280059814453
473.1957092285156,67.53939819335938,60.71989822387695,99.93939971923828
468.1747131347656,65.12349700927734,63.11650085449219,96.36190032958984
469.0570983886719,65.09660339355469,62.71739959716797,95.33200073242188
467.0469970703125,66.30690002441406,68.62439727783203,92.97029876708984
467.00799560546875,66.2417984008789,67.65059661865234,92.84210205078125
471.77508544921875,67.98909759521484,70.98970031738281,87.16010284423828
470.89739990234375,67.51689910888672,70.01629638671875,90.87979888916016
475.3429870605469,70.43270111083984,67.43450164794922,92.1333999633789
475.42779541015625,71.94719696044922,65.94609832763672,90.79019927978516
478.815185546875,75.27649688720703,60.58539962768555,95.66480255126953
477.65179443359375,74.82669830322266,60.29330062866211,91.29620361328125
482.9820861816406,80.27510070800781,56.16230010986328,93.18840026855469
483.2373962402344,81.0530014038086,56.633201599121094,84.80419921875
487.43060302734375,86.55069732666016,52.50410079956055,89.9094009399414
487.5671081542969,87.4021987915039,53.173099517822266,80.3301010131836
489.9576110839844,93.0770034790039,51.8489990234375,85.55919647216797
490.3584899902344,94.49970245361328,52.17689895629883,78.2333984375
493.7167053222656,100.69640350341797,50.13800048828125,85.76599884033203
493.2544860839844,102.88790130615234,50.46609878540039,82.52739715576172
493.0924987792969,104.73539733886719,47.95790100097656,84.54039764404297
492.8544006347656,105.11949920654297,48.69020080566406,81.32769775390625
490.4635925292969,108.40689849853516,48.442901611328125,79.6552963256836
490.180908203125,108.78399658203125,47.63970184326172,76.70819854736328
489.595703125,107.29109954833984,50.384498596191406,74.0873031616211
489.5422058105469,104.29329681396484,50.11180114746094,76.51170349121094
487.412109375,98.50160217285156,52.160301208496094,77.28299713134766
486.6990051269531,97.97209930419922,53.62139892578125,76.16010284423828
488.40521240234375,92.78800201416016,46.89759826660156,76.50749969482422
488.9974060058594,89.35639953613281,47.23509979248047,76.83709716796875
490.26849365234375,88.18229675292969,40.397098541259766,71.01499938964844
489.9070129394531,88.80889892578125,41.00320053100586,73.6415023803711
491.09820556640625,85.09639739990234,38.818599700927734,74.42359924316406
490.87451171875,85.2134017944336,38.27920150756836,75.93949890136719
491.2255859375,83.44400024414062,38.57040023803711,78.45690155029297
491.2973937988281,83.13919830322266,37.61920166015625,78.63909912109375
493.1807861328125,79.9583969116211,38.5901985168457,78.55149841308594
492.3959045410156,79.20850372314453,38.51810073852539,77.33070373535156
494.4057922363281,71.60530090332031,36.49760055541992,78.05879974365234
493.5404052734375,71.26170349121094,36.58549880981445,77.96630096435547
490.2879943847656,60.71929931640625,36.9828987121582,72.66210174560547
490.0685119628906,59.53929901123047,36.1593017578125,74.81159973144531
460.0227966308594,57.65060043334961,55.226898193359375,68.07759857177734
462.34161376953125,54.096900939941406,50.66120147705078,68.96890258789062
442.947509765625,60.24089813232422,54.18709945678711,62.186798095703125
434.256103515625,57.15439987182617,60.936500549316406,68.69930267333984
354.2213134765625,46.91239929199219,125.21659851074219,81.6094970703125
361.2289123535156,47.610198974609375,100.01820373535156,74.69770050048828
358.3114929199219,64.5718002319336,112.85150146484375,63.3849983215332
356.822998046875,69.20659637451172,97.35579681396484,58.787200927734375
352.3037109375,64.34839630126953,96.72339630126953,63.227298736572266
352.5404968261719,63.718299865722656,102.75740051269531,58.76839828491211
332.6361083984375,66.83930206298828,105.5813980102539,55.04359817504883
334.89471435546875,69.45379638671875,103.86119842529297,52.238800048828125
323.51611328125,68.41609954833984,89.88469696044922,51.51139831542969
320.0331115722656,66.93810272216797,95.18309783935547,51.30619812011719
316.70208740234375,68.20079803466797,93.01239776611328,54.24409866333008
316.6474914550781,69.02400207519531,92.39459991455078,53.41910171508789
320.7204895019531,71.9166030883789,91.08609771728516,51.99850082397461
323.7926940917969,72.14009857177734,87.79830169677734,54.120399475097656
330.59100341796875,74.341796875,87.42669677734375,53.61589813232422
334.0281982421875,74.08519744873047,81.74459838867188,60.9822998046875
343.406005859375,71.84480285644531,70.09880065917969,69.00309753417969
345.00909423828125,69.78299713134766,66.96399688720703,73.05059814453125
340.0530090332031,73.05259704589844,68.92620086669922,70.28309631347656
340.1241149902344,70.57679748535156,68.1312026977539,71.2343978881836
330.72479248046875,59.24620056152344,54.60960006713867,93.21769714355469
330.7578125,59.20949935913086,54.907901763916016,91.60399627685547
326.1415100097656,62.69340133666992,52.17649841308594,96.18340301513672
328.5632019042969,62.637298583984375,48.0901985168457,97.82710266113281
323.8070983886719,67.46900177001953,49.44340133666992,93.92150115966797
323.53759765625,69.19300079345703,48.50170135498047,94.95929718017578
317.997314453125,72.81210327148438,49.0901985168457,90.3280029296875
318.0903015136719,73.08570098876953,49.308101654052734,88.81950378417969
316.2986145019531,71.51270294189453,47.07059860229492,87.95240020751953
315.6028137207031,71.73400115966797,49.53239822387695,89.42859649658203
314.77740478515625,65.78910064697266,45.825199127197266,91.09719848632812
315.34930419921875,66.05390167236328,48.744998931884766,89.3405990600586
314.48431396484375,60.55590057373047,45.45429992675781,87.18009948730469
315.27850341796875,59.25410079956055,46.495601654052734,87.93689727783203
311.81939697265625,54.606300354003906,45.119998931884766,88.981201171875
312.3587951660156,50.82429885864258,45.32619857788086,89.46040344238281
309.4356994628906,45.298099517822266,44.77239990234375,87.97570037841797
309.2550048828125,46.13169860839844,44.55350112915039,84.54889678955078
307.0202941894531,39.26020050048828,43.24290084838867,80.79239654541016
306.43548583984375,39.33330154418945,44.6609992980957,79.12740325927734
305.806396484375,38.62810134887695,40.59299850463867,75.80780029296875
306.9639892578125,35.51729965209961,40.37540054321289,77.08809661865234
306.1671142578125,34.76319885253906,52.91320037841797,80.80919647216797
308.0580139160156,41.13669967651367,71.28119659423828,73.32559967041016
317.6095886230469,44.8473014831543,77.01619720458984,72.6083984375
317.4212951660156,51.62269973754883,80.2156982421875,68.47750091552734
321.1492004394531,68.8219985961914,86.1061019897461,56.42100143432617
324.6968078613281,70.13970184326172,84.04969787597656,54.82680130004883
327.87420654296875,73.16739654541016,75.7135009765625,56.114601135253906
331.965087890625,73.28949737548828,69.75920104980469,55.30339813232422
333.5730895996094,75.7510986328125,67.4469985961914,52.69990158081055
332.0669860839844,72.95030212402344,84.95379638671875,57.28010177612305
335.0606994628906,75.37229919433594,56.04690170288086,48.98889923095703
341.08709716796875,77.36830139160156,49.554901123046875,49.4026985168457
341.5704040527344,78.03179931640625,45.95100021362305,50.114498138427734
341.3315124511719,78.24420166015625,43.78219985961914,49.714500427246094
337.8124084472656,77.77690124511719,45.466800689697266,53.1068000793457
339.97259521484375,75.15450286865234,42.88529968261719,55.24290084838867
336.58819580078125,80.37079620361328,45.04130172729492,57.975799560546875
337.7814025878906,84.64579772949219,44.0442008972168,62.65480041503906
336.6351013183594,92.77999877929688,44.644500732421875,64.21939849853516
337.4468078613281,87.10459899902344,44.4031982421875,74.84600067138672
278.4053955078125,63.5093994140625,147.6020050048828,139.65330505371094
438.1293029785156,105.61190032958984,46.592498779296875,78.16200256347656
441.02520751953125,111.58270263671875,43.17110061645508,73.6948013305664
441.07501220703125,114.87909698486328,42.455501556396484,71.50630187988281
441.898193359375,116.35150146484375,41.26810073852539,71.48529815673828
441.2091979980469,117.39510345458984,42.32659912109375,71.03269958496094
442.80059814453125,118.27100372314453,42.32529830932617,70.78790283203125
442.9975891113281,118.34980010986328,41.76890182495117,71.34709930419922
444.0480041503906,119.67759704589844,40.407501220703125,69.46939849853516
443.5215148925781,119.24610137939453,40.74169921875,70.53600311279297
443.84991455078125,121.77010345458984,40.570499420166016,68.85540008544922
443.88409423828125,121.21720123291016,40.565101623535156,69.8552017211914
444.276611328125,122.6104965209961,40.44670104980469,69.07559967041016
444.68389892578125,123.22109985351562,41.23630142211914,68.9990005493164
446.2691955566406,124.55439758300781,39.29309844970703,67.31120300292969
446.497802734375,123.7573013305664,38.41640090942383,68.90489959716797
446.3081970214844,123.4478988647461,38.67789840698242,68.53209686279297
446.4054870605469,122.82009887695312,38.42259979248047,68.58599853515625
447.1643981933594,121.2572021484375,39.61029815673828,69.22750091552734
448.2887878417969,122.1812973022461,38.756500244140625,67.57980346679688
448.8027038574219,120.78179931640625,40.26890182495117,69.54609680175781
448.18060302734375,121.40689849853516,41.20750045776367,68.4291000366211
445.9059143066406,120.51589965820312,45.029300689697266,66.49600219726562
445.1807861328125,121.16089630126953,45.40599822998047,66.439697265625
445.4136047363281,118.68309783935547,48.39189910888672,66.3301010131836
445.3406066894531,119.34709930419922,49.40890121459961,65.6509017944336
446.2640075683594,121.75900268554688,50.179901123046875,63.16279983520508
446.7687072753906,122.4260025024414,49.51169967651367,63.57379913330078
441.1883850097656,126.11669921875,55.23149871826172,59.717201232910156
440.8953857421875,130.8730926513672,55.29349899291992,55.440101623535156
435.4909973144531,137.28750610351562,60.357601165771484,48.80839920043945
436.5526123046875,139.0153045654297,58.807899475097656,47.25120162963867
431.4148864746094,149.13909912109375,61.069000244140625,39.145198822021484
428.57391357421875,148.4445037841797,64.01490020751953,39.93989944458008
426.32080078125,157.56069946289062,64.47989654541016,34.67720031738281
426.1742858886719,157.31430053710938,63.462501525878906,36.122398376464844
420.7582092285156,164.4237060546875,65.97139739990234,36.76319885253906
417.44000244140625,164.29080200195312,69.37149810791016,38.00910186767578
418.6789855957031,167.53790283203125,65.04419708251953,37.115699768066406
417.1221008300781,167.99969482421875,65.856201171875,36.12810134887695
415.9678039550781,166.0135040283203,64.34020233154297,43.390499114990234
414.48388671875,162.92469787597656,66.00479888916016,46.4370002746582
414.8301086425781,161.0915985107422,60.9463005065918,57.49039840698242
406.6445007324219,156.67799377441406,69.72470092773438,66.58090209960938
320.32598876953125,121.11029815673828,50.8921012878418,84.99690246582031
318.0049133300781,118.57080078125,54.30690002441406,86.32170104980469
318.9169921875,118.59960174560547,52.66579818725586,86.95939636230469
317.7908935546875,123.73470306396484,56.84239959716797,83.86920166015625
319.0155944824219,125.33689880371094,55.884300231933594,83.16510009765625
322.1606140136719,127.61519622802734,54.87950134277344,80.92659759521484
326.67950439453125,130.66290283203125,50.90530014038086,80.7916030883789
327.705810546875,132.40139770507812,50.69129943847656,80.81539916992188
295.9432067871094,114.91929626464844,149.77029418945312,107.8207015991211
330.3465881347656,132.4615936279297,62.859901428222656,86.643798828125
326.9171142578125,131.68370056152344,50.17649841308594,87.38880157470703
330.9815979003906,133.1519012451172,47.67490005493164,85.18350219726562
334.0057067871094,132.92759704589844,46.25709915161133,87.34510040283203
337.24700927734375,133.58949279785156,41.324501037597656,83.75450134277344
341.0911865234375,135.44619750976562,40.94269943237305,81.79930114746094
286.125,103.85079956054688,154.28280639648438,130.76649475097656
331.1546936035156,133.17840576171875,85.51519775390625,89.42440032958984
338.8197021484375,129.14959716796875,42.7244987487793,84.15560150146484
337.95849609375,128.78199768066406,44.40140151977539,85.62129974365234
339.7146911621094,128.47360229492188,43.55609893798828,84.80940246582031
339.8984069824219,129.147705078125,43.8760986328125,84.00129699707031
342.7251892089844,124.62680053710938,43.09870147705078,84.37239837646484
342.86480712890625,123.62069702148438,42.81769943237305,85.6177978515625
343.5,123.62830352783203,43.28239822387695,81.99449920654297
344.12078857421875,120.27860260009766,42.950599670410156,84.54049682617188
346.41778564453125,120.6521987915039,40.420101165771484,83.44270324707031
349.8830871582031,118.71189880371094,37.73979949951172,84.59619903564453
349.9612121582031,119.9844970703125,37.80550003051758,82.7958984375
349.3266906738281,122.99960327148438,38.407100677490234,80.997802734375
347.8489074707031,123.20980072021484,40.630001068115234,80.81390380859375
350.2221984863281,122.16729736328125,38.17110061645508,82.25199890136719
351.6234130859375,126.63919830322266,40.247501373291016,77.7699966430664
352.40350341796875,130.7928009033203,39.952598571777344,73.48249816894531
352.4560852050781,134.07290649414062,42.106201171875,71.50630187988281
352.96240234375,134.24839782714844,42.7411994934082,70.48889923095703
354.276611328125,139.02239990234375,40.30189895629883,65.60569763183594
352.9172058105469,135.58399963378906,43.44609832763672,69.15910339355469
352.1524963378906,139.27130126953125,43.302398681640625,66.88289642333984
352.7597961425781,139.13729858398438,44.11159896850586,68.82939910888672
339.38690185546875,128.789794921875,88.52510070800781,84.3322982788086
350.6817932128906,134.3916015625,43.24829864501953,74.72579956054688
342.3192138671875,131.67430114746094,78.41169738769531,82.74859619140625
350.5361022949219,139.6237030029297,42.343299865722656,69.21479797363281
354.41339111328125,144.0491943359375,39.78179931640625,64.8727035522461
352.8836975097656,144.25970458984375,41.55179977416992,68.99849700927734
349.9049987792969,146.27890014648438,42.370601654052734,64.88490295410156
348.83660888671875,144.97740173339844,42.920501708984375,65.76020050048828
344.2192077636719,139.54400634765625,42.09230041503906,71.23380279541016
345.1907043457031,136.7436065673828,41.35459899902344,74.33100128173828
341.45941162109375,127.37139892578125,38.14440155029297,78.40380096435547
341.7611999511719,125.87760162353516,38.00090026855469,77.64430236816406
335.4743957519531,118.01580047607422,35.8754997253418,82.15570068359375
335.6072998046875,117.14420318603516,38.83290100097656,81.86499786376953
328.2244873046875,124.80380249023438,45.04679870605469,72.55359649658203
327.0491943359375,120.72699737548828,50.58380126953125,74.80329895019531
317.19549560546875,124.8759994506836,68.91570281982422,68.72550201416016
318.902587890625,130.1721954345703,70.8052978515625,63.89120101928711
302.6369934082031,138.2382049560547,90.1613998413086,57.820499420166016
303.577392578125,140.32650756835938,85.38760375976562,54.48860168457031
293.0148010253906,149.5659942626953,85.21510314941406,42.73939895629883
291.94110107421875,149.25340270996094,81.27739715576172,44.20500183105469
291.4154968261719,151.08680725097656,73.12740325927734,43.22719955444336
290.2445983886719,151.07769775390625,75.85040283203125,44.25749969482422
289.9652099609375,143.7393035888672,78.6864013671875,52.001399993896484
291.22869873046875,143.59800720214844,76.32779693603516,52.76639938354492
291.04449462890625,136.3105926513672,72.62030029296875,62.68980026245117
289.14739990234375,133.352294921875,74.08350372314453,62.22010040283203
290.4743957519531,131.44740295410156,72.88030242919922,64.10420227050781
291.5422058105469,130.40370178222656,72.33719635009766,65.87899780273438
295.71038818359375,125.63899993896484,67.91459655761719,69.91089630126953
295.9006042480469,124.28140258789062,67.60929870605469,68.52220153808594
302.0837097167969,123.88009643554688,64.02220153808594,71.46289825439453
303.43389892578125,125.6489028930664,63.36589813232422,72.31590270996094
308.2372131347656,126.79029846191406,61.49480056762695,73.14189910888672
311.4961853027344,125.8489990234375,62.13850021362305,74.06819915771484
315.2358093261719,126.48320007324219,61.34579849243164,75.48770141601562
317.9753112792969,128.84469604492188,60.32590103149414,75.48600006103516
323.2702941894531,128.2532958984375,49.667598724365234,79.60469818115234
324.2987976074219,129.96319580078125,47.16450119018555,78.67880249023438
326.55859375,127.86479949951172,40.54930114746094,83.5552978515625
327.35101318359375,128.44970703125,39.73040008544922,83.63939666748047
325.7630920410156,129.16490173339844,40.87200164794922,85.6698989868164
327.35418701171875,129.82730102539062,38.62710189819336,86.2302017211914
328.9678955078125,132.93780517578125,41.8583984375,85.59709930419922
329.5882873535156,132.51040649414062,39.93550109863281,86.63590240478516
330.069091796875,135.1696014404297,42.67509841918945,87.08049774169922
331.6940002441406,134.63250732421875,40.79750061035156,87.28140258789062
332.8240051269531,138.5906982421875,40.98500061035156,88.6156005859375
332.53759765625,139.38800048828125,41.789100646972656,87.92030334472656
334.3930969238281,143.75030517578125,41.70429992675781,90.88240051269531
334.7650146484375,144.51910400390625,41.4734001159668,87.91600036621094
337.34149169921875,147.6967010498047,40.75130081176758,91.49939727783203
337.3070983886719,148.5054931640625,42.67580032348633,90.27680206298828
338.60760498046875,149.98570251464844,44.30039978027344,93.302001953125
339.5372009277344,151.01840209960938,43.28200149536133,92.88770294189453
345.1722106933594,156.158203125,41.436100006103516,92.47129821777344
344.5732116699219,155.33489990234375,42.50849914550781,93.70169830322266
349.5304870605469,157.69529724121094,43.28990173339844,94.15129852294922
349.12091064453125,159.7877960205078,43.96200180053711,93.85489654541016
357.2308044433594,165.01199340820312,41.39950180053711,93.36380004882812
357.6211853027344,154.822998046875,42.50920104980469,104.50879669189453
365.87030029296875,167.21490478515625,42.19559860229492,94.2594985961914
363.8526916503906,168.7821044921875,46.825401306152344,95.33589935302734
373.39959716796875,173.4178924560547,44.16740036010742,91.31690216064453
373.7796936035156,176.36570739746094,48.112701416015625,89.63899993896484
387.2272033691406,171.07150268554688,45.567100524902344,97.4917984008789
399.8913879394531,161.5836944580078,41.75559997558594,104.17109680175781
403.5089111328125,165.6938018798828,43.245201110839844,103.16210174560547
411.7926940917969,155.8883056640625,44.834999084472656,106.65699768066406
414.2786865234375,154.135498046875,47.22570037841797,107.02249908447266
419.4543151855469,146.0402069091797,47.3036003112793,115.33309936523438
417.864501953125,145.48919677734375,51.66510009765625,115.08039855957031
418.0080871582031,139.84890747070312,52.432899475097656,119.56620025634766
416.8153076171875,138.09820556640625,55.1879997253418,120.29129791259766
416.2384033203125,133.185302734375,56.039398193359375,123.5376968383789
412.1701965332031,129.45880126953125,54.43259811401367,123.83550262451172
410.4961853027344,124.48739624023438,57.21480178833008,127.1771011352539
405.2237854003906,123.35780334472656,57.237998962402344,119.99009704589844
403.6058044433594,120.52629852294922,58.48609924316406,124.7311019897461
395.618896484375,114.06050109863281,55.5453987121582,117.99590301513672
394.05609130859375,108.00450134277344,56.07389831542969,122.60070037841797
385.1795959472656,103.38289642333984,52.054901123046875,111.17030334472656
384.1980895996094,100.21800231933594,51.620601654052734,108.66580200195312
382.610107421875,86.47059631347656,48.77259826660156,106.85279846191406
382.2337951660156,76.83350372314453,47.89030075073242,103.35600280761719
379.8922119140625,72.76300048828125,48.4202995300293,105.73930358886719
381.1260070800781,61.817501068115234,49.89649963378906,99.63849639892578
380.47491455078125,55.17959976196289,50.813201904296875,108.15480041503906
387.8835144042969,58.329498291015625,47.82270050048828,99.18730163574219
388.2731018066406,56.93880081176758,51.646400451660156,102.94819641113281
398.98779296875,67.3594970703125,53.61289978027344,93.05650329589844
397.697509765625,61.11830139160156,56.015899658203125,100.53469848632812
408.8992919921875,70.31629943847656,55.97010040283203,96.970703125
424.88238525390625,82.0927963256836,47.81919860839844,90.63839721679688
426.98760986328125,82.21869659423828,45.42890167236328,92.56060028076172
437.10980224609375,97.06050109863281,44.905799865722656,94.6511001586914
437.14111328125,92.56759643554688,48.86159896850586,96.44439697265625
446.8659973144531,104.04309844970703,46.50040054321289,102.75379943847656
448.114013671875,103.21700286865234,50.193199157714844,103.71720123291016
452.5484924316406,112.94770050048828,48.28620147705078,107.68560028076172
453.5144958496094,117.92549896240234,47.610198974609375,103.98880004882812
452.9664001464844,122.07759857177734,52.947200775146484,104.60260009765625
380.5162048339844,90.45649719238281,170.6367950439453,158.56179809570312
444.4307861328125,119.90039825439453,57.483699798583984,118.60389709472656
451.72479248046875,131.5050048828125,53.44929885864258,107.94670104980469
452.98541259765625,130.62229919433594,52.467498779296875,109.32740020751953
453.6023864746094,128.80599975585938,49.5994987487793,104.60359954833984
451.5497131347656,125.80020141601562,51.723899841308594,106.89949798583984
449.173095703125,121.98079681396484,54.18090057373047,99.96720123291016
448.09619140625,118.3584976196289,53.09980010986328,103.58989715576172
442.42840576171875,112.52239990234375,55.69350051879883,97.36389923095703
440.9208068847656,109.75650024414062,54.37710189819336,99.54550170898438
430.1046142578125,104.72630310058594,58.578800201416016,93.8292007446289
419.5339050292969,93.61000061035156,56.6349983215332,98.00180053710938
416.3463134765625,95.55999755859375,57.116798400878906,96.4719009399414
408.63848876953125,100.80699920654297,55.32550048828125,88.06289672851562
405.10528564453125,94.4281005859375,55.4197998046875,91.46900177001953
388.33648681640625,91.8053970336914,58.78620147705078,91.50140380859375
382.9071960449219,86.11170196533203,60.06039810180664,90.89450073242188
364.4075927734375,91.65560150146484,63.75379943847656,97.19650268554688
363.1693115234375,92.77490234375,53.5432014465332,90.69219970703125
346.86810302734375,98.12359619140625,52.41550064086914,91.93080139160156
333.63690185546875,107.46620178222656,54.802398681640625,99.5385971069336
336.6431884765625,111.53829956054688,50.31719970703125,95.052001953125
333.9089050292969,133.66110229492188,44.28810119628906,93.46320343017578
335.46661376953125,136.09500122070312,45.72990036010742,93.12220001220703
337.6120910644531,151.34030151367188,45.64590072631836,101.98780059814453
337.4458923339844,157.81089782714844,47.84400177001953,101.98419952392578
342.46319580078125,177.46530151367188,46.96900177001953,105.23880004882812
342.93060302734375,181.7657928466797,48.87699890136719,104.0707015991211
343.4534912109375,196.85459899902344,50.6411018371582,106.96730041503906
289.2033996582031,176.05130004882812,152.7418975830078,155.72189331054688
453.2196044921875,275.16650390625,56.38840103149414,77.13729858398438
459.2672119140625,261.59698486328125,52.09339904785156,85.11239624023438
459.6156921386719,263.08758544921875,52.87580108642578,78.14579772949219
462.3915100097656,263.1317138671875,51.122798919677734,76.95549774169922
459.23590087890625,263.305908203125,54.5359992980957,82.85369873046875
463.1387023925781,264.74468994140625,53.02199935913086,78.91529846191406
462.548095703125,263.7059020996094,54.32389831542969,77.80860137939453
466.1539001464844,261.82958984375,55.78580093383789,84.88970184326172
471.79791259765625,256.89599609375,53.09429931640625,85.16829681396484
472.8096923828125,255.19329833984375,53.38209915161133,81.83399963378906
478.0911865234375,246.27560424804688,54.935001373291016,83.0802001953125
479.5835876464844,246.33929443359375,57.61650085449219,80.51609802246094
484.1969909667969,233.62950134277344,57.66109848022461,88.13749694824219
487.30499267578125,231.2678985595703,59.207298278808594,86.78990173339844
491.889404296875,216.85549926757812,61.34339904785156,83.7802963256836
496.9148864746094,208.51080322265625,61.86840057373047,90.42410278320312
502.95928955078125,193.38059997558594,60.59619903564453,87.9801025390625
506.0784912109375,178.72799682617188,66.17990112304688,101.96659851074219
515.5228271484375,158.49949645996094,75.11740112304688,101.33380126953125
525.7540283203125,125.86100006103516,80.30349731445312,124.40480041503906
538.0048217773438,126.85330200195312,68.59729766845703,108.61859893798828
555.7954711914062,107.71040344238281,63.86399841308594,99.79060363769531
556.6829833984375,106.3396987915039,64.42960357666016,99.8115005493164
569.5900268554688,94.82879638671875,65.33270263671875,103.05909729003906
570.114501953125,93.24620056152344,64.51679992675781,103.55809783935547
581.5537109375,88.44309997558594,55.04290008544922,101.55699920654297
582.3770141601562,90.09619903564453,54.696800231933594,101.70320129394531
587.8590698242188,88.73169708251953,49.70100021362305,105.64969635009766
585.373779296875,88.1697998046875,51.229801177978516,102.79419708251953
585.8297729492188,90.97879791259766,51.984500885009766,102.80650329589844
576.4096069335938,93.63749694824219,59.98979949951172,104.36360168457031
574.4417114257812,94.70130157470703,62.75630187988281,100.93350219726562
557.6618041992188,99.45719909667969,72.73970031738281,98.08879852294922
555.8701171875,100.8678970336914,70.59089660644531,97.55799865722656
541.806884765625,109.00330352783203,68.1886978149414,89.25479888916016
538.94482421875,110.83170318603516,64.86969757080078,92.26830291748047
518.4733276367188,118.68190002441406,65.46260070800781,94.64440155029297
493.4339904785156,121.12799835205078,71.62210083007812,101.32469940185547
493.0032043457031,130.3961944580078,64.63089752197266,91.32379913330078
476.8341979980469,135.37069702148438,70.30729675292969,92.11329650878906
474.4148864746094,137.45460510253906,64.060302734375,92.37470245361328
463.6886901855469,144.4539031982422,64.9833984375,87.11000061035156
462.244384765625,145.4033966064453,61.89720153808594,85.89209747314453
456.00970458984375,148.3217010498047,62.176998138427734,88.97709655761719
455.910400390625,148.28900146484375,59.760398864746094,86.6322021484375
452.340087890625,148.88929748535156,57.007598876953125,92.74479675292969
452.50689697265625,151.55050659179688,56.33620071411133,88.66230010986328
452.41558837890625,153.0220947265625,55.51839828491211,89.39320373535156
452.1921081542969,155.10850524902344,55.81629943847656,90.94989776611328
452.3114929199219,156.33290100097656,54.5807991027832,86.11840057373047
453.86810302734375,158.82760620117188,55.63719940185547,92.18409729003906
454.252685546875,161.11639404296875,54.37739944458008,85.59259796142578
453.47320556640625,164.5207977294922,56.034000396728516,90.62319946289062
455.1419982910156,165.45030212402344,53.77040100097656,84.02339935302734
451.61761474609375,167.3488006591797,56.224098205566406,91.04789733886719
453.13018798828125,168.4429931640625,52.491600036621094,84.19290161132812
450.0163879394531,167.71270751953125,52.813899993896484,89.25389862060547
443.51239013671875,165.8636016845703,52.816200256347656,85.66799926757812
444.06768798828125,166.5030059814453,48.970298767089844,88.77069854736328
439.9103088378906,166.64019775390625,46.22840118408203,87.21880340576172
440.7066955566406,168.42889404296875,46.29029846191406,87.76570129394531
435.685302734375,169.4503936767578,43.48210144042969,87.63189697265625
435.58648681640625,170.6555938720703,42.800498962402344,87.36029815673828
430.8705139160156,172.90089416503906,43.130001068115234,85.99089813232422
431.4684143066406,172.46209716796875,42.241798400878906,87.37000274658203
429.60260009765625,171.67649841308594,42.07460021972656,87.9813003540039
431.7355041503906,168.44320678710938,41.960601806640625,91.93599700927734
432.3128967285156,169.4188995361328,42.51300048828125,89.59649658203125
342.33648681640625,125.90550231933594,50.992698669433594,116.76360321044922
343.043701171875,127.53559875488281,51.58639907836914,116.46900177001953
346.20819091796875,129.4989013671875,53.66400146484375,116.23059844970703
345.4259948730469,129.12049865722656,55.26850128173828,117.29299926757812
336.1234130859375,128.90589904785156,100.91089630126953,124.99240112304688
343.53070068359375,120.29650115966797,53.151798248291016,122.32949829101562
445.7869873046875,155.07240295410156,56.492000579833984,86.78450012207031
453.0013122558594,154.07350158691406,53.590301513671875,86.1843032836914
452.235107421875,154.86990356445312,56.974300384521484,84.91400146484375
456.24700927734375,154.4344024658203,54.266998291015625,87.62220001220703
456.56390380859375,154.3101043701172,52.86869812011719,86.53939819335938
458.1706848144531,156.8341064453125,52.17649841308594,87.93699645996094
457.15069580078125,157.7322998046875,52.608001708984375,86.28730010986328
458.72900390625,161.55990600585938,54.35029983520508,84.92839813232422
456.5765075683594,163.48350524902344,54.09700012207031,85.09149932861328
456.9216003417969,167.097900390625,56.492000579833984,82.89900207519531
455.8398132324219,170.1154022216797,57.488800048828125,81.54669952392578
455.52349853515625,171.24769592285156,57.28459930419922,81.50289916992188
456.2679138183594,172.53309631347656,55.480499267578125,82.16889953613281
454.3503112792969,173.68150329589844,55.60940170288086,80.8240966796875
455.50140380859375,175.372802734375,54.246700286865234,81.5781021118164
455.6654968261719,176.164794921875,54.04669952392578,81.44979858398438
453.9668884277344,179.71009826660156,56.89870071411133,80.13829803466797
454.05230712890625,181.872802734375,58.075801849365234,77.1343002319336
453.0972900390625,188.09950256347656,60.655601501464844,73.3635025024414
451.96258544921875,186.91360473632812,56.49190139770508,76.96829986572266
451.8800048828125,187.29629516601562,54.79750061035156,77.64350128173828
452.36370849609375,188.00770568847656,48.5265998840332,82.74980163574219
451.952392578125,188.87449645996094,49.141300201416016,83.8895034790039
452.0632019042969,189.91659545898438,49.30419921875,85.88580322265625
452.6994934082031,190.38259887695312,47.25339889526367,83.75060272216797
451.268310546875,190.71670532226562,48.69340133666992,85.67240142822266
451.0885009765625,191.11619567871094,48.68130111694336,84.05750274658203
451.37091064453125,192.1938934326172,49.125999450683594,83.31009674072266
450.8403015136719,192.2799072265625,47.981998443603516,81.34919738769531
448.8356018066406,193.21310424804688,47.96969985961914,84.28309631347656
449.9515075683594,193.06820678710938,49.499000549316406,82.86630249023438
449.8904113769531,193.1457977294922,48.34469985961914,81.0248031616211
449.0544128417969,193.0592041015625,48.322601318359375,80.41899871826172
448.49468994140625,193.11199951171875,48.34560012817383,82.80989837646484
447.8595886230469,191.92379760742188,49.24760055541992,79.9634017944336
448.5840148925781,192.45339965820312,48.05059814453125,80.4219970703125
448.49920654296875,193.06199645996094,48.284000396728516,83.59950256347656
448.8023986816406,193.2877960205078,48.269500732421875,81.41560363769531
448.6064147949219,194.57969665527344,48.32109832763672,81.93250274658203
449.4591979980469,195.0941925048828,46.63180160522461,80.29499816894531
448.25738525390625,195.6071014404297,49.9099006652832,83.74040222167969
449.9942932128906,197.16900634765625,48.27399826049805,81.13179779052734
449.7279052734375,197.49740600585938,49.70050048828125,80.43689727783203
449.9823913574219,197.90420532226562,50.72959899902344,81.50810241699219
450.8904113769531,197.1584014892578,49.9718017578125,78.40450286865234
450.5953063964844,196.1616973876953,50.27519989013672,80.01640319824219
450.0256042480469,196.6448974609375,50.200599670410156,79.63300323486328
449.72540283203125,190.75489807128906,50.88759994506836,80.86029815673828
450.206298828125,189.9429931640625,51.01169967651367,81.98680114746094
450.8717041015625,182.80540466308594,51.18600082397461,84.36750030517578
453.4064025878906,170.29640197753906,48.76860046386719,86.864501953125
454.0317077636719,170.0915069580078,51.08869934082031,86.07250213623047
455.21319580078125,158.1759033203125,51.17829895019531,87.01409912109375
455.74700927734375,158.2729949951172,51.97669982910156,87.00479888916016
457.3594970703125,145.9481964111328,50.52510070800781,90.16539764404297
455.9139099121094,144.4145965576172,48.84669876098633,89.20159912109375
455.2887878417969,136.40679931640625,52.22809982299805,89.97979736328125
455.4277038574219,136.70840454101562,49.42409896850586,90.53099822998047
455.38409423828125,133.37600708007812,50.875099182128906,91.13690185546875
455.114501953125,133.91290283203125,50.2666015625,89.98909759521484
454.589111328125,133.0290985107422,52.21659851074219,90.6001968383789
455.13800048828125,132.95530700683594,49.85649871826172,89.7582015991211
455.4435119628906,132.00999450683594,50.40650177001953,91.05870056152344
456.368408203125,130.50909423828125,50.399898529052734,91.59439849853516
455.41351318359375,131.09750366210938,50.963600158691406,91.26490020751953
457.0163879394531,130.89610290527344,51.69490051269531,91.9468994140625
456.4325866699219,130.4427032470703,51.019798278808594,90.27980041503906
457.10650634765625,130.74240112304688,51.67319869995117,91.0448989868164
457.18890380859375,132.0915069580078,52.298500061035156,90.36499786376953
456.9059143066406,132.93060302734375,51.865299224853516,90.02020263671875
458.34478759765625,135.24310302734375,54.227901458740234,91.46089935302734
458.118896484375,135.20140075683594,53.2327995300293,90.82769775390625
460.64410400390625,137.67430114746094,52.73870086669922,90.22350311279297
460.28790283203125,138.2100067138672,51.95589828491211,88.90869903564453
461.05511474609375,139.3450927734375,52.66339874267578,91.4397964477539
460.00360107421875,139.8773956298828,50.814998626708984,89.93620300292969
458.4942932128906,141.09060668945312,52.69779968261719,91.01959991455078
457.83758544921875,140.70700073242188,53.81489944458008,89.46630096435547
455.381591796875,141.20359802246094,52.99660110473633,88.8270034790039
455.4784851074219,140.98519897460938,52.21189880371094,87.69950103759766
451.5621032714844,139.7346954345703,54.08679962158203,87.8322982788086
450.6759948730469,138.92430114746094,52.505001068115234,87.35769653320312
446.4443054199219,138.8256072998047,53.514198303222656,86.32160186767578
445.3611145019531,137.80360412597656,53.64659881591797,87.37640380859375
440.5813903808594,139.43299865722656,52.58530044555664,84.0062026977539
439.6889953613281,139.5092010498047,51.525001525878906,83.52400207519531
435.6203918457031,137.30320739746094,51.28160095214844,82.75540161132812
435.50970458984375,137.1688995361328,47.044700622558594,82.63719940185547
430.71038818359375,130.08030700683594,47.285301208496094,86.41619873046875
430.6200866699219,131.97439575195312,46.51449966430664,82.87760162353516
426.96661376953125,125.368896484375,48.2421989440918,84.38300323486328
428.0703125,127.36990356445312,44.95399856567383,80.96959686279297
423.4814147949219,124.6865005493164,46.69060134887695,79.93379974365234
425.3125,125.33740234375,43.977699279785156,78.18340301513672
423.80499267578125,123.2864990234375,43.3671989440918,76.69319915771484
422.96649169921875,124.02040100097656,44.797298431396484,77.87169647216797
422.7817077636719,124.84269714355469,38.8473014831543,74.61479949951172
422.39739990234375,122.45390319824219,41.47669982910156,77.62909698486328
421.8258972167969,125.9917984008789,41.86199951171875,73.5468978881836
421.8572082519531,125.67169952392578,44.44260025024414,73.5093002319336
423.01611328125,126.60220336914062,47.928199768066406,70.62640380859375
422.85211181640625,126.05460357666016,48.90119934082031,70.87129974365234
420.9224853515625,125.22119903564453,50.368099212646484,68.23729705810547
422.2206115722656,123.55020141601562,47.52370071411133,69.61710357666016
330.5981140136719,113.35420227050781,46.874900817871094,86.6709976196289
326.3976135253906,107.04010009765625,51.29240036010742,92.71479797363281
332.7720947265625,105.9041976928711,51.7864990234375,91.35790252685547
