1
231.73680114746094,157.5948028564453,109.64450073242188,92.18910217285156
231.52609252929688,158.20640563964844,110.92330169677734,91.80940246582031
230.91920471191406,158.43499755859375,111.8750991821289,90.93669891357422
231.3975067138672,159.24940490722656,111.12090301513672,88.21189880371094
232.57229614257812,160.82179260253906,109.63310241699219,86.47270202636719
232.70989990234375,161.7559051513672,111.77639770507812,85.27749633789062
233.05279541015625,161.31210327148438,110.37359619140625,84.7134017944336
232.26400756835938,161.47630310058594,111.76709747314453,84.78949737548828
233.27850341796875,161.23939514160156,111.6780014038086,84.2156982421875
231.06390380859375,162.2335968017578,113.55860137939453,84.3396987915039
233.2393035888672,163.57350158691406,110.4561996459961,82.77770233154297
233.7158966064453,166.16090393066406,107.60199737548828,79.02149963378906
232.6475067138672,166.75259399414062,107.36129760742188,76.21749877929688
236.08790588378906,167.38949584960938,102.24320220947266,73.0093994140625
236.46800231933594,166.6616973876953,101.31490325927734,74.43190002441406
237.5334014892578,168.693603515625,97.24859619140625,70.4354019165039
238.2332000732422,170.1678009033203,94.96920013427734,68.3196029663086
241.89439392089844,170.8634033203125,91.77519989013672,65.43099975585938
242.1999053955078,171.05850219726562,88.56909942626953,64.33979797363281
243.22659301757812,173.52780151367188,88.11740112304688,61.16559982299805
243.79530334472656,172.79440307617188,86.95480346679688,62.17319869995117
244.2071990966797,173.8217010498047,82.35160064697266,59.63240051269531
243.64430236816406,176.8636016845703,84.0916976928711,54.6775016784668
243.80099487304688,179.43760681152344,81.82980346679688,48.77149963378906
244.72360229492188,178.88609313964844,74.43180084228516,43.894500732421875
245.12210083007812,178.48399353027344,75.4458999633789,39.40019989013672
247.02659606933594,173.8280029296875,73.21520233154297,41.411598205566406
248.62730407714844,171.44630432128906,70.86630249023438,44.236900329589844
250.02239990234375,168.12789916992188,68.04319763183594,48.36410140991211
250.78160095214844,164.06849670410156,68.74030303955078,56.0635986328125
250.61300659179688,159.80140686035156,68.49230194091797,62.80189895629883
253.3199005126953,157.06210327148438,66.27030181884766,65.80039978027344
254.30799865722656,155.5471954345703,66.45339965820312,71.42729949951172
255.18499755859375,153.7281951904297,64.43830108642578,74.25959777832031
256.2232971191406,152.48129272460938,64.45480346679688,77.95040130615234
257.849609375,150.37530517578125,62.8468017578125,81.58090209960938
256.7843017578125,148.3441925048828,64.49629974365234,85.84870147705078
257.91510009765625,148.97219848632812,63.18119812011719,86.80380249023438
257.9125061035156,148.51480102539062,63.74760055541992,89.40540313720703
257.71929931640625,149.13059997558594,64.88009643554688,88.98799896240234
258.6979064941406,149.764404296875,64.57879638671875,88.69670104980469
258.92291259765625,150.29769897460938,63.55419921875,89.697998046875
257.9599914550781,150.50210571289062,63.13119888305664,90.48139953613281
257.639892578125,152.03370666503906,62.483299255371094,90.87419891357422
257.05340576171875,151.90890502929688,60.83729934692383,92.27970123291016
257.9368896484375,153.0487060546875,60.80910110473633,92.38459777832031
256.8642883300781,154.1259002685547,61.83639907836914,93.24079895019531
255.9582977294922,153.31320190429688,63.39609909057617,94.15540313720703
254.01019287109375,155.83160400390625,63.59510040283203,93.8550033569336
253.48789978027344,155.86929321289062,64.49259948730469,94.35150146484375
253.64999389648438,156.18870544433594,64.98249816894531,94.13849639892578
252.47329711914062,156.73919677734375,64.02030181884766,96.12449645996094
254.34820556640625,158.50619506835938,63.671600341796875,96.29219818115234
252.44740295410156,157.89340209960938,64.14350128173828,96.26830291748047
253.09910583496094,157.97869873046875,64.25599670410156,96.79609680175781
253.88619995117188,158.60699462890625,62.18040084838867,96.70770263671875
252.6147003173828,158.1658935546875,64.53669738769531,97.25920104980469
253.4095001220703,158.6846923828125,64.16390228271484,96.97679901123047
251.75509643554688,157.77589416503906,64.15380096435547,97.95379638671875
251.2429962158203,157.4268035888672,65.60759735107422,98.96179962158203
251.52090454101562,158.0666961669922,64.6218032836914,96.64119720458984
252.78770446777344,159.00399780273438,65.7313003540039,97.63500213623047
253.08279418945312,159.83810424804688,63.806400299072266,96.12850189208984
252.3238067626953,158.87939453125,63.06660079956055,97.46060180664062
252.76499938964844,159.31289672851562,61.88869857788086,96.21199798583984
253.6820068359375,161.4687957763672,61.84489822387695,96.27899932861328
253.71429443359375,161.5648956298828,61.52799987792969,95.57990264892578
253.89630126953125,163.20030212402344,61.520999908447266,94.45929718017578
254.78329467773438,163.8448944091797,59.746299743652344,95.33540344238281
251.54100036621094,163.77659606933594,62.839599609375,95.96890258789062
252.1334991455078,166.55409240722656,63.8572998046875,94.71810150146484
253.33970642089844,165.85879516601562,63.70830154418945,95.34339904785156
251.16090393066406,166.43600463867188,67.118896484375,96.16539764404297
252.64169311523438,165.99290466308594,67.4990005493164,98.97129821777344
252.16949462890625,166.32919311523438,69.25309753417969,99.5927963256836
253.35589599609375,166.21530151367188,70.50340270996094,101.10469818115234
252.83349609375,168.65170288085938,71.66100311279297,99.36810302734375
253.0290985107422,169.5926055908203,71.30259704589844,100.27230072021484
254.1959991455078,171.0272979736328,72.71869659423828,99.16909790039062
254.36790466308594,170.3990020751953,73.94840240478516,98.68450164794922
256.4342956542969,168.87989807128906,75.82460021972656,102.33509826660156
256.0343017578125,167.59869384765625,79.26000213623047,101.54949951171875
257.43450927734375,168.12530517578125,81.52559661865234,101.72730255126953
258.0639953613281,170.74180603027344,82.65399932861328,100.30590057373047
259.27630615234375,170.1750946044922,83.40959930419922,99.92680358886719
260.6119079589844,171.22889709472656,83.81210327148438,96.27069854736328
261.6376953125,170.08859252929688,84.74079895019531,97.33470153808594
263.8244934082031,171.96600341796875,83.59919738769531,93.5907974243164
265.00909423828125,171.62289428710938,82.72940063476562,92.93830108642578
266.5986022949219,171.19760131835938,83.39900207519531,92.20249938964844
267.68341064453125,173.61019897460938,83.40840148925781,89.55889892578125
270.2052001953125,176.8778076171875,82.53900146484375,85.57250213623047
270.3713073730469,176.60580444335938,83.1395034790039,83.48660278320312
271.94659423828125,178.21609497070312,82.69000244140625,81.09609985351562
274.3857116699219,179.75340270996094,81.86930084228516,78.86720275878906
276.90411376953125,180.7198028564453,80.57160186767578,76.87339782714844
278.033203125,182.83770751953125,79.42530059814453,71.88580322265625
281.2842102050781,185.2613067626953,78.00689697265625,67.556396484375
283.1889953613281,184.30979919433594,77.00650024414062,65.35279846191406
287.28839111328125,185.91050720214844,72.08619689941406,63.530399322509766
289.5292053222656,188.63429260253906,71.90499877929688,59.645301818847656
291.7445983886719,190.9342041015625,71.43930053710938,56.51300048828125
294.9450988769531,191.30960083007812,66.52069854736328,54.56489944458008
297.1783142089844,191.52110290527344,65.22979736328125,53.632598876953125
299.14630126953125,192.310302734375,63.78260040283203,51.72819900512695
300.3561096191406,194.85189819335938,61.17789840698242,48.91790008544922
301.79058837890625,195.61509704589844,61.03689956665039,47.25
301.5137939453125,195.9521026611328,59.97420120239258,46.727699279785156
301.7370910644531,196.82659912109375,59.12300109863281,46.597900390625
302.3623962402344,197.089599609375,59.537899017333984,45.57619857788086
302.9126892089844,196.57150268554688,56.7036018371582,46.08440017700195
303.4023132324219,196.93359375,55.78409957885742,45.252498626708984
304.3409118652344,197.485595703125,55.1890983581543,44.487998962402344
305.1907958984375,198.78689575195312,54.94380187988281,43.188899993896484
306.52630615234375,197.53050231933594,52.78340148925781,43.94350051879883
306.939208984375,197.22900390625,52.30690002441406,44.308998107910156
307.01251220703125,197.56309509277344,51.66619873046875,44.252498626708984
307.8692932128906,197.8782958984375,49.92020034790039,43.770198822021484
307.9825134277344,198.3551025390625,50.0098991394043,44.37910079956055
307.9507141113281,197.73590087890625,50.27750015258789,44.66590118408203
306.7620849609375,197.5780029296875,50.45669937133789,45.061500549316406
307.0668029785156,196.57260131835938,50.152000427246094,44.823699951171875
306.5528869628906,196.61199951171875,50.095298767089844,45.75230026245117
305.94549560546875,197.3636016845703,50.369300842285156,44.75019836425781
305.8197021484375,197.9232940673828,50.4734001159668,43.47439956665039
304.93829345703125,196.697998046875,51.08169937133789,43.792301177978516
304.1064147949219,196.64529418945312,51.99729919433594,44.517601013183594
302.85089111328125,195.45010375976562,51.032798767089844,45.7943000793457
302.5143127441406,195.30470275878906,51.63309860229492,45.6614990234375
302.1867980957031,193.26429748535156,50.5442008972168,46.349700927734375
299.4070129394531,193.36749267578125,52.842498779296875,46.76259994506836
299.6830139160156,192.38380432128906,51.6442985534668,45.67430114746094
298.2005920410156,191.45919799804688,51.37070083618164,44.9109001159668
295.402587890625,190.318603515625,53.19419860839844,46.92850112915039
293.0712890625,188.67269897460938,54.859100341796875,47.22650146484375
292.1326904296875,188.44239807128906,53.91740036010742,49.1161994934082
292.7432861328125,187.3096923828125,53.05889892578125,50.71590042114258
292.9039001464844,185.1013946533203,51.50699996948242,53.625701904296875
292.3175964355469,185.4394073486328,50.23590087890625,54.29199981689453
291.6289978027344,183.310302734375,49.5348014831543,56.833499908447266
290.7547912597656,182.95669555664062,49.11759948730469,57.1328010559082
289.6163024902344,182.85740661621094,49.559898376464844,57.00529861450195
287.7001953125,183.62660217285156,50.312599182128906,57.56769943237305
286.935791015625,183.96929931640625,50.46950149536133,58.548099517822266
285.1408996582031,183.8907928466797,50.43050003051758,58.71730041503906
284.3857116699219,184.5648956298828,50.3927001953125,57.791900634765625
280.6466979980469,183.3527069091797,52.78300094604492,59.309898376464844
278.93438720703125,182.54750061035156,54.67470169067383,61.3578987121582
277.47930908203125,181.5301055908203,55.43119812011719,63.13880157470703
274.3070068359375,179.93389892578125,57.71870040893555,64.38980102539062
271.2524108886719,178.97079467773438,60.23400115966797,65.96199798583984
266.39691162109375,177.6208038330078,64.26010131835938,67.65380096435547
263.2585144042969,176.05630493164062,66.30390167236328,69.71759796142578
259.4468078613281,174.62550354003906,69.1852035522461,69.35549926757812
256.4801940917969,173.27439880371094,69.91889953613281,70.20559692382812
253.06390380859375,172.42559814453125,72.46510314941406,71.93569946289062
248.99729919433594,171.8385009765625,75.23480224609375,72.48860168457031
246.16659545898438,171.94940185546875,76.47949981689453,72.24710083007812
243.9134063720703,171.55039978027344,79.2959976196289,71.69090270996094
240.22959899902344,172.33819580078125,81.27339935302734,70.95120239257812
237.77529907226562,170.30050659179688,83.72219848632812,73.36199951171875
232.88070678710938,172.1887969970703,87.4354019165039,70.51509857177734
230.59609985351562,170.764892578125,89.43599700927734,70.98829650878906
227.3260040283203,171.57949829101562,90.97840118408203,70.29149627685547
224.46359252929688,173.0113067626953,93.65129852294922,68.0322036743164
221.4364013671875,173.84030151367188,97.45989990234375,65.74839782714844
219.55230712890625,173.40440368652344,97.64430236816406,64.91600036621094
216.83399963378906,174.1154022216797,100.00679779052734,59.20830154418945
215.12710571289062,174.10220336914062,99.88839721679688,52.224300384521484
212.04139709472656,174.0615997314453,99.61540222167969,55.482398986816406
203.66549682617188,173.6466064453125,106.88379669189453,56.588199615478516
200.8459930419922,174.1533966064453,107.26139831542969,54.9010009765625
199.20880126953125,173.5561981201172,108.16439819335938,55.08250045776367
197.0615997314453,173.1746063232422,109.03620147705078,55.589599609375
194.9420928955078,172.84539794921875,108.89140319824219,55.47589874267578
193.92880249023438,172.79539489746094,105.52519989013672,55.90480041503906
192.73599243164062,172.56939697265625,103.8301010131836,55.59980010986328
191.82569885253906,173.14059448242188,103.12370300292969,55.55860137939453
190.13429260253906,172.9362030029297,102.96040344238281,55.338199615478516
189.85350036621094,171.39639282226562,103.8031005859375,57.09579849243164
189.658203125,172.18170166015625,102.46029663085938,56.25579833984375
190.02259826660156,172.71170043945312,101.6343002319336,56.35770034790039
190.0832977294922,172.31109619140625,101.2322998046875,57.209598541259766
189.4656982421875,171.989501953125,101.98590087890625,57.868499755859375
189.97239685058594,171.46690368652344,100.92440032958984,57.57899856567383
189.8105926513672,171.5316925048828,100.98709869384766,57.542999267578125
189.82359313964844,171.27560424804688,100.74639892578125,57.476600646972656
190.92230224609375,170.9541015625,100.51309967041016,57.933998107910156
191.32049560546875,170.62060546875,101.91670227050781,59.515899658203125
192.12069702148438,170.96119689941406,101.35569763183594,59.00579833984375
192.21499633789062,171.05679321289062,101.75650024414062,58.52220153808594
192.6448974609375,169.85440063476562,101.375,59.832801818847656
193.47540283203125,169.8762969970703,102.2645034790039,59.26850128173828
193.8804931640625,169.7729949951172,101.9968032836914,58.94409942626953
195.4774932861328,169.66729736328125,100.90499877929688,58.939998626708984
196.0458984375,169.256103515625,101.96389770507812,60.06829833984375
196.4033966064453,169.91119384765625,103.23989868164062,59.88639831542969
196.54750061035156,169.3594970703125,104.6458969116211,60.7401008605957
197.66610717773438,168.57839965820312,103.77200317382812,60.490501403808594
198.5032958984375,168.74169921875,103.74500274658203,59.733699798583984
198.93820190429688,167.5791015625,104.45709991455078,60.729000091552734
199.8249969482422,168.69500732421875,105.75890350341797,61.15700149536133
201.2429962158203,168.3354949951172,106.02639770507812,62.50310134887695
203.34609985351562,167.9300994873047,107.24700164794922,62.11830139160156
204.2738037109375,169.17970275878906,108.5239028930664,62.45790100097656
204.44259643554688,169.4145965576172,108.81009674072266,63.2947998046875
205.92080688476562,169.36590576171875,109.33499908447266,63.856201171875
207.15420532226562,168.48550415039062,109.59850311279297,66.46160125732422
208.2769012451172,168.92860412597656,108.53050231933594,66.97019958496094
207.87460327148438,170.47720336914062,108.943603515625,67.10769653320312
209.860107421875,169.01739501953125,110.418701171875,68.17990112304688
210.58999633789062,170.04769897460938,110.58209991455078,67.64730072021484
212.42410278320312,169.62010192871094,110.73690032958984,69.62049865722656
211.47970581054688,171.1280059814453,112.83670043945312,68.35759735107422
213.0384979248047,170.6732940673828,114.5363998413086,70.5322036743164
217.3511962890625,170.51199340820312,112.50250244140625,69.06929779052734
224.13119506835938,169.62350463867188,108.29080200195312,69.1281967163086
228.67300415039062,171.32640075683594,104.81179809570312,67.5011978149414
227.48260498046875,169.93820190429688,107.30729675292969,66.56690216064453
234.18389892578125,172.49139404296875,103.99040222167969,63.94390106201172
234.86700439453125,171.0847930908203,106.61969757080078,63.83409881591797
238.00819396972656,173.6634063720703,104.14459991455078,60.33089828491211
241.49349975585938,172.3022003173828,104.76570129394531,61.551300048828125
242.5937042236328,175.72689819335938,103.99220275878906,56.384498596191406
245.0137939453125,176.11720275878906,105.29319763183594,58.8765983581543
248.1728973388672,176.5290985107422,104.66649627685547,56.64070129394531
249.25619506835938,176.6529998779297,103.60320281982422,56.739898681640625
251.7071990966797,177.36300659179688,105.55439758300781,55.34479904174805
254.41690063476562,177.2906951904297,106.05819702148438,56.416500091552734
257.1236877441406,176.9499969482422,105.74240112304688,57.732200622558594
259.4797058105469,177.43980407714844,103.64309692382812,57.66270065307617
261.4508972167969,178.19569396972656,105.38619995117188,57.007999420166016
262.9577941894531,178.20570373535156,108.28910064697266,58.11360168457031
265.6665954589844,179.898193359375,107.47109985351562,56.97019958496094
269.2178955078125,179.65719604492188,104.91919708251953,57.42210006713867
270.76470947265625,181.26319885253906,105.35579681396484,54.84339904785156
270.5364990234375,181.13079833984375,106.93240356445312,55.954200744628906
271.98388671875,181.57069396972656,105.57250213623047,55.36399841308594
273.0546875,181.51919555664062,104.79850006103516,56.47840118408203
274.9339904785156,180.656005859375,104.69709777832031,57.083900451660156
274.9765930175781,181.39500427246094,106.5342025756836,57.29600143432617
276.8471984863281,179.10279846191406,106.68609619140625,60.245601654052734
277.059814453125,180.39129638671875,105.89830017089844,60.53969955444336
279.005615234375,180.93980407714844,104.62950134277344,60.94900131225586
279.912109375,180.2198944091797,104.94550323486328,62.17570114135742
280.4674987792969,180.03509521484375,104.71700286865234,63.34769821166992
279.2648010253906,177.87939453125,106.95130157470703,65.24549865722656
282.1565856933594,178.31430053710938,104.90299987792969,64.96869659423828
280.72198486328125,177.84739685058594,107.1854019165039,65.97039794921875
281.0743103027344,177.53570556640625,107.06829833984375,66.94450378417969
281.5492858886719,176.37030029296875,107.29769897460938,68.24539947509766
281.0777893066406,175.2949981689453,108.97550201416016,70.04630279541016
281.0819091796875,176.5352020263672,107.13159942626953,68.72979736328125
280.315185546875,175.64500427246094,110.08879852294922,68.86019897460938
281.64080810546875,174.1822052001953,108.55840301513672,68.14959716796875
283.29339599609375,173.5343017578125,108.80899810791016,68.4269027709961
283.2724914550781,172.76040649414062,108.868896484375,68.32769775390625
283.8192138671875,172.94610595703125,109.47380065917969,67.80780029296875
285.1253967285156,170.77000427246094,109.15950012207031,69.16200256347656
283.8890075683594,169.50950622558594,110.36840057373047,71.4613037109375
285.3211975097656,169.89939880371094,112.0885009765625,70.19969940185547
287.1335144042969,166.7595977783203,111.9896011352539,73.63050079345703
285.658203125,165.03819274902344,115.13020324707031,74.15139770507812
289.32879638671875,164.61219787597656,113.8644027709961,75.5470962524414
289.06109619140625,162.03250122070312,114.72969818115234,77.59559631347656
291.6553039550781,162.9687957763672,114.70939636230469,76.98359680175781
292.27301025390625,162.7283935546875,114.11750030517578,76.5730972290039
293.3764953613281,159.53199768066406,115.75170135498047,80.14600372314453
295.3548889160156,162.49710083007812,114.8843994140625,76.0647964477539
294.2148132324219,157.73789978027344,117.64510345458984,79.93299865722656
297.9805908203125,160.6237030029297,113.63020324707031,77.46029663085938
297.46209716796875,159.677001953125,115.91549682617188,77.72229766845703
300.57598876953125,159.2783966064453,114.75640106201172,77.86640167236328
300.08880615234375,159.21510314941406,115.45950317382812,77.48179626464844
303.0469970703125,159.1002960205078,113.50579833984375,79.5071029663086
301.61981201171875,156.55880737304688,115.97650146484375,80.07679748535156
303.3465881347656,154.99989318847656,113.8062973022461,82.31379699707031
304.8865051269531,157.29249572753906,112.10279846191406,79.11669921875
307.1026916503906,156.89300537109375,111.67549896240234,80.06060028076172
305.8492126464844,153.79649353027344,114.20490264892578,83.15840148925781
307.8268127441406,158.0800018310547,110.41120147705078,77.30919647216797
308.0627136230469,155.50010681152344,112.4999008178711,79.68419647216797
310.6221008300781,156.53900146484375,110.12090301513672,77.43579864501953
311.3548889160156,157.2183074951172,110.5896987915039,76.9926986694336
311.61871337890625,157.27650451660156,110.80699920654297,74.71880340576172
314.2242126464844,156.1251983642578,109.95890045166016,76.39669799804688
314.2070007324219,155.2375030517578,110.12550354003906,75.75879669189453
317.0002136230469,155.01809692382812,108.67359924316406,75.33390045166016
318.2892150878906,153.26829528808594,106.9529037475586,74.3313980102539
319.3492126464844,153.23550415039062,106.42559814453125,73.26020050048828
320.6422119140625,152.83819580078125,104.8750991821289,72.1666030883789
321.3033142089844,152.3979949951172,104.68479919433594,71.21900177001953
321.1539001464844,151.7689971923828,104.1666030883789,71.18370056152344
320.6564025878906,150.02310180664062,108.37349700927734,70.4990005493164
321.4219055175781,151.89309692382812,106.2302017211914,68.48629760742188
322.1177978515625,150.50430297851562,105.0145034790039,68.31680297851562
322.61151123046875,148.97479248046875,107.10140228271484,68.96430206298828
324.17279052734375,151.18569946289062,106.06950378417969,66.97119903564453
325.3463134765625,148.1614990234375,103.45880126953125,68.44640350341797
325.81439208984375,150.50579833984375,103.30690002441406,67.12529754638672
326.82708740234375,149.99349975585938,104.49859619140625,66.25630187988281
326.535888671875,149.37759399414062,101.41560363769531,66.65979766845703
326.7423095703125,150.4210968017578,102.97740173339844,65.8292007446289
327.74359130859375,150.33070373535156,103.7583999633789,65.64810180664062
329.164306640625,148.5751953125,103.79879760742188,67.32839965820312
328.2640075683594,149.69650268554688,104.59020233154297,65.44290161132812
328.8299865722656,146.0164031982422,104.03230285644531,69.27989959716797
328.06439208984375,147.55560302734375,103.47959899902344,67.83930206298828
328.4468994140625,147.91050720214844,102.25240325927734,68.08709716796875
328.34368896484375,144.06590270996094,102.36209869384766,70.27179718017578
327.53179931640625,148.29649353027344,99.67489624023438,66.3927993774414
329.4476013183594,148.29339599609375,100.82669830322266,66.27850341796875
330.0552062988281,145.4951934814453,95.53170013427734,69.26799774169922
330.0090026855469,149.12579345703125,99.59089660644531,64.82859802246094
330.1979064941406,143.84800720214844,96.55850219726562,70.19960021972656
332.2279052734375,146.06080627441406,92.31999969482422,68.72370147705078
331.2882080078125,145.46670532226562,94.831298828125,68.99610137939453
331.2809143066406,144.83709716796875,96.29119873046875,70.10700225830078
331.9320068359375,145.49319458007812,94.94539642333984,69.96430206298828
333.0122985839844,144.16529846191406,91.72339630126953,71.22879791259766
332.1787109375,142.67869567871094,93.61209869384766,72.31770324707031
332.5335998535156,141.94410705566406,94.00199890136719,72.75409698486328
332.9258117675781,141.41639709472656,93.61309814453125,72.785400390625
333.339599609375,142.0570068359375,92.54930114746094,73.64640045166016
332.49481201171875,140.62030029296875,92.38849639892578,74.36820220947266
332.63018798828125,143.18930053710938,90.48470306396484,71.08049774169922
333.8023986816406,143.02020263671875,88.85559844970703,71.739501953125
333.6896057128906,142.82240295410156,89.00900268554688,72.36640167236328
333.1593017578125,140.9626007080078,87.65670013427734,73.00180053710938
333.7069091796875,144.79190063476562,85.35289764404297,69.16699981689453
331.37030029296875,140.14610290527344,88.2083969116211,75.10810089111328
335.22119140625,142.59390258789062,83.93779754638672,71.11979675292969
331.5126953125,139.45370483398438,85.78620147705078,74.47550201416016
336.0486145019531,142.5709991455078,80.62789916992188,71.75360107421875
334.1278991699219,139.97410583496094,81.48390197753906,73.09140014648438
334.67230224609375,140.32839965820312,80.07890319824219,73.04660034179688
335.4696044921875,140.51809692382812,77.46170043945312,73.11699676513672
336.993408203125,141.2574005126953,75.37079620361328,72.03189849853516
336.47430419921875,141.2427978515625,74.65589904785156,71.96330261230469
336.97869873046875,142.25770568847656,73.82939910888672,71.7656021118164
339.5755920410156,142.39950561523438,71.19779968261719,72.2396011352539
341.0038146972656,143.029296875,69.12370300292969,70.44609832763672
343.418212890625,143.89990234375,65.3989028930664,68.42150115966797
344.73260498046875,144.27259826660156,62.40449905395508,68.70020294189453
346.14630126953125,143.87680053710938,60.097999572753906,68.46630096435547
347.5566101074219,143.3542938232422,57.20330047607422,67.89769744873047
348.7481994628906,144.09530639648438,55.98609924316406,67.84259796142578
350.5940856933594,142.6197967529297,54.46549987792969,69.97699737548828
350.7839050292969,142.50390625,53.85179901123047,69.95680236816406
350.93438720703125,142.095703125,52.36370086669922,70.99690246582031
349.6701965332031,140.20199584960938,53.24330139160156,71.37969970703125
351.40948486328125,140.99290466308594,52.41899871826172,71.15969848632812
351.1719055175781,139.19630432128906,51.752498626708984,71.5259017944336
353.5138854980469,139.23080444335938,51.59749984741211,71.18710327148438
354.1835021972656,138.25970458984375,51.58169937133789,70.62409973144531
354.839111328125,136.07110595703125,53.148799896240234,70.83409881591797
357.7156982421875,135.59019470214844,51.87099838256836,71.24220275878906
357.977294921875,134.7666015625,52.57830047607422,71.22730255126953
359.0707092285156,133.6269989013672,52.976200103759766,71.04460144042969
359.414794921875,132.84230041503906,53.961700439453125,72.50279998779297
361.1712951660156,130.8365020751953,53.074798583984375,74.40039825439453
360.55859375,129.94329833984375,54.78730010986328,76.44650268554688
361.91668701171875,129.69830322265625,55.67689895629883,74.77179718017578
361.3923034667969,128.6486053466797,54.90420150756836,73.01180267333984
361.35101318359375,128.53729248046875,55.67449951171875,73.81819915771484
360.8992919921875,128.0222930908203,57.01620101928711,75.48030090332031
360.0508117675781,126.76460266113281,60.43600082397461,77.65299987792969
360.0476989746094,126.21009826660156,60.1864013671875,80.1604995727539
360.06060791015625,127.30549621582031,60.585899353027344,77.5531997680664
358.9027099609375,124.19200134277344,62.61830139160156,80.41320037841797
357.9859924316406,125.85579681396484,64.73280334472656,83.31449890136719
357.88031005859375,124.01129913330078,65.40850067138672,80.3989028930664
359.21490478515625,124.37249755859375,66.6707992553711,80.09770202636719
356.48260498046875,125.25559997558594,70.58699798583984,78.17520141601562
356.7892150878906,124.76570129394531,69.87899780273438,77.893798828125
355.6249084472656,124.47209930419922,71.11630249023438,83.36859893798828
355.3918151855469,124.32330322265625,77.24340057373047,84.21189880371094
352.9906005859375,124.82820129394531,70.47669982910156,83.51210021972656
354.6003112792969,123.72209930419922,71.93800354003906,87.60870361328125
354.03961181640625,122.21389770507812,71.00679779052734,80.7396011352539
349.11279296875,122.24749755859375,81.01719665527344,91.20030212402344
340.4176940917969,122.01319885253906,93.9832992553711,94.05799865722656
346.63299560546875,120.36689758300781,74.92569732666016,85.83480072021484
346.9284973144531,120.49330139160156,78.72429656982422,92.99210357666016
345.6796875,121.50279998779297,78.79389953613281,93.57969665527344
349.76409912109375,121.23200225830078,72.76399993896484,96.42050170898438
350.44061279296875,119.58540344238281,71.34089660644531,100.39630126953125
348.277099609375,119.63919830322266,73.26589965820312,101.27200317382812
340.52130126953125,119.45939636230469,82.23680114746094,99.51349639892578
338.0273132324219,121.5636978149414,82.90160369873047,98.69409942626953
344.2135009765625,121.32080078125,76.51820373535156,95.71219635009766
338.2890930175781,120.59400177001953,81.32230377197266,98.94329833984375
337.51959228515625,121.31649780273438,84.20890045166016,98.2052001953125
336.5281982421875,122.4092025756836,83.94280242919922,98.02850341796875
339.772705078125,121.48190307617188,82.16410064697266,97.85140228271484
341.94000244140625,122.93090057373047,73.30339813232422,97.05889892578125
343.8876953125,123.58180236816406,76.38359832763672,96.73490142822266
345.2085876464844,122.95809936523438,69.98030090332031,96.2477035522461
344.8761901855469,124.20539855957031,68.68389892578125,93.97429656982422
344.0367126464844,124.35890197753906,79.61419677734375,100.0155029296875
343.5840148925781,124.84870147705078,68.79299926757812,96.26370239257812
344.2489929199219,125.1156005859375,74.69770050048828,94.88960266113281
342.9923095703125,124.9530029296875,67.30149841308594,95.94740295410156
343.80059814453125,125.32240295410156,68.18679809570312,93.83059692382812
343.919189453125,126.53970336914062,73.64759826660156,93.63729858398438
342.314697265625,125.93109893798828,65.40560150146484,95.39550018310547
342.660888671875,126.58399963378906,71.92070007324219,93.86160278320312
343.6068115234375,126.935302734375,71.90840148925781,95.16919708251953
344.2593078613281,128.1074981689453,69.93810272216797,96.42030334472656
344.6553955078125,129.39410400390625,68.30419921875,94.54329681396484
343.8952941894531,128.8874053955078,69.5468978881836,97.30889892578125
345.1368103027344,129.118896484375,66.68499755859375,98.50250244140625
344.9112854003906,129.6923065185547,67.6259994506836,100.0895004272461
344.409912109375,130.54530334472656,67.54560089111328,98.6635971069336
344.2455139160156,131.05580139160156,67.72769927978516,98.28350067138672
344.5914001464844,130.92739868164062,65.62550354003906,97.05419921875
345.5332946777344,131.1949005126953,66.84269714355469,99.1227035522461
345.5653991699219,131.0272979736328,64.41560363769531,98.00370025634766
345.33441162109375,131.45799255371094,66.29039764404297,98.8552017211914
345.9619140625,131.7664031982422,66.12930297851562,97.18270111083984
345.67059326171875,131.3916015625,65.22270202636719,97.55570220947266
346.3629150390625,133.0177001953125,65.58509826660156,97.29010009765625
346.6106872558594,131.84800720214844,65.45610046386719,97.92980194091797
347.47119140625,131.97410583496094,64.39119720458984,100.00409698486328
347.922607421875,131.81900024414062,63.247398376464844,100.43579864501953
347.39849853515625,132.12420654296875,65.46890258789062,97.47850036621094
347.8277893066406,131.7187957763672,63.66339874267578,99.47899627685547
347.4462890625,132.16839599609375,64.98999786376953,98.4490966796875
347.3432922363281,132.46170043945312,64.59320068359375,98.8187026977539
347.0747985839844,131.40499877929688,64.87539672851562,98.38569641113281
346.9757080078125,130.39869689941406,63.49399948120117,99.4397964477539
348.1925964355469,131.20889282226562,63.69409942626953,99.35179901123047
348.12548828125,130.6761016845703,63.17279815673828,99.74030303955078
348.34649658203125,130.6466064453125,63.404701232910156,98.14540100097656
348.7239074707031,130.68850708007812,63.969398498535156,98.16519927978516
349.1973876953125,130.54159545898438,62.884498596191406,99.5718994140625
349.2090148925781,130.92050170898438,64.00900268554688,98.1635971069336
349.70159912109375,130.343505859375,63.20790100097656,98.48799896240234
349.70849609375,129.99920654296875,63.95880126953125,98.1636962890625
349.73388671875,129.70550537109375,62.709800720214844,98.44090270996094
349.9216003417969,130.85409545898438,62.31340026855469,98.052001953125
348.6205139160156,130.531005859375,63.583900451660156,99.2261962890625
349.8197021484375,130.46389770507812,64.93949890136719,98.07029724121094
350.2831115722656,130.44769287109375,63.25429916381836,98.47509765625
350.61700439453125,129.85260009765625,64.22599792480469,99.4468994140625
350.193115234375,129.3874053955078,65.79979705810547,98.814697265625
350.9078063964844,128.8697967529297,66.08769989013672,99.76309967041016
352.5533142089844,128.6549072265625,64.63069915771484,100.76439666748047
351.5440979003906,128.40640258789062,68.0989990234375,99.74440002441406
352.7890930175781,126.2344970703125,63.48630142211914,101.2073974609375
