1
529.7979736328125,258.1733093261719,48.0,37.797698974609375
530.6425170898438,259.1315002441406,48.503501892089844,37.13479995727539
528.914306640625,260.2041015625,49.84669876098633,37.66080093383789
527.7432861328125,260.6588134765625,52.241798400878906,38.20600128173828
528.60888671875,260.7007141113281,51.25419998168945,38.11249923706055
526.6530151367188,260.9255065917969,52.619998931884766,38.96269989013672
528.6932983398438,261.1339111328125,51.90850067138672,38.817501068115234
528.7609252929688,261.1177062988281,47.94660186767578,37.655601501464844
529.3145141601562,260.4508972167969,50.17660140991211,40.462100982666016
529.0551147460938,259.6603088378906,49.3307991027832,42.28020095825195
527.5578002929688,259.16229248046875,52.198001861572266,44.03919982910156
524.9910888671875,258.87420654296875,50.799598693847656,44.57929992675781
524.6406860351562,257.5223083496094,53.68870162963867,44.816200256347656
523.1077880859375,256.485595703125,53.15890121459961,46.18539810180664
519.7540283203125,254.7469024658203,58.32440185546875,47.57740020751953
520.34228515625,252.8928985595703,57.95539855957031,47.575199127197266
520.5380859375,253.89630126953125,57.20920181274414,45.44839859008789
520.6837768554688,253.5050048828125,60.042198181152344,44.88970184326172
521.8623046875,253.68479919433594,57.45349884033203,44.485599517822266
520.0200805664062,254.52139282226562,58.36579895019531,42.84270095825195
520.2639770507812,254.33740234375,58.5713996887207,42.812198638916016
522.273681640625,255.0135955810547,57.81290054321289,41.39649963378906
522.8989868164062,254.38279724121094,54.318599700927734,41.03310012817383
524.4478149414062,255.11109924316406,55.90250015258789,42.76179885864258
524.78271484375,252.81080627441406,58.2234001159668,44.11370086669922
524.50048828125,254.73300170898438,58.83259963989258,41.04859924316406
523.4135131835938,257.6036071777344,44.542999267578125,38.22679901123047
521.6724243164062,252.9958038330078,56.72420120239258,43.10309982299805
523.3049926757812,250.7021026611328,57.462398529052734,47.2848014831543
523.1337890625,251.6903076171875,53.93830108642578,47.01259994506836
507.1651916503906,251.98789978027344,69.82859802246094,58.42449951171875
512.23876953125,251.7465057373047,63.442501068115234,52.25790023803711
518.361572265625,251.985107421875,56.23379898071289,47.06159973144531
512.2421875,251.1072998046875,61.789798736572266,55.94419860839844
512.3507080078125,250.14059448242188,61.58869934082031,54.72740173339844
514.4030151367188,250.87440490722656,58.256500244140625,50.43410110473633
518.8424072265625,249.20559692382812,56.814701080322266,47.029300689697266
526.8485717773438,249.86669921875,48.7599983215332,41.39860153198242
516.1641235351562,247.84249877929688,58.60329818725586,61.304500579833984
527.0994873046875,246.52020263671875,48.023799896240234,39.87739944458008
517.88037109375,247.48190307617188,56.61109924316406,42.86579895019531
516.3095092773438,246.09979248046875,55.850101470947266,59.41999816894531
518.19091796875,243.71400451660156,55.016700744628906,54.66780090332031
517.0186767578125,243.9813995361328,55.982601165771484,47.048301696777344
519.6148071289062,242.90170288085938,51.26340103149414,54.52750015258789
524.1259765625,243.1468963623047,52.052398681640625,48.29140090942383
526.6242065429688,243.5220947265625,41.24729919433594,42.688899993896484
530.9019775390625,242.19830322265625,41.597599029541016,43.140899658203125
531.711669921875,243.0841064453125,36.24380111694336,37.4213981628418
530.3126831054688,244.2615966796875,39.937801361083984,57.56019973754883
531.88037109375,244.9853973388672,37.25410079956055,41.21160125732422
535.2310791015625,245.99920654296875,32.87699890136719,36.138301849365234
534.2545776367188,245.0572052001953,33.431800842285156,41.45830154418945
531.5435180664062,245.2541046142578,37.33570098876953,49.688899993896484
529.4985961914062,246.17050170898438,39.75130081176758,43.09109878540039
535.114501953125,245.00379943847656,38.61119842529297,42.48540115356445
534.1082153320312,246.3896942138672,37.74169921875,47.519500732421875
552.2299194335938,246.11399841308594,31.533899307250977,48.24020004272461
536.5391845703125,247.7198944091797,43.20249938964844,46.79389953613281
532.756103515625,247.71009826660156,45.46480178833008,45.42290115356445
536.5206298828125,248.02239990234375,49.19060134887695,45.780399322509766
538.1165771484375,247.26600646972656,52.53350067138672,45.374298095703125
542.2249755859375,248.68870544433594,51.29399871826172,44.420501708984375
548.7938842773438,251.3677978515625,47.01430130004883,42.71649932861328
551.0241088867188,250.69639587402344,45.945701599121094,42.42290115356445
552.4348754882812,250.7100067138672,47.18220138549805,44.035099029541016
561.7313842773438,251.58929443359375,39.551300048828125,44.45119857788086
550.3338012695312,251.12950134277344,52.035499572753906,46.087100982666016
552.9923095703125,254.09280395507812,48.580501556396484,43.8218994140625
552.99267578125,256.6955871582031,46.776100158691406,40.40679931640625
553.0202026367188,258.375,46.549598693847656,39.560699462890625
552.2702026367188,259.4023132324219,46.05039978027344,37.097999572753906
553.3599853515625,259.21630859375,46.1327018737793,39.03850173950195
554.2080078125,260.3642883300781,44.547000885009766,36.44390106201172
553.9635009765625,260.5216064453125,45.129398345947266,37.15520095825195
550.8840942382812,261.47711181640625,47.227901458740234,37.970699310302734
553.7058715820312,263.4248046875,47.97520065307617,38.67470169067383
534.16650390625,264.7344970703125,66.90709686279297,38.10459899902344
542.900390625,264.90850830078125,58.98830032348633,37.31129837036133
551.5037231445312,265.355712890625,54.15879821777344,37.376800537109375
559.9603881835938,266.74371337890625,46.49729919433594,37.790000915527344
563.4188232421875,266.78851318359375,49.21080017089844,37.907501220703125
564.5493774414062,267.0201110839844,46.092201232910156,35.65359878540039
568.75927734375,266.218505859375,45.22560119628906,34.37929916381836
572.5745239257812,263.2919006347656,47.819400787353516,35.7421989440918
579.7730712890625,259.951904296875,47.1697998046875,38.349098205566406
585.6157836914062,257.81280517578125,46.313499450683594,37.566001892089844
590.0858764648438,256.0010070800781,47.04290008544922,36.87480163574219
594.4824829101562,253.56590270996094,46.58169937133789,38.08940124511719
598.4824829101562,252.79849243164062,46.71630096435547,37.372100830078125
600.4526977539062,251.31280517578125,48.11050033569336,38.06529998779297
602.3983764648438,251.5970001220703,47.279701232910156,36.29330062866211
605.789306640625,252.4633026123047,48.02360153198242,37.42789840698242
606.0590209960938,253.50889587402344,47.44900131225586,37.98789978027344
573.8007202148438,261.6040954589844,79.3501968383789,49.10060119628906
601.9915161132812,252.7241973876953,47.91170120239258,40.98509979248047
599.9276733398438,252.43850708007812,46.01139831542969,39.22589874267578
596.342529296875,251.0706024169922,45.63629913330078,37.907501220703125
592.1826171875,250.19000244140625,46.5265007019043,38.3026008605957
588.1948852539062,250.4416046142578,45.80699920654297,37.874900817871094
585.1444702148438,250.33189392089844,45.7318000793457,37.12269973754883
581.7672119140625,250.73129272460938,46.92890167236328,39.34809875488281
581.1760864257812,249.42129516601562,46.16189956665039,39.22549819946289
578.1685180664062,247.56869506835938,46.990699768066406,39.96969985961914
576.041015625,245.96429443359375,47.17210006713867,40.78779983520508
575.2349853515625,246.17160034179688,48.76070022583008,39.94929885864258
573.9528198242188,242.31759643554688,48.5078010559082,38.16659927368164
574.1646118164062,241.93980407714844,51.407501220703125,44.91170120239258
575.9595947265625,240.9698028564453,50.901798248291016,39.76190185546875
582.0017700195312,241.32769775390625,53.57870101928711,46.352699279785156
583.530517578125,240.87249755859375,54.759300231933594,44.890098571777344
588.6198120117188,238.3052978515625,51.82870101928711,42.15019989013672
591.3911743164062,238.81080627441406,57.97949981689453,47.542598724365234
596.2615966796875,236.89779663085938,55.76890182495117,48.551998138427734
598.9235229492188,234.43829345703125,57.378299713134766,45.802799224853516
599.7443237304688,234.20849609375,61.307701110839844,52.040401458740234
602.2095947265625,233.7169952392578,60.791500091552734,48.32490158081055
603.8856201171875,235.75909423828125,59.21049880981445,44.27949905395508
604.174072265625,237.74099731445312,60.650001525878906,48.64540100097656
603.9088745117188,239.7113037109375,60.834999084472656,46.6349983215332
603.0712890625,242.4947967529297,59.49530029296875,51.2598991394043
601.2368774414062,243.3726043701172,59.17250061035156,46.40599822998047
598.806884765625,247.34719848632812,58.13840103149414,50.116798400878906
594.6611938476562,250.75149536132812,59.33660125732422,50.384700775146484
590.2960815429688,253.73309326171875,59.170101165771484,49.906898498535156
586.1312255859375,256.16229248046875,59.23870086669922,49.47119903564453
580.0875854492188,258.684814453125,56.00740051269531,48.12950134277344
569.4467163085938,261.1866149902344,60.93050003051758,49.242698669433594
563.480224609375,264.9956970214844,59.937801361083984,48.3380012512207
557.1552124023438,269.1061096191406,61.79140090942383,46.86090087890625
548.9869995117188,272.2461853027344,62.15439987182617,46.4557991027832
541.3510131835938,276.6120910644531,66.1239013671875,45.40010070800781
534.5816040039062,278.07110595703125,66.37529754638672,45.924198150634766
530.6013793945312,277.4081115722656,62.88410186767578,45.72650146484375
522.6400756835938,276.1979064941406,63.355899810791016,44.31959915161133
514.7349243164062,277.7398986816406,68.60459899902344,47.99359893798828
510.6174011230469,277.83770751953125,66.84919738769531,46.46799850463867
508.52801513671875,279.3638916015625,68.66780090332031,43.91170120239258
505.29998779296875,276.5414123535156,73.15470123291016,47.28239822387695
502.3869934082031,270.7939147949219,78.02449798583984,49.41299819946289
496.9303894042969,268.11370849609375,85.32849884033203,56.28810119628906
496.18121337890625,265.0526123046875,86.87159729003906,68.5260009765625
497.7078857421875,264.3783874511719,89.49949645996094,65.9175033569336
501.1307067871094,264.4386901855469,87.40789794921875,65.74510192871094
501.76239013671875,265.35791015625,87.79609680175781,69.87960052490234
502.12890625,266.685302734375,88.7582015991211,72.76689910888672
499.0426025390625,271.239013671875,91.23609924316406,75.45269775390625
497.7843933105469,278.8700866699219,87.49299621582031,73.85079956054688
500.2427978515625,284.2569885253906,78.2052993774414,67.77339935302734
495.710205078125,295.7846984863281,80.68769836425781,61.51689910888672
499.17169189453125,299.1195068359375,72.00240325927734,59.07350158691406
470.16729736328125,285.0386047363281,98.94619750976562,71.33740234375
486.9960021972656,283.85418701171875,84.29119873046875,89.49400329589844
468.3171081542969,280.0007019042969,97.85540008544922,79.84310150146484
476.5480041503906,281.89630126953125,90.47019958496094,82.40570068359375
477.1003112792969,279.7372131347656,85.29329681396484,79.04029846191406
477.00738525390625,283.1759033203125,83.96620178222656,78.32839965820312
487.0758972167969,282.6129150390625,71.22769927978516,78.36859893798828
480.05889892578125,277.1680908203125,73.197998046875,86.05439758300781
474.5638122558594,273.2486877441406,76.74410247802734,76.05290222167969
461.7225036621094,273.9259033203125,88.08200073242188,64.96489715576172
465.7528991699219,273.8382873535156,90.96859741210938,63.23109817504883
468.40478515625,274.0929870605469,82.61840057373047,63.49599838256836
459.5531005859375,274.00311279296875,88.77429962158203,66.2520980834961
465.9364013671875,274.1300048828125,85.4115982055664,65.24590301513672
466.63189697265625,274.87860107421875,81.10009765625,59.276100158691406
464.3948059082031,279.1003112792969,78.45500183105469,54.26620101928711
469.3196105957031,281.9551086425781,72.91850280761719,54.66699981689453
467.2366027832031,283.2452087402344,71.40879821777344,53.89059829711914
465.86590576171875,283.0082092285156,79.91670227050781,56.297401428222656
458.2721862792969,285.8279113769531,87.49009704589844,58.04570007324219
451.57958984375,284.2127990722656,117.4926986694336,62.60900115966797
456.1918029785156,283.502197265625,111.85140228271484,57.97610092163086
453.9526062011719,285.1571044921875,113.47200012207031,66.36170196533203
446.7698059082031,285.3843078613281,111.668701171875,63.92879867553711
446.06109619140625,284.2944030761719,113.28050231933594,65.38379669189453
437.7207946777344,282.9324951171875,126.80470275878906,67.42310333251953
435.8254089355469,280.43499755859375,129.45339965820312,70.13770294189453
438.4383850097656,280.6466064453125,126.22470092773438,69.59190368652344
444.48748779296875,279.61981201171875,120.90989685058594,69.28810119628906
451.3194885253906,281.1496887207031,110.71759796142578,62.45199966430664
447.0082092285156,282.2944030761719,110.6093978881836,57.81560134887695
448.0730895996094,281.1968078613281,110.66780090332031,52.37310028076172
446.2637939453125,277.8583984375,108.82019805908203,49.93709945678711
446.589111328125,275.7684020996094,103.7593994140625,51.234500885009766
448.44061279296875,274.7467956542969,97.33999633789062,49.3848991394043
448.0611877441406,274.7112121582031,89.32260131835938,48.62030029296875
436.91668701171875,275.82049560546875,88.58460235595703,48.21549987792969
428.73919677734375,276.6716003417969,88.98069763183594,50.488399505615234
426.25311279296875,278.9501037597656,92.13300323486328,52.05609893798828
426.2843933105469,279.4137878417969,89.6166000366211,54.58470153808594
422.0364990234375,277.42230224609375,86.1146011352539,50.74509811401367
427.44580078125,278.6252136230469,80.90579986572266,50.56760025024414
446.9613037109375,279.8052062988281,72.05999755859375,58.56610107421875
442.7179870605469,280.01959228515625,60.845699310302734,53.254600524902344
429.58380126953125,277.035400390625,97.0448989868164,59.72090148925781
429.9682922363281,277.494384765625,101.90969848632812,65.0376968383789
436.0459899902344,278.48089599609375,91.69349670410156,62.69670104980469
435.0259094238281,276.355712890625,88.62010192871094,64.07839965820312
437.8575134277344,280.3597106933594,89.40889739990234,64.64749908447266
434.6431884765625,278.60931396484375,90.2979965209961,69.17459869384766
436.0586853027344,280.24810791015625,89.84459686279297,67.20210266113281
435.651611328125,279.315185546875,91.54229736328125,66.2615966796875
420.5244140625,275.82391357421875,129.02650451660156,91.10810089111328
409.934814453125,272.4479064941406,126.76480102539062,76.13050079345703
442.6521911621094,273.3468933105469,74.00350189208984,61.11180114746094
417.5481872558594,265.705810546875,101.81759643554688,72.52539825439453
426.6724853515625,260.72650146484375,101.97660064697266,77.6395034790039
440.0763854980469,266.5880126953125,87.48410034179688,73.472900390625
414.4183044433594,251.42669677734375,112.3666000366211,89.76959991455078
413.2771911621094,253.37879943847656,111.04170227050781,107.5647964477539
413.6333923339844,251.9622039794922,106.59210205078125,103.92970275878906
415.2344055175781,253.93299865722656,104.67400360107422,97.38189697265625
410.5307922363281,251.8762969970703,108.30650329589844,108.58519744873047
415.081298828125,255.485107421875,102.11900329589844,103.0989990234375
421.3815002441406,252.83599853515625,100.80259704589844,103.27269744873047
426.82598876953125,254.5966033935547,96.14409637451172,96.7323989868164
425.4596862792969,257.3938903808594,101.79119873046875,97.71859741210938
430.20330810546875,259.2857971191406,100.09359741210938,90.27580261230469
434.769287109375,262.3710021972656,98.21440124511719,80.10389709472656
434.4248962402344,265.8738098144531,101.34400177001953,106.08090209960938
437.8382873535156,269.356689453125,98.85559844970703,80.4761962890625
439.15460205078125,273.8753967285156,102.33260345458984,90.05909729003906
439.6416931152344,274.5159912109375,108.24109649658203,81.34919738769531
445.1741027832031,276.46099853515625,107.24150085449219,90.85929870605469
441.49798583984375,279.7630920410156,115.72000122070312,89.89240264892578
458.110595703125,283.1094970703125,99.59739685058594,84.83070373535156
451.215087890625,284.15008544921875,107.66529846191406,86.60240173339844
458.0632019042969,286.05340576171875,102.53919982910156,92.85890197753906
457.8890075683594,289.9617919921875,102.16580200195312,84.10980224609375
449.7843017578125,290.9598083496094,108.61609649658203,85.3198013305664
433.5527038574219,292.0080871582031,123.69640350341797,102.11640167236328
455.1286926269531,293.7652893066406,104.00969696044922,89.41449737548828
459.9744873046875,299.493896484375,101.6885986328125,92.25630187988281
477.94830322265625,300.17138671875,84.76249694824219,97.40869903564453
483.0176086425781,302.4059143066406,81.94529724121094,96.37090301513672
481.07861328125,305.11480712890625,82.13729858398438,92.3511962890625
466.8905944824219,309.2420959472656,96.14579772949219,95.81410217285156
456.10888671875,311.3116149902344,114.66510009765625,100.76570129394531
460.0201110839844,311.1065979003906,114.0864028930664,106.27570343017578
463.1820068359375,315.2933044433594,110.92060089111328,101.84049987792969
460.1369934082031,317.7732849121094,115.96620178222656,99.16680145263672
464.1272888183594,321.0860900878906,107.69609832763672,94.75769805908203
458.09100341796875,328.3735046386719,111.13030242919922,90.8240966796875
458.9501953125,330.9743957519531,105.29540252685547,87.60710144042969
459.29620361328125,327.1322937011719,141.07020568847656,93.52290344238281
455.1322021484375,330.6828918457031,113.87239837646484,84.91310119628906
459.2705078125,329.8328857421875,106.46029663085938,84.57209777832031
453.658203125,327.5685119628906,148.22549438476562,84.16809844970703
453.7481994628906,327.7856140136719,143.35350036621094,81.98539733886719
453.5425109863281,327.768798828125,123.55799865722656,80.2665023803711
451.2669982910156,328.8371887207031,132.9217071533203,77.97959899902344
455.90301513671875,326.14111328125,146.60780334472656,81.1760025024414
455.806396484375,325.7961120605469,147.639404296875,81.36100006103516
454.56201171875,324.3277893066406,148.0186004638672,79.1698989868164
453.58929443359375,326.5884094238281,143.1298065185547,76.62249755859375
448.72601318359375,326.8023986816406,151.51669311523438,73.61129760742188
454.82708740234375,318.6672058105469,130.94549560546875,82.38179779052734
458.5419006347656,320.13751220703125,105.2020034790039,78.25980377197266
422.6534118652344,315.18218994140625,163.29519653320312,72.6852035522461
434.41680908203125,317.1781005859375,138.43850708007812,78.62789916992188
469.77880859375,319.52178955078125,105.27110290527344,78.947998046875
473.048095703125,322.0450134277344,92.51709747314453,75.98190307617188
474.0539855957031,319.4309997558594,100.1488037109375,79.697998046875
472.3829040527344,318.4043884277344,106.05110168457031,77.4302978515625
477.84478759765625,316.0873107910156,91.52159881591797,77.89830017089844
470.9353942871094,315.86761474609375,98.06809997558594,75.2864990234375
471.7510070800781,314.3662109375,101.20169830322266,77.56410217285156
471.4805908203125,314.3393859863281,102.2760009765625,79.4801025390625
469.22601318359375,313.277099609375,100.00559997558594,80.47930145263672
470.426513671875,312.3949890136719,103.03309631347656,79.9977035522461
468.7575988769531,314.37908935546875,109.09940338134766,78.72650146484375
467.8952941894531,314.0448913574219,97.00990295410156,72.80580139160156
466.16778564453125,314.3487854003906,109.44860076904297,70.03250122070312
469.9906005859375,315.7296142578125,92.0093002319336,63.60449981689453
475.5910949707031,317.5382080078125,87.47799682617188,68.3572006225586
472.42388916015625,318.1029052734375,136.29750061035156,71.11289978027344
474.6783142089844,318.5332946777344,94.57140350341797,79.98419952392578
480.77850341796875,320.4833068847656,102.1061019897461,74.1093978881836
474.89520263671875,322.02490234375,96.24369812011719,70.01730346679688
484.00531005859375,324.144287109375,120.05500030517578,66.4561996459961
481.2420959472656,327.6849060058594,111.8052978515625,69.018798828125
481.9042053222656,330.239990234375,140.13980102539062,64.89620208740234
488.35479736328125,331.08160400390625,128.83079528808594,62.624298095703125
484.8586120605469,334.6250915527344,109.25530242919922,55.99079895019531
484.32159423828125,334.40301513671875,132.2993927001953,61.727500915527344
501.1991882324219,334.8192138671875,118.60929870605469,64.92759704589844
495.0810852050781,335.73260498046875,87.48629760742188,52.3921012878418
494.8673095703125,334.72491455078125,91.10359954833984,50.572601318359375
496.8211975097656,333.6532897949219,99.08460235595703,55.976200103759766
500.4042053222656,334.4173889160156,135.25050354003906,54.47800064086914
500.8734130859375,335.143310546875,99.44869995117188,52.755001068115234
501.5736083984375,334.3944091796875,136.28480529785156,54.967899322509766
495.1217956542969,335.4601135253906,109.50700378417969,56.868099212646484
498.4755859375,335.21490478515625,98.89089965820312,55.791500091552734
496.1072082519531,336.927001953125,138.60189819335938,56.361900329589844
480.12298583984375,328.440185546875,129.51829528808594,67.18379974365234
496.0895080566406,334.3872985839844,134.4550018310547,65.28919982910156
494.1383972167969,324.4841003417969,102.26290130615234,76.13159942626953
493.2983093261719,324.4984130859375,108.09089660644531,76.96990203857422
491.510986328125,324.94989013671875,108.62629699707031,79.55560302734375
494.37969970703125,323.97100830078125,103.60679626464844,81.93659973144531
489.9717102050781,322.7499084472656,107.44770050048828,84.20970153808594
489.5086975097656,323.76080322265625,114.8124008178711,84.74700164794922
493.2547912597656,321.23858642578125,102.04409790039062,89.11109924316406
491.98480224609375,321.74310302734375,102.98580169677734,83.22920227050781
491.226806640625,320.77459716796875,102.24859619140625,80.8115005493164
494.8150939941406,321.54010009765625,102.38089752197266,78.77040100097656
490.0315856933594,319.0470886230469,106.25499725341797,85.51300048828125
493.9685974121094,320.423095703125,106.14579772949219,81.7427978515625
493.61871337890625,316.75360107421875,101.47859954833984,85.13729858398438
497.62969970703125,316.17718505859375,100.9176025390625,79.99739837646484
499.8804931640625,318.3042907714844,93.14630126953125,69.2322998046875
500.10931396484375,319.00860595703125,101.61540222167969,79.30480194091797
502.7423095703125,319.6536865234375,101.3145980834961,73.25409698486328
502.31689453125,322.7663879394531,104.49400329589844,77.0176010131836
502.3351135253906,324.9989013671875,110.49949645996094,77.88829803466797
505.3026123046875,330.0663146972656,110.0344009399414,76.97319793701172
505.8695983886719,329.96881103515625,108.1802978515625,76.67780303955078
508.54290771484375,328.8163146972656,104.2345962524414,79.67060089111328
510.09368896484375,329.8653869628906,104.9271011352539,78.5385971069336
508.9175109863281,329.8941955566406,105.60639953613281,79.2228012084961
506.30560302734375,330.68450927734375,110.1405029296875,77.49210357666016
503.90478515625,327.53851318359375,107.77400207519531,81.26640319824219
500.5586853027344,326.97039794921875,104.331298828125,76.11430358886719
497.0531921386719,323.82708740234375,103.3678970336914,75.36019897460938
493.5194091796875,320.5835876464844,101.92880249023438,74.3363037109375
490.11029052734375,318.1590881347656,100.77259826660156,69.97959899902344
487.20941162109375,316.1513977050781,97.72029876708984,69.64459991455078
479.8475036621094,312.1253967285156,99.18329620361328,67.38860321044922
475.5982971191406,308.29840087890625,96.79530334472656,69.51399993896484
471.47021484375,305.75,97.88469696044922,71.66010284423828
467.0531921386719,302.0981140136719,94.81109619140625,69.6802978515625
464.34600830078125,299.95220947265625,90.28690338134766,67.21869659423828
461.7076110839844,293.1181945800781,88.09159851074219,67.66390228271484
458.5286865234375,287.98638916015625,90.095703125,70.0614013671875
431.4205017089844,281.3973083496094,115.45069885253906,81.44100189208984
443.9932861328125,277.52679443359375,101.4458999633789,82.55799865722656
433.0730895996094,275.79669189453125,113.33979797363281,104.53019714355469
447.2366027832031,274.9241943359375,98.0990982055664,99.1968002319336
445.2283935546875,272.4020080566406,96.910400390625,105.81159973144531
448.8568115234375,270.13690185546875,89.08200073242188,101.92729949951172
453.6676940917969,272.3547058105469,85.72589874267578,93.65180206298828
454.5982971191406,273.1080017089844,83.62689971923828,95.11190032958984
452.06280517578125,276.5841064453125,85.04769897460938,90.71749877929688
452.3102111816406,278.20941162109375,83.87310028076172,91.59590148925781
467.2923889160156,280.9440002441406,71.18499755859375,87.90339660644531
456.5003967285156,284.6448059082031,86.93879699707031,84.46880340576172
450.2615051269531,285.4602966308594,94.01319885253906,82.29750061035156
452.5002136230469,287.08441162109375,93.16580200195312,76.23380279541016
446.2214050292969,291.5718994140625,102.6404037475586,77.3240966796875
454.9898986816406,294.0401916503906,96.3855972290039,80.00509643554688
449.293212890625,298.4513854980469,101.77989959716797,77.24569702148438
445.4244079589844,300.912109375,105.73560333251953,81.91079711914062
448.6101989746094,304.9910888671875,100.65129852294922,87.69100189208984
450.55670166015625,308.36669921875,98.63310241699219,91.7322006225586
445.8124084472656,317.912109375,98.6001968383789,86.39009857177734
439.6809997558594,318.5494079589844,102.62190246582031,95.99639892578125
439.6390075683594,321.0087890625,99.25050354003906,99.1281967163086
437.04779052734375,320.7981872558594,96.63020324707031,104.4030990600586
431.093505859375,319.5806884765625,98.36669921875,107.63939666748047
428.63580322265625,318.9388122558594,98.93949890136719,107.14839935302734
412.2872009277344,317.2029113769531,120.64510345458984,107.09130096435547
428.1470947265625,316.08160400390625,102.71859741210938,105.3843994140625
426.08428955078125,314.14739990234375,106.96070098876953,102.19629669189453
422.69720458984375,314.9735107421875,111.16619873046875,94.91400146484375
420.53680419921875,315.40899658203125,111.59860229492188,96.03959655761719
417.7161865234375,317.2143859863281,113.73650360107422,94.18930053710938
417.3959045410156,312.5757141113281,111.82749938964844,97.22200012207031
411.45269775390625,307.3245849609375,114.58329772949219,103.89820098876953
411.0006103515625,303.285400390625,111.99970245361328,110.21440124511719
408.96771240234375,299.8465881347656,109.59290313720703,111.88590240478516
403.40509033203125,298.0840148925781,112.22579956054688,115.44750213623047
397.9613037109375,297.8016052246094,112.05650329589844,111.43830108642578
391.68438720703125,300.0398864746094,115.39550018310547,108.779296875
383.00738525390625,298.3976135253906,122.73580169677734,108.76380157470703
381.7652893066406,300.840087890625,124.25659942626953,106.91899871826172
379.4678955078125,303.2388916015625,125.95140075683594,108.64969635009766
376.8940124511719,304.4726867675781,129.83399963378906,107.81719970703125
375.0437927246094,308.15380859375,130.1331024169922,102.98809814453125
379.2049865722656,312.47198486328125,132.38429260253906,98.74590301513672
384.85699462890625,314.8009948730469,132.6226043701172,91.26270294189453
391.4627990722656,326.3190002441406,114.59839630126953,82.04930114746094
395.36199951171875,318.9224853515625,130.47410583496094,90.32360076904297
396.5549011230469,319.39068603515625,130.5460968017578,89.49079895019531
396.18280029296875,321.1332092285156,130.75770568847656,86.11579895019531
398.55828857421875,324.8627014160156,132.21389770507812,86.98580169677734
402.89300537109375,332.4460144042969,126.92220306396484,78.95999908447266
406.99371337890625,334.3385925292969,124.65889739990234,79.14019775390625
413.36920166015625,349.0177001953125,116.33000183105469,66.04850006103516
423.4287109375,355.3395080566406,111.45809936523438,58.07740020751953
427.55218505859375,352.1784973144531,110.13569641113281,64.91280364990234
426.2886047363281,366.8870849609375,111.93620300292969,54.00230026245117
424.03369140625,350.4469909667969,116.18460083007812,68.60209655761719
426.39599609375,361.98809814453125,116.25450134277344,58.672000885009766
421.9397888183594,351.8883056640625,122.80390167236328,67.50910186767578
431.11151123046875,348.3840026855469,114.597900390625,62.04779815673828
435.00439453125,341.8200988769531,111.57969665527344,61.797401428222656
425.151611328125,338.7702941894531,120.07260131835938,68.70690155029297
415.3335876464844,334.59381103515625,128.28990173339844,73.70819854736328
412.22088623046875,333.7637939453125,129.01739501953125,75.99259948730469
417.2742919921875,329.46868896484375,130.38330078125,79.66449737548828
407.15380859375,326.4154052734375,129.82879638671875,80.75
406.3890075683594,323.1117858886719,130.0364990234375,87.9312973022461
413.0851135253906,321.5284118652344,122.90850067138672,88.56520080566406
414.1046142578125,320.0539855957031,115.8864974975586,83.9813003540039
406.9796142578125,317.8171081542969,117.97570037841797,91.68119812011719
405.6086120605469,315.12310791015625,116.7384033203125,92.12310028076172
404.310791015625,312.1094970703125,117.35820007324219,92.5177993774414
399.4065856933594,308.8929138183594,118.64929962158203,102.33830261230469
402.14129638671875,305.7143859863281,113.44730377197266,100.69770050048828
398.4422912597656,303.8919982910156,119.06320190429688,106.58560180664062
397.5361022949219,300.1213073730469,122.15869903564453,112.32219696044922
398.04180908203125,299.5755920410156,124.64749908447266,110.27950286865234
399.0115051269531,298.5791931152344,130.42640686035156,110.9885025024414
404.53350830078125,296.1326904296875,125.74040222167969,113.55269622802734
404.231201171875,296.4731140136719,124.94650268554688,115.05829620361328
403.87799072265625,296.68328857421875,124.86900329589844,114.43190002441406
409.3948059082031,294.6695861816406,120.96829986572266,107.51210021972656
405.4136962890625,292.51611328125,128.30850219726562,108.50550079345703
406.505615234375,292.0580139160156,124.45790100097656,106.17019653320312
408.28619384765625,291.4480895996094,120.71649932861328,107.60089874267578
408.4646911621094,289.3489990234375,119.69000244140625,106.92530059814453
410.19891357421875,286.4784851074219,122.3468017578125,110.0248031616211
411.18109130859375,286.37060546875,122.48139953613281,112.06629943847656
413.73089599609375,285.4035949707031,120.34239959716797,107.76329803466797
417.11468505859375,285.84100341796875,115.79519653320312,110.61710357666016
419.0238952636719,285.7575988769531,116.40869903564453,111.87200164794922
423.8193054199219,285.98541259765625,112.74500274658203,111.61409759521484
428.6706848144531,285.7901916503906,110.4729995727539,117.18560028076172
437.00518798828125,286.85760498046875,105.7313003540039,114.92739868164062
445.735595703125,288.0010986328125,99.1261978149414,114.99469757080078
451.1455993652344,290.4645080566406,101.29920196533203,114.89070129394531
455.56878662109375,304.3634033203125,95.62220001220703,103.89009857177734
459.5369873046875,319.9912109375,87.1957015991211,88.2311019897461
461.76300048828125,289.40289306640625,90.88569641113281,112.40239715576172
465.2043151855469,289.9374084472656,92.43930053710938,114.46089935302734
463.4569091796875,287.0172119140625,96.5530014038086,119.20870208740234
463.7767028808594,286.1117858886719,98.01210021972656,118.3196029663086
464.9453125,284.7408142089844,95.83529663085938,113.98030090332031
464.6972961425781,284.2582092285156,99.88330078125,110.9646987915039
461.9148864746094,283.2247009277344,104.43779754638672,110.39330291748047
462.1669006347656,283.0339050292969,112.50990295410156,110.1270980834961
460.6200866699219,284.1347961425781,111.81120300292969,104.56710052490234
459.1506042480469,280.6700134277344,117.07779693603516,105.10050201416016
458.3619079589844,280.8756103515625,115.85459899902344,100.71420288085938
456.9576110839844,280.00311279296875,122.4541015625,98.36479949951172
456.5657043457031,279.1307067871094,126.4541015625,98.87300109863281
452.14788818359375,278.6944885253906,130.83999633789062,93.18659973144531
458.6182861328125,281.5423889160156,125.04850006103516,90.14080047607422
458.7139892578125,282.26300048828125,125.04859924316406,88.408203125
460.3257141113281,284.05230712890625,124.89360046386719,88.19010162353516
461.6354064941406,285.7054138183594,123.51000213623047,92.04979705810547
458.97491455078125,289.397705078125,120.61260223388672,90.61740112304688
457.6283874511719,294.84320068359375,117.9926986694336,86.41069793701172
455.28790283203125,293.2952880859375,114.59259796142578,85.14929962158203
455.70269775390625,289.61859130859375,114.306396484375,85.17160034179688
451.9237060546875,284.34368896484375,104.95600128173828,84.51370239257812
450.5038146972656,278.38189697265625,108.8219985961914,88.16639709472656
448.7919006347656,278.43939208984375,101.38590240478516,85.63680267333984
449.2862854003906,279.07489013671875,103.5562973022461,83.0436019897461
443.07659912109375,276.9393005371094,112.12190246582031,84.09590148925781
443.18939208984375,277.44171142578125,108.11299896240234,83.81759643554688
439.6886901855469,276.9541015625,111.4751968383789,84.30290222167969
441.1617126464844,280.0210876464844,111.37010192871094,83.75350189208984
434.6824035644531,282.1003112792969,100.74189758300781,82.33450317382812
433.48980712890625,278.40069580078125,107.86799621582031,86.0447998046875
429.07330322265625,278.9143981933594,108.60579681396484,86.30149841308594
424.51409912109375,275.93011474609375,111.97329711914062,88.5593032836914
420.5552978515625,272.35760498046875,117.8740005493164,91.20819854736328
417.01141357421875,267.85540771484375,121.73040008544922,95.88400268554688
414.7322082519531,263.7762145996094,122.61499786376953,98.96240234375
412.9830017089844,256.7294921875,125.84310150146484,106.70580291748047
412.4482116699219,249.5050048828125,134.7425994873047,113.22339630126953
408.7893981933594,244.45889282226562,130.931396484375,114.78669738769531
409.1141052246094,242.86500549316406,131.4552001953125,114.58670043945312
411.0779113769531,241.85740661621094,133.00650024414062,112.63999938964844
409.1310119628906,244.40260314941406,128.74989318847656,110.38169860839844
410.68280029296875,245.93789672851562,130.5574951171875,109.55609893798828
410.78900146484375,254.03709411621094,128.52130126953125,103.91179656982422
412.5260009765625,255.38980102539062,132.7342071533203,105.10929870605469
412.6130065917969,260.6600036621094,131.72259521484375,102.96189880371094
417.9801940917969,258.5776062011719,132.4116973876953,104.69309997558594
417.3334045410156,259.41009521484375,135.6656036376953,108.03350067138672
420.80108642578125,261.3664855957031,135.50819396972656,108.89459991455078
422.0049133300781,261.21240234375,130.93460083007812,110.94419860839844
423.30609130859375,262.06280517578125,133.13780212402344,115.3634033203125
425.29888916015625,264.090087890625,137.62460327148438,115.47380065917969
426.03448486328125,265.9866027832031,136.3979949951172,115.70069885253906
427.3446960449219,263.662109375,136.48370361328125,118.18930053710938
433.0397033691406,262.2770080566406,136.5717010498047,119.54930114746094
435.814697265625,256.4726867675781,138.27870178222656,122.83989715576172
435.76519775390625,254.85890197753906,141.4304962158203,122.4175033569336
439.7538146972656,253.35580444335938,140.72959899902344,126.24539947509766
442.0527038574219,253.82679748535156,148.06520080566406,129.4250030517578
440.0390930175781,259.2909851074219,141.5780029296875,124.7938003540039
444.02178955078125,259.2314147949219,141.03379821777344,126.28679656982422
449.07830810546875,250.77020263671875,147.0594940185547,134.18649291992188
455.92449951171875,250.33560180664062,137.78089904785156,134.21580505371094
458.8019104003906,261.43060302734375,128.30450439453125,121.06079864501953
459.87060546875,261.0354919433594,127.04830169677734,118.16539764404297
457.5165100097656,259.7319030761719,115.1708984375,115.52690124511719
455.6908874511719,265.3930969238281,104.82160186767578,105.9188003540039
447.7423095703125,263.7515869140625,104.10310363769531,103.82019805908203
434.260986328125,260.9075012207031,107.54419708251953,107.9072036743164
419.0744934082031,261.5346984863281,113.31420135498047,109.96119689941406
402.6957092285156,256.9305114746094,120.12000274658203,114.1312026977539
372.5674133300781,251.6165008544922,131.16650390625,123.6708984375
358.7156982421875,251.00999450683594,135.4185028076172,126.69029998779297
338.0119934082031,251.3751983642578,139.6125030517578,126.67680358886719
318.927001953125,249.88490295410156,141.45460510253906,128.72860717773438
301.869384765625,248.7353057861328,140.34739685058594,128.32179260253906
286.4630126953125,248.76539611816406,142.0697021484375,124.83570098876953
270.1654052734375,250.1826934814453,142.40390014648438,123.6166000366211
278.3052978515625,254.5756072998047,124.1957015991211,121.16300201416016
263.1438903808594,260.877197265625,136.08389282226562,116.5436019897461
266.0032958984375,264.4648132324219,130.86610412597656,118.44029998779297
257.7914123535156,268.0443115234375,137.04849243164062,115.01740264892578
247.62559509277344,272.8987121582031,144.26280212402344,113.8125991821289
246.72450256347656,276.78271484375,140.88819885253906,113.63919830322266
243.71929931640625,281.8746032714844,144.73519897460938,109.62100219726562
239.44509887695312,283.8699951171875,145.6820068359375,109.697998046875
235.56759643554688,286.50738525390625,144.24330139160156,108.56060028076172
232.69970703125,289.3963928222656,142.60330200195312,108.49559783935547
228.4674072265625,291.8609924316406,143.16949462890625,111.91649627685547
222.5605926513672,294.8669128417969,143.9622039794922,113.2864990234375
220.68319702148438,298.0310974121094,144.060302734375,110.86479949951172
225.10169982910156,303.6155090332031,139.131103515625,111.66560363769531
222.32640075683594,308.7596130371094,138.56300354003906,109.5779037475586
223.44400024414062,314.9612121582031,140.2574005126953,107.08619689941406
226.88909912109375,325.590087890625,141.2030029296875,95.91320037841797
239.47830200195312,331.40411376953125,131.35699462890625,89.87079620361328
239.7841033935547,335.7137145996094,136.42149353027344,84.77790069580078
245.3936004638672,339.12451171875,138.1663055419922,84.05159759521484
248.79660034179688,347.1069030761719,151.73500061035156,77.44000244140625
257.1575927734375,355.8153991699219,141.6029052734375,68.07740020751953
267.081787109375,363.2969970703125,135.20989990234375,59.381500244140625
276.51031494140625,359.5143127441406,132.95089721679688,64.98719787597656
277.00299072265625,354.543212890625,131.23260498046875,75.61160278320312
278.7987976074219,355.0262145996094,135.19349670410156,82.62359619140625
288.3443908691406,353.2132873535156,134.80990600585938,93.5968017578125
294.9823913574219,351.5613098144531,134.7606964111328,100.79550170898438
293.5140075683594,350.7301025390625,133.81739807128906,110.84349822998047
294.8937072753906,349.2951965332031,133.53199768066406,116.5645980834961
297.0617980957031,349.9455871582031,128.58360290527344,119.10890197753906
295.8822021484375,351.2408142089844,127.32610321044922,120.26069641113281
297.0602111816406,354.0981140136719,127.95339965820312,118.87570190429688
297.2318115234375,356.8026123046875,131.67579650878906,116.71510314941406
296.9855041503906,358.6719055175781,132.38490295410156,116.4437026977539
296.40728759765625,358.4649963378906,134.97520446777344,119.24420166015625
294.5893859863281,354.6300048828125,134.51370239257812,120.0647964477539
295.6950988769531,352.4180908203125,134.8690948486328,120.60890197753906
298.60430908203125,351.29840087890625,129.1938934326172,113.533203125
296.9495849609375,348.6719055175781,139.62680053710938,113.29149627685547
298.78369140625,348.5050964355469,137.4593963623047,113.41089630126953
303.8916015625,348.46661376953125,135.0697021484375,114.30049896240234
308.0057067871094,346.53131103515625,134.39410400390625,114.05650329589844
307.5504150390625,346.5223083496094,135.3874969482422,112.04029846191406
310.5061950683594,347.5567932128906,132.36289978027344,109.48069763183594
312.839599609375,351.11981201171875,126.07679748535156,100.8947982788086
316.95098876953125,353.9435119628906,121.71060180664062,95.32820129394531
318.26470947265625,354.6748962402344,123.49410247802734,97.63130187988281
325.2052001953125,359.57818603515625,122.56719970703125,91.19999694824219
332.1246032714844,363.0701904296875,119.63739776611328,81.58599853515625
339.4126892089844,365.7690124511719,118.92440032958984,76.22689819335938
350.06280517578125,371.1077880859375,114.5022964477539,66.7394027709961
359.3363952636719,376.5758056640625,110.14550018310547,61.949501037597656
369.6903991699219,377.1752014160156,104.7313003540039,60.46889877319336
381.21160888671875,377.7279968261719,100.24559783935547,58.23899841308594
389.4114074707031,377.23919677734375,100.55059814453125,59.79629898071289
395.0975036621094,375.65380859375,102.07009887695312,62.79069900512695
371.105712890625,375.4927978515625,128.68359375,65.11509704589844
396.44580078125,375.46710205078125,108.32730102539062,69.49610137939453
378.5965881347656,371.2778015136719,126.10230255126953,75.5115966796875
385.19140625,364.4635009765625,122.15010070800781,83.63580322265625
406.8439025878906,365.602294921875,101.39299774169922,82.67500305175781
378.39068603515625,354.301513671875,127.84100341796875,95.40769958496094
378.47430419921875,355.38641357421875,128.2642059326172,94.85820007324219
377.6246032714844,355.4195861816406,129.40609741210938,95.47229766845703
379.74688720703125,356.24530029296875,122.36530303955078,96.80000305175781
378.5494079589844,351.94891357421875,120.61009979248047,100.33989715576172
380.2070007324219,345.3699951171875,117.91799926757812,105.81839752197266
382.1109924316406,341.71978759765625,113.48670196533203,107.61710357666016
382.9285888671875,337.3363037109375,111.6416015625,109.60800170898438
392.3622131347656,336.0826110839844,101.07279968261719,106.49939727783203
394.1225891113281,333.080810546875,99.11530303955078,105.12750244140625
401.2627868652344,330.3782958984375,90.59459686279297,101.25830078125
398.85040283203125,323.7121887207031,91.7334976196289,101.39749908447266
399.55999755859375,323.25518798828125,90.46080017089844,98.2490005493164
398.62451171875,313.9400939941406,89.73709869384766,100.08920288085938
396.27630615234375,314.3671875,90.59980010986328,95.9719009399414
385.59930419921875,306.5426025390625,103.67990112304688,100.63919830322266
381.01348876953125,302.6451110839844,110.83940124511719,103.6686019897461
378.38128662109375,302.4892883300781,111.02729797363281,102.36170196533203
374.04998779296875,302.4079895019531,114.56230163574219,101.61820220947266
374.9661865234375,300.22198486328125,110.73169708251953,99.7947006225586
371.51458740234375,299.3736877441406,112.74150085449219,99.78289794921875
371.64068603515625,298.88848876953125,109.25450134277344,98.4979019165039
365.54901123046875,298.52130126953125,111.1156997680664,99.97149658203125
358.9237060546875,298.3811950683594,114.70259857177734,99.86589813232422
353.4776916503906,297.9577941894531,116.23249816894531,97.61329650878906
352.2550964355469,299.0730895996094,115.5614013671875,95.20989990234375
346.8891906738281,298.7796936035156,119.7511978149414,91.93699645996094
344.0616149902344,299.30999755859375,117.50029754638672,89.20459747314453
338.5350036621094,300.33990478515625,118.22760009765625,86.37789916992188
332.85528564453125,303.3028869628906,119.76069641113281,81.30870056152344
331.3960876464844,307.4985046386719,117.51599884033203,75.19139862060547
327.3941955566406,311.74310302734375,116.46089935302734,67.39969635009766
325.1991882324219,319.6575012207031,114.04930114746094,57.035400390625
323.7287902832031,318.4703063964844,110.88619995117188,62.961299896240234
327.22760009765625,319.9731140136719,105.25389862060547,65.58309936523438
314.29058837890625,312.2681884765625,110.8102035522461,79.00189971923828
306.30511474609375,309.6040954589844,113.29940032958984,80.02999877929688
318.4292907714844,308.7558898925781,99.33609771728516,81.73560333251953
313.31109619140625,305.1687927246094,100.52159881591797,81.60310363769531
314.2854919433594,303.03570556640625,99.09369659423828,86.98149871826172
308.1835021972656,301.1897888183594,103.1104965209961,88.6897964477539
308.06329345703125,299.4247131347656,101.85910034179688,93.45120239257812
303.17010498046875,295.6242980957031,103.09420013427734,97.60649871826172
299.10321044921875,293.9017028808594,103.2344970703125,100.1052017211914
295.8775939941406,291.7919921875,103.32469940185547,101.31790161132812
294.5078125,290.60528564453125,99.31189727783203,103.79399871826172
294.10931396484375,290.4325866699219,96.91580200195312,102.99500274658203
291.0899963378906,289.402587890625,95.71549987792969,103.10479736328125
291.118408203125,289.8171081542969,94.8290023803711,103.77839660644531
291.4486083984375,289.63641357421875,95.01180267333984,104.10820007324219
289.735107421875,292.39599609375,96.283203125,101.57759857177734
290.252685546875,293.0928039550781,98.03970336914062,100.28469848632812
291.5205993652344,292.7630920410156,96.74040222167969,98.90480041503906
292.8186950683594,295.4598083496094,96.46320343017578,95.91390228271484
295.0137939453125,295.4056091308594,97.66390228271484,95.49359893798828
298.85198974609375,296.2016906738281,98.63059997558594,93.41790008544922
300.9722900390625,297.32769775390625,96.82270050048828,92.7334976196289
306.21160888671875,297.96038818359375,95.79620361328125,92.47029876708984
304.5364990234375,299.4396057128906,102.57450103759766,93.41190338134766
305.8414001464844,300.60211181640625,104.35449981689453,93.31169891357422
309.85198974609375,301.72509765625,104.70230102539062,92.35240173339844
311.1330871582031,302.6498107910156,107.22570037841797,91.90350341796875
312.1400146484375,302.9104919433594,109.21260070800781,91.4719009399414
317.493408203125,302.4872131347656,106.73789978027344,92.69719696044922
318.38409423828125,303.98858642578125,107.33390045166016,90.49530029296875
324.74591064453125,303.0773010253906,104.41690063476562,91.93150329589844
332.62908935546875,304.9971923828125,97.69049835205078,90.07730102539062
340.0805969238281,305.1924133300781,100.39080047607422,91.2477035522461
347.3912048339844,306.1824951171875,100.20909881591797,90.96859741210938
352.12420654296875,305.79168701171875,97.84770202636719,91.72530364990234
357.168701171875,307.84259033203125,100.76300048828125,89.85759735107422
365.3927917480469,307.0575866699219,97.78099822998047,89.66670227050781
369.04510498046875,310.7886047363281,97.03980255126953,85.28929901123047
375.4117126464844,311.75830078125,99.26689910888672,80.28510284423828
383.0360107421875,313.6893005371094,96.99530029296875,77.40869903564453
388.7007141113281,314.6695861816406,95.14320373535156,75.94850158691406
393.64471435546875,315.6400146484375,95.80239868164062,76.33070373535156
399.4560852050781,315.8872985839844,93.53700256347656,76.41020202636719
403.17559814453125,315.5285949707031,96.02400207519531,77.63619995117188
407.4811096191406,314.6925048828125,94.34369659423828,79.66220092773438
410.8494873046875,309.53350830078125,98.01470184326172,84.1083984375
413.610595703125,308.9140930175781,96.27369689941406,84.17179870605469
416.0545959472656,308.09320068359375,98.30149841308594,85.57050323486328
417.92950439453125,306.8576965332031,92.72889709472656,86.83570098876953
417.8995056152344,307.7408142089844,92.80809783935547,86.32219696044922
417.9242858886719,307.5508117675781,94.5509033203125,87.19619750976562
420.6459045410156,308.16339111328125,84.40959930419922,86.20909881591797
423.72979736328125,310.96978759765625,78.0271987915039,85.42859649658203
425.591796875,309.5643005371094,77.52369689941406,87.27159881591797
425.0397033691406,312.4679870605469,76.64099884033203,85.33450317382812
426.13970947265625,312.0574035644531,78.4656982421875,86.21260070800781
427.0835876464844,315.0639953613281,79.90360260009766,82.25479888916016
426.0462951660156,320.7755126953125,79.24859619140625,75.87419891357422
425.04229736328125,321.6158142089844,82.0602035522461,73.22429656982422
425.80810546875,320.31768798828125,81.22699737548828,74.24099731445312
425.90411376953125,321.4696960449219,79.86990356445312,74.2301025390625
425.81060791015625,326.0893859863281,75.51180267333984,70.11150360107422
425.4035949707031,327.5802001953125,76.30390167236328,69.99169921875
424.1778869628906,327.39630126953125,77.34739685058594,72.23899841308594
422.23260498046875,327.720703125,77.0344009399414,72.3772964477539
419.16339111328125,330.1044006347656,76.20459747314453,71.78269958496094
417.0000915527344,330.0603942871094,76.11409759521484,72.4677963256836
414.6272888183594,331.493896484375,78.1166000366211,73.2947998046875
412.4100036621094,322.177490234375,81.2300033569336,82.97889709472656
408.10321044921875,326.6799011230469,82.30570220947266,79.98069763183594
406.82281494140625,329.5050964355469,82.18360137939453,77.9751968383789
407.1581115722656,329.12451171875,83.13899993896484,78.72339630126953
406.0006103515625,329.27880859375,83.8031997680664,79.31680297851562
405.8797912597656,330.47198486328125,83.76170349121094,76.74759674072266
405.04058837890625,327.6954040527344,84.14910125732422,79.75679779052734
402.8417053222656,323.876708984375,87.53730010986328,83.05280303955078
402.4635009765625,320.6412048339844,86.28569793701172,85.45719909667969
402.15618896484375,317.66790771484375,87.30370330810547,87.31690216064453
402.8670959472656,315.0531005859375,88.29389953613281,88.74839782714844
402.8221130371094,311.1766052246094,88.55030059814453,90.76360321044922
402.552001953125,311.0203857421875,89.01139831542969,90.31900024414062
404.84320068359375,311.3002014160156,87.76119995117188,88.04769897460938
407.0823059082031,312.0434875488281,85.79460144042969,89.18779754638672
404.9139099121094,312.993408203125,93.6321029663086,88.10199737548828
406.9024963378906,314.9986877441406,88.72530364990234,87.22059631347656
410.8013916015625,316.4515075683594,90.9094009399414,86.2864990234375
411.50048828125,316.1018981933594,90.40579986572266,86.0344009399414
416.580810546875,315.71600341796875,92.4490966796875,84.40080261230469
414.85888671875,316.24371337890625,97.40039825439453,79.49089813232422
418.46728515625,318.11968994140625,93.80470275878906,73.96630096435547
423.3326110839844,319.7919921875,95.17769622802734,70.36859893798828
427.39739990234375,321.4560852050781,87.61139678955078,68.42120361328125
428.877685546875,322.5882873535156,89.16120147705078,67.20069885253906
431.7817077636719,324.0851135253906,89.66329956054688,67.0010986328125
429.3035888671875,324.8244934082031,90.45220184326172,67.16220092773438
429.4136047363281,326.5476989746094,94.25350189208984,67.53099822998047
432.0487976074219,326.8431091308594,93.80460357666016,67.78939819335938
439.4035949707031,328.3216857910156,88.51309967041016,66.78559875488281
437.7152099609375,329.56451416015625,93.2072982788086,68.64119720458984
439.3205871582031,330.7948913574219,93.49649810791016,68.00910186767578
440.9314880371094,333.573486328125,91.19869995117188,69.12830352783203
440.7944030761719,333.7406005859375,93.26390075683594,73.33390045166016
440.747314453125,333.3222961425781,94.89679718017578,73.36810302734375
443.7997131347656,337.3611145019531,95.91459655761719,71.14579772949219
442.2076110839844,338.4447937011719,99.03459930419922,70.79840087890625
445.8844909667969,339.0852966308594,96.70339965820312,72.28179931640625
449.7420959472656,338.8306884765625,95.1333999633789,73.22000122070312
452.726806640625,340.4233093261719,95.08540344238281,71.98760223388672
453.8163146972656,339.9103088378906,95.38790130615234,71.91239929199219
456.63238525390625,337.9465026855469,93.58609771728516,72.3113021850586
458.52630615234375,336.78131103515625,93.04460144042969,72.19029998779297
463.4288024902344,332.45098876953125,89.71499633789062,73.70929718017578
458.4744873046875,326.5971984863281,94.04010009765625,76.39720153808594
461.7908020019531,323.52191162109375,92.31549835205078,77.1134033203125
462.2438049316406,320.76739501953125,91.80699920654297,79.36710357666016
463.50390625,318.3410949707031,91.47429656982422,79.4811019897461
465.3216857910156,316.84149169921875,90.73269653320312,79.50399780273438
464.73858642578125,314.525390625,91.52670288085938,77.84529876708984
460.4762878417969,313.6348876953125,93.94519805908203,81.01830291748047
468.0602111816406,310.1780090332031,85.2925033569336,78.38390350341797
457.5054016113281,308.59271240234375,93.6875,78.60639953613281
456.5685119628906,308.1596984863281,93.59609985351562,79.60990142822266
449.1889953613281,306.0633850097656,97.63300323486328,80.7405014038086
454.3924865722656,304.99578857421875,91.96820068359375,77.69599914550781
462.431396484375,303.2590026855469,81.70970153808594,76.97940063476562
451.3048095703125,301.2134094238281,90.50800323486328,73.67549896240234
448.1158142089844,298.83380126953125,90.78309631347656,75.49320220947266
449.46051025390625,297.5126037597656,85.50849914550781,71.04630279541016
445.0768127441406,293.5321960449219,86.54730224609375,72.41739654541016
442.1737060546875,290.590087890625,86.37169647216797,71.75879669189453
442.0765075683594,288.2257080078125,84.04340362548828,71.47899627685547
435.77740478515625,285.518798828125,86.19580078125,72.86229705810547
433.5188903808594,283.4209899902344,84.52330017089844,72.1093978881836
429.2135925292969,281.4674072265625,84.86139678955078,69.2573013305664
425.7333984375,279.0339050292969,86.4656982421875,68.8832015991211
424.97821044921875,277.6567077636719,87.41600036621094,67.37830352783203
423.1953125,277.7283935546875,90.62760162353516,65.49849700927734
424.1661071777344,273.1773986816406,87.60099792480469,65.643798828125
422.52850341796875,271.28271484375,87.71749877929688,63.9452018737793
423.0205078125,268.9992980957031,85.60420227050781,62.3031005859375
422.51971435546875,265.9751892089844,85.04180145263672,60.66780090332031
422.4353942871094,264.6961975097656,84.99690246582031,60.84400177001953
421.64898681640625,263.1759948730469,85.27580261230469,57.727901458740234
420.9988098144531,262.8638916015625,82.53669738769531,57.438201904296875
420.9278869628906,264.44769287109375,81.5447998046875,56.799800872802734
423.2821044921875,265.13970947265625,79.30380249023438,50.077999114990234
429.21600341796875,263.4617919921875,76.99980163574219,44.04999923706055
429.5101013183594,263.6401062011719,76.24040222167969,42.922698974609375
430.95220947265625,261.8847961425781,74.91940307617188,44.88999938964844
431.0555114746094,261.59698486328125,76.10669708251953,44.83509826660156
430.86700439453125,259.6889953613281,76.90619659423828,45.49919891357422
430.0895080566406,257.3122863769531,78.79779815673828,46.50320053100586
426.9114990234375,257.61669921875,79.18479919433594,48.19200134277344
422.7414855957031,253.506103515625,81.6532974243164,52.7677001953125
420.6326904296875,251.114501953125,85.4988021850586,55.66529846191406
419.29840087890625,247.297607421875,86.58820343017578,61.2666015625
421.106689453125,246.87789916992188,82.62799835205078,63.52859878540039
420.5306091308594,245.55140686035156,84.68450164794922,66.42449951171875
420.1957092285156,243.4875030517578,86.66940307617188,68.89119720458984
419.2294006347656,241.4010009765625,85.57520294189453,70.06340026855469
420.89788818359375,241.83560180664062,83.49410247802734,69.60310363769531
421.0718078613281,241.55630493164062,82.29190063476562,69.88159942626953
421.7195129394531,241.73500061035156,82.0000991821289,69.53829956054688
421.84210205078125,240.77699279785156,81.595703125,68.63529968261719
421.4162902832031,241.40240478515625,82.82270050048828,67.00080108642578
421.54058837890625,241.3800048828125,81.43800354003906,64.1010971069336
422.5776062011719,241.7451934814453,81.09329986572266,63.64569854736328
420.11260986328125,240.4091033935547,85.45559692382812,62.07569885253906
418.1377868652344,241.2530059814453,85.28250122070312,62.04710006713867
423.6976013183594,239.60000610351562,83.71019744873047,60.0359001159668
420.4530944824219,237.4720001220703,83.95819854736328,60.205501556396484
424.4831848144531,237.8022003173828,81.08899688720703,59.46070098876953
424.21728515625,236.1864013671875,80.5634994506836,61.103599548339844
425.9729919433594,235.5924072265625,82.66470336914062,62.71540069580078
427.7284851074219,235.95249938964844,80.33380126953125,64.11190032958984
429.335693359375,236.4604949951172,79.88179779052734,65.22480010986328
430.65020751953125,236.13560485839844,78.08519744873047,64.71369934082031
429.46148681640625,236.28590393066406,79.56379699707031,65.06659698486328
428.752197265625,236.15289306640625,79.84089660644531,65.40779876708984
427.95660400390625,236.78610229492188,77.86820220947266,65.38629913330078
426.87060546875,239.14450073242188,81.88099670410156,63.4119987487793
426.0715026855469,241.80560302734375,82.08570098876953,60.61280059814453
423.1068115234375,244.78919982910156,84.56199645996094,57.15549850463867
423.0718078613281,245.4178009033203,83.10150146484375,56.79059982299805
422.3622131347656,248.01220703125,81.89739990234375,51.10129928588867
419.8922119140625,249.70230102539062,80.30879974365234,48.11759948730469
415.0635070800781,251.42520141601562,81.6458969116211,44.73809814453125
412.92620849609375,247.85629272460938,82.26640319824219,48.91419982910156
410.2771911621094,246.09339904785156,80.61910247802734,51.65299987792969
407.9273986816406,245.781005859375,81.77680206298828,54.29050064086914
407.6051940917969,244.78939819335938,85.85030364990234,57.04999923706055
409.1387939453125,243.42660522460938,84.24330139160156,61.68410110473633
411.5111083984375,242.07479858398438,82.80130004882812,63.83489990234375
411.95440673828125,242.03109741210938,83.8770980834961,66.68949890136719
410.70941162109375,242.5446014404297,82.79900360107422,66.55999755859375
411.90411376953125,243.64999389648438,86.61990356445312,66.24189758300781
412.2402038574219,243.69500732421875,81.05740356445312,67.44779968261719
413.8880920410156,247.35870361328125,80.47689819335938,65.91329956054688
412.7213134765625,249.23069763183594,83.47820281982422,65.3019027709961
413.7449951171875,249.52040100097656,83.4999008178711,66.79429626464844
413.25860595703125,250.6427001953125,82.08360290527344,67.92539978027344
416.04339599609375,252.0924072265625,80.94999694824219,67.4656982421875
413.9656982421875,253.7342071533203,82.56610107421875,66.99839782714844
417.2051086425781,255.70779418945312,80.6780014038086,66.2394027709961
417.7347106933594,256.4577941894531,81.37010192871094,67.13760375976562
419.47900390625,257.03509521484375,81.0155029296875,67.82520294189453
417.7232971191406,259.6716003417969,82.34609985351562,67.17459869384766
418.57049560546875,260.3669128417969,80.83519744873047,67.13739776611328
417.43341064453125,262.148193359375,84.03780364990234,66.40699768066406
415.0078125,263.62799072265625,85.87110137939453,65.01239776611328
415.27911376953125,264.618896484375,86.09210205078125,64.408203125
416.981689453125,267.7467956542969,82.99800109863281,63.89899826049805
419.3294982910156,272.5614929199219,83.52490234375,62.464298248291016
421.8147888183594,277.6899108886719,83.28130340576172,62.61090087890625
425.6730041503906,280.1961975097656,80.56819915771484,62.539100646972656
425.72430419921875,282.72589111328125,82.38200378417969,62.6150016784668
424.61669921875,285.775390625,84.56490325927734,62.65700149536133
422.7168884277344,288.68231201171875,83.13369750976562,60.30780029296875
423.7283020019531,292.5238952636719,84.49299621582031,61.78990173339844
419.7206115722656,296.88580322265625,80.8115005493164,61.64820098876953
418.8026123046875,302.3223876953125,84.64910125732422,60.671600341796875
416.8493957519531,305.8949890136719,84.09459686279297,61.56449890136719
415.7521057128906,307.5580139160156,86.92639923095703,63.02909851074219
413.9595947265625,309.19268798828125,86.4395980834961,64.58290100097656
411.0570983886719,312.0928039550781,86.06999969482422,63.67720031738281
410.88299560546875,313.4892883300781,85.345703125,63.626800537109375
408.9447021484375,314.10260009765625,87.24510192871094,65.15409851074219
407.510986328125,314.914306640625,89.7074966430664,63.78329849243164
407.6440124511719,315.6850891113281,89.01820373535156,66.75350189208984
405.71820068359375,316.03289794921875,84.73359680175781,66.50090026855469
401.35418701171875,320.32440185546875,92.05709838867188,67.84619903564453
397.2607116699219,324.15869140625,85.02320098876953,67.51589965820312
396.77288818359375,326.2320861816406,85.26219940185547,68.04940032958984
392.7348937988281,327.3283996582031,84.80290222167969,67.75180053710938
389.3074951171875,329.0426025390625,87.8727035522461,66.58180236816406
389.543212890625,330.30511474609375,87.04049682617188,67.42559814453125
387.1341857910156,332.31890869140625,93.25659942626953,66.42530059814453
387.835693359375,333.2615966796875,81.5291976928711,65.98509979248047
387.65521240234375,333.6659851074219,79.33059692382812,64.0824966430664
389.3608093261719,331.5076904296875,79.68879699707031,63.30459976196289
387.6509094238281,329.15948486328125,112.13849639892578,71.07450103759766
389.95928955078125,325.91241455078125,92.24629974365234,71.49330139160156
391.1249084472656,322.2796936035156,98.86399841308594,70.18569946289062
393.1401062011719,319.273193359375,85.07620239257812,67.46540069580078
390.8761901855469,312.1581115722656,111.50250244140625,71.36940002441406
395.927001953125,308.7090148925781,90.44450378417969,73.1531982421875
408.9657897949219,307.9661865234375,72.9645004272461,71.46640014648438
400.92449951171875,306.4718933105469,60.101200103759766,69.10600280761719
391.30841064453125,306.04888916015625,81.4645004272461,68.45980072021484
387.1877136230469,306.2745056152344,91.73999786376953,69.65959930419922
392.69189453125,305.86279296875,90.88610076904297,68.56330108642578
393.20550537109375,305.4242858886719,93.44519805908203,71.0552978515625
397.7398986816406,302.03131103515625,90.47679901123047,72.28559875488281
403.97491455078125,302.71881103515625,88.61940002441406,70.9447021484375
409.5119934082031,302.5215148925781,84.5436019897461,70.2260971069336
403.8900146484375,300.06298828125,92.00460052490234,71.64009857177734
410.2851867675781,300.0011901855469,86.78980255126953,71.1729965209961
403.0646057128906,298.23309326171875,94.27020263671875,71.1355972290039
404.3324890136719,297.07720947265625,92.14839935302734,71.38379669189453
403.59429931640625,297.47320556640625,89.81849670410156,70.39600372314453
404.7752990722656,298.08599853515625,94.34329986572266,69.52349853515625
396.3868103027344,296.1317138671875,95.5105972290039,70.53289794921875
395.1144104003906,296.29119873046875,93.59829711914062,69.79010009765625
391.9130859375,296.3505859375,96.22339630126953,68.60780334472656
388.9668884277344,293.5646057128906,97.44599914550781,69.58489990234375
388.4263916015625,292.72320556640625,100.63179779052734,69.86019897460938
387.46429443359375,289.97760009765625,94.41680145263672,70.55889892578125
386.2434997558594,289.3515930175781,99.41320037841797,69.13700103759766
385.8004150390625,288.1664123535156,98.1688003540039,70.05229949951172
383.7666931152344,287.68170166015625,102.58149719238281,71.50740051269531
389.90679931640625,285.03729248046875,89.71320343017578,75.51969909667969
390.59368896484375,280.4801025390625,100.1626968383789,77.2229995727539
393.8651123046875,277.1236877441406,89.63760375976562,81.97869873046875
395.551513671875,273.71630859375,91.96910095214844,83.25330352783203
397.18609619140625,269.06781005859375,87.14869689941406,85.66419982910156
398.1626892089844,267.10809326171875,81.61859893798828,88.23159790039062
398.1095886230469,266.4646911621094,81.46640014648438,90.40019989013672
398.8136901855469,267.560791015625,79.68710327148438,88.58529663085938
396.60699462890625,270.340087890625,81.65540313720703,87.80449676513672
396.3251037597656,271.2095947265625,84.21929931640625,87.96420288085938
415.1617126464844,275.13018798828125,64.84490203857422,71.39289855957031
405.12939453125,274.39300537109375,72.55169677734375,75.2760009765625
400.33758544921875,271.17181396484375,78.1321029663086,76.65779876708984
405.3334045410156,266.6690979003906,73.88790130615234,77.4260025024414
408.66351318359375,264.64849853515625,58.252201080322266,74.88289642333984
404.9007873535156,262.41339111328125,57.77579879760742,71.6355972290039
386.8103942871094,260.5943908691406,61.65879821777344,66.61730194091797
382.673095703125,255.7220001220703,64.63909912109375,72.31670379638672
379.09521484375,250.5279998779297,65.30560302734375,69.78600311279297
379.9961853027344,247.07400512695312,75.17829895019531,77.73429870605469
374.6546936035156,241.1728057861328,84.04940032958984,86.99980163574219
370.9440002441406,236.7498016357422,88.53150177001953,89.05660247802734
368.9627990722656,236.85450744628906,88.70960235595703,85.6626968383789
366.0751953125,235.45460510253906,89.99440002441406,87.83529663085938
363.1661071777344,234.8824005126953,92.29679870605469,91.49009704589844
361.8377990722656,235.10659790039062,97.9229965209961,90.18450164794922
362.0559997558594,235.94580078125,97.908203125,91.30039978027344
362.42669677734375,235.11439514160156,97.08370208740234,89.47450256347656
361.1805114746094,236.97579956054688,101.2603988647461,86.27059936523438
362.0476989746094,236.68089294433594,98.39550018310547,86.03140258789062
367.11590576171875,235.69720458984375,92.9529037475586,85.39299774169922
358.7033996582031,233.0634002685547,102.20989990234375,82.39189910888672
365.255615234375,227.61070251464844,94.67680358886719,81.22339630126953
367.92401123046875,225.12130737304688,95.16510009765625,79.30249786376953
375.7008972167969,226.83050537109375,86.6531982421875,72.69229888916016
366.2419128417969,225.2373046875,98.29149627685547,75.81729888916016
379.089111328125,227.77000427246094,88.2489013671875,72.6405029296875
375.6781005859375,228.5417938232422,93.68280029296875,73.61119842529297
385.4390869140625,229.0072021484375,90.28510284423828,76.40750122070312
387.86029052734375,229.01809692382812,88.1769027709961,76.21009826660156
386.6300964355469,228.9781036376953,90.09159851074219,77.26640319824219
379.4909973144531,226.11289978027344,96.88020324707031,77.8396987915039
380.3789978027344,227.05459594726562,94.02210235595703,77.43270111083984
379.04278564453125,228.05050659179688,93.14250183105469,74.91400146484375
377.2619934082031,226.8625946044922,90.21089935302734,71.47969818115234
374.66650390625,225.94090270996094,91.62079620361328,71.34010314941406
374.2677001953125,226.49169921875,90.9030990600586,69.00499725341797
370.2795104980469,226.51890563964844,90.57839965820312,68.46399688720703
362.53448486328125,225.0998992919922,93.86859893798828,68.89250183105469
355.4269104003906,223.5637969970703,97.625,69.77580261230469
352.5032043457031,224.65220642089844,94.62999725341797,70.48739624023438
353.352294921875,227.3148956298828,97.03479766845703,69.7113037109375
351.8799133300781,226.10069274902344,97.03450012207031,70.24549865722656
348.4620056152344,226.17529296875,97.32479858398438,69.59609985351562
345.3681945800781,226.1273956298828,99.7405014038086,70.83689880371094
343.03961181640625,227.22579956054688,96.72810363769531,71.93659973144531
344.8312072753906,228.24270629882812,100.03839874267578,74.9280014038086
344.83929443359375,227.6378936767578,102.57929992675781,76.2437973022461
341.83599853515625,227.8677978515625,101.8196029663086,77.43319702148438
339.1792907714844,231.10800170898438,101.7970962524414,76.86090087890625
338.5539855957031,230.1551055908203,102.6041030883789,81.54620361328125
336.0443115234375,229.81239318847656,102.25360107421875,82.9375
332.7366943359375,225.1190948486328,105.38279724121094,80.70670318603516
333.62091064453125,222.90899658203125,101.36599731445312,77.5916976928711
339.9996032714844,225.48590087890625,96.72949981689453,71.3905029296875
337.0953063964844,225.54429626464844,92.50769805908203,70.58660125732422
331.6326904296875,225.3000946044922,92.86380004882812,69.46440124511719
319.6951904296875,225.95509338378906,97.45059967041016,72.98770141601562
309.84429931640625,228.49769592285156,100.47879791259766,73.4977035522461
