1
254.6365966796875,146.17010498046875,106.69419860839844,70.27459716796875
272.885498046875,156.535400390625,69.2385025024414,54.29050064086914
254.87269592285156,142.1905059814453,121.48619842529297,80.756103515625
287.14788818359375,161.45010375976562,106.38410186767578,54.75809860229492
280.25750732421875,157.2216033935547,69.3915023803711,49.892799377441406
283.9186096191406,159.8773956298828,66.08529663085938,44.90399932861328
284.7326965332031,156.5727996826172,73.71939849853516,48.62089920043945
289.1250915527344,159.39019775390625,68.6852035522461,45.76570129394531
283.0657958984375,153.34669494628906,93.28199768066406,59.242698669433594
380.4577941894531,163.57220458984375,44.973899841308594,58.77470016479492
381.4356994628906,164.3730926513672,43.599998474121094,56.97060012817383
381.46649169921875,166.7301025390625,42.965999603271484,54.92689895629883
380.1622009277344,165.40480041503906,43.84410095214844,55.39289855957031
378.98590087890625,166.58920288085938,43.41299819946289,55.32619857788086
378.90380859375,165.54119873046875,43.6786003112793,55.32059860229492
379.2818908691406,165.8137969970703,43.59880065917969,56.89789962768555
379.72760009765625,165.97410583496094,43.34560012817383,58.4635009765625
381.2456970214844,165.9488067626953,42.980201721191406,58.386199951171875
381.8648986816406,161.8719024658203,41.82429885864258,62.55149841308594
381.289794921875,159.73770141601562,43.03099822998047,65.07569885253906
378.4013977050781,156.32879638671875,47.59239959716797,69.02110290527344
378.412109375,155.56399536132812,50.998199462890625,69.3772964477539
376.33209228515625,155.9403076171875,56.49760055541992,71.0469970703125
376.9092102050781,160.0634002685547,61.485599517822266,71.46099853515625
379.7565002441406,160.19459533691406,65.69139862060547,77.68669891357422
381.1023864746094,165.4320068359375,71.256103515625,75.14360046386719
395.6332092285156,174.71499633789062,68.20220184326172,69.07520294189453
402.926513671875,175.55169677734375,70.73789978027344,68.80940246582031
412.7077941894531,180.6656951904297,73.27010345458984,67.52529907226562
417.9202880859375,182.1862030029297,79.51619720458984,65.49120330810547
424.8656005859375,184.53500366210938,82.9374008178711,65.52159881591797
425.2571105957031,184.93040466308594,90.27960205078125,68.6135025024414
422.98651123046875,184.826904296875,99.55780029296875,72.1957015991211
420.54168701171875,184.95030212402344,102.33470153808594,76.01419830322266
419.8998107910156,185.82269287109375,99.34010314941406,81.58149719238281
417.3008117675781,185.6013946533203,97.19329833984375,81.77429962158203
414.71551513671875,184.977294921875,97.20680236816406,81.86270141601562
412.2724914550781,185.13800048828125,97.34320068359375,82.62480163574219
411.3825988769531,185.87120056152344,96.59420013427734,82.30780029296875
409.5137023925781,185.73570251464844,98.32099914550781,82.5365982055664
409.8714904785156,186.66329956054688,98.28739929199219,82.25450134277344
410.66650390625,186.5063934326172,97.30740356445312,83.94239807128906
411.2716979980469,187.2158966064453,97.54920196533203,83.76750183105469
411.2785949707031,190.514404296875,96.76950073242188,79.76740264892578
410.6606140136719,189.5028076171875,97.96479797363281,81.94779968261719
411.7467956542969,189.86509704589844,98.16200256347656,80.77290344238281
412.5473937988281,189.97959899902344,97.95040130615234,80.4845962524414
411.7087097167969,189.0478973388672,98.19960021972656,82.69120025634766
411.7970886230469,190.3426971435547,99.841796875,82.15059661865234
413.0882873535156,190.14759826660156,99.78500366210938,82.47010040283203
414.2410888671875,189.30979919433594,101.55180358886719,84.10759735107422
416.69940185546875,189.13340759277344,98.66110229492188,86.08679962158203
422.4335021972656,192.3708038330078,91.64779663085938,82.95159912109375
412.1416015625,200.02850341796875,101.58059692382812,84.25910186767578
423.0408020019531,182.67140197753906,106.67849731445312,99.19120025634766
417.0155944824219,177.4779052734375,65.45459747314453,84.89219665527344
413.7441101074219,189.33290100097656,96.51170349121094,85.99500274658203
413.6383056640625,188.09910583496094,96.87030029296875,85.90010070800781
411.381103515625,187.25689697265625,97.95050048828125,86.09200286865234
411.3622131347656,187.022705078125,99.00520324707031,86.95570373535156
408.9247131347656,185.10260009765625,99.0770034790039,87.22019958496094
406.9744873046875,182.1907958984375,100.20079803466797,89.33769989013672
401.8830871582031,179.78880310058594,103.26480102539062,91.42169952392578
397.74090576171875,177.9969940185547,105.29550170898438,91.760498046875
391.3326110839844,175.7227020263672,108.98590087890625,92.48590087890625
380.1824951171875,175.17149353027344,114.16419982910156,90.7343978881836
369.53851318359375,173.7135009765625,118.55740356445312,88.51020050048828
355.4180908203125,173.65980529785156,122.65480041503906,86.58309936523438
342.6983947753906,171.5487060546875,125.68340301513672,85.73480224609375
325.9462890625,168.6988067626953,129.0229034423828,83.92669677734375
313.98779296875,166.3852996826172,127.42250061035156,83.60150146484375
309.07989501953125,166.4127960205078,119.5802001953125,81.17759704589844
305.9023132324219,169.19740295410156,113.9220962524414,76.7925033569336
304.34429931640625,172.40780639648438,107.99549865722656,73.09600067138672
312.0263977050781,175.1363983154297,93.3104019165039,71.3822021484375
323.8236083984375,179.75340270996094,65.88020324707031,65.22660064697266
336.0745849609375,180.65199279785156,66.03610229492188,69.76679992675781
338.52490234375,184.9759979248047,72.95220184326172,71.44840240478516
336.4082946777344,189.11900329589844,86.2052993774414,72.86019897460938
334.65728759765625,190.96910095214844,99.95780181884766,72.59549713134766
329.80169677734375,188.6092987060547,114.75779724121094,77.65760040283203
324.2239074707031,185.21620178222656,126.11319732666016,81.4175033569336
317.2296142578125,185.50010681152344,134.18600463867188,81.71980285644531
307.8276062011719,184.5218963623047,139.56500244140625,78.71379852294922
299.2143859863281,182.7407989501953,141.50669860839844,79.77439880371094
292.65130615234375,180.80189514160156,139.74180603027344,79.33670043945312
288.3340148925781,180.81759643554688,143.21719360351562,78.77639770507812
282.2674865722656,175.9407958984375,141.8491973876953,77.63490295410156
275.6545104980469,176.25540161132812,141.10499572753906,74.92739868164062
273.1070861816406,174.43040466308594,140.71839904785156,74.34310150146484
270.5997009277344,174.32400512695312,140.1602020263672,72.4552993774414
268.08880615234375,172.6638946533203,140.556396484375,72.2780990600586
266.7799987792969,174.172607421875,141.49899291992188,70.7603988647461
265.6097106933594,174.52830505371094,141.24209594726562,69.30879974365234
265.5611877441406,172.76229858398438,141.7935028076172,71.02330017089844
265.87078857421875,174.3000030517578,140.71730041503906,69.19170379638672
264.4085998535156,174.25619506835938,141.42449951171875,69.28630065917969
264.97601318359375,170.95950317382812,141.12660217285156,72.71009826660156
264.3371887207031,174.3874969482422,141.84620666503906,69.70790100097656
265.63360595703125,170.86630249023438,141.82000732421875,72.81600189208984
265.7622985839844,170.64840698242188,140.74859619140625,73.00969696044922
265.5555114746094,172.5399932861328,142.0561981201172,70.86260223388672
262.9223937988281,172.3155059814453,143.2042999267578,71.42559814453125
263.67510986328125,171.65679931640625,140.4976043701172,71.37840270996094
262.6083068847656,168.46380615234375,142.0113983154297,74.99739837646484
262.92120361328125,170.86880493164062,140.78729248046875,73.54419708251953
261.8287048339844,170.09939575195312,141.7095947265625,74.15989685058594
260.6724853515625,172.29339599609375,141.82809448242188,72.2645034790039
257.7726135253906,173.79119873046875,143.34939575195312,70.85030364990234
258.4049072265625,174.00709533691406,142.84339904785156,71.1176986694336
255.53469848632812,172.15530395507812,144.10240173339844,72.39520263671875
256.3116149902344,173.5153045654297,142.41050720214844,70.5740966796875
254.95770263671875,172.3538055419922,144.16720581054688,70.43710327148438
254.89309692382812,169.8166961669922,144.85769653320312,70.45320129394531
254.4553985595703,167.3000946044922,144.66140747070312,70.39730072021484
254.65969848632812,164.68429565429688,145.15699768066406,70.74169921875
254.5885009765625,162.17999267578125,145.19239807128906,67.78569793701172
253.54989624023438,156.8948974609375,145.1571044921875,70.73259735107422
253.66969299316406,151.90789794921875,145.82789611816406,74.40239715576172
254.49349975585938,144.52499389648438,142.94659423828125,78.87190246582031
257.62078857421875,140.53439331054688,137.4844970703125,81.31279754638672
260.55010986328125,130.51080322265625,132.1179962158203,88.33830261230469
266.1094055175781,126.17639923095703,124.40750122070312,87.99559783935547
269.9892883300781,121.17459869384766,117.90809631347656,86.2260971069336
272.464111328125,121.0072021484375,113.97059631347656,81.4802017211914
273.7160949707031,118.39289855957031,113.45169830322266,82.62689971923828
277.1897888183594,120.37550354003906,109.66470336914062,79.85279846191406
277.6520080566406,123.518798828125,111.12000274658203,78.11129760742188
274.5014953613281,127.55059814453125,119.28260040283203,75.1697006225586
280.63330078125,133.32989501953125,115.04679870605469,68.3563003540039
281.197998046875,134.39540100097656,116.2781982421875,65.73519897460938
282.62200927734375,137.36109924316406,116.9489974975586,64.072998046875
281.40850830078125,140.84759521484375,119.95760345458984,60.831600189208984
286.8421936035156,139.8166961669922,116.40910339355469,62.06050109863281
286.63018798828125,141.75680541992188,116.07430267333984,59.06439971923828
287.4873046875,142.89390563964844,116.25420379638672,58.436100006103516
287.6241149902344,143.2093963623047,114.90859985351562,58.23640060424805
288.6361083984375,144.57749938964844,115.54090118408203,57.49470138549805
289.21240234375,143.52529907226562,114.6405029296875,58.09280014038086
290.8482971191406,144.68960571289062,114.60189819335938,57.77989959716797
292.4696044921875,145.42379760742188,113.83080291748047,58.03689956665039
292.4179992675781,148.502197265625,113.30290222167969,56.927398681640625
293.5351867675781,147.62269592285156,112.75080108642578,58.63589859008789
294.72088623046875,151.11639404296875,112.09760284423828,57.22529983520508
295.3302001953125,150.99209594726562,113.12539672851562,58.09170150756836
297.11138916015625,149.63169860839844,109.42610168457031,59.77239990234375
296.32818603515625,151.74240112304688,112.49579620361328,58.72840118408203
297.9789123535156,154.5872039794922,111.10179901123047,57.99919891357422
298.8562927246094,155.33270263671875,107.16999816894531,58.266998291015625
299.0492858886719,157.7053985595703,112.24330139160156,58.04249954223633
300.3988952636719,158.89540100097656,109.8927993774414,58.14509963989258
300.29510498046875,159.88470458984375,113.73419952392578,57.494998931884766
300.6441955566406,159.44459533691406,112.05619812011719,58.252201080322266
299.5509033203125,159.30279541015625,111.82839965820312,58.50809860229492
300.043701171875,159.56700134277344,112.11940002441406,58.43659973144531
297.20318603515625,159.59739685058594,114.19259643554688,58.793399810791016
297.33050537109375,159.4947052001953,114.45610046386719,58.472900390625
295.9609069824219,158.6934051513672,114.80989837646484,58.940799713134766
296.6076965332031,159.1761016845703,115.68329620361328,58.118099212646484
297.06658935546875,157.5146026611328,113.38829803466797,59.081298828125
295.51708984375,154.71409606933594,115.58570098876953,59.94260025024414
293.61700439453125,152.50990295410156,117.89520263671875,58.906898498535156
294.18548583984375,147.3385009765625,116.36180114746094,55.866798400878906
296.7637023925781,136.5989990234375,114.50469970703125,57.94049835205078
294.8429870605469,128.75210571289062,117.44290161132812,58.24190139770508
295.3653869628906,122.8635025024414,114.54650115966797,58.8203010559082
296.2146911621094,118.90979766845703,113.61979675292969,58.687400817871094
292.3215026855469,116.83910369873047,116.28410339355469,59.317501068115234
294.1780090332031,115.84010314941406,116.9458999633789,59.76259994506836
295.7135009765625,116.75589752197266,114.20880126953125,59.98540115356445
294.61859130859375,119.14540100097656,115.83460235595703,59.003700256347656
295.65618896484375,121.71299743652344,117.2134017944336,59.23460006713867
296.6866149902344,122.49440002441406,117.80670166015625,59.81570053100586
294.8664855957031,123.9657974243164,120.752197265625,58.28049850463867
294.94488525390625,123.55760192871094,123.14530181884766,58.88999938964844
299.456787109375,122.0541000366211,115.81780242919922,58.93220138549805
296.9695129394531,122.56670379638672,118.98359680175781,57.513099670410156
296.7864990234375,122.3582992553711,119.33149719238281,57.618099212646484
296.610595703125,121.92120361328125,122.00080108642578,58.20830154418945
298.1899108886719,122.9375991821289,115.61730194091797,57.58340072631836
298.283203125,122.12830352783203,114.82360076904297,58.41109848022461
296.2903137207031,119.46640014648438,114.70500183105469,61.48640060424805
295.7712097167969,114.06179809570312,118.19509887695312,68.14099884033203
184.28829956054688,116.68470001220703,126.91680145263672,57.59400177001953
185.25709533691406,117.7750015258789,122.61959838867188,56.73149871826172
184.8950958251953,116.34519958496094,120.87300109863281,57.557098388671875
184.6907958984375,117.28500366210938,122.97630310058594,56.961700439453125
182.85060119628906,118.21070098876953,121.2863998413086,56.3474006652832
183.70309448242188,116.75879669189453,119.73909759521484,57.77370071411133
183.38169860839844,118.6593017578125,120.00330352783203,56.897701263427734
183.335693359375,117.2113037109375,136.17999267578125,62.88909912109375
181.95050048828125,120.25260162353516,124.25830078125,55.87969970703125
184.11570739746094,118.9458999633789,119.8677978515625,57.73509979248047
182.1802978515625,118.95330047607422,136.6009063720703,61.20560073852539
181.81790161132812,118.77580261230469,148.6396026611328,65.39849853515625
312.4374084472656,130.0198974609375,68.89350128173828,79.52690124511719
311.96429443359375,131.04159545898438,68.79759979248047,77.60350036621094
313.2276916503906,131.69239807128906,68.0635986328125,76.72640228271484
309.69970703125,132.70550537109375,73.3113021850586,75.66960144042969
314.2793884277344,132.127197265625,68.45690155029297,75.56410217285156
309.658203125,132.28379821777344,72.0436019897461,75.43000030517578
316.1726989746094,133.13119506835938,68.2583999633789,75.22109985351562
311.3752136230469,133.47219848632812,72.05609893798828,74.47260284423828
316.87799072265625,130.3946075439453,67.50080108642578,77.3770980834961
315.63531494140625,133.53370666503906,67.44039916992188,74.25240325927734
317.27459716796875,132.25180053710938,67.57849884033203,76.00890350341797
315.6393127441406,131.25759887695312,67.33180236816406,76.60710144042969
316.7178039550781,133.2779998779297,67.37830352783203,74.41809844970703
317.05010986328125,135.09170532226562,66.70829772949219,73.56780242919922
316.2633056640625,133.78370666503906,67.5697021484375,75.27850341796875
316.5022888183594,133.98330688476562,66.0521011352539,74.9301986694336
315.7286071777344,134.30960083007812,67.4563980102539,74.95439910888672
316.22869873046875,134.61219787597656,67.85140228271484,74.9928970336914
315.87298583984375,133.9705047607422,67.45909881591797,75.90460205078125
315.7643127441406,135.95379638671875,67.22270202636719,74.1250991821289
315.2561950683594,135.46470642089844,67.44999694824219,74.37159729003906
315.35479736328125,134.2996063232422,68.0093002319336,75.5531997680664
315.2506103515625,134.75489807128906,66.5468978881836,75.193603515625
316.3710021972656,136.4503936767578,65.49749755859375,73.37259674072266
315.5692138671875,136.08009338378906,67.22810363769531,74.27410125732422
315.9613952636719,133.48660278320312,66.46549987792969,77.043701171875
315.9682922363281,134.86929321289062,66.32540130615234,75.44090270996094
316.1326904296875,135.72549438476562,67.25859832763672,74.90760040283203
317.64678955078125,135.96859741210938,67.36489868164062,74.72840118408203
318.2275085449219,133.78489685058594,67.19509887695312,76.2573013305664
319.10650634765625,134.70880126953125,66.94709777832031,74.22560119628906
319.33099365234375,132.04859924316406,67.68470001220703,74.18460083007812
322.07110595703125,126.57170104980469,67.8595962524414,76.89730072021484
323.0534973144531,120.78949737548828,68.64109802246094,77.97429656982422
326.23651123046875,116.46820068359375,68.04029846191406,77.32530212402344
328.793701171875,112.943603515625,67.82129669189453,77.25689697265625
332.409912109375,111.86139678955078,67.71820068359375,75.92620086669922
335.32220458984375,110.60649871826172,66.94450378417969,76.6709976196289
338.0174865722656,113.51020050048828,67.99579620361328,74.02539825439453
338.8783874511719,111.78600311279297,69.3604965209961,76.23930358886719
340.3247985839844,112.95320129394531,67.52400207519531,76.85970306396484
340.58489990234375,113.18419647216797,66.84609985351562,76.99569702148438
341.4888916015625,113.8582992553711,67.26920318603516,78.17449951171875
341.5711975097656,115.7334976196289,67.84249877929688,78.36019897460938
343.135498046875,117.4197998046875,67.45559692382812,77.6406021118164
344.0393981933594,118.69490051269531,67.21540069580078,77.08809661865234
344.784912109375,118.13099670410156,67.27290344238281,78.1093978881836
346.50390625,118.48210144042969,66.9636001586914,77.58399963378906
348.18231201171875,118.310302734375,65.51229858398438,77.30169677734375
348.54559326171875,118.02040100097656,67.3427963256836,78.08319854736328
349.4020080566406,115.55889892578125,64.1843032836914,79.1447982788086
356.11029052734375,113.75509643554688,60.5713996887207,79.98370361328125
363.0585021972656,111.34030151367188,57.22650146484375,78.8781967163086
370.3004150390625,110.52870178222656,54.11370086669922,78.37259674072266
374.06671142578125,109.12480163574219,55.439998626708984,78.30889892578125
373.8869934082031,107.3447036743164,60.891700744628906,79.78790283203125
378.06390380859375,105.375,59.96310043334961,80.35790252685547
379.3631896972656,104.8458023071289,62.647499084472656,82.16400146484375
382.80059814453125,107.33480072021484,63.55220031738281,81.43450164794922
388.1690979003906,108.19290161132812,64.66909790039062,79.4655990600586
393.5544128417969,108.5801010131836,67.9917984008789,78.81819915771484
402.1357116699219,108.38279724121094,70.46630096435547,76.89209747314453
409.95928955078125,112.9635009765625,72.76689910888672,73.10679626464844
420.89569091796875,109.72769927978516,71.61270141601562,75.40460205078125
429.3739929199219,110.88510131835938,70.93509674072266,74.02220153808594
439.4590148925781,109.29910278320312,68.96070098876953,76.36930084228516
449.55450439453125,107.34950256347656,64.14250183105469,78.78720092773438
453.8955993652344,106.8593978881836,59.519100189208984,78.39320373535156
450.8774108886719,109.65029907226562,58.202701568603516,78.52369689941406
446.0455017089844,110.25060272216797,60.908599853515625,77.23539733886719
444.1090087890625,112.92839813232422,60.84659957885742,74.53690338134766
442.9200134277344,113.61129760742188,60.786399841308594,75.06069946289062
441.3269958496094,114.96920013427734,60.950599670410156,75.41790008544922
440.0177917480469,115.80439758300781,60.6974983215332,75.61070251464844
438.51470947265625,116.4540023803711,61.03450012207031,76.4114990234375
436.69781494140625,117.22869873046875,60.64360046386719,76.61979675292969
433.8606872558594,118.00679779052734,60.76139831542969,78.07579803466797
433.6592102050781,117.40440368652344,60.67499923706055,79.89959716796875
432.93280029296875,119.23300170898438,59.951900482177734,79.83499908447266
432.589599609375,121.62359619140625,59.09170150756836,79.4229965209961
431.0609130859375,125.5542984008789,59.59870147705078,77.49569702148438
430.93359375,125.84649658203125,59.88909912109375,77.85600280761719
430.7908020019531,124.0176010131836,60.56119918823242,79.0521011352539
430.6885070800781,126.11530303955078,59.619300842285156,77.68000030517578
431.05810546875,126.4386978149414,60.18619918823242,76.93710327148438
430.7768859863281,125.58149719238281,60.0447998046875,77.16290283203125
431.72491455078125,124.3219985961914,60.19380187988281,77.74829864501953
430.60308837890625,124.42449951171875,61.123199462890625,78.59429931640625
432.6122131347656,124.73030090332031,60.320499420166016,77.6624984741211
432.410888671875,124.0281982421875,60.43949890136719,78.2522964477539
432.88128662109375,124.46099853515625,60.782501220703125,78.61100006103516
433.03021240234375,124.747802734375,60.00790023803711,78.61009979248047
432.3890075683594,124.62159729003906,60.31800079345703,77.71849822998047
431.98388671875,125.34559631347656,61.4093017578125,78.4530029296875
432.5857849121094,125.10790252685547,60.17499923706055,77.69490051269531
431.86138916015625,123.92539978027344,60.89889907836914,79.11519622802734
432.3463134765625,124.94760131835938,60.496700286865234,78.88520050048828
432.2077941894531,125.27970123291016,59.926700592041016,77.29219818115234
431.2001953125,125.65190124511719,60.5181999206543,77.94719696044922
431.94549560546875,125.04139709472656,59.4734992980957,78.25520324707031
432.327392578125,124.01480102539062,60.10260009765625,78.43049621582031
432.0091857910156,123.74410247802734,60.19900131225586,79.21040344238281
431.55950927734375,123.064697265625,60.81650161743164,79.87830352783203
434.1700134277344,122.66339874267578,60.604400634765625,79.79959869384766
434.02069091796875,123.57129669189453,61.01570129394531,79.86630249023438
433.380615234375,124.13140106201172,60.70429992675781,78.76239776611328
433.93389892578125,123.89569854736328,61.51100158691406,79.94280242919922
434.6435852050781,123.65540313720703,60.86090087890625,80.17400360107422
433.9495849609375,123.70269775390625,61.43920135498047,80.06900024414062
434.1252136230469,125.08399963378906,61.38479995727539,80.52570343017578
434.0990905761719,126.4573974609375,62.140499114990234,79.80780029296875
435.5557861328125,127.34359741210938,61.31119918823242,78.67060089111328
435.2589111328125,126.64910125732422,61.42890167236328,78.62419891357422
435.27410888671875,127.03949737548828,61.00519943237305,79.63890075683594
435.1398010253906,128.17579650878906,61.47570037841797,78.25959777832031
433.6726989746094,126.88790130615234,61.35960006713867,79.23739624023438
433.81829833984375,125.99610137939453,60.661598205566406,80.25129699707031
433.8143005371094,128.25650024414062,61.4828987121582,78.43080139160156
433.443603515625,128.89920043945312,60.84659957885742,78.87590026855469
433.5722961425781,129.57940673828125,60.50170135498047,78.9072036743164
434.8429870605469,128.33529663085938,60.927799224853516,79.76319885253906
434.24749755859375,129.910400390625,60.634498596191406,78.68299865722656
434.6509094238281,130.072998046875,61.5265998840332,78.93769836425781
434.90399169921875,130.6033935546875,61.38399887084961,79.0927963256836
435.518798828125,132.1291961669922,61.46440124511719,77.37000274658203
435.6814880371094,132.49240112304688,61.94419860839844,77.59220123291016
434.974609375,132.45790100097656,60.73830032348633,78.61589813232422
434.8301086425781,132.9575958251953,61.39699935913086,78.61759948730469
433.8711853027344,133.36309814453125,61.079200744628906,77.7583999633789
433.9779052734375,134.3780975341797,61.575199127197266,77.76399993896484
433.8716125488281,135.39559936523438,61.39339828491211,76.49150085449219
433.7322082519531,134.42140197753906,61.036399841308594,79.17019653320312
433.29010009765625,133.9066925048828,61.77220153808594,79.14949798583984
434.8517150878906,135.7032928466797,60.96549987792969,79.37339782714844
433.7951965332031,135.7115020751953,61.23630142211914,78.50830078125
435.5791931152344,138.40020751953125,61.06829833984375,77.28289794921875
434.7807922363281,137.6678924560547,61.0432014465332,77.46949768066406
435.33160400390625,138.66209411621094,61.409000396728516,78.52020263671875
434.72088623046875,138.36570739746094,60.964900970458984,78.78730010986328
433.9755859375,138.4420928955078,61.60020065307617,79.37169647216797
432.95928955078125,140.1800994873047,61.592098236083984,78.45390319824219
433.268798828125,139.2303009033203,60.24789810180664,79.66349792480469
432.9425048828125,141.00399780273438,60.44300079345703,79.48410034179688
432.07769775390625,142.78399658203125,61.03129959106445,77.91290283203125
431.77978515625,142.15750122070312,60.07529830932617,79.54830169677734
432.4991149902344,143.76060485839844,61.340599060058594,78.63169860839844
432.52789306640625,142.17239379882812,60.37200164794922,80.49410247802734
432.6536865234375,142.74729919433594,60.459999084472656,80.2615966796875
432.30810546875,144.28689575195312,60.82609939575195,78.93949890136719
430.777587890625,142.02769470214844,60.929100036621094,79.80339813232422
431.00299072265625,143.65609741210938,61.095401763916016,79.23539733886719
434.36920166015625,143.55050659179688,60.74259948730469,78.77890014648438
437.58758544921875,143.50830078125,60.9109992980957,79.3301010131836
439.1133117675781,143.0341033935547,61.004398345947266,78.972900390625
439.4659118652344,143.11459350585938,61.4119987487793,79.7886962890625
440.47479248046875,143.74630737304688,61.66630172729492,79.53060150146484
440.1200866699219,144.14219665527344,60.83570098876953,79.10590362548828
440.0364990234375,144.38710021972656,61.06079864501953,78.82929992675781
439.48779296875,145.77520751953125,61.80500030517578,77.75849914550781
440.4693908691406,145.52720642089844,61.39630126953125,77.54450225830078
438.71160888671875,145.68190002441406,62.11669921875,78.47139739990234
438.9132080078125,144.0970001220703,61.31760025024414,79.93240356445312
439.5194091796875,143.3347930908203,61.847198486328125,80.0353012084961
439.8200988769531,142.02369689941406,63.414100646972656,83.0625
439.9845886230469,139.6024932861328,65.38189697265625,85.13279724121094
440.06109619140625,135.12060546875,66.09020233154297,90.37799835205078
440.2674865722656,135.24769592285156,66.76080322265625,91.72000122070312
436.4645080566406,125.93930053710938,69.1260986328125,101.23090362548828
429.3297119140625,121.70860290527344,73.32649993896484,106.42479705810547
416.00799560546875,124.40679931640625,76.81050109863281,107.03170013427734
389.1463928222656,132.74600219726562,86.8021011352539,110.94200134277344
362.3476867675781,147.06210327148438,92.26820373535156,102.82520294189453
330.8666076660156,161.2812042236328,99.5271987915039,90.80799865722656
300.47601318359375,159.91799926757812,114.64440155029297,94.05120086669922
275.91339111328125,155.45640563964844,111.22239685058594,94.4032974243164
253.22850036621094,152.77220153808594,119.24839782714844,90.6969985961914
240.91000366210938,154.0081024169922,122.28500366210938,87.69249725341797
241.4600067138672,153.8614044189453,112.73519897460938,92.6094970703125
245.7324981689453,154.0207061767578,109.68460083007812,92.86499786376953
242.12399291992188,157.56210327148438,111.6333999633789,92.78589630126953
232.27220153808594,155.847900390625,121.11640167236328,92.1947021484375
223.14549255371094,155.8542938232422,129.9781951904297,93.75890350341797
221.9980010986328,154.2261962890625,131.12730407714844,93.99939727783203
221.30369567871094,155.085205078125,132.52430725097656,93.82230377197266
220.62060546875,156.08120727539062,134.25030517578125,93.98750305175781
219.5186004638672,155.1667938232422,133.75399780273438,95.18160247802734
219.2917022705078,154.32359313964844,138.85040283203125,95.75650024414062
218.99830627441406,153.76319885253906,134.2716064453125,97.74189758300781
218.70680236816406,154.09469604492188,133.9071044921875,96.60099792480469
220.660400390625,153.74749755859375,133.4178924560547,96.45179748535156
220.66810607910156,154.6903076171875,135.22630310058594,95.99970245361328
221.42340087890625,155.04100036621094,136.47669982910156,95.2688980102539
222.76730346679688,153.99969482421875,137.21609497070312,98.05120086669922
224.38720703125,155.33970642089844,138.46409606933594,96.53630065917969
224.24969482421875,155.7812957763672,137.90919494628906,96.60330200195312
224.52740478515625,155.46209716796875,135.81390380859375,97.73290252685547
223.85560607910156,156.54449462890625,136.37269592285156,96.26750183105469
223.32339477539062,155.24569702148438,135.1645050048828,97.93810272216797
225.1074981689453,156.1824951171875,137.42579650878906,96.70079803466797
226.05020141601562,157.72129821777344,135.98570251464844,95.44159698486328
226.7154998779297,159.86959838867188,137.16099548339844,94.34049987792969
226.25439453125,161.59429931640625,139.1750030517578,91.47810363769531
225.7996063232422,162.14950561523438,137.5926055908203,90.12259674072266
227.18060302734375,162.7427978515625,136.268798828125,84.24639892578125
228.47689819335938,162.29550170898438,133.5157928466797,81.0291976928711
228.52340698242188,162.65020751953125,133.9438934326172,84.04209899902344
222.9967041015625,161.0792999267578,139.1511993408203,93.6802978515625
63.51240158081055,179.61349487304688,148.1573944091797,113.75879669189453
56.712501525878906,179.7532958984375,170.24949645996094,111.14219665527344
62.33689880371094,170.6208038330078,199.1678924560547,119.65850067138672
171.53590393066406,137.1468963623047,161.30780029296875,102.65149688720703
169.8656005859375,119.99849700927734,162.06179809570312,130.506103515625
169.5928955078125,107.9761962890625,157.75450134277344,154.8218994140625
172.9613037109375,103.75189971923828,157.19610595703125,162.78050231933594
174.6685028076172,107.04509735107422,158.3115997314453,161.12899780273438
169.32789611816406,112.81710052490234,169.029296875,155.95089721679688
157.4824981689453,134.21339416503906,184.85009765625,135.39010620117188
93.48090362548828,162.54310607910156,246.3466033935547,123.15270233154297
99.57150268554688,173.92709350585938,237.27130126953125,116.00700378417969
113.98629760742188,186.62649536132812,212.8426055908203,136.739501953125
105.48760223388672,180.13059997558594,206.8455047607422,145.1302032470703
101.818603515625,173.61549377441406,202.61990356445312,148.26100158691406
108.90489959716797,175.42410278320312,193.9384002685547,135.3173065185547
109.47010040283203,182.11669921875,195.81370544433594,112.80850219726562
118.62319946289062,184.62030029296875,193.8258056640625,109.1323013305664
126.68199920654297,184.7657012939453,192.94729614257812,123.14309692382812
139.92080688476562,185.9333038330078,187.50790405273438,126.67530059814453
151.4138946533203,183.71029663085938,186.5751953125,124.86990356445312
159.39889526367188,185.57260131835938,188.435302734375,121.27069854736328
168.47459411621094,183.69329833984375,185.5718994140625,121.71829986572266
174.51939392089844,181.6457061767578,185.4364013671875,121.69450378417969
177.23480224609375,182.60189819335938,185.8784942626953,122.00759887695312
181.28359985351562,182.52679443359375,184.7624969482422,120.5416030883789
184.16769409179688,181.6009979248047,184.53050231933594,122.05860137939453
186.94590759277344,181.14959716796875,185.44749450683594,121.85590362548828
188.39300537109375,181.92820739746094,184.27000427246094,119.82550048828125
188.40260314941406,181.04989624023438,184.6356964111328,121.1676025390625
188.08360290527344,181.2136993408203,185.9241943359375,120.86540222167969
187.25039672851562,179.34230041503906,187.1905975341797,122.37689971923828
186.64230346679688,180.90390014648438,186.3321075439453,121.25879669189453
186.62049865722656,180.1385955810547,185.3043975830078,121.27159881591797
186.87950134277344,180.56539916992188,185.80419921875,121.34140014648438
185.0843048095703,181.67129516601562,186.94290161132812,121.6011962890625
182.431396484375,182.99229431152344,188.47569274902344,121.38629913330078
181.7823028564453,183.52740478515625,187.64669799804688,121.83290100097656
182.58050537109375,183.74620056152344,186.77420043945312,123.12640380859375
182.32809448242188,184.31910705566406,186.25399780273438,123.00019836425781
181.02980041503906,185.52789306640625,186.73179626464844,121.91649627685547
178.8292999267578,185.75599670410156,188.43870544433594,122.41470336914062
178.74209594726562,185.3074951171875,187.06019592285156,122.28520202636719
178.33639526367188,186.45700073242188,187.05450439453125,121.06079864501953
179.71189880371094,188.79510498046875,186.3697967529297,118.47419738769531
179.67100524902344,190.51449584960938,187.01010131835938,116.05750274658203
180.83529663085938,189.2572021484375,186.7666015625,116.36740112304688
181.82330322265625,190.06019592285156,184.6844024658203,117.19100189208984
182.2913055419922,187.51629638671875,184.01040649414062,118.85749816894531
184.10780334472656,187.84039306640625,185.15960693359375,117.73049926757812
190.87469482421875,187.26510620117188,185.90480041503906,116.7739028930664
199.3621063232422,183.49029541015625,186.17909240722656,117.92459869384766
207.39999389648438,178.40179443359375,185.94540405273438,120.83049774169922
216.39999389648438,170.4058074951172,185.23240661621094,124.89299774169922
227.45559692382812,162.2626953125,182.27000427246094,130.30479431152344
246.2093048095703,146.39129638671875,172.8885955810547,139.07789611816406
264.4461975097656,122.76309967041016,165.35299682617188,157.15130615234375
285.00201416015625,103.67320251464844,154.5052947998047,166.1009979248047
271.6741027832031,74.97930145263672,84.3406982421875,69.93000030517578
272.3804016113281,54.36800003051758,73.47149658203125,69.07649993896484
280.2322998046875,35.00469970703125,94.5281982421875,67.9352035522461
