1
329.89471435546875,262.9429016113281,49.96120071411133,72.46410369873047
330.0404968261719,263.1776123046875,49.854000091552734,72.46209716796875
328.68719482421875,262.3760070800781,54.912498474121094,74.04409790039062
329.95489501953125,262.42718505859375,56.963600158691406,73.9375991821289
329.84149169921875,259.497314453125,58.3583984375,77.84539794921875
328.8866882324219,260.8306884765625,54.963199615478516,77.30239868164062
329.9971008300781,258.06658935546875,47.97249984741211,79.29519653320312
332.22119140625,259.7484130859375,43.79140090942383,76.66410064697266
330.1318054199219,258.514404296875,45.931800842285156,77.81079864501953
319.03839111328125,257.6476135253906,56.12929916381836,79.17310333251953
321.8096923828125,258.6005859375,52.80009841918945,78.0602035522461
318.4689025878906,258.2970886230469,52.010799407958984,76.71980285644531
326.46209716796875,261.0046081542969,45.45050048828125,74.13359832763672
328.17291259765625,262.1485900878906,43.99570083618164,71.99729919433594
328.42279052734375,262.47930908203125,43.83980178833008,72.34449768066406
327.994384765625,263.29449462890625,44.77289962768555,71.39600372314453
328.8088073730469,263.7930908203125,43.15829849243164,71.21510314941406
329.32708740234375,263.4164123535156,43.59370040893555,71.02279663085938
327.6449890136719,263.1730041503906,44.88240051269531,71.45780181884766
329.1781005859375,264.10211181640625,43.293399810791016,70.05280303955078
328.32489013671875,263.7532043457031,44.93539810180664,69.17880249023438
328.8839111328125,264.7362976074219,42.910499572753906,68.18250274658203
327.0943908691406,263.9888000488281,44.622798919677734,69.18270111083984
328.6423034667969,263.297607421875,43.54779815673828,69.8115005493164
327.5527038574219,263.00360107421875,44.9744987487793,68.89640045166016
327.5898132324219,262.2185974121094,46.50410079956055,70.10870361328125
329.4551086425781,262.0762939453125,47.05590057373047,70.3125
331.12451171875,261.0740051269531,49.270198822021484,71.72750091552734
334.4442138671875,260.1817932128906,47.555198669433594,71.75450134277344
337.7679138183594,260.8280944824219,48.55649948120117,69.81819915771484
341.02679443359375,255.2595977783203,50.936798095703125,73.79660034179688
395.5163879394531,269.9927062988281,53.07699966430664,75.40560150146484
395.8890075683594,269.7705993652344,50.76259994506836,75.6061019897461
399.11859130859375,265.69781494140625,47.21039962768555,79.81610107421875
398.3004150390625,265.69049072265625,49.1599006652832,79.52469635009766
398.4515075683594,266.5663146972656,48.96379852294922,77.93589782714844
397.10540771484375,266.8035888671875,49.710601806640625,77.29010009765625
398.2961120605469,268.05560302734375,47.24140167236328,75.97740173339844
399.1365966796875,268.63958740234375,46.11330032348633,75.1812973022461
397.9237060546875,267.7904052734375,47.88140106201172,76.88839721679688
397.8335876464844,268.3450012207031,47.81019973754883,75.28469848632812
397.5437927246094,268.42041015625,47.42490005493164,74.79350280761719
395.6241149902344,267.5057067871094,49.643001556396484,77.0781021118164
395.2213134765625,269.9043884277344,51.400699615478516,73.78289794921875
395.49261474609375,268.934814453125,51.21099853515625,74.73480224609375
396.3746032714844,270.2420959472656,50.24259948730469,73.6166000366211
396.3081970214844,271.931884765625,50.07440185546875,71.18810272216797
396.1005859375,273.0185852050781,49.06380081176758,70.0613021850586
393.5054016113281,270.9372863769531,50.75299835205078,71.87159729003906
386.82049560546875,270.83990478515625,52.88029861450195,73.17579650878906
384.1554870605469,270.68719482421875,50.38570022583008,75.03230285644531
378.1748046875,269.5497131347656,52.657501220703125,76.39669799804688
368.7174987792969,257.0976867675781,63.00450134277344,85.48970031738281
354.6064147949219,262.50311279296875,60.65760040283203,83.33190155029297
341.36248779296875,262.39520263671875,69.62210083007812,83.20980072021484
392.993408203125,257.4931945800781,43.38240051269531,67.54180145263672
391.41461181640625,258.5840148925781,42.993499755859375,63.87580108642578
390.4115905761719,258.4696960449219,44.02399826049805,64.37339782714844
389.8203125,260.89801025390625,43.97909927368164,63.226600646972656
391.84991455078125,258.85260009765625,43.45690155029297,64.87770080566406
393.28741455078125,259.8229064941406,44.78179931640625,65.73529815673828
395.193115234375,261.9971923828125,45.057701110839844,65.95680236816406
398.53118896484375,264.2430114746094,44.956600189208984,65.17279815673828
399.7171936035156,263.5010070800781,45.273399353027344,66.90660095214844
401.0657043457031,263.7018127441406,47.23419952392578,69.18599700927734
403.14959716796875,265.5368957519531,46.022300720214844,67.19529724121094
403.2944030761719,264.90350341796875,46.2057991027832,68.85160064697266
405.3157958984375,267.28289794921875,45.28580093383789,68.00389862060547
404.32611083984375,267.3330993652344,45.60260009765625,68.32649993896484
404.72979736328125,267.3503112792969,45.82849884033203,68.57350158691406
403.3345947265625,265.3558044433594,46.489498138427734,70.97419738769531
402.5459899902344,266.5693054199219,47.07389831542969,68.53759765625
402.8128967285156,267.8951110839844,46.672000885009766,66.62300109863281
402.7690124511719,267.8721008300781,47.1421012878418,67.69719696044922
403.3346862792969,268.08160400390625,46.07429885864258,67.05380249023438
402.7825927734375,265.8555908203125,47.18080139160156,70.43679809570312
404.0044860839844,266.5867004394531,45.655601501464844,68.84269714355469
403.3387145996094,267.65948486328125,46.58879852294922,67.47630310058594
402.1383972167969,267.9725036621094,47.45819854736328,67.87249755859375
403.5260925292969,268.1152038574219,44.99089813232422,67.4988021850586
402.8955993652344,268.2995910644531,45.936798095703125,67.5248031616211
403.323486328125,266.5199890136719,47.263999938964844,69.32340240478516
403.3783874511719,268.8768005371094,46.37009811401367,66.58930206298828
402.3081970214844,267.0893859863281,47.50960159301758,68.68489837646484
403.1466979980469,268.6108093261719,45.696800231933594,67.45899963378906
404.34619140625,266.7980041503906,46.0181999206543,69.39029693603516
403.1355895996094,268.0823974609375,45.61539840698242,68.5083999633789
403.2825927734375,268.93389892578125,46.52939987182617,67.61750030517578
403.9407958984375,268.3287048339844,45.93259811401367,68.52559661865234
403.7261962890625,267.7865905761719,46.183998107910156,69.25469970703125
404.1081848144531,268.1502990722656,45.496498107910156,68.24469757080078
403.7507019042969,266.4914855957031,46.01539993286133,69.76789855957031
403.92669677734375,268.4341125488281,45.479400634765625,67.83080291748047
403.4159851074219,267.6300964355469,46.06719970703125,68.56300354003906
402.705810546875,267.4468078613281,46.52280044555664,69.38800048828125
403.05511474609375,267.7831115722656,46.32680130004883,68.66889953613281
403.4996032714844,267.47509765625,45.877899169921875,68.22720336914062
404.5545959472656,269.00628662109375,45.17300033569336,65.77780151367188
403.0126037597656,267.76568603515625,46.20240020751953,67.23600006103516
402.9591979980469,265.9866027832031,46.36909866333008,69.660400390625
405.3955993652344,268.2170104980469,44.92919921875,66.18289947509766
404.3351135253906,266.9928894042969,45.23099899291992,67.73919677734375
404.444091796875,266.2643127441406,44.200199127197266,68.79850006103516
404.2168884277344,267.027099609375,45.05400085449219,67.25029754638672
404.17449951171875,266.1708068847656,45.12379837036133,68.4791030883789
404.635986328125,257.4270935058594,44.10770034790039,75.69950103759766
401.23638916015625,264.6539001464844,47.3307991027832,72.27980041503906
399.0126037597656,259.90771484375,46.94179916381836,76.79910278320312
397.5935974121094,262.47369384765625,45.6505012512207,73.88330078125
396.91510009765625,249.89089965820312,46.29090118408203,83.58190155029297
395.38079833984375,258.6896057128906,46.276100158691406,76.41799926757812
397.3337097167969,266.1883850097656,44.35300064086914,65.37950134277344
397.9713134765625,265.02490234375,44.555198669433594,69.76850128173828
400.67169189453125,267.9060974121094,43.101898193359375,65.3467025756836
396.8283996582031,266.702392578125,45.82640075683594,65.9176025390625
399.7184143066406,264.2372131347656,42.87089920043945,70.40019989013672
399.42059326171875,267.60430908203125,44.56890106201172,69.23979949951172
399.9359130859375,267.644287109375,45.11289978027344,71.097900390625
399.9715881347656,271.3042907714844,46.19599914550781,68.32820129394531
400.5115966796875,268.8302001953125,47.436100006103516,74.24549865722656
401.2892150878906,271.63189697265625,49.26969909667969,72.95439910888672
400.98541259765625,271.1495056152344,48.10060119628906,73.10700225830078
398.65521240234375,273.3857116699219,49.915000915527344,74.45179748535156
393.31939697265625,274.197509765625,51.94300079345703,74.4708023071289
387.1748962402344,277.11419677734375,51.13750076293945,73.58509826660156
376.2998046875,278.8310852050781,54.492000579833984,73.4220962524414
368.39459228515625,273.8028869628906,54.25630187988281,77.12190246582031
360.0028076171875,267.156005859375,55.51340103149414,81.8915023803711
350.0080871582031,254.39559936523438,74.23690032958984,89.33070373535156
389.5929870605469,254.93910217285156,50.23649978637695,76.06079864501953
397.22198486328125,256.48028564453125,55.00870132446289,71.91680145263672
406.30279541015625,256.47760009765625,48.95940017700195,75.85820007324219
412.19281005859375,259.6328125,49.205101013183594,73.00240325927734
418.6044921875,262.8876953125,48.616798400878906,71.75830078125
423.7727966308594,265.1962890625,49.5614013671875,72.05560302734375
426.7948913574219,264.4731140136719,50.56679916381836,75.9813003540039
430.356201171875,265.456787109375,49.92729949951172,76.67610168457031
431.2312927246094,264.3764953613281,49.59370040893555,78.46829986572266
432.5820007324219,262.431396484375,47.856201171875,78.53459930419922
429.8160095214844,256.61981201171875,50.449100494384766,85.23300170898438
429.8147888183594,266.33380126953125,49.26369857788086,73.59349822998047
432.0108947753906,268.5877990722656,46.03329849243164,72.31839752197266
433.7322998046875,271.0285949707031,44.21419906616211,70.0020980834961
433.3825988769531,270.83050537109375,45.6859016418457,69.95089721679688
431.63970947265625,271.5462951660156,47.08060073852539,70.65010070800781
431.4009094238281,272.9631042480469,46.697898864746094,69.15560150146484
432.4014892578125,271.0993957519531,46.14580154418945,69.76370239257812
433.14080810546875,271.5758056640625,46.0885009765625,70.87779998779297
432.777099609375,270.5447082519531,46.04290008544922,70.4220962524414
432.8674011230469,270.89208984375,45.52190017700195,70.61599731445312
433.3183898925781,271.043212890625,45.44879913330078,70.50650024414062
432.306884765625,271.2442932128906,46.297298431396484,70.57170104980469
433.3540954589844,271.4812927246094,45.17610168457031,69.9834976196289
433.7388000488281,271.1438903808594,45.19929885864258,70.86329650878906
433.0091857910156,271.5299987792969,45.51689910888672,69.95989990234375
432.9912109375,270.76019287109375,45.19390106201172,70.37329864501953
432.1184997558594,271.2168884277344,46.46269989013672,71.22930145263672
433.25579833984375,272.0091857910156,45.168800354003906,69.94400024414062
433.4873046875,272.3598937988281,46.01940155029297,70.01820373535156
433.6903991699219,272.50311279296875,45.49769973754883,69.61830139160156
433.56500244140625,272.2919921875,45.490299224853516,69.59390258789062
433.27081298828125,272.4668884277344,45.85179901123047,68.86399841308594
432.5697937011719,272.03131103515625,46.147300720214844,70.49960327148438
433.07879638671875,272.11871337890625,46.3119010925293,68.54979705810547
433.6925964355469,272.1058044433594,44.981998443603516,69.83360290527344
433.38360595703125,271.2319030761719,44.93439865112305,70.08560180664062
434.01568603515625,271.4966125488281,44.88180160522461,70.58059692382812
433.9143981933594,271.3999938964844,45.32550048828125,70.30339813232422
432.55389404296875,271.40960693359375,45.85070037841797,69.65039825439453
433.5539855957031,271.07220458984375,44.96870040893555,70.39420318603516
432.6798095703125,271.5321960449219,46.342498779296875,70.94950103759766
433.3345031738281,271.6693115234375,45.852298736572266,70.00749969482422
433.1400146484375,272.0618896484375,45.86159896850586,70.16449737548828
432.8103942871094,270.8727111816406,46.14830017089844,69.9635009765625
433.8839111328125,270.3868103027344,45.2328987121582,71.45899963378906
433.5530090332031,270.9501037597656,44.59410095214844,70.94989776611328
434.21380615234375,271.5010986328125,44.60020065307617,70.39620208740234
433.1247863769531,271.5111083984375,45.56330108642578,71.21649932861328
433.1498107910156,271.78338623046875,45.61909866333008,70.67610168457031
433.3764953613281,271.7567138671875,45.480899810791016,70.19969940185547
432.2767028808594,272.96728515625,46.48680114746094,68.97889709472656
433.0433044433594,271.2764892578125,46.32569885253906,69.8031997680664
432.7090148925781,271.6191101074219,46.54899978637695,70.83830261230469
432.989990234375,270.3761901855469,45.45940017700195,70.63240051269531
432.44500732421875,271.5024108886719,47.47890090942383,70.28170013427734
432.3606872558594,270.1473083496094,46.36800003051758,70.3572006225586
432.08599853515625,271.7107849121094,47.490501403808594,69.16500091552734
432.7002868652344,271.4912109375,45.81930160522461,69.93160247802734
432.5140075683594,271.076904296875,46.39899826049805,70.38259887695312
433.3981018066406,270.23699951171875,45.88079833984375,70.84870147705078
433.24639892578125,270.0166015625,45.19580078125,71.95359802246094
434.18328857421875,272.45440673828125,44.157798767089844,69.18509674072266
433.3319091796875,271.2898864746094,44.963199615478516,69.71189880371094
433.7471923828125,271.9159851074219,45.053199768066406,68.83499908447266
432.8992004394531,269.6581115722656,44.52840042114258,71.26319885253906
431.3153991699219,266.97509765625,46.94459915161133,75.1270980834961
431.64129638671875,263.7253112792969,49.11600112915039,77.62670135498047
432.4277038574219,259.50738525390625,47.50120162963867,84.08159637451172
432.402587890625,261.8555908203125,48.08530044555664,80.35530090332031
436.1294860839844,253.12049865722656,45.297298431396484,75.30789947509766
440.2417907714844,248.9810028076172,42.69380187988281,74.23280334472656
445.2041931152344,248.76080322265625,40.5718994140625,69.60209655761719
449.17559814453125,245.3719024658203,42.250701904296875,68.95089721679688
452.1802978515625,246.3231964111328,44.257198333740234,66.88870239257812
448.21038818359375,245.097900390625,50.051700592041016,65.14920043945312
449.1033020019531,241.24200439453125,51.48400115966797,67.7677001953125
451.1564025878906,234.69869995117188,51.94960021972656,70.28569793701172
455.214599609375,235.28480529785156,47.82440185546875,66.46050262451172
447.9565124511719,228.9228973388672,49.65919876098633,71.01519775390625
441.5683898925781,218.6177978515625,55.53110122680664,83.65630340576172
436.63848876953125,223.368896484375,60.292999267578125,75.72319793701172
439.9429931640625,231.52499389648438,60.58330154418945,63.65019989013672
448.8902893066406,221.8686981201172,53.025299072265625,64.73899841308594
455.31988525390625,228.74639892578125,44.17639923095703,52.518699645996094
425.48968505859375,228.2259979248047,73.55670166015625,54.22380065917969
428.44720458984375,225.03819274902344,73.61479949951172,61.49440002441406
431.5257873535156,220.41729736328125,70.89450073242188,68.9490966796875
431.5528869628906,220.09629821777344,68.13809967041016,70.0907974243164
430.3035888671875,219.36929321289062,68.2218017578125,69.74520111083984
433.4879150390625,221.23629760742188,66.95050048828125,68.64720153808594
438.3103942871094,221.0865020751953,56.62419891357422,67.36380004882812
440.33441162109375,222.8271026611328,54.232398986816406,65.62449645996094
439.5439147949219,223.67160034179688,56.26169967651367,67.42369842529297
438.5180969238281,224.96359252929688,55.72880172729492,66.32009887695312
436.6017150878906,227.681396484375,56.63959884643555,67.32640075683594
434.02191162109375,232.9709014892578,54.72610092163086,66.78459930419922
435.28009033203125,236.7259979248047,53.8202018737793,68.5770034790039
433.2936096191406,243.6663055419922,55.30739974975586,68.47489929199219
431.98260498046875,246.63400268554688,56.42729949951172,69.38839721679688
434.6903991699219,251.7626953125,52.09640121459961,70.26830291748047
435.09259033203125,256.7507019042969,53.81589889526367,70.1937026977539
436.2663879394531,262.5116882324219,52.6265983581543,71.08190155029297
435.92840576171875,264.38330078125,55.02989959716797,76.17859649658203
436.525390625,267.3077087402344,55.584800720214844,76.65119934082031
438.3507995605469,269.15838623046875,53.40869903564453,76.82209777832031
438.3500061035156,271.82879638671875,53.22060012817383,74.80650329589844
439.7638854980469,271.7615051269531,51.18989944458008,73.39910125732422
440.26190185546875,272.0971984863281,53.3827018737793,74.02069854736328
441.55010986328125,271.8655090332031,52.82830047607422,74.69850158691406
443.0790100097656,271.45001220703125,52.71739959716797,75.81050109863281
444.56878662109375,272.9956970214844,50.92490005493164,72.6677017211914
444.5259094238281,272.751708984375,51.384300231933594,74.77300262451172
444.0242919921875,272.8020935058594,49.46760177612305,73.12560272216797
443.7861022949219,271.9399108886719,48.65439987182617,75.15029907226562
443.6695861816406,272.4563903808594,48.663700103759766,74.00140380859375
442.96380615234375,272.9576110839844,49.359798431396484,73.41320037841797
444.123291015625,271.1054992675781,48.097900390625,75.12979888916016
444.565185546875,271.8660888671875,47.44029998779297,71.82499694824219
444.7041015625,270.54779052734375,49.46329879760742,74.19429779052734
443.8100891113281,270.6351013183594,49.960899353027344,73.6969985961914
445.5002136230469,270.8638916015625,46.6859016418457,72.42259979248047
445.6376953125,271.1322937011719,47.03340148925781,73.83589935302734
444.6846008300781,269.8966064453125,48.2869987487793,75.17320251464844
445.5815124511719,271.0613098144531,46.97520065307617,72.17669677734375
445.31689453125,269.6673889160156,45.875099182128906,76.01429748535156
445.7838134765625,270.82440185546875,47.814701080322266,75.36009979248047
446.0621032714844,270.7040100097656,47.1161003112793,74.03759765625
445.6133117675781,270.2831115722656,46.41939926147461,75.31900024414062
445.9211120605469,270.37310791015625,48.359500885009766,75.03929901123047
445.41778564453125,270.78570556640625,47.663299560546875,73.9677963256836
445.58648681640625,269.60809326171875,47.05270004272461,75.00469970703125
446.01519775390625,270.7701110839844,47.43470001220703,75.16349792480469
446.33660888671875,270.32501220703125,46.46139907836914,74.52290344238281
445.4732971191406,270.110107421875,46.90829849243164,75.23390197753906
446.14068603515625,270.4740905761719,46.108699798583984,73.99559783935547
446.02398681640625,271.00201416015625,47.07109832763672,75.6134033203125
445.3551940917969,271.04620361328125,47.70560073852539,73.81379699707031
445.6958923339844,270.081787109375,47.846900939941406,75.0479965209961
445.77630615234375,270.9263000488281,46.99980163574219,73.72139739990234
445.98760986328125,270.3236999511719,46.110599517822266,74.83609771728516
445.0600891113281,270.92059326171875,46.95709991455078,75.3218002319336
445.5804138183594,270.1455993652344,46.24829864501953,75.21320343017578
445.502685546875,270.4299011230469,46.17219924926758,74.96800231933594
445.7402038574219,270.8109130859375,45.72119903564453,74.01219940185547
445.54168701171875,270.69378662109375,47.048099517822266,75.65019989013672
445.3340148925781,270.6459045410156,46.527801513671875,73.72440338134766
445.9573059082031,270.4010925292969,47.28110122680664,76.34010314941406
445.49481201171875,270.88330078125,47.450599670410156,74.3678970336914
445.6683044433594,270.4743957519531,47.655799865722656,73.96929931640625
446.28179931640625,271.3962097167969,47.097599029541016,75.197998046875
446.3539123535156,271.4949035644531,46.804500579833984,72.79180145263672
446.0776062011719,271.5086975097656,46.19390106201172,74.32959747314453
445.5469055175781,270.33380126953125,46.503700256347656,75.45449829101562
446.2417907714844,270.3070983886719,46.38740158081055,73.76419830322266
446.35009765625,271.2955017089844,47.041099548339844,75.35359954833984
446.1169128417969,271.52081298828125,46.834800720214844,73.52230072021484
446.00250244140625,270.0603942871094,46.52619934082031,74.95590209960938
445.4169921875,271.30810546875,47.73500061035156,74.3324966430664
445.8432922363281,270.78961181640625,46.5817985534668,73.239501953125
445.3741149902344,271.0696105957031,47.68939971923828,75.29759979248047
445.3783874511719,269.6903991699219,47.40810012817383,75.90650177001953
361.8146057128906,253.60189819335938,63.54759979248047,84.96800231933594
364.8638916015625,266.64410400390625,68.12059783935547,78.57080078125
373.4331970214844,276.885009765625,68.1095962524414,74.2488021850586
374.5293884277344,288.4418029785156,65.78880310058594,69.08209991455078
446.0692138671875,272.40960693359375,47.932498931884766,73.38860321044922
378.27569580078125,308.8186950683594,52.33060073852539,47.702598571777344
376.9012145996094,308.44390869140625,54.71329879760742,46.9995002746582
373.16339111328125,309.22149658203125,57.94300079345703,47.67580032348633
371.23858642578125,305.9302978515625,58.88629913330078,48.46540069580078
365.32708740234375,301.7074890136719,66.11190032958984,52.91809844970703
349.99920654296875,293.1502990722656,85.11959838867188,60.340999603271484
336.656494140625,292.6429138183594,107.52960205078125,63.795799255371094
274.18670654296875,244.81109619140625,64.99369812011719,65.04810333251953
277.7952880859375,248.10360717773438,55.225799560546875,57.44919967651367
276.2320861816406,248.48779296875,56.09749984741211,60.62649917602539
277.6669006347656,248.8513946533203,55.138099670410156,60.63610076904297
226.33880615234375,255.64959716796875,48.871700286865234,68.84660339355469
279.7666931152344,249.7917938232422,55.56449890136719,53.97959899902344
282.90850830078125,251.36729431152344,55.184600830078125,56.6161994934082
284.54058837890625,251.34620666503906,52.89929962158203,54.27080154418945
286.3872985839844,252.51409912109375,53.20709991455078,52.95989990234375
283.9576110839844,252.78919982910156,54.96820068359375,53.50740051269531
282.7626037597656,252.5124053955078,54.356998443603516,53.0890998840332
281.176513671875,253.1186981201172,55.384700775146484,54.76340103149414
279.4778137207031,255.00450134277344,53.9463996887207,55.256099700927734
277.3782043457031,256.8109130859375,55.27840042114258,52.88710021972656
274.3161926269531,257.0458984375,56.38589859008789,52.64970016479492
275.5495910644531,256.6919860839844,54.56949996948242,52.16469955444336
280.035888671875,257.4529113769531,53.99570083618164,54.72420120239258
278.9632873535156,255.5294952392578,57.05820083618164,56.37910079956055
281.94268798828125,253.84190368652344,56.9010009765625,56.96289825439453
280.1787109375,252.21510314941406,56.438899993896484,64.768798828125
276.38848876953125,250.45469665527344,59.94380187988281,70.53289794921875
273.63739013671875,248.04249572753906,62.642398834228516,74.30699920654297
276.89239501953125,242.8907928466797,61.65489959716797,78.74579620361328
278.3988037109375,241.50079345703125,59.49290084838867,77.5730972290039
279.210693359375,240.98199462890625,58.597900390625,75.00309753417969
279.901611328125,241.30450439453125,59.0161018371582,74.56060028076172
280.7373962402344,240.86109924316406,60.076900482177734,76.29519653320312
285.9082946777344,241.4593963623047,56.15850067138672,75.90260314941406
289.9278869628906,243.956298828125,54.61629867553711,77.58399963378906
294.0415954589844,243.9595947265625,56.534400939941406,78.80180358886719
295.54541015625,247.96629333496094,60.54909896850586,78.32769775390625
298.65350341796875,253.40049743652344,61.25040054321289,81.1897964477539
301.44000244140625,258.3680114746094,60.039798736572266,79.42630004882812
300.9693908691406,261.97100830078125,59.822898864746094,77.13919830322266
302.3385925292969,262.5893859863281,55.5348014831543,73.65660095214844
307.24688720703125,260.1543884277344,52.5885009765625,78.25499725341797
310.5887145996094,260.843994140625,48.88420104980469,75.57109832763672
313.4079895019531,260.9018859863281,45.88949966430664,77.21170043945312
313.12091064453125,261.6697998046875,45.905799865722656,76.09420013427734
314.289794921875,261.60150146484375,45.49089813232422,76.73760223388672
314.1565856933594,261.4093017578125,45.94070053100586,77.38909912109375
312.998291015625,259.9831848144531,46.717498779296875,77.85299682617188
314.76348876953125,261.49578857421875,45.184200286865234,75.5530014038086
314.9997863769531,261.8005065917969,45.26890182495117,76.08409881591797
313.0740051269531,261.2134094238281,45.91339874267578,76.61199951171875
313.52081298828125,261.2950134277344,46.45180130004883,76.21829986572266
312.8081970214844,261.4941101074219,46.3484001159668,76.04350280761719
313.1986083984375,260.8796081542969,45.56850051879883,76.60980224609375
315.06329345703125,260.54888916015625,45.332801818847656,75.98590087890625
313.164306640625,259.8778076171875,46.50210189819336,77.75399780273438
313.6080017089844,261.356689453125,45.573001861572266,76.64080047607422
313.9480895996094,261.28350830078125,45.214900970458984,76.89859771728516
311.9408874511719,260.51971435546875,46.803199768066406,77.0031967163086
313.8380126953125,260.4851989746094,45.52389907836914,76.38330078125
313.8555908203125,261.10699462890625,45.00469970703125,75.98059844970703
313.4779968261719,261.25689697265625,46.14419937133789,76.60299682617188
313.8670959472656,260.8656005859375,44.660400390625,76.56549835205078
313.9873962402344,261.602294921875,45.39099884033203,76.04859924316406
314.2432861328125,260.1106872558594,44.71149826049805,76.85820007324219
314.9679870605469,261.4137878417969,44.63629913330078,75.98200225830078
314.59698486328125,261.4352111816406,44.496299743652344,77.10710144042969
315.40728759765625,262.531005859375,44.75849914550781,75.8447036743164
314.5549011230469,261.88690185546875,44.76259994506836,76.7427978515625
315.5874938964844,261.83648681640625,43.632999420166016,75.22109985351562
313.9869079589844,261.16900634765625,46.3202018737793,77.13670349121094
315.0465087890625,261.6401062011719,45.513301849365234,77.06999969482422
314.6120910644531,260.831787109375,44.52899932861328,77.19139862060547
314.9375915527344,261.6138916015625,44.97650146484375,75.72309875488281
314.772705078125,261.468994140625,45.03179931640625,76.36830139160156
313.73980712890625,261.2558898925781,45.476600646972656,76.89510345458984
313.9941101074219,261.718994140625,44.93149948120117,76.53679656982422
314.5627136230469,262.13018798828125,45.215599060058594,76.68250274658203
314.7713928222656,261.5513000488281,44.71739959716797,76.80680084228516
314.1679992675781,261.49249267578125,45.179100036621094,76.04609680175781
314.84869384765625,261.17999267578125,45.269500732421875,76.67649841308594
314.7782897949219,261.49578857421875,45.145599365234375,74.68090057373047
313.5635070800781,260.7084045410156,46.58259963989258,77.4397964477539
314.61309814453125,261.2107849121094,46.08190155029297,75.53089904785156
314.1037902832031,261.72808837890625,46.10459899902344,75.10269927978516
314.2218017578125,262.05389404296875,45.5177001953125,76.19740295410156
315.2500915527344,262.3075866699219,44.36750030517578,75.66220092773438
315.1286926269531,262.1766052246094,43.91889953613281,74.89309692382812
314.8833923339844,261.44580078125,44.46699905395508,74.96309661865234
314.0165100097656,261.6980895996094,45.698001861572266,77.71119689941406
314.206298828125,261.1081848144531,45.45819854736328,77.36519622802734
312.3587951660156,261.03118896484375,46.274898529052734,75.69770050048828
313.11309814453125,261.86260986328125,46.29650115966797,76.77279663085938
312.7825012207031,260.9879150390625,46.845298767089844,77.48609924316406
309.4088134765625,261.0585021972656,51.17359924316406,77.14739990234375
304.26080322265625,260.3197937011719,55.478599548339844,77.96179962158203
303.0470886230469,262.6924133300781,54.360801696777344,77.02970123291016
303.27569580078125,260.4547119140625,53.07419967651367,77.73500061035156
298.4649963378906,260.1274108886719,58.516300201416016,78.32350158691406
299.7185974121094,260.6159973144531,57.19449996948242,75.59149932861328
295.5895080566406,260.7167053222656,60.19919967651367,76.66690063476562
294.78741455078125,259.6351013183594,62.477901458740234,73.77799987792969
295.2471923828125,260.3727111816406,63.603599548339844,71.18199920654297
297.74700927734375,261.99359130859375,61.37929916381836,68.29789733886719
292.4378967285156,257.7991943359375,66.84729766845703,71.931396484375
225.0950927734375,254.7169952392578,49.35350036621094,71.65260314941406
226.6177978515625,252.63619995117188,47.271400451660156,74.19080352783203
226.3802947998047,253.7447967529297,46.97050094604492,73.67680358886719
226.60450744628906,253.02499389648438,47.863399505615234,74.18669891357422
226.3795928955078,252.639892578125,47.94340133666992,75.3499984741211
226.69540405273438,253.1295928955078,46.64590072631836,74.33209991455078
227.55349731445312,253.61549377441406,45.95100021362305,73.07620239257812
226.66650390625,254.6649932861328,46.19340133666992,71.55619812011719
226.84170532226562,254.95919799804688,46.40359878540039,71.7155990600586
226.87489318847656,254.29859924316406,46.377601623535156,72.14939880371094
227.08810424804688,253.86749267578125,47.24449920654297,71.91909790039062
226.53700256347656,254.16029357910156,46.7765998840332,71.36129760742188
262.0018005371094,252.91000366210938,49.15330123901367,46.99190139770508
226.2864990234375,254.81289672851562,47.618099212646484,70.23650360107422
226.18919372558594,253.3762969970703,48.01559829711914,72.8147964477539
226.6071014404297,253.31149291992188,46.52080154418945,72.86710357666016
227.5063018798828,255.1739044189453,45.18410110473633,71.40139770507812
227.46710205078125,254.2093963623047,45.94129943847656,71.45079803466797
228.1658935546875,253.71820068359375,45.191200256347656,72.33570098876953
227.49879455566406,254.8585968017578,45.46379852294922,70.64230346679688
226.6717987060547,253.4940948486328,45.1968994140625,72.20220184326172
226.76890563964844,253.91650390625,45.86899948120117,71.65709686279297
233.25619506835938,224.0583038330078,38.423301696777344,40.12839889526367
232.5279998779297,225.20030212402344,33.83980178833008,37.16120147705078
231.0319061279297,227.30389404296875,32.019500732421875,31.046600341796875
226.235595703125,230.99009704589844,28.80470085144043,27.28529930114746
225.67520141601562,235.06129455566406,27.325000762939453,22.79439926147461
220.22210693359375,243.02589416503906,27.200000762939453,18.128299713134766
225.65029907226562,253.18479919433594,48.98939895629883,20.942399978637695
224.11849975585938,255.6304931640625,48.17829895019531,70.53949737548828
215.95069885253906,254.5238037109375,58.207401275634766,72.52149963378906
221.22230529785156,255.8000030517578,52.794898986816406,69.06990051269531
213.98599243164062,254.9530029296875,59.05929946899414,74.10099792480469
217.977294921875,255.96670532226562,56.925201416015625,71.08409881591797
220.57400512695312,254.51919555664062,52.47100067138672,74.42960357666016
220.3188934326172,254.82130432128906,52.012298583984375,72.15460205078125
220.15240478515625,254.1134033203125,52.32080078125,73.98760223388672
218.54519653320312,253.9293975830078,54.3400993347168,73.67720031738281
218.01950073242188,255.0175018310547,52.935699462890625,72.67430114746094
217.07470703125,253.44039916992188,54.16630172729492,75.99839782714844
215.8406982421875,254.1342010498047,52.38029861450195,75.51730346679688
215.57020568847656,253.86720275878906,53.36869812011719,76.00579833984375
213.6717071533203,253.50210571289062,54.00680160522461,77.46600341796875
212.57969665527344,253.5137939453125,53.727298736572266,72.7333984375
210.79119873046875,254.15240478515625,52.368900299072266,73.13279724121094
208.76499938964844,253.95730590820312,53.59469985961914,72.5770034790039
209.2563018798828,254.44679260253906,52.34370040893555,71.39119720458984
209.36920166015625,254.2530975341797,52.50979995727539,70.06300354003906
209.6027069091797,253.84249877929688,51.00199890136719,71.56060028076172
209.29710388183594,254.5294952392578,52.21419906616211,70.23529815673828
208.44810485839844,254.79229736328125,52.55440139770508,70.7531967163086
208.41090393066406,255.1367950439453,52.2333984375,70.28179931640625
210.4575958251953,254.01060485839844,52.221900939941406,70.51290130615234
211.72019958496094,254.44219970703125,53.96860122680664,70.52300262451172
214.39059448242188,256.1831970214844,54.58879852294922,72.72859954833984
218.61920166015625,254.86839294433594,55.01020050048828,71.49639892578125
222.57069396972656,255.31649780273438,57.5088996887207,73.76679992675781
230.37950134277344,254.4062957763672,56.098201751708984,67.70179748535156
237.4604034423828,257.6404113769531,60.04610061645508,71.77870178222656
299.83050537109375,267.1017150878906,52.99290084838867,78.82240295410156
302.606201171875,266.18218994140625,47.89350128173828,80.82980346679688
302.3525085449219,266.45458984375,50.454898834228516,78.7020034790039
301.8035888671875,266.96209716796875,49.194400787353516,79.10639953613281
302.8233947753906,266.97369384765625,49.14080047607422,80.38420104980469
300.94891357421875,268.10369873046875,49.617000579833984,79.95020294189453
301.2567138671875,266.93890380859375,47.801998138427734,79.95760345458984
302.1700134277344,268.6289978027344,48.759700775146484,78.0353012084961
302.10791015625,268.63958740234375,51.444698333740234,77.97090148925781
302.0426940917969,265.1742858886719,54.153900146484375,81.66329956054688
302.04998779296875,261.3923034667969,62.567501068115234,84.59739685058594
302.2648010253906,264.5566101074219,76.0728988647461,81.00189971923828
299.77740478515625,265.5262145996094,86.49169921875,75.6792984008789
300.0769958496094,266.50640869140625,87.89949798583984,75.78050231933594
298.8763122558594,267.068115234375,55.19049835205078,74.6229019165039
296.7358093261719,266.880615234375,56.380699157714844,75.07710266113281
296.7720031738281,265.0736083984375,54.15409851074219,78.6344985961914
297.94781494140625,266.04168701171875,52.676700592041016,80.22380065917969
290.4502868652344,265.389892578125,56.98270034790039,81.08930206298828
268.776611328125,266.2049865722656,73.5615005493164,79.18949890136719
275.96881103515625,268.90679931640625,59.871299743652344,76.2760009765625
263.3606872558594,262.8944091796875,72.38670349121094,84.60559844970703
254.07940673828125,266.6860046386719,72.5448989868164,78.92410278320312
254.5093994140625,263.56890869140625,65.00440216064453,79.22650146484375
253.27389526367188,266.7987060546875,59.652000427246094,73.47750091552734
251.26609802246094,263.4877014160156,55.403499603271484,74.00920104980469
250.7924041748047,263.4993896484375,54.02159881591797,72.24120330810547
241.98089599609375,261.8214111328125,58.67570114135742,75.2427978515625
241.96730041503906,262.86468505859375,58.41619873046875,71.49169921875
240.95140075683594,261.09930419921875,56.724098205566406,71.27400207519531
239.28990173339844,259.51129150390625,57.06919860839844,75.38929748535156
239.5659942626953,261.6108093261719,56.73939895629883,69.51809692382812
238.3022003173828,258.73968505859375,57.00130081176758,73.71810150146484
238.00660705566406,258.77911376953125,56.95709991455078,72.91519927978516
240.32550048828125,258.5848083496094,55.261199951171875,73.21019744873047
240.11839294433594,258.1105041503906,55.18259811401367,71.3915023803711
238.46090698242188,256.5470886230469,56.212799072265625,75.54519653320312
241.5283966064453,259.0599060058594,52.63869857788086,68.6626968383789
241.4676971435547,257.5917053222656,54.31269836425781,70.87429809570312
241.22360229492188,257.41119384765625,52.51940155029297,71.55580139160156
241.78269958496094,257.6278991699219,53.201499938964844,72.52680206298828
241.93099975585938,258.9916076660156,52.43190002441406,70.24259948730469
241.79379272460938,256.45880126953125,53.20069885253906,74.98200225830078
239.45379638671875,253.44740295410156,55.720298767089844,79.87629699707031
241.05419921875,257.0873107910156,55.72809982299805,76.81400299072266
239.28729248046875,256.64898681640625,56.29819869995117,80.20330047607422
240.2821044921875,257.0805969238281,56.54460144042969,79.87860107421875
240.6667022705078,259.8382873535156,54.61949920654297,72.2927017211914
241.08889770507812,257.4768981933594,53.44839859008789,74.02439880371094
238.9506072998047,257.3836975097656,55.30860137939453,75.62000274658203
240.34739685058594,258.6944885253906,56.569000244140625,69.65070343017578
236.8314971923828,257.26031494140625,57.70940017700195,73.756103515625
237.63519287109375,259.1528015136719,56.769901275634766,71.439697265625
238.3592987060547,258.5047912597656,57.05739974975586,73.33820343017578
237.6009979248047,258.5690002441406,57.29330062866211,70.31400299072266
237.39199829101562,257.1614990234375,57.04349899291992,74.59480285644531
237.4886932373047,259.07269287109375,58.82440185546875,72.52970123291016
239.07589721679688,260.8440856933594,54.796199798583984,68.4719009399414
239.39230346679688,256.43780517578125,56.87110137939453,75.46489715576172
239.98959350585938,259.26300048828125,54.233699798583984,68.58209991455078
238.44720458984375,256.7752990722656,58.01380157470703,74.20449829101562
239.03810119628906,259.056396484375,55.529300689697266,71.8302001953125
237.87669372558594,257.110107421875,58.65370178222656,74.50569915771484
238.8029022216797,259.98388671875,56.355899810791016,67.65299987792969
238.1479949951172,257.1622009277344,58.11880111694336,74.8906021118164
238.05230712890625,257.8471984863281,57.3202018737793,71.15979766845703
238.414306640625,257.92138671875,56.97719955444336,72.29750061035156
238.4954071044922,256.6336975097656,59.285701751708984,73.18450164794922
240.3408966064453,259.7207946777344,55.83599853515625,69.36699676513672
239.57460021972656,255.83749389648438,58.84619903564453,74.97579956054688
238.89500427246094,258.214111328125,57.63249969482422,71.72750091552734
238.3782958984375,257.60260009765625,59.03580093383789,72.46720123291016
239.4980010986328,259.0069885253906,57.420501708984375,70.87979888916016
240.06680297851562,258.135986328125,57.354698181152344,74.2123031616211
239.0959014892578,257.9245910644531,58.717098236083984,72.51090240478516
239.79649353027344,260.1914978027344,57.26919937133789,70.48259735107422
239.91009521484375,257.3717956542969,57.111900329589844,73.18470001220703
239.4362030029297,258.2392883300781,57.838199615478516,75.89289855957031
238.37249755859375,259.5235900878906,59.284698486328125,71.35669708251953
237.85240173339844,257.8844909667969,59.27180099487305,72.52020263671875
239.65199279785156,259.6076965332031,55.989601135253906,71.0730972290039
240.0717010498047,257.6123046875,58.88100051879883,73.65550231933594
235.96209716796875,258.26080322265625,59.39229965209961,73.93289947509766
235.3092041015625,259.8160095214844,55.959800720214844,71.0730972290039
234.8739013671875,257.0856018066406,55.253299713134766,75.94010162353516
232.5522003173828,258.3125,53.9828987121582,71.93199920654297
230.8717041015625,257.4591979980469,53.777801513671875,74.41600036621094
229.93479919433594,257.81719970703125,53.774200439453125,71.4208984375
228.07809448242188,256.4530029296875,55.28960037231445,74.11090087890625
227.4102020263672,259.9002990722656,54.13970184326172,68.31310272216797
225.44410705566406,257.8629150390625,54.99140167236328,70.50309753417969
224.27000427246094,258.9180908203125,53.06330108642578,68.60530090332031
222.45289611816406,257.7648010253906,54.19660186767578,72.24369812011719
222.83799743652344,259.62188720703125,53.327999114990234,69.24949645996094
219.727294921875,258.48858642578125,56.72909927368164,71.95690155029297
221.42080688476562,260.1336975097656,54.64630126953125,68.60769653320312
217.41250610351562,257.7312927246094,59.96659851074219,71.44930267333984
220.29910278320312,260.327392578125,55.63710021972656,68.1541976928711
217.09579467773438,259.78851318359375,59.39630126953125,69.5177001953125
222.56370544433594,259.3396911621094,52.70050048828125,67.24720001220703
217.04379272460938,259.35479736328125,59.16550064086914,70.54660034179688
219.86279296875,258.573486328125,56.03499984741211,70.05950164794922
219.3916015625,258.2850036621094,56.42610168457031,70.3218002319336
223.65350341796875,259.90838623046875,51.05730056762695,70.0009994506836
215.56719970703125,257.56719970703125,60.972801208496094,74.59420013427734
219.4613037109375,259.48040771484375,56.40919876098633,67.97940063476562
218.2310028076172,258.4617919921875,56.97520065307617,73.29499816894531
221.49729919433594,259.2786865234375,52.857601165771484,67.46800231933594
220.72259521484375,256.8844909667969,55.0635986328125,72.97820281982422
220.90359497070312,258.8891906738281,54.27119827270508,71.71019744873047
221.5583038330078,259.4978942871094,53.820499420166016,68.95010375976562
220.9884033203125,258.40301513671875,53.88589859008789,71.7886962890625
221.36109924316406,258.6553955078125,54.02050018310547,70.9395980834961
219.79800415039062,258.6339111328125,55.381500244140625,71.11589813232422
222.29840087890625,257.38909912109375,53.351600646972656,71.08000183105469
219.2707977294922,256.5506896972656,55.444801330566406,74.31819915771484
220.4093017578125,258.1243896484375,56.23429870605469,74.25700378417969
222.4250946044922,258.7702941894531,51.62839889526367,68.47689819335938
222.01730346679688,256.61309814453125,52.54249954223633,73.7135009765625
218.9738006591797,257.2060852050781,55.33810043334961,72.97160339355469
219.69729614257812,257.6101989746094,54.83060073852539,72.67669677734375
216.07949829101562,258.3315124511719,56.280601501464844,71.22329711914062
217.94659423828125,256.74969482421875,55.296199798583984,73.82160186767578
214.48809814453125,256.9849853515625,56.3932991027832,72.82209777832031
217.0718994140625,257.760986328125,55.540199279785156,70.31269836425781
213.24630737304688,256.1686096191406,56.940399169921875,72.3563003540039
213.6916961669922,255.56820678710938,55.01390075683594,72.9229965209961
211.6033935546875,255.17120361328125,56.17539978027344,74.53070068359375
209.27490234375,255.16709899902344,57.48210144042969,74.14969635009766
206.5133056640625,255.4248046875,58.390899658203125,75.61949920654297
206.88729858398438,254.8217010498047,58.19879913330078,79.0509033203125
205.24940490722656,254.85240173339844,58.76210021972656,83.17240142822266
203.69329833984375,255.02439880371094,57.47200012207031,75.31919860839844
203.32749938964844,254.77239990234375,57.5718994140625,73.78929901123047
200.77520751953125,254.33090209960938,58.30619812011719,72.52010345458984
201.54110717773438,255.976806640625,55.413299560546875,71.9447021484375
196.15679931640625,254.61839294433594,57.785099029541016,72.51679992675781
196.6708984375,256.90478515625,54.74700164794922,74.25659942626953
198.1345977783203,254.00010681152344,52.23099899291992,70.62409973144531
195.1416015625,253.28990173339844,54.917999267578125,68.53990173339844
194.61729431152344,252.52720642089844,53.471099853515625,68.2593002319336
198.04690551757812,253.1876983642578,51.2156982421875,67.1697006225586
194.30850219726562,253.6728973388672,54.0161018371582,67.90139770507812
194.51229858398438,253.11810302734375,53.355499267578125,66.22779846191406
198.17649841308594,251.67269897460938,50.51210021972656,64.74510192871094
199.38619995117188,251.23159790039062,50.1775016784668,63.84379959106445
200.88479614257812,251.2552032470703,49.76729965209961,64.19329833984375
204.7279052734375,250.29730224609375,53.70119857788086,63.07979965209961
211.25830078125,251.7122039794922,51.02370071411133,60.46189880371094
217.4152069091797,248.71200561523438,54.48929977416992,67.93379974365234
222.4188995361328,247.7740936279297,59.53110122680664,73.05329895019531
277.2190856933594,260.65478515625,54.50400161743164,81.9572982788086
278.21240234375,261.7583923339844,54.36280059814453,80.0261001586914
277.1612854003906,260.985107421875,55.53810119628906,80.34349822998047
275.5111999511719,258.289306640625,56.20119857788086,83.72550201416016
279.7503967285156,255.65640258789062,54.55910110473633,85.54239654541016
277.497314453125,257.47808837890625,55.39899826049805,84.46749877929688
278.9595947265625,255.3782958984375,58.819400787353516,86.58380126953125
278.2539978027344,258.7206115722656,60.972599029541016,80.9761962890625
278.3669128417969,259.63848876953125,62.749298095703125,82.3906021118164
277.6217041015625,260.5118103027344,64.81690216064453,81.52220153808594
277.5093994140625,260.298095703125,67.5624008178711,81.02130126953125
277.85760498046875,259.5456848144531,61.316200256347656,83.52189636230469
278.364990234375,261.3297119140625,63.2932014465332,80.2979965209961
277.0526123046875,261.5589904785156,65.12120056152344,82.22380065917969
277.1720886230469,257.168212890625,68.77110290527344,75.65630340576172
276.5486145019531,259.47711181640625,65.16429901123047,81.2760009765625
278.52911376953125,261.8033142089844,63.80540084838867,80.00060272216797
279.79290771484375,260.8468017578125,63.85210037231445,80.4906005859375
277.809814453125,254.7631072998047,69.5990982055664,78.66100311279297
277.4991149902344,259.2134094238281,65.65699768066406,81.07230377197266
277.3472900390625,263.23480224609375,68.29609680175781,79.04910278320312
279.7699890136719,258.86920166015625,63.84939956665039,81.48750305175781
276.95361328125,263.13861083984375,62.31439971923828,80.11509704589844
276.94268798828125,255.33619689941406,68.17150115966797,80.15070343017578
275.1861877441406,260.2744140625,63.825599670410156,81.08000183105469
273.49090576171875,260.8019104003906,60.33879852294922,80.0425033569336
258.1814880371094,263.0369873046875,65.7123031616211,74.8124008178711
250.2017059326172,260.4939880371094,65.74310302734375,79.01170349121094
245.72360229492188,263.3891906738281,66.54930114746094,72.89099884033203
243.51699829101562,259.5038146972656,57.01409912109375,73.59269714355469
237.25650024414062,256.1922912597656,59.08539962768555,77.16120147705078
234.37179565429688,256.73541259765625,56.69820022583008,69.74120330810547
233.04849243164062,254.3000946044922,52.56740188598633,69.7052001953125
232.30079650878906,252.95809936523438,53.158599853515625,67.9791030883789
234.37429809570312,252.4322967529297,50.837398529052734,67.91449737548828
233.1846923828125,252.36199951171875,49.9197998046875,64.7490005493164
235.9154052734375,249.6905059814453,47.83330154418945,68.58399963378906
230.37860107421875,250.05169677734375,50.84980010986328,65.0468978881836
233.6291046142578,251.71800231933594,48.82619857788086,63.41680145263672
229.3553009033203,248.7677001953125,51.41320037841797,65.16690063476562
231.7445068359375,251.28790283203125,49.804298400878906,61.711700439453125
236.01100158691406,249.7528076171875,44.82379913330078,63.618499755859375
231.07359313964844,249.67160034179688,50.86000061035156,63.234901428222656
234.98809814453125,249.0677032470703,45.91849899291992,64.38079833984375
227.38270568847656,249.46029663085938,53.684200286865234,64.06600189208984
234.56809997558594,249.5059051513672,47.717098236083984,62.00790023803711
238.37710571289062,249.1179962158203,44.89419937133789,63.20610046386719
240.0904998779297,248.32090759277344,45.559200286865234,61.890201568603516
239.56500244140625,248.84620666503906,44.39739990234375,62.093299865722656
240.2803955078125,250.0261993408203,44.05419921875,61.71289825439453
239.9958038330078,250.45419311523438,43.372100830078125,61.8291015625
239.8032989501953,250.09939575195312,42.298099517822266,62.28049850463867
239.8824005126953,249.93829345703125,42.314300537109375,62.6515998840332
240.86050415039062,250.04969787597656,42.15549850463867,63.028499603271484
240.8292999267578,249.3621063232422,41.329200744628906,62.6953010559082
241.3614959716797,249.40109252929688,41.33259963989258,63.0890998840332
239.61599731445312,250.78919982910156,42.555999755859375,61.9359016418457
240.6304931640625,249.8675994873047,41.01110076904297,62.19960021972656
240.3809051513672,250.4541015625,41.121299743652344,62.27470016479492
241.24530029296875,249.42019653320312,41.162200927734375,63.70100021362305
240.54510498046875,249.25270080566406,41.30929946899414,63.21670150756836
240.3527069091797,249.68820190429688,41.86159896850586,63.17290115356445
240.3155059814453,249.25289916992188,42.64139938354492,64.53479766845703
240.0384063720703,247.89500427246094,42.4734992980957,63.130001068115234
240.02609252929688,249.29409790039062,42.95790100097656,63.54610061645508
239.8614959716797,247.57679748535156,42.825801849365234,65.13899993896484
240.2042999267578,247.48410034179688,42.39680099487305,65.39320373535156
263.8916015625,225.22940063476562,51.18579864501953,46.9286994934082
239.34039306640625,248.3636016845703,43.36029815673828,63.33729934692383
251.8188934326172,212.29429626464844,50.20199966430664,40.75040054321289
238.68609619140625,249.73350524902344,42.55580139160156,63.32720184326172
251.46800231933594,195.31959533691406,47.92399978637695,43.058998107910156
236.9700927734375,202.84750366210938,45.5994987487793,51.900699615478516
233.04490661621094,204.4499969482422,46.81869888305664,51.47489929199219
229.71119689941406,205.90640258789062,43.53739929199219,51.16059875488281
228.1376953125,209.15240478515625,40.956199645996094,45.49959945678711
238.25889587402344,248.4904022216797,44.5817985534668,65.0979995727539
273.8468017578125,282.119384765625,59.52009963989258,56.832000732421875
269.65509033203125,278.7936096191406,60.976898193359375,62.1885986328125
236.87680053710938,248.5034942626953,45.92150115966797,61.897701263427734
238.85150146484375,251.15660095214844,44.60169982910156,61.159000396728516
240.1696014404297,251.82899475097656,53.1776008605957,88.42919921875
239.13900756835938,247.60650634765625,44.76259994506836,54.75960159301758
239.5928955078125,251.6154022216797,42.65340042114258,50.89390182495117
239.58599853515625,247.08599853515625,42.6505012512207,48.26490020751953
238.63079833984375,250.6009979248047,42.655799865722656,47.130699157714844
239.5677947998047,247.95669555664062,43.38930130004883,46.17020034790039
240.2834014892578,251.42269897460938,43.257999420166016,61.08430099487305
239.44369506835938,248.7917022705078,42.94430160522461,64.76619720458984
240.19329833984375,248.73829650878906,42.55289840698242,64.58889770507812
165.81109619140625,276.45709228515625,77.29010009765625,45.6614990234375
239.43359375,250.37379455566406,41.51580047607422,59.180198669433594
237.88780212402344,249.6063995361328,43.270301818847656,63.319000244140625
164.55889892578125,275.5975036621094,76.09510040283203,38.42570114135742
167.23219299316406,275.43328857421875,80.20770263671875,45.58620071411133
238.47850036621094,249.42140197753906,44.376399993896484,61.27280044555664
183.24929809570312,274.534912109375,59.87919998168945,43.55120086669922
170.1746063232422,274.07330322265625,73.6041030883789,44.346500396728516
240.12429809570312,249.9232940673828,42.42900085449219,60.09560012817383
170.41900634765625,275.23541259765625,72.35980224609375,41.0900993347168
172.7552947998047,273.56890869140625,74.23069763183594,45.5177001953125
163.52920532226562,274.6979064941406,83.13359832763672,43.18769836425781
108.71080017089844,312.0907897949219,66.15540313720703,39.84830093383789
110.02519989013672,307.8965148925781,65.30220031738281,40.300899505615234
102.7334976196289,306.9064025878906,73.88590240478516,49.1974983215332
108.14830017089844,308.831298828125,68.61640167236328,40.71160125732422
109.64839935302734,309.4513854980469,63.340301513671875,42.208499908447266
106.92849731445312,311.181396484375,69.74739837646484,40.95970153808594
106.71309661865234,306.8927001953125,75.39440155029297,43.42319869995117
109.05860137939453,307.94000244140625,68.32279968261719,42.9452018737793
109.9541015625,311.02069091796875,68.19200134277344,41.008399963378906
110.68299865722656,310.00360107421875,60.982398986816406,38.98889923095703
104.46410369873047,308.0509948730469,70.40799713134766,49.88029861450195
107.49539947509766,308.0563049316406,66.9656982421875,47.675201416015625
110.02549743652344,311.0863037109375,66.40969848632812,40.594600677490234
109.60040283203125,308.4289855957031,70.5031967163086,43.04180145263672
115.68800354003906,305.3481140136719,63.38880157470703,43.16130065917969
111.24240112304688,306.2699890136719,64.6675033569336,47.21070098876953
109.40730285644531,310.1217956542969,65.07689666748047,42.310699462890625
106.0792007446289,308.53021240234375,66.37699890136719,43.358299255371094
102.00550079345703,308.0244140625,76.18170166015625,43.8401985168457
112.28009796142578,306.65740966796875,70.6614990234375,41.985801696777344
101.86599731445312,310.0589904785156,78.34510040283203,44.57379913330078
108.37550354003906,308.4635009765625,66.06330108642578,41.89400100708008
116.2343978881836,309.75030517578125,57.846900939941406,39.018798828125
101.11080169677734,307.0351867675781,75.79109954833984,48.70029830932617
110.6676025390625,305.7514953613281,64.4738998413086,43.77989959716797
108.52570343017578,310.5889892578125,68.64830017089844,43.04349899291992
108.4052963256836,310.13739013671875,66.15239715576172,40.80799865722656
108.29910278320312,311.8479919433594,72.51599884033203,39.01679992675781
110.05750274658203,308.0617980957031,63.471099853515625,40.7151985168457
109.0718002319336,305.4064025878906,68.67720031738281,49.07040023803711
111.91459655761719,304.93060302734375,63.224098205566406,43.92369842529297
109.70890045166016,308.9507141113281,72.54239654541016,44.60749816894531
112.31719970703125,313.4436950683594,67.76689910888672,38.90959930419922
113.13349914550781,308.4632873535156,62.71900177001953,41.95320129394531
113.52739715576172,313.87030029296875,63.89699935913086,38.28950119018555
111.90589904785156,309.1376953125,63.009300231933594,39.37710189819336
106.54830169677734,309.0107116699219,71.9635009765625,43.14950180053711
115.22789764404297,309.08489990234375,59.46200180053711,40.18299865722656
107.23480224609375,309.7997131347656,66.92240142822266,47.92219924926758
110.1780014038086,308.23699951171875,64.9302978515625,43.14889907836914
107.79039764404297,312.63641357421875,67.94599914550781,38.37300109863281
111.46410369873047,309.5226135253906,62.03260040283203,40.923500061035156
113.5280990600586,313.5237121582031,64.2614974975586,37.79560089111328
106.51390075683594,310.0650939941406,65.62670135498047,43.096500396728516
106.6344985961914,309.3768005371094,67.4677963256836,41.430599212646484
112.02429962158203,309.9949951171875,62.8489990234375,40.29439926147461
108.89640045166016,311.1766052246094,64.53739929199219,42.262901306152344
106.94429779052734,307.0526123046875,70.14219665527344,43.65489959716797
114.15550231933594,314.11529541015625,63.73640060424805,38.101898193359375
112.11519622802734,308.9054870605469,64.16419982910156,40.854000091552734
111.04989624023438,308.8622131347656,61.212799072265625,43.45109939575195
110.83219909667969,310.0862121582031,66.49819946289062,40.00270080566406
115.48030090332031,308.56451416015625,57.80419921875,39.622100830078125
105.41120147705078,307.2018127441406,67.53209686279297,46.657901763916016
112.3583984375,308.73980712890625,61.234901428222656,40.68199920654297
112.0208969116211,309.10980224609375,61.856201171875,44.69499969482422
108.82230377197266,308.9263916015625,64.9677963256836,41.93669891357422
109.69519805908203,311.09100341796875,64.64779663085938,42.562400817871094
106.43250274658203,308.3363952636719,70.69020080566406,42.14440155029297
121.82510375976562,307.5824890136719,53.60340118408203,42.630699157714844
109.8323974609375,308.49371337890625,73.12229919433594,46.757301330566406
110.67250061035156,308.43829345703125,72.4635009765625,42.79930114746094
110.57170104980469,311.45880126953125,68.23829650878906,43.84960174560547
108.99559783935547,308.4088134765625,66.1708984375,41.630699157714844
113.9811019897461,308.87701416015625,61.57709884643555,42.112701416015625
110.47969818115234,309.10791015625,61.617000579833984,43.202301025390625
108.9281997680664,307.2160949707031,68.06919860839844,44.29309844970703
115.2656021118164,308.41351318359375,62.9109001159668,41.38359832763672
115.63929748535156,305.8908996582031,60.5458984375,44.81340026855469
111.28839874267578,305.7497863769531,72.4999008178711,47.15829849243164
106.97049713134766,306.5979919433594,72.00340270996094,47.72719955444336
107.56700134277344,307.904296875,66.71880340576172,44.47589874267578
111.89340209960938,308.0849914550781,62.2317008972168,43.67940139770508
110.96040344238281,306.30560302734375,62.798500061035156,46.26649856567383
109.81320190429688,305.4122009277344,69.84819793701172,45.06919860839844
113.38169860839844,305.5830993652344,62.835201263427734,45.5276985168457
161.66400146484375,276.23651123046875,82.48190307617188,72.56849670410156
162.77650451660156,272.94781494140625,80.19819641113281,78.61689758300781
153.96490478515625,274.3764953613281,93.35540008544922,80.4542007446289
155.46749877929688,273.6993103027344,87.66570281982422,78.16239929199219
159.13450622558594,276.39129638671875,83.69609832763672,69.1675033569336
159.29159545898438,273.53021240234375,86.1332015991211,78.87370300292969
158.16830444335938,274.2345886230469,87.5718994140625,78.43890380859375
157.65879821777344,277.6355895996094,85.92289733886719,71.806396484375
158.8253936767578,276.52911376953125,87.04650115966797,70.14289855957031
162.1999053955078,274.7193908691406,82.51640319824219,79.29319763183594
163.81820678710938,275.14080810546875,81.86090087890625,73.36920166015625
156.97129821777344,274.5198059082031,88.55870056152344,78.42630004882812
155.7165069580078,275.0317077636719,89.36209869384766,74.1061019897461
159.70150756835938,276.918212890625,83.81109619140625,75.16310119628906
237.83619689941406,246.04119873046875,42.78409957885742,65.49849700927734
262.65289306640625,271.01800537109375,55.760398864746094,78.89289855957031
257.75360107421875,259.2939147949219,59.03770065307617,76.82450103759766
239.4564971923828,247.91180419921875,42.809600830078125,67.01300048828125
258.4587097167969,205.42160034179688,42.73860168457031,47.82830047607422
288.5928955078125,158.77200317382812,40.2776985168457,44.02119827270508
277.2843933105469,155.32470703125,36.25199890136719,50.522300720214844
264.3487854003906,154.33599853515625,38.81949996948242,54.50239944458008
251.21249389648438,160.0677947998047,36.63759994506836,50.46860122680664
243.32589721679688,166.7198028564453,37.274898529052734,49.778900146484375
233.57749938964844,179.62820434570312,43.900299072265625,61.64550018310547
228.37449645996094,196.1876983642578,39.18989944458008,49.20000076293945
226.9915008544922,219.16909790039062,37.67430114746094,31.201499938964844
219.3195037841797,234.78390502929688,34.85559844970703,29.60379981994629
225.34010314941406,246.80979919433594,41.11159896850586,35.46200180053711
227.50230407714844,250.28660583496094,54.27080154418945,61.798500061035156
233.34249877929688,252.59280395507812,48.45140075683594,58.97050094604492
234.64649963378906,249.18930053710938,45.82929992675781,64.44969940185547
234.4678955078125,249.85699462890625,46.6422004699707,64.34839630126953
182.27349853515625,276.8927917480469,51.32569885253906,48.02190017700195
233.37179565429688,249.78250122070312,49.30039978027344,62.30270004272461
234.30259704589844,248.60000610351562,46.18109893798828,64.53559875488281
234.4176025390625,249.37130737304688,46.78779983520508,63.951900482177734
233.72120666503906,248.90890502929688,47.57320022583008,63.99209976196289
231.53590393066406,249.80780029296875,50.72850036621094,63.520198822021484
233.2097930908203,249.2209014892578,48.24980163574219,64.34919738769531
231.23910522460938,250.08689880371094,50.38019943237305,65.00340270996094
229.94569396972656,250.5800018310547,51.639198303222656,65.31340026855469
231.06979370117188,251.71170043945312,51.17190170288086,65.2114028930664
228.89480590820312,251.38160705566406,52.18870162963867,67.43509674072266
228.66709899902344,254.38929748535156,51.9098014831543,66.88369750976562
225.3096923828125,252.710693359375,54.36520004272461,70.17220306396484
228.1027069091797,255.02220153808594,53.796600341796875,69.7479019165039
225.61099243164062,257.1192932128906,53.99089813232422,70.30850219726562
225.03070068359375,258.010986328125,56.21500015258789,73.60009765625
225.3155059814453,259.5165100097656,58.96620178222656,75.25420379638672
225.5225067138672,261.6376953125,55.920799255371094,77.10310363769531
225.0511016845703,261.3960876464844,61.2495002746582,80.05400085449219
223.98489379882812,266.9938049316406,59.967498779296875,78.98860168457031
223.11050415039062,265.3042907714844,63.41019821166992,83.69149780273438
223.072998046875,267.0549011230469,61.22249984741211,82.36969757080078
220.13710021972656,269.427490234375,63.28670120239258,81.37629699707031
219.39089965820312,269.6047058105469,65.01490020751953,84.24120330810547
221.43150329589844,268.1123962402344,59.70389938354492,85.05549621582031
220.5200958251953,267.8362121582031,62.30820083618164,84.54640197753906
222.06309509277344,267.2522888183594,61.89310073852539,85.17610168457031
223.4282989501953,268.53271484375,60.35029983520508,83.72219848632812
225.04409790039062,264.7489929199219,62.444698333740234,85.75849914550781
225.8000946044922,265.4822082519531,64.90950012207031,83.78780364990234
227.61180114746094,264.47979736328125,60.80500030517578,81.96710205078125
226.64540100097656,262.6687927246094,64.64820098876953,83.06179809570312
227.37550354003906,261.08349609375,62.924598693847656,83.46289825439453
224.564697265625,261.5592956542969,66.25559997558594,79.04779815673828
224.85159301757812,265.76190185546875,64.10749816894531,73.02899932861328
229.69940185546875,262.2627868652344,58.052398681640625,73.42389678955078
232.1739044189453,259.973388671875,55.27470016479492,79.30989837646484
233.04649353027344,261.2085876464844,54.099700927734375,78.05870056152344
233.00399780273438,259.28948974609375,55.092201232910156,79.49240112304688
234.27540588378906,257.3951110839844,52.562198638916016,81.66850280761719
236.4738006591797,256.16461181640625,49.206298828125,83.52680206298828
236.654296875,260.8223876953125,47.71989822387695,79.48410034179688
237.38619995117188,260.40008544921875,47.809898376464844,78.331298828125
241.05259704589844,225.77609252929688,47.172698974609375,43.79130172729492
236.78089904785156,264.5469055175781,48.068199157714844,73.7686996459961
236.49020385742188,254.69679260253906,50.95709991455078,85.68930053710938
236.7834014892578,258.52789306640625,51.22819900512695,82.6718978881836
236.23280334472656,259.6919860839844,50.62929916381836,80.13349914550781
236.65240478515625,260.09588623046875,50.32469940185547,81.27429962158203
236.91619873046875,259.6401062011719,49.4099006652832,78.78140258789062
236.593994140625,257.5306091308594,50.7421989440918,83.90769958496094
238.05740356445312,259.0456848144531,49.53850173950195,80.43280029296875
238.82859802246094,258.75311279296875,50.22909927368164,81.4979019165039
239.00779724121094,258.92230224609375,49.34519958496094,80.60639953613281
237.64370727539062,259.82769775390625,51.17879867553711,80.4811019897461
237.8101043701172,259.7589111328125,50.195098876953125,79.45850372314453
238.36459350585938,259.1418151855469,49.156700134277344,80.87660217285156
238.97349548339844,260.2880859375,47.518001556396484,80.0302963256836
238.31320190429688,260.46759033203125,46.37739944458008,79.48400115966797
238.4904022216797,261.2998962402344,46.15420150756836,79.533203125
238.05340576171875,261.2102966308594,47.7598991394043,78.768798828125
238.49429321289062,260.6332092285156,46.25040054321289,79.48069763183594
238.40980529785156,260.3179931640625,47.53860092163086,79.63240051269531
237.67359924316406,260.5685119628906,47.53260040283203,78.77079772949219
237.2303009033203,261.4919128417969,48.86650085449219,78.4490966796875
237.6658935546875,260.0797119140625,47.47100067138672,78.72579956054688
237.72799682617188,260.78839111328125,47.45159912109375,78.131103515625
238.0467987060547,260.6145935058594,48.351200103759766,78.46260070800781
237.7904052734375,260.8489074707031,48.53129959106445,80.11170196533203
239.34030151367188,261.43798828125,45.246700286865234,77.07209777832031
239.02879333496094,263.0237121582031,46.49420166015625,76.51429748535156
237.3437042236328,260.3810119628906,48.828399658203125,82.2959976196289
238.0272979736328,260.8006896972656,47.13560104370117,77.03140258789062
237.5709991455078,261.95050048828125,48.16939926147461,76.69170379638672
238.11810302734375,262.251708984375,46.53580093383789,77.78929901123047
238.0131072998047,261.9092102050781,46.87220001220703,77.31279754638672
237.818603515625,262.3345031738281,48.0359001159668,77.31079864501953
238.09710693359375,262.2395935058594,47.447898864746094,76.70110321044922
238.0576934814453,261.3334045410156,48.119300842285156,78.8750991821289
237.93359375,261.6496887207031,47.470699310302734,77.61620330810547
238.80850219726562,261.93890380859375,47.179500579833984,79.0436019897461
238.04769897460938,261.3913879394531,47.6713981628418,78.15070343017578
238.65469360351562,260.79888916015625,47.190399169921875,79.99669647216797
238.14830017089844,261.27239990234375,46.06460189819336,77.46769714355469
237.62669372558594,261.9377136230469,47.22090148925781,78.95780181884766
237.71409606933594,260.49578857421875,47.67190170288086,78.36119842529297
237.6157989501953,260.0581970214844,49.77080154418945,80.32379913330078
238.46429443359375,259.1158142089844,48.964500427246094,80.08399963378906
238.88760375976562,259.2168884277344,49.37139892578125,80.5790023803711
238.5821075439453,259.5133972167969,49.875099182128906,80.64600372314453
238.0518035888672,258.4331970214844,50.78340148925781,80.83699798583984
237.35650634765625,260.1382141113281,51.29890060424805,78.77980041503906
238.0655059814453,259.34588623046875,49.09049987792969,79.72489929199219
238.52830505371094,258.743408203125,48.86240005493164,80.41380310058594
238.14039611816406,259.65948486328125,49.576499938964844,81.62090301513672
238.56919860839844,260.01690673828125,49.11109924316406,78.70960235595703
237.81149291992188,259.78338623046875,49.455299377441406,80.75150299072266
238.71690368652344,260.3655090332031,48.082000732421875,77.44000244140625
238.22129821777344,259.4656982421875,50.502498626708984,81.44380187988281
239.7740020751953,249.23350524902344,51.03730010986328,62.09360122680664
238.50320434570312,258.77508544921875,50.39690017700195,80.78990173339844
238.414306640625,257.12451171875,48.11600112915039,82.53489685058594
236.404296875,255.99220275878906,51.31520080566406,85.99739837646484
236.01649475097656,257.56689453125,51.620601654052734,79.68419647216797
235.77699279785156,257.1871032714844,51.182098388671875,84.50900268554688
236.74830627441406,259.7688903808594,50.259700775146484,81.43720245361328
234.9488067626953,258.7854919433594,51.83380126953125,73.89830017089844
235.92739868164062,258.027099609375,52.3046989440918,80.6510009765625
236.31900024414062,260.2373046875,50.80270004272461,82.36229705810547
236.28810119628906,250.4501953125,48.869598388671875,61.9203987121582
237.7678985595703,251.62770080566406,50.26689910888672,59.3297004699707
238.47079467773438,252.82110595703125,47.83219909667969,53.651798248291016
238.6094970703125,245.7863006591797,45.87810134887695,35.86949920654297
240.4864959716797,242.22349548339844,41.60609817504883,30.36370086669922
238.66619873046875,249.3238983154297,46.22669982910156,30.873600006103516
237.0341033935547,245.12759399414062,46.714298248291016,29.63949966430664
236.70370483398438,240.2790069580078,31.787500381469727,26.938499450683594
232.43060302734375,242.3470001220703,32.17390060424805,22.404800415039062
226.62570190429688,239.78939819335938,30.537599563598633,21.899799346923828
224.18429565429688,241.69500732421875,35.088600158691406,23.01959991455078
220.19129943847656,245.3697967529297,29.072399139404297,21.632999420166016
218.08590698242188,250.1710968017578,25.46190071105957,29.3794002532959
213.61199951171875,253.6083984375,25.932899475097656,25.250900268554688
212.8155975341797,257.8581848144531,28.524599075317383,23.560199737548828
215.96620178222656,259.7585144042969,31.929000854492188,21.635400772094727
190.2032012939453,269.0889892578125,37.15439987182617,22.26569938659668
186.59950256347656,268.9881896972656,46.32640075683594,27.5226993560791
171.55810546875,273.1200866699219,61.694000244140625,35.27579879760742
169.55540466308594,277.3703918457031,69.97959899902344,43.05619812011719
158.19009399414062,274.99090576171875,85.68840026855469,75.22760009765625
159.79510498046875,272.58160400390625,85.19830322265625,76.5967025756836
157.4385986328125,274.470703125,87.5739974975586,76.76090240478516
164.71620178222656,274.67608642578125,79.37660217285156,70.43219757080078
120.72850036621094,275.1972961425781,123.96869659423828,78.19049835205078
150.6862030029297,270.2715148925781,113.9021987915039,78.0519027709961
150.85000610351562,269.0794982910156,110.98320007324219,78.0114974975586
124.32990264892578,271.79119873046875,129.52389526367188,76.30870056152344
125.00900268554688,272.18499755859375,126.28350067138672,79.70179748535156
137.09959411621094,270.2204895019531,113.17350006103516,79.0802001953125
241.10890197753906,264.7681884765625,45.574798583984375,74.27330017089844
236.4694061279297,258.4798889160156,52.09429931640625,57.09149932861328
237.02789306640625,260.7840881347656,49.213600158691406,81.60389709472656
237.44189453125,260.2947082519531,50.022499084472656,79.21440124511719
237.597900390625,259.68060302734375,50.62269973754883,81.41130065917969
269.57049560546875,277.8854064941406,62.56439971923828,74.25990295410156
236.7218017578125,259.0668029785156,51.99470138549805,82.08000183105469
236.51400756835938,258.0284118652344,52.111900329589844,84.27680206298828
236.07769775390625,258.5351867675781,51.76070022583008,82.8832015991211
237.21249389648438,258.50750732421875,50.24850082397461,82.72669982910156
237.5301971435547,259.42510986328125,49.80609893798828,83.82469940185547
236.1009979248047,253.9897003173828,52.33380126953125,62.03950119018555
239.5131072998047,256.00250244140625,49.41450119018555,63.7864990234375
237.2375030517578,261.3551940917969,49.62379837036133,84.4717025756836
236.414306640625,258.76690673828125,50.90800094604492,76.44429779052734
237.93080139160156,260.6954040527344,48.82310104370117,78.85679626464844
202.8769989013672,231.66639709472656,69.14769744873047,78.60079956054688
236.4687042236328,260.2143859863281,52.32709884643555,80.6353988647461
235.85350036621094,260.33648681640625,51.35240173339844,75.68810272216797
235.13160705566406,260.25189208984375,51.81460189819336,79.19670104980469
235.18719482421875,260.4009094238281,50.35430145263672,76.72380065917969
234.7436065673828,258.40948486328125,51.753299713134766,78.99909973144531
234.84649658203125,259.7442932128906,50.999000549316406,77.41339874267578
237.32839965820312,259.77978515625,49.148101806640625,77.44889831542969
236.51220703125,259.7076110839844,50.27920150756836,78.48539733886719
235.5166015625,259.08441162109375,51.10810089111328,78.01210021972656
235.8804931640625,258.2994079589844,50.62120056152344,78.06780242919922
235.0655059814453,261.79058837890625,51.76340103149414,74.32689666748047
236.3798065185547,261.2206115722656,49.53799819946289,75.70279693603516
233.82330322265625,259.1164855957031,52.18669891357422,75.51619720458984
236.52560424804688,260.9844970703125,48.59280014038086,74.4175033569336
236.12049865722656,259.42388916015625,49.77239990234375,75.34850311279297
234.2187957763672,258.7674865722656,51.92359924316406,75.1698989868164
235.10650634765625,259.77490234375,51.31060028076172,75.41889953613281
235.8520965576172,258.0707092285156,51.66749954223633,78.4718017578125
235.1768035888672,259.59130859375,51.82939910888672,75.87470245361328
234.80819702148438,258.7549133300781,52.06460189819336,77.67340087890625
234.81619262695312,259.7351989746094,51.0004997253418,76.23179626464844
234.31430053710938,259.5946044921875,53.1161994934082,75.77670288085938
235.8831024169922,262.1451110839844,49.94499969482422,74.21869659423828
234.59030151367188,260.5909118652344,52.54460144042969,77.45230102539062
234.11160278320312,260.6993103027344,53.12620162963867,75.44149780273438
234.072998046875,260.7620849609375,51.48080062866211,77.21929931640625
235.1575927734375,258.9903869628906,53.330501556396484,76.48619842529297
