1
379.647705078125,196.94740295410156,41.82889938354492,126.36720275878906
378.0357971191406,196.7071990966797,41.70640182495117,125.00070190429688
377.7676086425781,197.70889282226562,41.00630187988281,125.08999633789062
376.4036865234375,197.09779357910156,39.716800689697266,125.71269989013672
375.7937927246094,199.21339416503906,39.027801513671875,125.22039794921875
375.1265869140625,197.21910095214844,38.24769973754883,125.39029693603516
374.1300964355469,199.127197265625,37.63669967651367,124.15779876708984
372.3398132324219,198.20570373535156,38.25339889526367,125.81120300292969
371.5718078613281,198.1027069091797,37.55160140991211,124.6709976196289
370.4473876953125,198.6208953857422,37.06460189819336,123.61969757080078
369.59619140625,197.00570678710938,37.99850082397461,124.59159851074219
367.5566101074219,197.89889526367188,37.083099365234375,124.13790130615234
366.26348876953125,197.85060119628906,38.22639846801758,123.78669738769531
365.39300537109375,197.44580078125,38.79029846191406,124.8595962524414
363.4464111328125,198.8070068359375,39.95220184326172,124.47640228271484
362.7240905761719,198.31289672851562,38.689300537109375,124.65689849853516
360.2261962890625,196.56910705566406,42.07619857788086,127.08450317382812
359.4071960449219,197.63380432128906,41.4921989440918,126.38919830322266
358.2514953613281,198.6457977294922,42.93730163574219,125.55960083007812
357.3037109375,199.7864990234375,43.38130187988281,125.32369995117188
357.4245910644531,198.79429626464844,46.03689956665039,126.5634994506836
355.13848876953125,199.20399475097656,46.077999114990234,126.27210235595703
353.63958740234375,198.53689575195312,53.75120162963867,128.5800018310547
353.6994934082031,201.18679809570312,48.33430099487305,122.88600158691406
352.2405090332031,196.96780395507812,51.49959945678711,129.36239624023438
352.52960205078125,200.7299041748047,51.70709991455078,124.79560089111328
352.30670166015625,201.0186004638672,48.5713005065918,122.93000030517578
351.2688903808594,200.47109985351562,51.35110092163086,124.87370300292969
351.2060852050781,200.74830627441406,52.18920135498047,124.70279693603516
349.7904968261719,199.81419372558594,51.61410140991211,123.4977035522461
347.82818603515625,198.66160583496094,53.32720184326172,126.41899871826172
346.47601318359375,197.72889709472656,56.66659927368164,127.37030029296875
346.872802734375,199.5605926513672,53.94060134887695,124.08609771728516
344.856689453125,198.1907958984375,54.43130111694336,126.42549896240234
345.531005859375,197.714599609375,52.12160110473633,125.85050201416016
342.66351318359375,197.17889404296875,54.82709884643555,126.93620300292969
342.29669189453125,195.93020629882812,55.53340148925781,129.0384979248047
340.650390625,193.8916015625,56.882301330566406,127.24150085449219
341.7939147949219,196.0238037109375,54.688899993896484,127.13919830322266
338.7091064453125,193.80599975585938,56.746299743652344,126.947998046875
339.6719055175781,194.63870239257812,54.897300720214844,128.21090698242188
336.8161926269531,193.2144012451172,57.91339874267578,129.83090209960938
337.0779113769531,193.22459411621094,57.02370071411133,127.38159942626953
336.3464050292969,194.58200073242188,56.72380065917969,129.8159942626953
334.6405944824219,193.3809051513672,56.66619873046875,129.23480224609375
336.11151123046875,195.4822998046875,55.097900390625,126.69450378417969
333.997314453125,193.97479248046875,56.23899841308594,130.5334930419922
331.71820068359375,192.406494140625,56.568599700927734,130.48060607910156
332.46258544921875,194.02650451660156,57.0098991394043,128.60699462890625
331.7764892578125,193.9875946044922,57.4656982421875,128.33160400390625
330.5669860839844,194.31129455566406,58.014198303222656,129.13720703125
330.3731994628906,194.16819763183594,57.625999450683594,128.7772979736328
329.3464050292969,194.36920166015625,58.54280090332031,128.3424072265625
328.88690185546875,195.6363067626953,59.54399871826172,127.48609924316406
328.1336975097656,194.6938934326172,59.67219924926758,127.14179992675781
328.1601867675781,194.67340087890625,60.756500244140625,127.7511978149414
328.2314147949219,195.1885986328125,59.239601135253906,125.99739837646484
327.7738952636719,195.49029541015625,60.32469940185547,126.47789764404297
326.9336853027344,195.53790283203125,60.184898376464844,125.39610290527344
326.81610107421875,194.860595703125,60.67190170288086,127.3917007446289
326.4471130371094,194.3072052001953,60.0093994140625,126.552001953125
325.95379638671875,194.62789916992188,60.52510070800781,127.56790161132812
325.27301025390625,194.50709533691406,60.9364013671875,127.60040283203125
325.3822937011719,194.7581024169922,61.05400085449219,126.8323974609375
325.0104064941406,195.5435028076172,60.29199981689453,126.71289825439453
325.0076904296875,194.87750244140625,60.49359893798828,127.23930358886719
324.368408203125,195.63499450683594,60.64889907836914,127.25849914550781
323.59381103515625,195.8076934814453,60.97700119018555,127.43509674072266
323.4368896484375,196.13980102539062,61.67890167236328,127.12809753417969
323.7120056152344,195.80169677734375,61.25170135498047,127.50180053710938
323.8717956542969,196.16250610351562,61.84109878540039,127.34149932861328
322.1438903808594,196.9445037841797,64.30439758300781,128.22219848632812
321.5950927734375,197.95970153808594,64.7385025024414,127.58660125732422
321.3682861328125,197.5343017578125,65.33550262451172,127.30490112304688
321.4888916015625,199.85519409179688,65.1552963256836,125.52850341796875
321.8623046875,200.21629333496094,65.09290313720703,125.91629791259766
320.8302917480469,200.6555938720703,66.65579986572266,125.24810028076172
321.0730895996094,200.5998992919922,66.97879791259766,126.59770202636719
320.22430419921875,199.40969848632812,67.1698989868164,127.8323974609375
321.3153991699219,198.65899658203125,66.34290313720703,127.61119842529297
321.1588134765625,200.04200744628906,66.07450103759766,125.89219665527344
321.2348937988281,200.5175018310547,65.50679779052734,125.87409973144531
321.9103088378906,199.59530639648438,65.07029724121094,126.79769897460938
322.51251220703125,199.35589599609375,65.12539672851562,126.41380310058594
323.2320861816406,199.3159942626953,63.720699310302734,126.07649993896484
322.4336853027344,198.35549926757812,64.35880279541016,126.65599822998047
323.6091003417969,198.29949951171875,63.24300003051758,126.62319946289062
323.7073059082031,197.59120178222656,64.01010131835938,127.29570007324219
322.7893981933594,197.7075958251953,63.754398345947266,126.41549682617188
324.2510070800781,198.05709838867188,62.45920181274414,126.51599884033203
325.3528137207031,198.09100341796875,62.72629928588867,126.25019836425781
324.17950439453125,197.7707977294922,62.7333984375,125.28820037841797
325.4287109375,196.6743927001953,61.832298278808594,126.0718994140625
326.30108642578125,195.6112060546875,61.19329833984375,126.40950012207031
328.20928955078125,196.28329467773438,58.860801696777344,125.45369720458984
327.1077880859375,197.05569458007812,60.59339904785156,125.24449920654297
327.77020263671875,195.94369506835938,60.05870056152344,126.14779663085938
328.9010009765625,195.7375030517578,59.5166015625,125.90779876708984
330.15521240234375,197.04530334472656,58.263301849365234,125.03079986572266
330.8982849121094,196.30250549316406,58.74589920043945,125.87840270996094
331.1348876953125,197.60719299316406,58.34989929199219,125.20860290527344
332.4794006347656,196.79649353027344,57.242401123046875,125.9811019897461
334.0369873046875,196.7548065185547,55.73429870605469,125.16680145263672
335.24688720703125,197.0626983642578,56.15530014038086,125.90570068359375
334.4117126464844,195.3365020751953,57.00120162963867,127.4219970703125
336.6536865234375,196.32530212402344,56.36320114135742,126.47850036621094
336.90240478515625,196.8778076171875,56.1265983581543,127.7052001953125
337.6866149902344,196.9716033935547,57.446800231933594,126.76429748535156
339.9627990722656,200.14520263671875,55.21540069580078,124.35800170898438
338.71490478515625,200.06500244140625,56.927799224853516,125.68009948730469
341.0423889160156,201.1436004638672,55.635398864746094,123.6771011352539
342.7314147949219,200.57139587402344,55.42279815673828,125.21369934082031
344.760986328125,202.1905975341797,55.44329833984375,123.23719787597656
343.51129150390625,202.58059692382812,57.154998779296875,124.25170135498047
345.9193115234375,201.5196990966797,56.09400177001953,124.85449981689453
348.9988098144531,204.1147003173828,55.64469909667969,122.81890106201172
348.2315979003906,202.1331024169922,57.17729949951172,125.63510131835938
352.09039306640625,204.41079711914062,54.70119857788086,123.15950012207031
350.3457946777344,200.8778076171875,58.35940170288086,128.9945068359375
354.0541076660156,204.2073974609375,56.26190185546875,125.4280014038086
353.51129150390625,202.90699768066406,56.27259826660156,126.26290130615234
356.0242919921875,202.9008026123047,55.7869987487793,126.25350189208984
358.4560852050781,204.22720336914062,55.448699951171875,126.49960327148438
359.7041931152344,203.86929321289062,55.89120101928711,127.42279815673828
361.59490966796875,203.87879943847656,55.40769958496094,126.872802734375
364.7831115722656,206.80850219726562,53.667598724365234,125.1449966430664
365.0528869628906,205.21420288085938,54.69779968261719,128.15130615234375
367.5342102050781,208.28289794921875,55.11940002441406,125.18099975585938
369.84051513671875,208.9176025390625,52.89179992675781,126.16519927978516
369.93389892578125,208.05880737304688,52.79439926147461,126.51260375976562
372.38470458984375,210.5637969970703,51.213199615478516,126.88009643554688
372.2651062011719,210.8804931640625,50.338199615478516,127.14640045166016
374.1418151855469,215.66119384765625,46.32279968261719,126.49980163574219
373.502197265625,216.76519775390625,45.0078010559082,127.93710327148438
375.7681884765625,218.03160095214844,42.9379997253418,128.7969970703125
374.6029052734375,222.49209594726562,39.739498138427734,126.68280029296875
374.0393981933594,225.44500732421875,37.27519989013672,125.81300354003906
369.1711120605469,227.68739318847656,37.542301177978516,126.95980072021484
366.9303894042969,229.0988006591797,42.02629852294922,128.27020263671875
362.2518005371094,234.36669921875,44.32789993286133,126.95909881591797
359.6759948730469,236.17100524902344,46.53070068359375,127.67040252685547
358.1029968261719,238.20989990234375,48.73440170288086,127.68060302734375
356.2643127441406,242.60479736328125,49.715301513671875,126.72370147705078
355.37060546875,245.57130432128906,50.269901275634766,126.79989624023438
355.8832092285156,247.02810668945312,49.26890182495117,128.85830688476562
357.45001220703125,248.74940490722656,47.86579895019531,129.8354034423828
358.5325012207031,249.57150268554688,47.602298736572266,132.2794952392578
359.2626953125,255.16549682617188,43.49150085449219,129.40159606933594
359.4096984863281,259.21978759765625,43.153099060058594,129.84910583496094
360.1005859375,262.9551086425781,41.849300384521484,130.1309051513672
360.23199462890625,267.09228515625,41.81589889526367,129.20970153808594
359.4648132324219,271.4010009765625,41.140899658203125,128.41949462890625
358.6064147949219,274.4273986816406,41.79610061645508,128.12899780273438
358.2012023925781,277.40411376953125,41.61750030517578,129.7321014404297
356.769287109375,280.1048889160156,41.707801818847656,129.7021942138672
356.0650939941406,283.7361145019531,42.07120132446289,128.94749450683594
354.17608642578125,285.0273132324219,43.42729949951172,130.41250610351562
352.4703063964844,287.1778869628906,44.055999755859375,131.32069396972656
349.8230895996094,289.0743103027344,45.491600036621094,130.8197021484375
348.3534851074219,290.4833984375,45.59450149536133,132.44020080566406
347.522705078125,292.6936950683594,44.70130157470703,132.18960571289062
346.36248779296875,293.802490234375,45.12289810180664,133.5019073486328
345.90411376953125,296.1799011230469,45.80820083618164,134.64920043945312
343.85009765625,300.252685546875,46.28129959106445,133.48660278320312
341.6841125488281,302.3402099609375,49.356998443603516,134.00729370117188
340.3109130859375,304.98150634765625,49.747501373291016,134.59890747070312
339.1485900878906,306.4491882324219,51.35530090332031,135.10830688476562
338.7027893066406,308.99688720703125,48.598201751708984,135.13690185546875
338.2432861328125,309.71160888671875,51.25619888305664,137.27439880371094
338.09429931640625,311.868896484375,49.59170150756836,138.0850067138672
339.8575134277344,313.6872863769531,48.181400299072266,137.7176055908203
338.97808837890625,316.68121337890625,49.210601806640625,137.0281982421875
341.7325134277344,319.4495849609375,45.719600677490234,136.86329650878906
341.89581298828125,324.0426940917969,46.418701171875,134.75950622558594
343.3793029785156,326.5827941894531,42.30820083618164,134.54330444335938
342.82379150390625,329.0238037109375,42.66899871826172,134.98060607910156
342.9276123046875,331.230712890625,44.28820037841797,135.056396484375
343.4383850097656,334.4281921386719,43.15010070800781,133.5511016845703
342.83819580078125,336.9952087402344,44.128700256347656,133.60459899902344
342.93499755859375,337.894287109375,44.19649887084961,134.00729370117188
342.6029968261719,338.8114929199219,44.937400817871094,134.15060424804688
342.5116882324219,341.7760925292969,44.982200622558594,131.79910278320312
342.97100830078125,340.5309143066406,46.07979965209961,133.67860412597656
341.9039001464844,340.95831298828125,46.75419998168945,133.72560119628906
341.3840026855469,342.4065856933594,46.506500244140625,134.32339477539062
341.4584045410156,345.23150634765625,46.307899475097656,132.281494140625
340.5690002441406,344.8888854980469,45.862098693847656,134.65199279785156
340.8861083984375,346.3642883300781,46.350799560546875,133.98280334472656
340.627685546875,346.71820068359375,45.032798767089844,135.2947998046875
339.9512023925781,348.9194030761719,44.83940124511719,134.28070068359375
338.6217041015625,348.2947082519531,48.23460006713867,135.99879455566406
338.0277099609375,347.465087890625,46.06639862060547,138.38119506835938
337.934814453125,349.9291076660156,49.40959930419922,135.03900146484375
338.044189453125,348.7705993652344,48.479000091552734,136.36929321289062
337.7593078613281,348.1514892578125,49.780601501464844,138.17080688476562
336.1836853027344,346.64739990234375,51.012298583984375,139.3968963623047
338.03350830078125,349.9938049316406,49.63309860229492,135.548095703125
338.2528076171875,349.3594055175781,51.385101318359375,135.7445068359375
338.8793029785156,347.15020751953125,51.891300201416016,135.9084014892578
339.1485900878906,347.4696044921875,53.21269989013672,134.55490112304688
340.09710693359375,343.7950134277344,54.911399841308594,137.58009338378906
338.4606018066406,339.0351867675781,56.69580078125,137.67919921875
339.156005859375,336.6955871582031,57.64889907836914,140.37319946289062
340.5762939453125,334.90728759765625,57.74150085449219,138.69790649414062
341.9276123046875,318.0939025878906,59.0900993347168,153.39390563964844
340.69970703125,250.88070678710938,64.12960052490234,216.81069946289062
339.5172119140625,323.2832946777344,67.72450256347656,140.3551025390625
342.62298583984375,304.6278076171875,67.94059753417969,156.6479034423828
341.81201171875,314.20941162109375,69.43910217285156,143.36770629882812
342.2178955078125,310.97589111328125,73.12529754638672,141.80459594726562
344.6571044921875,311.4921875,75.4375,137.69720458984375
345.30609130859375,307.51971435546875,76.77279663085938,138.6490020751953
346.597900390625,304.41241455078125,79.3551025390625,137.42599487304688
346.8489990234375,299.10400390625,82.30960083007812,136.81289672851562
348.15240478515625,297.14569091796875,82.37480163574219,134.52549743652344
350.8044128417969,293.6991882324219,82.3396987915039,131.31590270996094
354.539794921875,291.7486877441406,86.01399993896484,129.85870361328125
356.25311279296875,286.8930969238281,91.78880310058594,129.17950439453125
358.8633117675781,281.9837951660156,88.04900360107422,131.38279724121094
359.6097106933594,280.9198913574219,89.05470275878906,128.6118927001953
361.92718505859375,280.6227111816406,85.74510192871094,127.56939697265625
364.052001953125,280.7582092285156,83.85549926757812,125.68479919433594
371.0880126953125,279.5054016113281,76.91619873046875,125.60749816894531
373.6553039550781,288.4638977050781,70.81289672851562,116.32599639892578
377.62640380859375,274.7414855957031,66.43379974365234,127.6104965209961
376.92169189453125,267.0379943847656,65.79450225830078,133.2552032470703
377.5885009765625,268.3616943359375,63.86259841918945,128.98910522460938
378.1106872558594,263.8081970214844,62.890499114990234,132.58990478515625
377.6781005859375,264.098388671875,65.33789825439453,130.80670166015625
379.69158935546875,260.62890625,68.80889892578125,131.50759887695312
380.59210205078125,260.1571044921875,66.59940338134766,128.5281982421875
380.59161376953125,258.9967956542969,73.57450103759766,128.0478057861328
378.9371032714844,256.6476135253906,78.29509735107422,127.34760284423828
378.19158935546875,256.13751220703125,83.16329956054688,126.09210205078125
377.5751953125,256.1075134277344,86.97200012207031,124.4977035522461
377.2934875488281,254.57049560546875,90.59049987792969,120.3458023071289
379.3301086425781,253.84129333496094,90.50170135498047,118.03620147705078
379.2590026855469,254.05450439453125,93.45279693603516,114.7865982055664
380.30859375,251.73080444335938,95.44740295410156,115.93160247802734
380.1429138183594,252.9049072265625,98.19380187988281,114.03700256347656
382.034912109375,250.3778076171875,98.03890228271484,114.65910339355469
382.6492004394531,249.3867950439453,100.08989715576172,114.76080322265625
383.26348876953125,247.27980041503906,101.8313980102539,115.57649993896484
384.8013000488281,245.64390563964844,100.02230072021484,116.16829681396484
385.91448974609375,243.95350646972656,99.50289916992188,118.70890045166016
388.255615234375,243.68310546875,96.34249877929688,119.58809661865234
390.01080322265625,245.27720642089844,94.864501953125,121.01190185546875
390.0675048828125,244.404296875,92.08149719238281,120.3458023071289
391.82861328125,241.88450622558594,88.70899963378906,122.33049774169922
393.04998779296875,242.60850524902344,81.69319915771484,122.45659637451172
394.027099609375,242.2480010986328,81.31659698486328,125.6897964477539
396.7497863769531,240.8852996826172,71.62259674072266,125.16220092773438
397.54510498046875,239.05029296875,69.7844009399414,127.6135025024414
398.95050048828125,239.73770141601562,66.21119689941406,127.30349731445312
401.3214111328125,240.55819702148438,61.42359924316406,127.24369812011719
402.70660400390625,239.6136016845703,57.808998107910156,129.6074981689453
404.3302001953125,239.85470581054688,54.63990020751953,128.81069946289062
403.8454895019531,239.3885040283203,54.56520080566406,130.0590057373047
404.7073974609375,239.08819580078125,53.1234016418457,129.1396026611328
401.8136901855469,238.40589904785156,57.25680160522461,129.1844940185547
401.6247863769531,239.11129760742188,58.18299865722656,127.68049621582031
401.3944091796875,239.36399841308594,60.75279998779297,126.7936019897461
401.04058837890625,238.68539428710938,61.89670181274414,126.31430053710938
399.7847900390625,238.19740295410156,64.0614013671875,126.33409881591797
399.04449462890625,238.68350219726562,67.80370330810547,125.34200286865234
399.6268005371094,238.5323028564453,71.46379852294922,123.89459991455078
398.0455017089844,238.99459838867188,73.8727035522461,122.86039733886719
398.7746887207031,239.5417938232422,75.78459930419922,123.04199981689453
401.0989990234375,237.82400512695312,68.26180267333984,122.85910034179688
403.8478088378906,236.2855987548828,61.631900787353516,126.9468994140625
404.8927917480469,236.25250244140625,56.467098236083984,127.60559844970703
408.6299133300781,236.36270141601562,49.10559844970703,129.1417999267578
405.9497985839844,237.3249053955078,46.22090148925781,128.4720001220703
406.89080810546875,235.6385040283203,41.54800033569336,128.85440063476562
407.31610107421875,235.3863067626953,39.658199310302734,129.9748992919922
407.1741943359375,236.0666046142578,38.71120071411133,129.41929626464844
407.2323913574219,235.2696990966797,37.7056999206543,128.81719970703125
407.54010009765625,236.1667938232422,37.937599182128906,128.57339477539062
408.1112976074219,236.91180419921875,38.92110061645508,129.10450744628906
406.494384765625,236.96299743652344,42.94620132446289,129.19569396972656
407.9740905761719,235.841796875,45.5458984375,129.77340698242188
405.6225891113281,238.07510375976562,49.166900634765625,126.8499984741211
408.8283996582031,237.17140197753906,48.72869873046875,127.0071029663086
408.002685546875,238.70849609375,52.250301361083984,126.8322982788086
409.9043884277344,240.27830505371094,52.08470153808594,124.83399963378906
411.073486328125,239.77720642089844,54.280601501464844,125.57630157470703
410.9927978515625,239.47830200195312,54.61370086669922,124.44180297851562
411.02850341796875,238.81809997558594,57.4724006652832,124.83219909667969
411.8638000488281,238.12989807128906,58.733299255371094,125.11060333251953
413.055908203125,238.50819396972656,58.87200164794922,125.30020141601562
413.7110900878906,238.3332061767578,60.03200149536133,125.22000122070312
415.7687072753906,238.2967987060547,58.44049835205078,125.24150085449219
417.1271057128906,238.5926971435547,59.043701171875,125.16560363769531
418.6466979980469,238.36619567871094,57.87269973754883,125.46659851074219
418.6820068359375,238.4691925048828,59.53179931640625,125.63249969482422
419.4403076171875,238.99549865722656,60.056800842285156,125.26319885253906
420.0450134277344,239.2696075439453,60.35200119018555,125.28939819335938
419.7255859375,239.48289489746094,60.81529998779297,124.98709869384766
420.8594055175781,239.76390075683594,58.13180160522461,124.87030029296875
420.0859069824219,239.95919799804688,59.47269821166992,124.89839935302734
420.42620849609375,240.0059051513672,59.432701110839844,124.71040344238281
421.235595703125,239.8404998779297,57.539798736572266,124.69580078125
421.00579833984375,240.7884063720703,58.24380111694336,125.33480072021484
421.301513671875,241.57620239257812,56.98649978637695,124.97789764404297
421.32110595703125,242.42489624023438,56.713401794433594,124.4197998046875
421.3439025878906,243.5529022216797,56.1416015625,124.56739807128906
422.25518798828125,244.22369384765625,53.69049835205078,123.87590026855469
423.3880920410156,245.7042999267578,53.99720001220703,122.67230224609375
425.6394958496094,246.3372039794922,53.932899475097656,121.9634017944336
424.36590576171875,247.00599670410156,56.27790069580078,122.37030029296875
423.5841064453125,247.63189697265625,57.698699951171875,122.47750091552734
425.460205078125,248.44630432128906,56.31930160522461,121.6449966430664
424.5542907714844,248.6309051513672,57.677101135253906,122.091796875
425.56280517578125,248.95559692382812,58.354000091552734,120.61139678955078
424.7703857421875,248.6186981201172,59.29290008544922,120.65799713134766
424.3664855957031,249.87640380859375,61.78900146484375,120.47129821777344
425.355712890625,250.6800994873047,61.115699768066406,118.82710266113281
427.3030090332031,249.3699951171875,58.05329895019531,119.55760192871094
429.08990478515625,248.28579711914062,52.54389953613281,120.82230377197266
428.06610107421875,245.8444061279297,48.21009826660156,123.88929748535156
428.02789306640625,244.41769409179688,43.725799560546875,123.9072036743164
429.13079833984375,243.1699981689453,40.91859817504883,124.89109802246094
425.86029052734375,239.5102996826172,40.790000915527344,129.77259826660156
428.46551513671875,243.17019653320312,35.547698974609375,126.3302001953125
426.5539855957031,237.97149658203125,35.26300048828125,133.30059814453125
426.4961853027344,240.08299255371094,35.40140151977539,129.0052032470703
427.10980224609375,241.0845947265625,34.727901458740234,127.43679809570312
428.1028137207031,240.12680053710938,35.46369934082031,128.5507049560547
428.5736999511719,240.9705047607422,36.70840072631836,127.46430206298828
427.8258972167969,241.00889587402344,36.49909973144531,128.4873046875
426.6155090332031,242.35159301757812,38.56829833984375,128.0720977783203
424.2286071777344,240.94290161132812,32.1234016418457,130.0814971923828
421.66009521484375,239.5872039794922,46.03010177612305,131.8446044921875
420.739013671875,241.60769653320312,56.0161018371582,129.49710083007812
422.2486877441406,241.2908935546875,54.1421012878418,127.66670227050781
420.7956848144531,240.33169555664062,59.252201080322266,128.14149475097656
422.690185546875,240.10220336914062,57.29890060424805,126.64230346679688
423.8944091796875,239.84390258789062,57.116798400878906,127.00160217285156
424.54339599609375,239.57290649414062,56.8129997253418,127.48210144042969
425.9815979003906,239.0124969482422,55.90420150756836,128.06649780273438
425.8929138183594,238.79440307617188,56.342899322509766,128.07620239257812
426.651611328125,239.2592010498047,54.66210174560547,127.8405990600586
428.1017150878906,238.55189514160156,51.99980163574219,128.37570190429688
426.60650634765625,238.78089904785156,50.89759826660156,128.66940307617188
429.845703125,237.32200622558594,45.7672004699707,128.51190185546875
427.58758544921875,236.09469604492188,47.762699127197266,130.443603515625
430.3926086425781,236.0345001220703,44.482398986816406,129.98049926757812
426.5050964355469,234.21449279785156,47.071998596191406,131.23849487304688
428.212890625,235.44869995117188,46.1067008972168,131.60079956054688
427.84478759765625,235.0823974609375,48.35319900512695,131.11279296875
427.0539855957031,235.12159729003906,50.202598571777344,131.13650512695312
425.99920654296875,234.41409301757812,52.896400451660156,131.2821044921875
426.0181884765625,234.38980102539062,56.27119827270508,129.5218048095703
425.93609619140625,234.40969848632812,53.62860107421875,129.3730926513672
423.6181945800781,235.0211944580078,61.28499984741211,129.74090576171875
423.7789001464844,235.26739501953125,67.71520233154297,128.36810302734375
424.5267028808594,235.82879638671875,63.034698486328125,127.19860076904297
423.23199462890625,235.5717010498047,70.54209899902344,127.65779876708984
422.9978942871094,236.44189453125,70.80180358886719,126.9740982055664
425.1907043457031,236.24749755859375,67.92109680175781,127.00640106201172
425.38739013671875,235.4674072265625,62.22840118408203,127.18199920654297
423.8671875,235.3759002685547,73.0624008178711,128.54359436035156
425.5119934082031,236.38720703125,66.02449798583984,126.5177001953125
424.3357849121094,235.82339477539062,74.48179626464844,127.3644027709961
425.4862976074219,236.77499389648438,72.05970001220703,126.53980255126953
424.47930908203125,236.74620056152344,78.52449798583984,126.71600341796875
425.05950927734375,237.40969848632812,81.66629791259766,126.8843002319336
425.7820129394531,238.38890075683594,81.4281997680664,124.57959747314453
425.94281005859375,238.13900756835938,85.57170104980469,126.3396987915039
426.0346984863281,238.66270446777344,87.97059631347656,124.90750122070312
426.3858947753906,238.80479431152344,89.3915023803711,125.5103988647461
427.026611328125,238.01690673828125,90.98590087890625,126.31950378417969
428.62469482421875,238.7626953125,90.43800354003906,125.13880157470703
428.9559020996094,240.8936004638672,90.7063980102539,123.77850341796875
429.7322082519531,239.68099975585938,89.92790222167969,125.03939819335938
430.1014099121094,241.2747039794922,90.06929779052734,123.81700134277344
430.3157958984375,240.73489379882812,90.92900085449219,124.76689910888672
431.4234924316406,241.96189880371094,90.57270050048828,123.12689971923828
431.8981018066406,243.2017059326172,90.46720123291016,122.67900085449219
432.68011474609375,241.67269897460938,90.8646011352539,123.9717025756836
432.95721435546875,243.7133026123047,90.59649658203125,123.08769989013672
433.59490966796875,243.20350646972656,89.71209716796875,123.48750305175781
435.02410888671875,244.92799377441406,88.5342025756836,122.4207992553711
435.3460998535156,244.35279846191406,88.24189758300781,123.00250244140625
436.2383117675781,244.6988983154297,87.993896484375,123.71510314941406
437.5548095703125,244.30239868164062,86.61730194091797,123.47699737548828
437.3203125,244.86180114746094,87.07260131835938,123.947998046875
437.92840576171875,243.5751953125,86.67610168457031,124.42839813232422
439.1426086425781,243.39920043945312,86.25399780273438,124.7125015258789
439.7236022949219,243.8961944580078,85.49819946289062,124.14559936523438
441.11419677734375,244.17300415039062,84.81199645996094,124.49220275878906
442.1028137207031,244.1959991455078,83.05110168457031,123.57830047607422
442.7732849121094,243.8115997314453,82.78959655761719,123.5770034790039
443.3982849121094,243.5135955810547,82.44640350341797,123.30740356445312
443.6781921386719,243.0063018798828,81.50579833984375,123.81999969482422
445.0635070800781,242.3314971923828,79.60690307617188,124.45230102539062
444.14630126953125,241.34669494628906,78.66130065917969,125.0083999633789
443.51239013671875,241.46519470214844,73.81529998779297,125.75409698486328
443.7503967285156,240.86090087890625,70.82460021972656,126.61589813232422
442.3205871582031,238.3903045654297,66.96299743652344,128.12770080566406
442.2373046875,238.90989685058594,63.35499954223633,127.94770050048828
442.3501892089844,239.62840270996094,60.96979904174805,129.32339477539062
442.0528869628906,237.4315948486328,58.26319885253906,130.6634979248047
443.4231872558594,236.39120483398438,55.333099365234375,131.68930053710938
443.8999938964844,235.94189453125,53.980201721191406,132.8430938720703
444.3594970703125,235.55870056152344,52.912899017333984,131.70269775390625
444.1964111328125,235.33889770507812,51.68239974975586,132.0186004638672
444.33770751953125,235.01199340820312,49.00849914550781,131.835693359375
444.3927001953125,235.04750061035156,45.97019958496094,132.3325958251953
444.82281494140625,235.14549255371094,42.426300048828125,131.85560607910156
443.95989990234375,235.1179962158203,39.60300064086914,132.51109313964844
444.4093933105469,236.55230712890625,36.611000061035156,130.45750427246094
445.4784851074219,235.3372039794922,35.10820007324219,132.56430053710938
444.5841979980469,234.60220336914062,33.920799255371094,133.15150451660156
444.3642883300781,233.9134979248047,32.36579895019531,133.18150329589844
443.31689453125,234.5968017578125,31.398799896240234,133.7346954345703
442.7760925292969,235.84190368652344,31.841299057006836,133.3560028076172
442.5743103027344,235.114501953125,33.3843994140625,133.29469299316406
441.42181396484375,235.43850708007812,35.38209915161133,132.94900512695312
441.1914978027344,235.73460388183594,37.13600158691406,132.5294952392578
441.7771911621094,235.89410400390625,38.41859817504883,132.37469482421875
440.86151123046875,234.98190307617188,41.62310028076172,132.49330139160156
440.12921142578125,234.75990295410156,43.795799255371094,133.8791961669922
439.0215148925781,234.60940551757812,47.769901275634766,134.1186065673828
437.72021484375,234.91819763183594,53.13479995727539,133.86050415039062
436.9476013183594,234.74710083007812,56.36090087890625,131.9490966796875
435.03570556640625,234.3690948486328,59.87480163574219,133.59959411621094
434.8302917480469,233.9163055419922,61.971500396728516,132.77490234375
435.34820556640625,233.40640258789062,63.297698974609375,132.21510314941406
434.3319091796875,232.7957000732422,65.11019897460938,132.91990661621094
434.7052001953125,234.70889282226562,66.56199645996094,131.8282012939453
435.33380126953125,236.0614013671875,66.38749694824219,131.18429565429688
434.3275146484375,235.2675018310547,67.29139709472656,130.9031982421875
434.31060791015625,236.43649291992188,68.93289947509766,130.14300537109375
434.93328857421875,235.59539794921875,70.36360168457031,131.05470275878906
434.4580993652344,234.49949645996094,70.21119689941406,131.1208038330078
435.2322998046875,234.9163055419922,68.36620330810547,130.55889892578125
435.1343078613281,234.99240112304688,68.1688003540039,130.39549255371094
435.3319091796875,236.78700256347656,67.64469909667969,127.8635025024414
435.4241943359375,235.2873992919922,66.78790283203125,129.2906951904297
435.65850830078125,236.60079956054688,66.30120086669922,127.54969787597656
435.4573974609375,237.2947998046875,66.19609832763672,127.25509643554688
434.83770751953125,234.58900451660156,66.50659942626953,129.65379333496094
435.86138916015625,241.61219787597656,65.36229705810547,123.57330322265625
435.53228759765625,235.74240112304688,64.20649719238281,129.8834991455078
434.44500732421875,235.82139587402344,65.49310302734375,129.0522003173828
436.118408203125,247.06080627441406,63.522701263427734,119.44409942626953
435.0002136230469,237.99969482421875,64.3552017211914,128.63400268554688
433.6477966308594,237.29139709472656,65.46869659423828,129.57009887695312
433.7143859863281,236.99749755859375,64.69380187988281,129.57400512695312
433.0116882324219,237.62930297851562,64.81590270996094,129.6728973388672
432.8505859375,238.0657958984375,64.67259979248047,129.36279296875
432.4153137207031,237.20359802246094,65.04429626464844,130.17489624023438
431.79949951171875,236.47300720214844,65.97879791259766,130.80799865722656
431.9408874511719,236.93310546875,65.74469757080078,129.9842987060547
431.04168701171875,235.65060424804688,68.2238998413086,131.2052001953125
431.3601989746094,237.07530212402344,68.68679809570312,129.49119567871094
430.8006896972656,237.03770446777344,70.54219818115234,129.06129455566406
432.0633850097656,237.3795928955078,70.56590270996094,127.96610260009766
432.4715881347656,239.0511016845703,70.73539733886719,126.64569854736328
432.0718994140625,237.57620239257812,71.19960021972656,128.5363006591797
432.277587890625,238.09910583496094,70.62809753417969,128.4322052001953
432.5140075683594,237.95050048828125,70.24420166015625,128.77520751953125
432.71258544921875,238.82449340820312,68.89009857177734,127.73190307617188
431.7596130371094,237.7606964111328,69.40889739990234,129.48880004882812
429.84698486328125,238.50289916992188,73.4343032836914,129.7115020751953
430.4049987792969,235.97549438476562,75.37560272216797,134.93260192871094
430.6310119628906,240.10809326171875,76.79789733886719,132.7003936767578
429.96258544921875,229.8704071044922,79.2791976928711,143.98609924316406
428.9679870605469,241.62879943847656,77.04170227050781,129.95750427246094
430.40948486328125,242.63499450683594,78.27239990234375,127.86530303955078
430.48150634765625,238.31719970703125,72.54519653320312,133.2805938720703
430.1261901855469,236.37120056152344,72.00640106201172,136.34890747070312
431.58441162109375,235.33230590820312,68.9844970703125,138.0283966064453
431.3434143066406,229.381103515625,68.06700134277344,143.65769958496094
432.48638916015625,234.6470947265625,66.87979888916016,138.72560119628906
433.7356872558594,231.2615966796875,64.13200378417969,141.1728973388672
435.0404052734375,233.36509704589844,62.33319854736328,140.1885986328125
437.25048828125,233.3144989013672,58.706199645996094,138.63890075683594
441.0221862792969,232.29249572753906,53.45560073852539,137.82369995117188
444.1639099121094,232.87460327148438,48.430198669433594,137.82009887695312
446.56988525390625,231.9073028564453,44.13949966430664,137.5001983642578
447.29949951171875,229.3665008544922,43.16450119018555,137.81809997558594
448.06768798828125,230.6970977783203,43.79669952392578,136.08380126953125
447.7578125,229.6824951171875,46.88079833984375,136.96310424804688
446.68328857421875,228.93850708007812,50.21110153198242,135.89300537109375
445.8713073730469,229.5612030029297,54.16859817504883,135.22340393066406
445.7784118652344,228.44479370117188,55.38890075683594,133.5063934326172
444.7773132324219,228.70179748535156,58.0526008605957,134.48829650878906
443.7843017578125,227.84210205078125,58.8046989440918,132.94000244140625
443.77081298828125,228.77890014648438,59.16059875488281,132.16299438476562
442.8728942871094,227.74009704589844,59.705101013183594,132.3385009765625
442.0090026855469,227.55819702148438,60.374900817871094,132.52549743652344
440.6405029296875,227.09750366210938,61.90449905395508,132.2700958251953
441.7893981933594,227.95919799804688,60.332298278808594,131.0428009033203
440.845703125,227.60760498046875,61.4281005859375,131.97760009765625
440.0899963378906,227.05169677734375,61.63410186767578,132.08529663085938
440.1824951171875,227.13369750976562,60.957298278808594,131.864501953125
440.3367919921875,226.8238067626953,60.08599853515625,132.0623016357422
438.6072082519531,227.64100646972656,60.26470184326172,132.28070068359375
438.2337951660156,227.4611053466797,59.09640121459961,132.73269653320312
439.122802734375,228.1320037841797,56.97760009765625,133.28579711914062
437.35888671875,227.69769287109375,57.694698333740234,134.12030029296875
438.5118103027344,227.76260375976562,56.166500091552734,132.9929962158203
436.8192138671875,227.61380004882812,57.71440124511719,135.2041015625
437.52911376953125,227.51390075683594,58.20759963989258,134.36639404296875
437.4291076660156,227.30430603027344,59.22869873046875,134.63819885253906
436.2604064941406,227.8262939453125,63.94879913330078,134.5373992919922
435.1712951660156,228.58309936523438,66.34100341796875,134.8311004638672
435.0138854980469,228.78610229492188,67.69969940185547,136.0731964111328
434.20819091796875,228.87159729003906,70.15570068359375,135.72549438476562
434.4690856933594,230.35789489746094,70.63099670410156,135.5601043701172
433.684814453125,230.39779663085938,73.20050048828125,136.07870483398438
433.9289855957031,230.9777069091797,73.96440124511719,136.502197265625
432.752685546875,230.96710205078125,75.18270111083984,135.89549255371094
431.4739074707031,231.735595703125,78.67990112304688,135.75070190429688
430.68310546875,231.3748016357422,81.01940155029297,135.10780334472656
429.1249084472656,233.2133026123047,83.12860107421875,134.09010314941406
429.7915954589844,231.0800018310547,84.21959686279297,135.70790100097656
429.62310791015625,231.98959350585938,82.91190338134766,135.5009002685547
429.998291015625,230.5989990234375,83.4447021484375,135.5673065185547
430.6731872558594,231.87069702148438,80.09259796142578,135.45370483398438
432.0150146484375,230.35910034179688,78.68150329589844,136.2135009765625
431.2681884765625,229.4456024169922,77.69450378417969,136.90159606933594
430.2340087890625,229.4470977783203,77.1614990234375,136.7169952392578
430.2113037109375,229.73399353027344,77.02999877929688,136.2545928955078
430.3591003417969,229.10760498046875,74.7394027709961,135.8538055419922
428.6037902832031,229.7845001220703,74.83439636230469,136.27340698242188
430.4453125,229.99510192871094,73.46299743652344,136.38479614257812
428.58990478515625,230.41610717773438,73.31500244140625,136.0756072998047
427.8110046386719,232.45370483398438,73.1135025024414,136.07899475097656
428.20880126953125,233.67990112304688,70.95240020751953,134.55209350585938
427.5589904785156,234.61900329589844,70.09700012207031,136.21409606933594
426.92138671875,234.4595947265625,68.6427993774414,136.74180603027344
425.8313903808594,234.59860229492188,70.36479949951172,138.04710388183594
425.826904296875,236.1815948486328,68.71549987792969,136.93130493164062
424.23419189453125,236.23919677734375,69.2522964477539,136.96009826660156
424.07879638671875,235.46690368652344,69.51270294189453,136.94540405273438
423.6440124511719,237.835205078125,69.94229888916016,136.31399536132812
423.23870849609375,237.37489318847656,71.3678970336914,136.1396026611328
423.6182861328125,237.45150756835938,70.88359832763672,134.66259765625
423.301513671875,237.89500427246094,70.4083023071289,134.67909240722656
422.76239013671875,237.61669921875,70.74530029296875,134.97560119628906
422.1470031738281,236.5742950439453,73.13870239257812,134.87579345703125
421.3291931152344,237.8560028076172,74.71869659423828,133.50729370117188
420.9794006347656,236.5977020263672,76.60659790039062,133.94439697265625
420.6498107910156,236.3311004638672,78.90670013427734,133.36419677734375
419.91839599609375,236.8686981201172,80.40799713134766,132.4499969482422
419.6813049316406,237.10659790039062,82.54570007324219,131.76780700683594
419.368896484375,237.93870544433594,85.04319763183594,131.5679931640625
418.70098876953125,238.3007049560547,85.56809997558594,131.48489379882812
417.7732849121094,238.7332000732422,86.73819732666016,130.4990997314453
418.5577087402344,237.9080047607422,86.7615966796875,131.6903076171875
418.05169677734375,238.2100067138672,87.28119659423828,131.1970977783203
417.1913146972656,238.497802734375,88.24169921875,132.2635955810547
417.5566101074219,238.40420532226562,87.23210144042969,131.98809814453125
418.3926086425781,239.03269958496094,85.54329681396484,131.87550354003906
417.6095886230469,240.1425018310547,85.73760223388672,132.1125030517578
418.16259765625,240.81109619140625,83.61720275878906,131.2554931640625
418.2878112792969,242.13259887695312,82.18669891357422,130.61810302734375
418.3471984863281,240.4281005859375,80.65339660644531,132.0482940673828
419.3117980957031,240.95860290527344,77.527099609375,131.18780517578125
418.5304870605469,240.4073028564453,77.40160369873047,131.3444061279297
418.9359130859375,240.44309997558594,75.95790100097656,131.86770629882812
418.3742980957031,239.7238006591797,75.03730010986328,132.57220458984375
417.4190979003906,238.806396484375,76.8240966796875,133.085693359375
418.58660888671875,240.97610473632812,75.47940063476562,130.64169311523438
417.6983947753906,240.14599609375,76.67649841308594,131.97520446777344
417.3193054199219,239.6864013671875,75.92030334472656,132.0352020263672
417.3479919433594,239.69219970703125,76.50980377197266,132.08839416503906
417.1536865234375,239.47349548339844,76.96240234375,132.1938018798828
417.40380859375,239.21719360351562,76.0824966430664,131.22390747070312
417.4189147949219,239.0800018310547,76.33599853515625,131.16990661621094
418.82861328125,239.83999633789062,73.91190338134766,130.32069396972656
417.8992919921875,237.71090698242188,73.53230285644531,131.7490997314453
417.4281921386719,238.318603515625,71.8759994506836,130.63729858398438
417.9952087402344,237.42100524902344,71.02149963378906,131.60499572753906
417.7272033691406,237.5720977783203,72.08609771728516,131.10659790039062
416.99468994140625,238.15550231933594,73.93150329589844,130.45790100097656
416.43780517578125,239.06700134277344,78.34400177001953,129.74569702148438
416.6275939941406,240.41619873046875,79.46279907226562,127.61810302734375
415.727294921875,239.8719940185547,81.81189727783203,127.18830108642578
416.01031494140625,241.1967010498047,83.57080078125,125.7083969116211
414.2966003417969,241.64390563964844,86.08540344238281,125.74610137939453
414.3009033203125,242.50990295410156,86.04730224609375,125.13009643554688
414.67181396484375,243.51150512695312,84.28279876708984,123.61319732666016
414.05859375,242.40390014648438,82.77660369873047,124.33270263671875
414.2119140625,242.1584014892578,80.68569946289062,124.6447982788086
413.25640869140625,242.96009826660156,78.74909973144531,124.7051010131836
413.4822082519531,241.48570251464844,75.75980377197266,126.15290069580078
414.4588928222656,241.1591033935547,72.92120361328125,126.62190246582031
414.0150146484375,241.76220703125,71.57959747314453,125.94650268554688
412.690185546875,241.0240936279297,70.77989959716797,126.38159942626953
414.2767028808594,241.54229736328125,66.8396987915039,126.689697265625
413.7832946777344,242.07809448242188,69.99819946289062,129.33309936523438
414.17669677734375,242.82620239257812,71.6948013305664,130.12159729003906
415.4368896484375,244.46400451660156,71.7936019897461,129.54420471191406
414.9754943847656,245.4044952392578,78.02339935302734,129.58799743652344
414.1289978027344,247.38189697265625,84.04409790039062,127.94409942626953
411.0199890136719,247.4875030517578,88.67140197753906,128.25430297851562
412.9538879394531,248.5915985107422,87.1104965209961,127.8468017578125
413.5762023925781,251.89549255371094,85.04070281982422,125.52020263671875
415.8944091796875,249.6363983154297,79.25379943847656,129.72889709472656
416.83428955078125,248.36599731445312,74.17659759521484,130.9954071044922
416.9692077636719,246.57640075683594,71.49169921875,133.60549926757812
417.0646057128906,246.24879455566406,67.92269897460938,133.86380004882812
416.1565856933594,244.8865966796875,63.988800048828125,134.88169860839844
415.3251953125,244.2825927734375,59.95320129394531,136.38600158691406
413.693603515625,244.03689575195312,56.258399963378906,137.90550231933594
412.95599365234375,244.5767059326172,54.008201599121094,137.8489990234375
411.1980895996094,243.93319702148438,51.21329879760742,136.83309936523438
411.264892578125,244.90179443359375,49.59109878540039,137.06100463867188
411.0780944824219,244.38169860839844,49.17509841918945,137.36940002441406
410.9966125488281,242.94479370117188,49.3568000793457,137.19769287109375
410.287109375,242.9989013671875,49.39680099487305,136.67660522460938
411.7229919433594,242.8531036376953,48.11589813232422,136.40550231933594
412.3900146484375,239.7677001953125,45.64250183105469,138.45770263671875
412.33331298828125,239.3907012939453,42.695899963378906,138.58889770507812
412.2681884765625,238.59719848632812,41.87770080566406,137.85760498046875
412.8750915527344,237.97889709472656,42.638999938964844,137.83580017089844
411.0835876464844,236.547607421875,43.945098876953125,139.76620483398438
410.581298828125,241.12179565429688,47.1431999206543,135.61300659179688
410.6445007324219,239.53140258789062,48.693199157714844,138.13980102539062
411.444091796875,240.247802734375,48.817100524902344,137.73370361328125
411.01910400390625,237.99560546875,49.734901428222656,140.24440002441406
411.2956848144531,238.82119750976562,50.34600067138672,138.70309448242188
410.87701416015625,239.1295928955078,51.50630187988281,139.30029296875
411.1387023925781,242.24009704589844,52.39139938354492,136.2281036376953
412.4454040527344,242.26930236816406,52.28099822998047,137.17039489746094
412.7420959472656,241.2949981689453,51.130699157714844,137.48550415039062
413.6943054199219,239.2906951904297,50.198001861572266,138.1959991455078
413.5530090332031,239.89039611816406,50.79100036621094,137.09869384765625
414.0452880859375,238.61520385742188,51.66419982910156,137.72059631347656
413.44000244140625,237.18409729003906,53.73720169067383,138.74209594726562
414.57000732421875,238.1949005126953,54.01639938354492,135.16529846191406
413.7217102050781,238.9375,57.01279830932617,135.61219787597656
415.1144104003906,241.09860229492188,59.110801696777344,134.302001953125
416.01080322265625,241.62010192871094,59.38079833984375,134.04620361328125
416.5504150390625,239.5789031982422,58.91320037841797,136.52149963378906
416.8667907714844,236.476806640625,56.89070129394531,140.43040466308594
418.3487854003906,233.9763946533203,53.72269821166992,141.72109985351562
418.88238525390625,231.9678955078125,51.84619903564453,144.07330322265625
418.23870849609375,232.13259887695312,50.44710159301758,143.2270050048828
418.06890869140625,230.3052978515625,51.30400085449219,145.21339416503906
418.2095031738281,228.80349731445312,50.4827995300293,146.2779998779297
420.3826904296875,229.8654022216797,49.05500030517578,146.0251007080078
421.8463134765625,230.83889770507812,45.200801849365234,144.83859252929688
424.9755859375,228.37820434570312,38.576698303222656,146.5135040283203
426.23968505859375,224.19149780273438,33.14120101928711,149.851806640625
426.09100341796875,234.86380004882812,31.838499069213867,137.62869262695312
421.5986022949219,234.07260131835938,35.631099700927734,137.59500122070312
417.664794921875,223.76390075683594,42.99089813232422,145.42559814453125
414.2860107421875,234.82080078125,44.2588996887207,131.6262969970703
411.9653015136719,232.68890380859375,47.5078010559082,131.93899536132812
408.6951904296875,233.34820556640625,49.69860076904297,130.1844940185547
406.4110107421875,233.28759765625,51.596900939941406,129.23570251464844
405.9254150390625,231.9573974609375,51.674598693847656,129.47610473632812
405.0249938964844,229.5977020263672,53.1161003112793,131.47439575195312
405.62249755859375,229.34739685058594,52.46820068359375,131.9167022705078
406.81298828125,227.38299560546875,52.233699798583984,134.63290405273438
407.7392883300781,228.4355926513672,50.67179870605469,134.0738067626953
409.9278869628906,225.40870666503906,49.90119934082031,138.73080444335938
412.8216857910156,230.27090454101562,46.05839920043945,133.41140747070312
413.15460205078125,230.17979431152344,44.74639892578125,134.75100708007812
416.948486328125,230.44960021972656,41.02330017089844,135.84140014648438
418.5292053222656,231.16000366210938,39.05730056762695,134.2209930419922
421.4114074707031,231.14089965820312,36.026100158691406,135.19979858398438
423.5899963378906,228.42379760742188,34.78900146484375,137.77560424804688
425.7261047363281,228.35760498046875,32.09960174560547,138.20530700683594
426.05279541015625,229.5872039794922,31.854400634765625,137.29949951171875
427.4093933105469,229.04580688476562,31.600500106811523,137.80340576171875
427.30731201171875,229.24929809570312,31.71470069885254,137.75489807128906
427.11920166015625,228.33180236816406,32.354400634765625,138.6678924560547
428.6612854003906,226.46240234375,31.850900650024414,140.49110412597656
425.8800048828125,227.97140502929688,33.77239990234375,138.87469482421875
427.3537902832031,227.3302001953125,33.2151985168457,139.99929809570312
427.4111022949219,224.51950073242188,33.81809997558594,142.36410522460938
426.518798828125,224.36489868164062,34.37160110473633,142.2333984375
425.7746887207031,222.58230590820312,34.776798248291016,144.8029022216797
426.8568115234375,219.9394989013672,35.34659957885742,147.4315948486328
424.8915100097656,223.21710205078125,38.05220031738281,144.889892578125
424.205810546875,226.26710510253906,41.121700286865234,142.14950561523438
422.6741943359375,231.70339965820312,44.663700103759766,137.93850708007812
420.9833068847656,231.1262969970703,48.82569885253906,139.3054962158203
420.04400634765625,232.29420471191406,54.20289993286133,139.6549072265625
417.752197265625,231.32510375976562,58.8296012878418,142.0229034423828
417.24169921875,234.46319580078125,62.295799255371094,139.71929931640625
414.7620849609375,229.8553009033203,67.02110290527344,145.5063934326172
414.58599853515625,234.50979614257812,69.72339630126953,140.26690673828125
413.1159973144531,234.67739868164062,73.0177993774414,141.0186004638672
413.7218017578125,237.8625946044922,70.45449829101562,139.72799682617188
415.0260009765625,235.62399291992188,69.07939910888672,141.9987030029297
413.01580810546875,234.84869384765625,69.7760009765625,142.97999572753906
412.79638671875,240.21780395507812,70.20030212402344,137.72520446777344
413.7001037597656,243.05360412597656,70.11810302734375,135.21519470214844
412.87298583984375,236.47830200195312,71.6426010131836,141.1929931640625
411.63128662109375,236.63800048828125,74.02570343017578,140.88470458984375
412.1986083984375,237.6903076171875,73.26260375976562,139.91700744628906
411.6106872558594,239.61390686035156,75.82319641113281,138.27670288085938
411.4035949707031,239.3155975341797,77.97930145263672,137.2451934814453
411.56939697265625,241.6623992919922,81.17250061035156,133.81590270996094
411.97479248046875,243.73500061035156,81.46589660644531,132.36099243164062
413.1095886230469,243.74769592285156,78.5198974609375,133.7722930908203
413.9617919921875,243.5926055908203,75.76470184326172,134.11300659179688
414.099609375,244.06809997558594,73.5770034790039,134.4445037841797
413.5729064941406,239.3643035888672,72.92880249023438,140.9571990966797
414.4442138671875,240.7617950439453,71.24520111083984,139.2487030029297
413.927490234375,239.79949951171875,71.52760314941406,140.960693359375
413.7970886230469,243.13980102539062,71.8750991821289,137.8802032470703
414.25201416015625,244.23350524902344,72.05709838867188,136.44000244140625
413.7585144042969,244.9385986328125,72.92769622802734,135.15089416503906
412.98040771484375,242.53790283203125,74.87049865722656,137.40249633789062
414.81878662109375,249.74949645996094,72.25659942626953,130.89210510253906
413.9201965332031,236.4429931640625,71.19740295410156,144.87379455566406
414.0653991699219,248.29359436035156,70.67389678955078,133.62069702148438
414.0409851074219,237.0218963623047,68.3761978149414,144.75900268554688
414.4112854003906,247.01150512695312,68.47239685058594,135.97329711914062
413.65350341796875,238.80130004882812,67.10910034179688,142.8343963623047
413.48541259765625,242.76370239257812,67.92759704589844,139.04400634765625
413.4100036621094,245.57179260253906,67.17500305175781,135.99920654296875
414.4825134277344,245.40879821777344,65.12750244140625,136.9792938232422
412.8951110839844,236.51719665527344,63.69049835205078,143.8511962890625
413.3367919921875,249.5261993408203,62.66170120239258,132.62289428710938
412.42919921875,241.60910034179688,59.88079833984375,137.77540588378906
411.6189880371094,238.80299377441406,60.47990036010742,143.0731964111328
411.501708984375,236.24099731445312,57.26169967651367,143.3961944580078
410.8310852050781,239.53179931640625,55.4838981628418,142.6562957763672
411.4378967285156,239.36500549316406,51.38999938964844,141.86309814453125
411.89459228515625,237.1907958984375,48.71390151977539,143.94790649414062
411.7395935058594,238.047607421875,44.63169860839844,141.4199981689453
412.29058837890625,242.16700744628906,40.95989990234375,136.943603515625
411.8721923828125,241.55059814453125,40.330501556396484,137.47109985351562
411.5120849609375,243.6875,40.3390998840332,135.84719848632812
412.2748107910156,243.8623046875,40.265201568603516,135.75070190429688
412.2300109863281,243.8260955810547,41.60710144042969,135.7178955078125
409.8280944824219,242.19180297851562,44.11370086669922,137.42649841308594
410.64080810546875,243.92100524902344,43.48249816894531,136.34109497070312
411.244384765625,243.95809936523438,43.14670181274414,136.69400024414062
410.4596862792969,243.19949340820312,44.004600524902344,137.75840759277344
411.9115905761719,240.802001953125,43.069000244140625,140.11419677734375
412.0740966796875,246.88690185546875,43.056400299072266,133.70249938964844
412.42279052734375,243.34609985351562,40.91809844970703,137.47320556640625
414.341796875,244.5679931640625,36.93080139160156,135.83189392089844
413.3619079589844,246.68460083007812,32.27170181274414,134.44419860839844
412.27978515625,239.7845001220703,32.11859893798828,139.83670043945312
408.6158142089844,232.1269989013672,34.49359893798828,147.6215057373047
405.6441955566406,247.12060546875,35.68410110473633,131.35220336914062
403.9938049316406,248.6947021484375,35.689300537109375,129.42469787597656
403.10760498046875,248.1613006591797,35.394798278808594,130.21359252929688
402.3263854980469,251.1846923828125,36.214599609375,127.54630279541016
404.2204895019531,252.24339294433594,34.67789840698242,125.30059814453125
404.44140625,248.6132049560547,34.45240020751953,129.6011962890625
407.5375061035156,247.03439331054688,32.46110153198242,131.99960327148438
409.50299072265625,247.74530029296875,31.581300735473633,131.264892578125
411.7817077636719,247.2006072998047,31.445999145507812,133.75270080566406
412.4512023925781,245.98069763183594,32.37269973754883,134.7855987548828
413.6296081542969,246.93069458007812,35.22760009765625,134.91270446777344
412.6203918457031,245.44679260253906,38.97919845581055,137.36500549316406
412.4360046386719,229.8489990234375,40.890201568603516,152.5614013671875
411.327392578125,244.66419982910156,43.51219940185547,138.1071014404297
412.28399658203125,250.31680297851562,45.385799407958984,133.30780029296875
413.298095703125,251.77670288085938,48.85219955444336,130.28199768066406
412.1200866699219,251.00619506835938,50.49700164794922,131.35440063476562
413.3053894042969,249.70620727539062,49.91210174560547,131.85650634765625
411.849609375,248.96099853515625,50.8838005065918,133.19200134277344
413.6072998046875,248.57479858398438,48.78200149536133,132.4759979248047
412.75970458984375,248.37539672851562,49.96110153198242,132.80029296875
412.92840576171875,247.23590087890625,49.388301849365234,133.40870666503906
414.4158020019531,248.76820373535156,48.05329895019531,132.64109802246094
414.8935852050781,248.127197265625,49.329200744628906,132.47869873046875
413.8420104980469,248.16909790039062,49.06719970703125,132.66549682617188
413.83660888671875,247.53500366210938,50.894500732421875,132.52659606933594
413.43701171875,246.52870178222656,51.78409957885742,133.68870544433594
413.356201171875,246.1728973388672,52.31880187988281,133.5312042236328
413.127197265625,246.0196075439453,53.48640060424805,134.1905059814453
413.42559814453125,244.52850341796875,53.37409973144531,133.07760620117188
412.6720886230469,241.43429565429688,54.83639907836914,137.57150268554688
413.3673095703125,242.0211944580078,53.41749954223633,136.527099609375
413.71868896484375,243.4499969482422,52.78260040283203,135.25680541992188
413.38629150390625,243.8032989501953,52.6797981262207,133.5124053955078
412.8420104980469,242.91819763183594,51.807701110839844,133.0052032470703
412.99139404296875,243.62600708007812,51.443199157714844,132.54249572753906
413.150390625,243.64520263671875,50.12459945678711,132.5706024169922
413.1048889160156,243.5644989013672,49.27299880981445,132.56900024414062
413.1741943359375,242.68710327148438,47.95240020751953,131.68099975585938
413.42169189453125,241.8209991455078,48.00239944458008,132.1916046142578
412.6029052734375,242.2935028076172,47.89120101928711,132.0363006591797
413.5592956542969,242.24099731445312,47.28620147705078,131.9857940673828
412.5472106933594,241.86749267578125,47.83539962768555,132.2008056640625
412.62908935546875,242.6717071533203,48.53229904174805,132.04080200195312
413.3078918457031,242.55560302734375,49.11880111694336,131.47349548339844
412.28509521484375,241.9232940673828,49.0984992980957,131.62210083007812
413.4617919921875,241.8520965576172,47.68730163574219,130.5135040283203
413.6993103027344,241.12570190429688,47.553199768066406,131.75390625
413.2326965332031,240.83399963378906,47.80419921875,130.97030639648438
412.5307922363281,241.0863037109375,48.0255012512207,130.9647979736328
413.1861877441406,240.9490966796875,47.472599029541016,130.79989624023438
413.102294921875,241.29269409179688,47.728599548339844,131.0352020263672
413.3463134765625,241.40089416503906,48.749900817871094,131.28550720214844
415.00311279296875,242.40260314941406,47.46260070800781,129.2288055419922
413.82830810546875,241.71270751953125,48.74729919433594,130.53219604492188
413.7663879394531,242.781494140625,51.3114013671875,130.12289428710938
414.9630126953125,249.20249938964844,52.39360046386719,125.81449890136719
414.9299011230469,244.38330078125,52.17689895629883,128.03709411621094
414.8931884765625,248.22569274902344,52.64739990234375,126.54530334472656
416.310302734375,259.76580810546875,48.562801361083984,113.8270034790039
414.7784118652344,249.281494140625,47.81489944458008,123.47799682617188
415.26031494140625,260.5426940917969,45.42150115966797,113.95709991455078
414.80230712890625,253.68789672851562,43.37300109863281,118.2156982421875
413.7066955566406,250.6748046875,42.398399353027344,122.96869659423828
413.92919921875,249.7404022216797,41.40169906616211,123.693603515625
413.92608642578125,250.36129760742188,40.355899810791016,122.87200164794922
414.48541259765625,250.82809448242188,40.17599868774414,122.63150024414062
413.9230041503906,245.84730529785156,41.48099899291992,128.50599670410156
414.2337951660156,249.73719787597656,41.64939880371094,123.59770202636719
413.36761474609375,251.46730041503906,42.82170104980469,122.29650115966797
413.83380126953125,250.90989685058594,43.20719909667969,122.9800033569336
414.65850830078125,253.6571044921875,43.18220138549805,121.33769989013672
414.0692138671875,251.79200744628906,43.75550079345703,122.6072006225586
414.17919921875,251.77999877929688,44.20940017700195,122.02639770507812
413.9519958496094,249.97019958496094,44.70199966430664,124.08830261230469
413.5982971191406,245.8979034423828,44.82929992675781,128.77099609375
415.0120849609375,256.2178039550781,42.775901794433594,119.21479797363281
414.587890625,247.06590270996094,43.270599365234375,127.4177017211914
414.005615234375,250.27879333496094,43.24639892578125,123.77169799804688
413.7735900878906,247.78439331054688,43.774600982666016,126.91079711914062
414.84490966796875,257.93609619140625,42.32780075073242,116.87779998779297
414.58599853515625,247.1273956298828,42.37739944458008,127.94609832763672
413.68719482421875,244.81739807128906,43.21440124511719,130.0885009765625
415.693115234375,258.2267150878906,40.753299713134766,116.25260162353516
414.4024963378906,247.1591033935547,42.497398376464844,127.91850280761719
413.6820983886719,247.21600341796875,42.54069900512695,126.92330169677734
413.8067932128906,245.8043975830078,42.06129837036133,128.25230407714844
415.1709899902344,260.4247131347656,39.94169998168945,113.20919799804688
413.1542053222656,243.11050415039062,43.153900146484375,131.54510498046875
415.1619873046875,259.730712890625,40.132598876953125,114.02279663085938
414.05511474609375,244.41990661621094,42.20539855957031,131.27969360351562
415.3669128417969,254.08030700683594,40.366798400878906,120.69940185546875
413.19781494140625,246.95440673828125,42.43199920654297,128.87069702148438
414.2976989746094,250.83599853515625,41.94060134887695,124.7654037475586
413.62310791015625,247.90960693359375,42.574798583984375,128.24400329589844
413.98291015625,251.19149780273438,40.73860168457031,124.1780014038086
413.67730712890625,248.93789672851562,41.79249954223633,126.72579956054688
413.9490051269531,251.99139404296875,40.53839874267578,123.22979736328125
413.8515930175781,248.3813934326172,39.882301330566406,127.87699890136719
414.42401123046875,252.2866973876953,38.64179992675781,123.318603515625
415.33221435546875,252.77630615234375,36.75680160522461,122.34049987792969
414.1759948730469,248.04429626464844,36.526798248291016,128.27130126953125
415.3190002441406,252.85769653320312,33.79209899902344,122.05079650878906
413.30621337890625,247.4788055419922,33.41360092163086,128.36819458007812
414.714111328125,247.17909240722656,31.445999145507812,127.7957992553711
415.1647033691406,246.672607421875,30.566099166870117,128.62860107421875
414.4070129394531,246.70680236816406,31.18560028076172,128.9510955810547
414.7279968261719,246.4197998046875,30.327999114990234,128.8549041748047
414.9193115234375,246.26820373535156,30.53730010986328,129.3470001220703
414.694091796875,246.610107421875,30.589500427246094,128.68609619140625
415.2575988769531,247.51060485839844,29.752300262451172,128.03140258789062
413.80029296875,246.38650512695312,29.386600494384766,128.69090270996094
414.21630859375,246.53810119628906,29.782699584960938,128.31790161132812
412.9978942871094,246.10940551757812,29.28660011291504,128.17269897460938
411.6122131347656,246.20460510253906,29.763599395751953,128.8813934326172
412.2441101074219,245.97000122070312,30.273099899291992,126.76529693603516
410.54229736328125,246.86309814453125,30.847900390625,127.08609771728516
410.251708984375,246.2530059814453,31.10930061340332,126.37830352783203
409.1253967285156,247.19529724121094,31.95479965209961,126.03579711914062
408.5683898925781,249.6999969482422,32.35940170288086,123.46099853515625
409.4657897949219,247.83740234375,31.79990005493164,125.8843002319336
409.6675109863281,248.6999969482422,31.698400497436523,125.02459716796875
408.6658020019531,248.15260314941406,32.06489944458008,126.38629913330078
409.0426025390625,246.8218994140625,32.80289840698242,128.00059509277344
408.94189453125,247.89430236816406,32.47019958496094,126.51110076904297
407.8927917480469,246.62510681152344,32.90739822387695,128.5771942138672
407.9248046875,248.1116943359375,32.87300109863281,126.4813003540039
407.335693359375,245.6540069580078,34.16109848022461,128.67889404296875
406.39630126953125,245.69129943847656,34.9833984375,126.00180053710938
402.1182861328125,244.27169799804688,39.72809982299805,124.4906005859375
397.5495910644531,242.13720703125,43.6885986328125,124.49649810791016
392.9789123535156,247.23280334472656,47.517398834228516,118.9760971069336
388.87060546875,243.779296875,50.06679916381836,121.2926025390625
385.4751892089844,242.33970642089844,56.857200622558594,120.62370300292969
383.7038879394531,238.2425994873047,59.3489990234375,120.9749984741211
381.97149658203125,260.465087890625,54.07099914550781,95.46649932861328
379.62860107421875,234.72109985351562,66.86599731445312,119.09369659423828
377.1954040527344,248.33270263671875,60.100101470947266,100.11309814453125
373.9703063964844,234.74220275878906,71.12460327148438,112.3291015625
372.0166931152344,256.2784118652344,59.877601623535156,86.59439849853516
370.4215087890625,231.59390258789062,79.03450012207031,107.20659637451172
369.8346862792969,230.0778045654297,80.20449829101562,102.2136001586914
366.55169677734375,232.0200958251953,79.9791030883789,96.09519958496094
368.1046142578125,230.3798065185547,80.73280334472656,92.82959747314453
370.61480712890625,226.1549072265625,82.25460052490234,86.79730224609375
373.22210693359375,223.48269653320312,81.24310302734375,85.92389678955078
371.26739501953125,224.81539916992188,82.73789978027344,80.2511978149414
402.1217041015625,225.5030975341797,50.381099700927734,45.48080062866211
382.8299865722656,225.48770141601562,70.02570343017578,77.93049621582031
386.3030090332031,225.49429321289062,62.420799255371094,68.99449920654297
384.4396057128906,224.41439819335938,64.7479019165039,77.26820373535156
400.0286865234375,222.69869995117188,48.68669891357422,40.907100677490234
408.00299072265625,222.264404296875,40.554100036621094,36.51459884643555
410.6986083984375,221.5760040283203,36.59469985961914,30.06279945373535
409.2200927734375,220.59100341796875,37.4192008972168,30.956899642944336
406.5592041015625,218.1002960205078,38.41669845581055,30.553300857543945
399.1274108886719,217.0605010986328,43.53350067138672,34.34859848022461
400.2608947753906,215.0738983154297,42.01210021972656,34.02170181274414
400.4516906738281,214.17269897460938,40.659000396728516,32.416500091552734
400.1798095703125,213.90350341796875,39.40879821777344,31.646699905395508
400.6484069824219,212.8408966064453,38.55950164794922,31.260900497436523
399.4190979003906,212.964599609375,39.62310028076172,35.72710037231445
400.43389892578125,214.74099731445312,37.651798248291016,30.069700241088867
400.1946105957031,215.5489044189453,37.52470016479492,31.433000564575195
402.993408203125,215.95260620117188,35.29119873046875,30.054399490356445
401.78228759765625,218.22430419921875,36.34859848022461,30.189800262451172
402.664794921875,218.22940063476562,34.379798889160156,30.180200576782227
400.1962890625,219.98240661621094,35.063499450683594,32.79610061645508
398.3861083984375,221.7469940185547,33.32360076904297,32.39250183105469
397.0198974609375,220.841796875,31.71470069885254,30.77090072631836
392.13360595703125,220.4936065673828,33.79750061035156,36.50590133666992
389.3312072753906,220.539306640625,32.45709991455078,44.029300689697266
386.66448974609375,219.1903076171875,32.79389953613281,46.570499420166016
384.0227966308594,218.818603515625,31.327199935913086,41.22249984741211
381.9118957519531,220.2332000732422,30.652799606323242,39.24610137939453
377.67291259765625,220.7322998046875,32.270999908447266,34.714500427246094
375.9988098144531,221.62399291992188,31.49810028076172,31.454700469970703
373.1029968261719,223.47030639648438,33.18370056152344,30.680299758911133
370.1487121582031,223.3845977783203,34.81800079345703,30.6471004486084
367.79071044921875,225.09539794921875,36.35169982910156,29.900699615478516
365.9453125,226.79249572753906,36.94129943847656,29.249000549316406
365.7427978515625,228.69000244140625,35.91210174560547,29.171600341796875
364.4526062011719,229.6304931640625,35.56589889526367,30.39940071105957
362.9595031738281,230.89520263671875,36.739498138427734,29.085399627685547
361.43341064453125,232.7799072265625,37.60049819946289,29.448699951171875
361.0943908691406,233.07150268554688,37.706298828125,29.677799224853516
361.0932922363281,234.1407012939453,37.52859878540039,29.106199264526367
363.27349853515625,234.71910095214844,35.43190002441406,29.532400131225586
363.6341857910156,234.70660400390625,35.07429885864258,29.706600189208984
364.8033142089844,234.32150268554688,33.84669876098633,29.851600646972656
364.7560119628906,235.2469940185547,33.30339813232422,29.039199829101562
366.0657043457031,235.53390502929688,32.74760055541992,29.46769905090332
366.4961853027344,235.12539672851562,33.05039978027344,29.406099319458008
367.9674072265625,235.35350036621094,32.07659912109375,28.878400802612305
370.1683044433594,234.52349853515625,31.4064998626709,29.20170021057129
370.6340026855469,234.74569702148438,32.249698638916016,29.32029914855957
371.8994140625,234.4781951904297,32.55889892578125,29.340499877929688
374.0784912109375,234.0128936767578,32.59489822387695,29.47439956665039
376.264892578125,233.0334930419922,32.10419845581055,29.859500885009766
377.7616882324219,232.73109436035156,32.78089904785156,30.065500259399414
378.677490234375,231.4344024658203,33.39419937133789,31.72640037536621
380.0906982421875,230.64559936523438,33.56489944458008,32.31460189819336
382.2944030761719,229.55859375,33.04679870605469,32.27980041503906
384.16900634765625,228.79559326171875,33.429100036621094,32.005699157714844
386.0,227.70669555664062,33.700599670410156,32.85350036621094
386.96649169921875,225.78109741210938,34.16999816894531,32.912899017333984
387.6077880859375,223.68380737304688,35.93199920654297,38.0536994934082
390.2508850097656,222.39889526367188,37.3838996887207,37.8125
393.2145080566406,221.26319885253906,37.816898345947266,38.18980026245117
392.85888671875,219.94900512695312,42.716800689697266,43.330299377441406
395.51519775390625,218.10049438476562,43.63570022583008,44.70899963378906
396.37530517578125,216.65199279785156,45.81800079345703,49.46670150756836
402.59130859375,214.50059509277344,41.07040023803711,38.39400100708008
397.8380126953125,214.1790008544922,46.20690155029297,46.900001525878906
400.8356018066406,212.32179260253906,45.62379837036133,48.869598388671875
401.51080322265625,211.90130615234375,46.31639862060547,49.493099212646484
402.09478759765625,209.88059997558594,46.329498291015625,52.9119987487793
402.5439147949219,209.24319458007812,46.78379821777344,53.72549819946289
403.8388977050781,208.2263946533203,44.99340057373047,50.20090103149414
404.4397888183594,208.22019958496094,44.358699798583984,50.08409881591797
404.8619079589844,207.39120483398438,46.0171012878418,51.62120056152344
405.8476867675781,207.66009521484375,45.0890998840332,53.20090103149414
405.8471984863281,207.53799438476562,45.20940017700195,52.51020050048828
406.07049560546875,207.18299865722656,45.54690170288086,50.74209976196289
406.78448486328125,206.8148956298828,45.945899963378906,51.984500885009766
406.2723083496094,206.66329956054688,45.88180160522461,51.45180130004883
407.1932067871094,206.4884033203125,46.43920135498047,51.67639923095703
407.81890869140625,207.07479858398438,47.46080017089844,51.493900299072266
407.923095703125,206.56089782714844,47.66579818725586,55.073699951171875
408.57958984375,206.13319396972656,48.88690185546875,54.21799850463867
408.9989013671875,206.69520568847656,48.89929962158203,53.089900970458984
409.572509765625,206.53860473632812,50.24700164794922,55.40800094604492
409.1181945800781,206.8737030029297,51.80289840698242,56.301300048828125
409.6675109863281,206.23049926757812,52.65480041503906,57.4026985168457
410.5498962402344,206.25390625,54.73720169067383,58.45800018310547
411.76910400390625,207.04359436035156,56.083099365234375,61.108001708984375
412.534912109375,205.9954071044922,56.98889923095703,63.79930114746094
413.4093017578125,204.73390197753906,59.3224983215332,66.26180267333984
413.4349060058594,203.99099731445312,60.24599838256836,66.17369842529297
414.8869934082031,201.35220336914062,60.92620086669922,66.3416976928711
414.9255065917969,199.9434051513672,63.600399017333984,67.63510131835938
418.73699951171875,197.85899353027344,62.44770050048828,65.58300018310547
415.9161071777344,196.2855987548828,67.37220001220703,66.26629638671875
415.6976013183594,195.2283935546875,69.7760009765625,70.67320251464844
416.56298828125,194.0449981689453,69.85340118408203,68.54550170898438
416.5686950683594,193.52549743652344,72.20610046386719,68.61930084228516
416.8143005371094,192.84820556640625,72.81529998779297,69.71959686279297
416.9197082519531,192.05369567871094,75.13189697265625,69.79740142822266
419.4762878417969,190.69400024414062,74.36689758300781,70.8134994506836
419.21771240234375,191.93299865722656,76.40769958496094,70.9220962524414
419.2112121582031,192.7012939453125,77.45140075683594,70.40509796142578
420.4819030761719,192.66310119628906,78.5188980102539,73.3030014038086
420.918212890625,192.3218994140625,79.94229888916016,70.41459655761719
421.9997863769531,193.22760009765625,80.20989990234375,71.5656967163086
422.6073913574219,191.7115020751953,81.40869903564453,72.79309844970703
423.6875,191.88720703125,81.18840026855469,72.54049682617188
424.13800048828125,190.6320037841797,82.44239807128906,71.5186996459961
425.5132141113281,192.14309692382812,82.10790252685547,71.5281982421875
426.59759521484375,192.02549743652344,83.20719909667969,71.12329864501953
427.6250915527344,190.27459716796875,83.99479675292969,72.3864974975586
428.19281005859375,191.4290008544922,83.61280059814453,71.77169799804688
429.6518859863281,189.8966064453125,83.43679809570312,70.28450012207031
430.723388671875,189.76260375976562,83.1636962890625,70.75129699707031
432.5286865234375,188.96409606933594,82.05290222167969,73.03070068359375
434.1492004394531,189.7321014404297,80.8635025024414,72.3322982788086
435.8974914550781,188.4344024658203,81.74440002441406,71.768798828125
439.30621337890625,187.99110412597656,79.29429626464844,71.0822982788086
441.9054870605469,188.3769073486328,79.6801986694336,72.9032974243164
443.9706115722656,188.00540161132812,79.80690002441406,72.23400115966797
447.6559143066406,189.21510314941406,78.65789794921875,72.18779754638672
451.12200927734375,188.6925048828125,77.72319793701172,72.79180145263672
455.5993957519531,188.44009399414062,75.72679901123047,72.12249755859375
459.7388000488281,187.37229919433594,74.697998046875,73.49340057373047
463.39959716796875,188.852294921875,73.63600158691406,72.37010192871094
467.65679931640625,188.69189453125,72.83390045166016,73.38890075683594
471.89239501953125,189.7924041748047,72.1604995727539,72.15599822998047
477.03338623046875,190.5811004638672,71.86849975585938,72.18099975585938
481.1011047363281,190.76780700683594,72.15889739990234,70.80239868164062
484.9917907714844,190.5684051513672,71.91950225830078,69.72200012207031
488.3288879394531,191.41729736328125,71.24849700927734,67.6864013671875
491.5997009277344,191.25320434570312,71.49510192871094,66.4175033569336
495.94378662109375,191.76409912109375,70.12909698486328,65.8093032836914
498.5613098144531,192.07200622558594,70.0718002319336,63.36240005493164
501.9541015625,192.66180419921875,69.15760040283203,62.40810012817383
504.46270751953125,192.68519592285156,68.76920318603516,62.820701599121094
507.9307861328125,191.65719604492188,68.27950286865234,60.95640182495117
511.4731140136719,191.60789489746094,66.77330017089844,58.9463005065918
512.4744262695312,191.69070434570312,67.58719635009766,59.35409927368164
514.2039794921875,192.64210510253906,67.54900360107422,58.09489822387695
520.0811157226562,191.8509979248047,63.25279998779297,55.36439895629883
535.8289794921875,192.47239685058594,48.37409973144531,43.132301330566406
516.3433227539062,191.2200927734375,68.31659698486328,57.72439956665039
522.0098876953125,191.4976043701172,64.15119934082031,54.41490173339844
530.7279052734375,191.95689392089844,56.02790069580078,49.50450134277344
544.4583740234375,193.20460510253906,44.308101654052734,40.55440139770508
535.3018188476562,193.502197265625,52.68519973754883,44.740501403808594
543.8339233398438,193.5825958251953,45.80139923095703,43.30070114135742
524.9387817382812,192.5821990966797,63.94960021972656,53.1598014831543
542.7598266601562,193.90130615234375,45.25199890136719,40.00299835205078
520.9810180664062,194.28390502929688,66.46179962158203,57.494998931884766
523.0587768554688,194.29339599609375,64.42060089111328,55.66170120239258
531.3740234375,194.62130737304688,55.424800872802734,52.16310119628906
547.5125122070312,193.66830444335938,37.623199462890625,36.85060119628906
518.4276733398438,194.25390625,64.03109741210938,54.87990188598633
535.2880859375,195.12289428710938,47.18339920043945,42.20539855957031
518.1912841796875,194.32049560546875,62.78990173339844,56.970001220703125
530.4011840820312,194.73460388183594,48.58420181274414,45.74599838256836
519.155029296875,195.3968963623047,56.81079864501953,46.612098693847656
536.3361206054688,196.3730010986328,38.334800720214844,34.05099868774414
535.1149291992188,198.04930114746094,35.89120101928711,34.485198974609375
511.5093078613281,197.27499389648438,56.90140151977539,50.93730163574219
528.7208251953125,198.97479248046875,38.167999267578125,34.388301849365234
508.6211853027344,199.79550170898438,54.37179946899414,52.96770095825195
525.3568115234375,200.722900390625,36.32939910888672,34.48360061645508
503.35198974609375,201.97439575195312,53.95399856567383,51.589698791503906
518.1309814453125,203.3863067626953,37.2577018737793,35.573001861572266
499.1112060546875,204.83709716796875,51.575401306152344,51.38650131225586
502.5150146484375,204.9987030029297,47.096099853515625,47.851200103759766
496.40570068359375,207.43829345703125,48.82630157470703,43.01070022583008
493.1365051269531,208.1385955810547,48.74829864501953,45.47840118408203
501.685302734375,210.1049041748047,37.6348991394043,33.79759979248047
487.1705017089844,210.73199462890625,47.660099029541016,50.05080032348633
485.4645080566406,212.2550048828125,47.67570114135742,51.470699310302734
487.86260986328125,212.94329833984375,42.29029846191406,45.019901275634766
483.70709228515625,213.0092010498047,43.43109893798828,43.97359848022461
480.3570861816406,215.5872039794922,45.56399917602539,49.262901306152344
483.0516052246094,214.60169982910156,42.938499450683594,44.809200286865234
477.4991149902344,215.3668975830078,45.1254997253418,48.53820037841797
488.85260009765625,216.23390197753906,34.98080062866211,31.4778995513916
475.7864074707031,217.82839965820312,45.68280029296875,46.73099899291992
484.3839111328125,216.6613006591797,39.03139877319336,38.7223014831543
483.5539855957031,218.84170532226562,37.54169845581055,31.18910026550293
477.0481872558594,218.71389770507812,45.06039810180664,40.433799743652344
487.0617980957031,218.77149963378906,35.64739990234375,30.979700088500977
479.7301025390625,217.44039916992188,44.074501037597656,36.93470001220703
482.7937927246094,217.0594024658203,41.850399017333984,37.76110076904297
481.94378662109375,215.47239685058594,44.30289840698242,41.08219909667969
491.730712890625,215.05149841308594,35.33300018310547,30.137800216674805
489.5693054199219,216.798095703125,38.257999420166016,28.756399154663086
476.9064025878906,215.08099365234375,51.34809875488281,49.837501525878906
492.5779113769531,212.793701171875,38.1431999206543,30.503799438476562
479.1294860839844,213.310302734375,52.361900329589844,50.993499755859375
494.99951171875,210.952392578125,38.964698791503906,32.01639938354492
486.931884765625,212.2711944580078,48.40409851074219,42.78260040283203
498.2369079589844,210.99549865722656,38.69599914550781,29.23419952392578
490.6348876953125,211.8865966796875,47.41749954223633,38.30970001220703
503.84820556640625,208.19129943847656,36.729000091552734,29.517799377441406
488.1153869628906,210.31829833984375,54.16429901123047,50.88679885864258
490.148193359375,208.06689453125,53.42639923095703,52.70560073852539
492.730712890625,206.19200134277344,53.25550079345703,54.257198333740234
495.43060302734375,206.27099609375,54.0797004699707,53.955101013183594
496.8309020996094,207.3256072998047,53.9995002746582,51.279998779296875
500.287109375,205.8957061767578,52.78820037841797,51.80329895019531
502.46710205078125,205.6468963623047,53.624698638916016,50.070098876953125
506.2909851074219,205.57110595703125,51.611698150634766,46.565399169921875
507.8362121582031,208.2144012451172,52.327999114990234,48.076698303222656
511.4280090332031,205.61090087890625,51.600399017333984,46.11119842529297
515.5255737304688,208.40469360351562,50.864498138427734,44.60129928588867
516.5089111328125,210.04330444335938,52.429100036621094,46.000301361083984
521.0709838867188,209.33839416503906,50.575801849365234,41.26530075073242
526.0338745117188,209.48260498046875,47.48210144042969,39.80910110473633
530.5029296875,209.75819396972656,45.36009979248047,39.2052001953125
534.87548828125,210.94479370117188,42.997501373291016,35.579200744628906
528.219970703125,211.82069396972656,51.3911018371582,38.2848014831543
535.3995971679688,212.59539794921875,45.70920181274414,36.40420150756836
539.352783203125,211.9853057861328,43.320499420166016,34.48789978027344
541.6870727539062,211.18170166015625,42.11980056762695,34.59199905395508
542.0687255859375,210.54539489746094,43.829898834228516,34.78260040283203
535.6093139648438,210.29989624023438,52.043701171875,37.22019958496094
543.6785888671875,210.5767059326172,44.83599853515625,33.7504997253418
543.5206298828125,209.3179931640625,46.409698486328125,35.23659896850586
538.5880737304688,208.84910583496094,52.1708984375,36.722801208496094
543.4315185546875,209.25599670410156,47.57830047607422,35.53689956665039
539.9912719726562,208.4049072265625,52.167198181152344,37.40570068359375
547.0855712890625,209.6875,45.31890106201172,33.524898529052734
543.7689208984375,210.13870239257812,49.50189971923828,35.47159957885742
546.2529296875,210.41990661621094,46.666099548339844,33.90909957885742
547.4678955078125,210.75869750976562,45.99409866333008,34.226898193359375
542.0778198242188,211.4777069091797,51.83440017700195,34.52870178222656
550.8975830078125,209.97439575195312,42.05120086669922,32.20719909667969
542.5524291992188,210.94830322265625,49.824100494384766,35.795101165771484
547.4534301757812,210.56689453125,44.385799407958984,34.037200927734375
547.5228881835938,208.82470703125,42.64039993286133,33.27399826049805
547.056884765625,209.45579528808594,42.5458984375,32.90570068359375
553.438720703125,209.86810302734375,34.33869934082031,30.86319923400879
549.3073120117188,210.24090576171875,36.02899932861328,30.95240020751953
549.4368896484375,210.81900024414062,35.049598693847656,29.671899795532227
550.3088989257812,211.922607421875,32.1510009765625,27.8799991607666
550.0996704101562,211.6645965576172,29.697599411010742,27.331600189208984
549.7639770507812,212.28570556640625,26.937599182128906,26.17180061340332
548.6063842773438,211.6829071044922,25.403900146484375,26.90089988708496
544.6572265625,210.9862060546875,28.013900756835938,27.55340003967285
542.9017944335938,213.17550659179688,27.02090072631836,26.440000534057617
541.7963256835938,211.87530517578125,25.66950035095215,26.882099151611328
539.0377807617188,214.20440673828125,25.974199295043945,24.75830078125
538.0551147460938,213.22300720214844,25.309099197387695,26.17099952697754
535.4713745117188,214.15960693359375,25.506999969482422,25.107200622558594
533.1975708007812,213.59500122070312,25.713199615478516,23.67300033569336
531.2586059570312,215.02999877929688,25.054000854492188,22.14859962463379
527.0396118164062,214.8383026123047,27.95949935913086,23.649499893188477
522.7982177734375,215.78500366210938,28.90329933166504,25.67289924621582
524.2426147460938,215.17269897460938,25.92970085144043,25.464799880981445
521.9315795898438,216.1217041015625,25.81049919128418,25.14590072631836
517.4552001953125,215.17630004882812,27.861099243164062,26.89259910583496
518.8463745117188,215.17410278320312,25.512100219726562,26.41860008239746
514.0504150390625,217.88400268554688,27.379899978637695,26.561199188232422
512.9774780273438,217.15460205078125,25.652099609375,26.416400909423828
512.549072265625,217.2097930908203,24.134000778198242,27.53510093688965
505.9870910644531,219.6667938232422,27.617599487304688,26.89620018005371
505.8746032714844,220.3311004638672,25.710599899291992,25.996000289916992
502.6838073730469,221.2803955078125,25.119300842285156,24.65760040283203
501.5215148925781,219.9694061279297,24.656700134277344,24.693199157714844
497.9436950683594,220.84280395507812,24.75790023803711,26.28059959411621
495.4617004394531,219.78610229492188,24.911699295043945,25.951000213623047
493.8728942871094,219.93190002441406,24.085100173950195,25.411100387573242
492.2807922363281,220.87120056152344,24.400699615478516,24.9960994720459
488.8565979003906,221.63600158691406,24.80430030822754,24.214599609375
487.3731994628906,220.26919555664062,24.544599533081055,27.04680061340332
485.8985900878906,218.11329650878906,23.8125,28.899599075317383
485.0181884765625,220.82130432128906,23.077699661254883,26.58449935913086
482.7217102050781,219.98680114746094,23.833999633789062,28.050199508666992
481.14239501953125,220.0364990234375,23.267799377441406,27.48870086669922
479.82080078125,220.00379943847656,22.690399169921875,26.4906005859375
478.58551025390625,219.6654052734375,22.667699813842773,27.194700241088867
477.79949951171875,220.93670654296875,22.060199737548828,25.263599395751953
476.41290283203125,217.35650634765625,22.594600677490234,28.836700439453125
474.244384765625,219.9228057861328,24.03019905090332,28.165300369262695
472.7305908203125,215.6822967529297,23.634899139404297,29.266000747680664
472.9209899902344,218.92970275878906,21.212499618530273,24.125900268554688
471.080810546875,217.99879455566406,22.96470069885254,28.878999710083008
469.4992980957031,218.62010192871094,22.348899841308594,26.313400268554688
468.2138977050781,216.14219665527344,22.268199920654297,27.262100219726562
465.5893859863281,220.8376007080078,23.489500045776367,24.970600128173828
465.1911926269531,219.0052032470703,22.180400848388672,23.75909996032715
465.0663146972656,219.31069946289062,20.551300048828125,22.911800384521484
462.668212890625,219.5937042236328,21.97559928894043,24.922199249267578
460.2784118652344,219.1262969970703,23.423900604248047,23.832700729370117
460.3052978515625,218.82550048828125,22.15999984741211,23.1028995513916
458.1723937988281,219.34030151367188,21.964000701904297,24.00629997253418
457.3652038574219,219.3802032470703,21.992799758911133,21.293500900268555
455.6806945800781,216.8527069091797,21.75040054321289,23.175500869750977
453.118896484375,212.75180053710938,23.01059913635254,25.80820083618164
453.40301513671875,215.15379333496094,21.762500762939453,23.08489990234375
452.30810546875,214.52029418945312,22.286100387573242,21.876699447631836
451.2875061035156,213.94970703125,21.944400787353516,23.33180046081543
450.1636962890625,213.63160705566406,21.797000885009766,22.122600555419922
450.1698913574219,211.82640075683594,21.939800262451172,23.4862003326416
448.3146057128906,207.0435028076172,24.471900939941406,27.247499465942383
449.10931396484375,209.3571014404297,21.691200256347656,24.566699981689453
448.4106140136719,207.26699829101562,23.996700286865234,29.260099411010742
420.9494934082031,191.57989501953125,53.97869873046875,73.29660034179688
433.1929016113281,220.3845977783203,23.096099853515625,71.39009857177734
431.2065124511719,239.67779541015625,25.752500534057617,53.976600646972656
429.37030029296875,239.06829833984375,24.994400024414062,55.36949920654297
427.7695007324219,234.24319458007812,27.843799591064453,62.56230163574219
423.9053039550781,225.6999969482422,28.394800186157227,70.98570251464844
422.70208740234375,208.6663055419922,37.65330123901367,91.31629943847656
419.169189453125,209.3690948486328,35.186500549316406,89.86419677734375
418.5458984375,206.56039428710938,39.01449966430664,93.76719665527344
415.8297119140625,208.68679809570312,34.04029846191406,91.91929626464844
416.1861877441406,204.7783966064453,39.900001525878906,96.84439849853516
412.7840881347656,207.09039306640625,35.515098571777344,93.21399688720703
414.1451110839844,205.70730590820312,40.612701416015625,97.12159729003906
410.86309814453125,208.56289672851562,36.49800109863281,95.08940124511719
411.6188049316406,204.51119995117188,37.52050018310547,98.93599700927734
410.14849853515625,207.0084991455078,34.34640121459961,96.16590118408203
408.87921142578125,204.16110229492188,38.59469985961914,100.09359741210938
405.9590148925781,206.75889587402344,36.53089904785156,97.4894027709961
405.8204040527344,203.9250946044922,44.332000732421875,102.25579833984375
402.7890930175781,208.47410583496094,40.893001556396484,97.22810363769531
401.9704895019531,205.24490356445312,40.020301818847656,100.9220962524414
401.38360595703125,206.42190551757812,42.39580154418945,100.85780334472656
398.8226013183594,207.2301025390625,41.90060043334961,101.60880279541016
397.8851013183594,206.87820434570312,42.93539810180664,101.76319885253906
395.1387939453125,208.9243927001953,42.56230163574219,102.38880157470703
395.35528564453125,208.63519287109375,42.517601013183594,102.61309814453125
393.7876892089844,209.860595703125,42.79140090942383,103.8030014038086
391.86468505859375,210.66839599609375,42.948299407958984,103.74220275878906
392.3297119140625,211.51339721679688,42.21730041503906,104.05690002441406
391.9518127441406,211.493896484375,41.619998931884766,104.03739929199219
390.9643859863281,212.5489959716797,39.72060012817383,104.43710327148438
391.3456115722656,212.73269653320312,38.25859832763672,106.0635986328125
391.47918701171875,214.58689880371094,35.55619812011719,105.69239807128906
391.66510009765625,215.397705078125,33.71070098876953,105.53910064697266
391.347412109375,215.21290588378906,32.14939880371094,106.17120361328125
392.1451110839844,216.90640258789062,30.367599487304688,104.83830261230469
392.318603515625,218.36439514160156,28.98550033569336,105.3510971069336
392.723388671875,218.4134979248047,26.46769905090332,105.34510040283203
392.59698486328125,219.4582061767578,26.137399673461914,106.13150024414062
392.51629638671875,220.29200744628906,25.168100357055664,105.82610321044922
391.21539306640625,220.48590087890625,25.29949951171875,105.82710266113281
391.3431091308594,221.22650146484375,25.354299545288086,105.89559936523438
390.0712890625,222.08230590820312,25.306100845336914,106.0259017944336
388.9939880371094,222.18130493164062,25.71500015258789,106.00789642333984
389.0071105957031,222.05650329589844,25.523300170898438,106.29299926757812
388.2356872558594,222.11740112304688,25.505399703979492,106.52169799804688
388.00201416015625,222.3614959716797,25.746999740600586,106.40139770507812
386.77459716796875,221.32080078125,25.80109977722168,107.59619903564453
386.4580993652344,221.72439575195312,26.282400131225586,107.11740112304688
385.7544860839844,222.36659240722656,26.591999053955078,106.65699768066406
385.8323059082031,221.70700073242188,26.566200256347656,107.2051010131836
386.8565979003906,223.54150390625,26.18950080871582,105.86199951171875
386.43280029296875,222.23410034179688,28.871700286865234,107.29779815673828
386.4607849121094,223.78790283203125,30.7716007232666,105.56340026855469
384.4276123046875,221.57080078125,34.18230056762695,107.02169799804688
384.6319885253906,222.3199005126953,36.06990051269531,107.01090240478516
385.22198486328125,222.1873016357422,38.6880989074707,107.07520294189453
385.65869140625,221.84910583496094,40.803199768066406,106.21410369873047
386.8215026855469,221.9114990234375,41.646400451660156,106.00039672851562
388.01141357421875,221.09249877929688,42.6077995300293,105.83920288085938
389.2384948730469,221.24729919433594,41.72129821777344,104.18450164794922
389.42169189453125,221.79100036621094,43.3557014465332,104.79029846191406
389.4307861328125,221.35040283203125,43.6879997253418,104.50689697265625
389.3369140625,221.04769897460938,43.691200256347656,104.6780014038086
388.0304870605469,220.1595001220703,45.29859924316406,105.60070037841797
390.6966857910156,221.30679321289062,43.733699798583984,105.27100372314453
389.851806640625,219.9163055419922,44.90169906616211,105.52020263671875
391.5318908691406,219.55079650878906,44.632598876953125,106.41419982910156
391.20928955078125,219.7913055419922,45.23979949951172,104.931396484375
392.13128662109375,220.1309051513672,44.78260040283203,105.27210235595703
393.3883972167969,219.78759765625,44.20349884033203,105.23789978027344
390.5976867675781,218.85789489746094,47.62030029296875,106.95670318603516
389.8251953125,219.14230346679688,49.45840072631836,107.20140075683594
387.65130615234375,218.36390686035156,49.867801666259766,106.88050079345703
388.23040771484375,218.82029724121094,50.46009826660156,108.49539947509766
388.5356140136719,219.13270568847656,49.35319900512695,108.79350280761719
387.9070129394531,218.9029998779297,47.137001037597656,109.4448013305664
388.8808898925781,219.22239685058594,44.56890106201172,108.31500244140625
390.089111328125,221.6479949951172,42.14929962158203,108.28759765625
390.9834899902344,221.29110717773438,39.02949905395508,107.85250091552734
392.9523010253906,221.0854034423828,37.49530029296875,107.99140167236328
392.6960144042969,220.6486053466797,36.87889862060547,107.4030990600586
395.8096923828125,220.97970581054688,34.489601135253906,108.61630249023438
396.1752014160156,222.2042999267578,33.76750183105469,106.51969909667969
397.23150634765625,222.2064971923828,34.957401275634766,107.48519897460938
399.7835998535156,221.73269653320312,32.42679977416992,107.20390319824219
400.34259033203125,223.01510620117188,35.100101470947266,108.09040069580078
402.83551025390625,221.66419982910156,33.692901611328125,106.28269958496094
401.39849853515625,221.9853973388672,36.3827018737793,107.9822998046875
404.6968078613281,222.0408935546875,36.16210174560547,108.29789733886719
405.3664855957031,221.8699951171875,37.94839859008789,106.96399688720703
406.09698486328125,221.97079467773438,38.43470001220703,106.2302017211914
407.66949462890625,222.85719299316406,39.53850173950195,106.01300048828125
409.7424011230469,222.51480102539062,38.25090026855469,106.56079864501953
410.4486999511719,221.86830139160156,38.694000244140625,107.86060333251953
411.84759521484375,223.05450439453125,38.415199279785156,107.20610046386719
413.0181884765625,223.23069763183594,37.93299865722656,106.31529998779297
414.2789001464844,223.6584014892578,38.12329864501953,107.32029724121094
415.8912048339844,223.90879821777344,37.384700775146484,107.13870239257812
415.35198974609375,224.37319946289062,37.81560134887695,107.49490356445312
417.0636901855469,224.0093994140625,36.799400329589844,106.41390228271484
417.7239990234375,222.8448944091797,36.43960189819336,108.03600311279297
418.114501953125,224.4008026123047,36.75310134887695,107.806396484375
418.8434143066406,223.62049865722656,35.694698333740234,109.09850311279297
418.389404296875,224.1259002685547,36.06439971923828,108.32109832763672
419.27899169921875,223.40260314941406,35.44219970703125,107.89289855957031
420.32440185546875,224.6051025390625,34.22380065917969,108.0363998413086
420.9226989746094,225.6439971923828,33.68960189819336,106.89360046386719
420.043701171875,225.09669494628906,33.68090057373047,107.01750183105469
420.0664978027344,225.90460205078125,32.59600067138672,107.2927017211914
419.56640625,225.4066925048828,30.395099639892578,108.14240264892578
417.6408996582031,226.2032928466797,31.1343994140625,107.50879669189453
417.31561279296875,225.4375,31.197900772094727,108.38249969482422
417.6961975097656,228.18800354003906,29.45669937133789,105.96839904785156
416.5380859375,225.3874969482422,30.40290069580078,109.08309936523438
416.2148132324219,226.8988037109375,30.371200561523438,108.0740966796875
416.172607421875,226.80209350585938,30.152599334716797,108.8781967163086
415.5419921875,227.27369689941406,30.605600357055664,109.3938980102539
414.4303894042969,227.4362030029297,31.318899154663086,109.76750183105469
414.0057067871094,228.06900024414062,32.541500091552734,109.91600036621094
412.2668151855469,228.89869689941406,35.19390106201172,110.75140380859375
411.2803039550781,229.4290008544922,36.34980010986328,111.63459777832031
409.7585144042969,229.9792938232422,40.2504997253418,112.3373031616211
407.8782958984375,230.42730712890625,43.775001525878906,112.82879638671875
406.2679138183594,231.61279296875,47.10490036010742,112.14250183105469
404.7997131347656,231.4053955078125,49.84880065917969,112.83399963378906
402.5491943359375,231.08729553222656,53.955101013183594,112.9540023803711
402.54168701171875,233.05389404296875,53.83440017700195,111.85600280761719
399.1412048339844,233.42489624023438,57.948699951171875,111.94619750976562
397.7131042480469,235.46189880371094,59.20100021362305,110.07890319824219
396.1178894042969,236.7322998046875,60.250099182128906,109.44609832763672
392.73419189453125,236.79949951171875,63.16310119628906,110.52449798583984
390.72808837890625,237.8529052734375,64.24310302734375,108.5989990234375
389.6239929199219,238.00390625,62.55500030517578,108.66110229492188
395.775390625,262.1195068359375,54.096500396728516,85.44180297851562
383.4530029296875,245.66859436035156,67.18289947509766,103.38130187988281
391.8247985839844,265.05419921875,54.670101165771484,84.068603515625
380.0309143066406,244.8885955810547,67.06829833984375,107.09940338134766
385.3736877441406,256.37451171875,59.888999938964844,96.85870361328125
377.6343994140625,252.51849365234375,69.05059814453125,100.09220123291016
380.0202941894531,248.70950317382812,66.5687026977539,104.0416030883789
382.6549072265625,262.9115905761719,64.14859771728516,91.84410095214844
374.84381103515625,250.57139587402344,73.60910034179688,105.4386978149414
378.51458740234375,255.28070068359375,68.79820251464844,95.19280242919922
378.2334899902344,254.65460205078125,69.52040100097656,102.67130279541016
376.19110107421875,247.2174072265625,71.55509948730469,111.53170013427734
376.4984130859375,248.8468017578125,72.04920196533203,112.89720153808594
377.05108642578125,249.29969787597656,74.01529693603516,115.01020050048828
376.2831115722656,249.92520141601562,77.05970001220703,116.6720962524414
