1
72.13929748535156,204.26620483398438,69.71630096435547,69.08489990234375
54.516700744628906,205.0178985595703,75.79979705810547,74.4834976196289
39.86109924316406,210.9636993408203,79.43299865722656,72.02030181884766
25.195999145507812,214.81089782714844,84.04010009765625,74.30159759521484
10.700900077819824,216.50010681152344,89.35250091552734,76.29070281982422
1.9739999771118164,221.46279907226562,86.84220123291016,74.12079620361328
0.7713000178337097,222.89500427246094,82.92780303955078,75.85569763183594
0.46380001306533813,224.5720977783203,75.75659942626953,77.39550018310547
1.850600004196167,224.9571075439453,67.95770263671875,78.72370147705078
2.3034000396728516,225.52020263671875,63.91619873046875,88.55349731445312
0.7451000213623047,227.16659545898438,61.02299880981445,89.13860321044922
2.0306999683380127,228.09669494628906,59.787200927734375,93.9927978515625
0.2946000099182129,230.839599609375,65.78939819335938,98.80290222167969
1.2493000030517578,235.90460205078125,74.15630340576172,83.39769744873047
7.736999988555908,236.69529724121094,75.32759857177734,91.44609832763672
22.70009994506836,235.8292999267578,68.67179870605469,96.49410247802734
39.27330017089844,236.0924072265625,62.62630081176758,97.54979705810547
60.08810043334961,230.64979553222656,74.90280151367188,96.9708023071289
83.04060363769531,225.3323974609375,78.90789794921875,94.46990203857422
106.99430084228516,223.44500732421875,85.135498046875,91.81079864501953
130.35890197753906,222.5718994140625,91.14199829101562,86.92530059814453
157.19020080566406,218.26930236816406,91.39669799804688,88.90969848632812
174.7628936767578,221.47579956054688,102.45330047607422,86.6884994506836
192.785400390625,215.59019470214844,99.39669799804688,92.71800231933594
208.92990112304688,209.38389587402344,97.92179870605469,95.47550201416016
219.32749938964844,202.6894989013672,92.3572998046875,84.34649658203125
229.12899780273438,191.15570068359375,86.95929718017578,85.71420288085938
232.7559051513672,178.53590393066406,82.51860046386719,90.07450103759766
241.5850067138672,185.31759643554688,71.52670288085938,73.48049926757812
236.13380432128906,182.42250061035156,75.27999877929688,74.8125
247.6925048828125,185.5854034423828,62.58869934082031,69.99539947509766
241.98019409179688,189.7209014892578,63.404598236083984,61.056800842285156
236.21609497070312,187.86810302734375,61.5275993347168,62.54159927368164
235.96200561523438,194.07809448242188,54.85710144042969,54.39080047607422
226.20249938964844,187.9897003173828,56.4093017578125,63.3130989074707
227.05979919433594,194.78610229492188,47.48970031738281,59.04869842529297
219.2281951904297,191.027099609375,51.024200439453125,66.06659698486328
211.7451934814453,198.08009338378906,49.2681999206543,62.400299072265625
199.92660522460938,206.22779846191406,42.69969940185547,55.27730178833008
182.68359375,209.58419799804688,50.46049880981445,60.70389938354492
164.4394073486328,208.74270629882812,51.72589874267578,64.65840148925781
143.69189453125,213.32369995117188,60.89289855957031,60.52320098876953
122.57759857177734,217.55349731445312,68.02359771728516,58.901798248291016
101.42070007324219,214.4842071533203,74.49210357666016,63.92539978027344
81.90229797363281,215.25160217285156,78.58080291748047,67.5322036743164
61.01750183105469,211.20249938964844,86.0968017578125,71.21070098876953
42.15060043334961,210.24330139160156,90.52230072021484,75.591796875
22.237699508666992,207.3632049560547,97.32469940185547,80.3822021484375
7.328999996185303,207.5760955810547,97.0634994506836,78.47889709472656
0.38339999318122864,203.30409240722656,91.07350158691406,84.08509826660156
2.1126999855041504,197.91600036621094,81.29740142822266,88.24030303955078
1.6475000381469727,195.9102020263672,72.14360046386719,86.59950256347656
1.0255000591278076,187.7812042236328,71.25450134277344,93.18360137939453
0.7840999960899353,182.09140014648438,72.94599914550781,96.15760040283203
2.577399969100952,181.5988006591797,77.20220184326172,94.39320373535156
1.7355999946594238,174.8798065185547,83.55750274658203,97.53479766845703
3.297499895095825,172.42909240722656,87.2020034790039,97.97940063476562
15.078300476074219,177.1699981689453,82.00039672851562,92.42109680175781
33.55289840698242,182.0718994140625,83.20610046386719,87.51190185546875
57.91569900512695,177.11489868164062,85.0719985961914,93.23290252685547
74.85130310058594,175.277099609375,100.63159942626953,98.08070373535156
99.056396484375,176.98330688476562,118.76950073242188,96.16960144042969
123.79199981689453,177.91259765625,109.5094985961914,96.6489028930664
144.35060119628906,181.52890014648438,113.3904037475586,94.93579864501953
168.66929626464844,184.91969299316406,112.74440002441406,94.947998046875
187.10980224609375,190.2572021484375,108.15059661865234,96.55059814453125
201.61959838867188,194.78379821777344,105.73509979248047,94.76439666748047
213.74319458007812,204.6490936279297,95.822998046875,87.35340118408203
220.6063995361328,208.46969604492188,91.8279037475586,85.47109985351562
228.43350219726562,209.55889892578125,83.59549713134766,85.78970336914062
231.59030151367188,214.1363067626953,76.80909729003906,82.3301010131836
234.38270568847656,213.1226043701172,72.57740020751953,81.00129699707031
237.33030700683594,218.8218994140625,65.5364990234375,75.15779876708984
235.28399658203125,218.07220458984375,62.01729965209961,75.16169738769531
232.90870666503906,213.93760681152344,59.14739990234375,77.73629760742188
231.77330017089844,227.460693359375,48.49300003051758,59.02050018310547
224.5133056640625,214.6457977294922,45.49290084838867,69.10820007324219
216.81210327148438,222.26629638671875,39.338600158691406,53.81370162963867
211.781005859375,219.06979370117188,32.5181999206543,51.161800384521484
194.1186981201172,213.4257049560547,40.674800872802734,54.34040069580078
185.25830078125,208.57850646972656,32.714900970458984,53.306800842285156
167.92320251464844,203.78990173339844,41.917598724365234,57.26679992675781
159.54640197753906,208.05140686035156,37.91529846191406,47.59830093383789
140.07240295410156,198.5426025390625,47.07680130004883,55.085899353027344
120.97119903564453,192.99729919433594,51.466800689697266,57.26449966430664
103.90769958496094,190.10879516601562,60.44179916381836,57.97549819946289
84.6135025024414,190.5930938720703,68.86720275878906,56.00429916381836
69.27320098876953,188.99600219726562,72.03720092773438,57.4552001953125
53.26599884033203,182.6461944580078,75.45320129394531,64.2300033569336
37.39179992675781,181.93490600585938,78.66899871826172,66.57579803466797
17.16710090637207,181.32359313964844,88.13189697265625,68.5885009765625
5.979000091552734,176.4835968017578,88.83399963378906,74.01270294189453
1.0082000494003296,172.8354949951172,83.23249816894531,78.43710327148438
0.13490000367164612,173.68820190429688,78.58100128173828,77.93569946289062
1.5642999410629272,172.26229858398438,72.45130157470703,80.03959655761719
1.6931999921798706,169.0522003173828,68.7311019897461,83.00150299072266
0.9950000047683716,165.8784942626953,67.64510345458984,85.80879974365234
1.5836999416351318,160.76510620117188,69.66210174560547,90.09829711914062
0.08229999989271164,156.9049072265625,74.88359832763672,91.13300323486328
3.9814999103546143,149.40919494628906,79.5802001953125,93.66120147705078
18.73080062866211,144.77920532226562,80.3988037109375,94.84339904785156
36.20330047607422,145.28030395507812,76.65950012207031,89.3812026977539
60.868499755859375,143.90890502929688,77.27989959716797,83.21080017089844
84.38189697265625,132.9897003173828,90.14849853515625,86.86409759521484
111.44149780273438,131.66549682617188,91.45539855957031,82.60179901123047
130.44520568847656,127.92109680175781,99.4092025756836,84.15969848632812
157.68240356445312,125.29450225830078,100.4365005493164,84.65489959716797
173.86669921875,129.5673065185547,110.21189880371094,78.3196029663086
193.83270263671875,137.13470458984375,108.00150299072266,72.80650329589844
211.5048065185547,138.91329956054688,104.29869842529297,79.16400146484375
226.7183074951172,148.87969970703125,83.3584976196289,77.34719848632812
234.0572967529297,150.79029846191406,95.04720306396484,80.40339660644531
240.2100067138672,158.2615966796875,90.8812026977539,79.918701171875
243.87860107421875,163.3050994873047,85.88890075683594,79.09719848632812
247.78089904785156,165.50430297851562,80.88400268554688,80.4813003540039
244.75669860839844,171.63560485839844,76.47329711914062,78.34850311279297
242.4615020751953,171.73599243164062,69.6636962890625,79.14540100097656
236.95899963378906,173.88389587402344,63.72359848022461,79.12840270996094
233.36810302734375,181.3332061767578,52.5525016784668,68.27239990234375
227.8029022216797,185.7270965576172,43.9297981262207,68.72799682617188
219.92990112304688,186.43389892578125,50.13750076293945,65.9292984008789
211.23519897460938,190.02149963378906,36.925201416015625,55.404701232910156
203.30320739746094,187.32080078125,32.567298889160156,53.92259979248047
189.59530639648438,185.08949279785156,35.31520080566406,54.73830032348633
176.3737030029297,182.0518035888672,38.02470016479492,56.36750030517578
165.97720336914062,179.22329711914062,38.15510177612305,55.80609893798828
150.2978973388672,175.10260009765625,42.669898986816406,55.521400451660156
136.98219299316406,171.4174041748047,43.75960159301758,57.26350021362305
118.22339630126953,166.40260314941406,53.000701904296875,58.52510070800781
105.94719696044922,165.4842071533203,56.757198333740234,56.502201080322266
89.0885009765625,163.8686065673828,63.45479965209961,58.91339874267578
76.15229797363281,160.00390625,68.22370147705078,62.01639938354492
61.69889831542969,155.481201171875,74.5416030883789,66.81330108642578
49.470699310302734,152.41839599609375,80.45349884033203,70.42479705810547
38.03110122680664,150.20370483398438,84.12159729003906,74.85449981689453
26.74570083618164,145.97740173339844,89.7249984741211,79.72250366210938
17.64459991455078,142.96409606933594,96.65619659423828,84.75559997558594
10.849200248718262,141.87060546875,101.6095962524414,83.90010070800781
9.139300346374512,139.0377960205078,103.17970275878906,86.41609954833984
12.922699928283691,139.96029663085938,99.97450256347656,83.86499786376953
22.774999618530273,137.71420288085938,92.44129943847656,81.15650177001953
35.97679901123047,132.66029357910156,86.81179809570312,80.6343994140625
51.032100677490234,124.81449890136719,80.45610046386719,84.23370361328125
70.73519897460938,115.44760131835938,72.1343002319336,86.47000122070312
90.22679901123047,107.13480377197266,64.71019744873047,86.45880126953125
112.57350158691406,105.74019622802734,60.48780059814453,81.92900085449219
139.54339599609375,99.85910034179688,71.89440155029297,75.82869720458984
157.6501007080078,93.58319854736328,73.39630126953125,74.43800354003906
178.27670288085938,91.93119812011719,80.46549987792969,74.03780364990234
195.85409545898438,93.94390106201172,81.19110107421875,68.34609985351562
211.01190185546875,93.98570251464844,89.560302734375,68.28679656982422
223.04429626464844,97.67849731445312,99.5000991821289,70.33219909667969
234.8406982421875,104.98490142822266,94.7938003540039,69.21839904785156
246.01480102539062,111.67400360107422,89.0344009399414,71.00959777832031
255.9936981201172,119.50740051269531,89.07669830322266,70.93009948730469
261.19158935546875,128.00669860839844,84.42680358886719,72.36710357666016
263.92608642578125,136.56460571289062,81.1852035522461,70.29329681396484
264.73919677734375,145.87350463867188,72.10440063476562,73.49040222167969
265.8027038574219,160.37789916992188,62.775299072265625,65.3031997680664
260.4125061035156,157.1519012451172,62.26390075683594,74.7134017944336
257.4179992675781,168.1230926513672,54.61220169067383,71.25740051269531
247.8531036376953,178.03160095214844,49.338600158691406,68.5354995727539
240.99830627441406,186.33920288085938,45.572898864746094,74.14830017089844
225.74710083007812,189.98089599609375,47.154598236083984,66.92620086669922
219.7321014404297,193.45860290527344,47.6973991394043,65.76689910888672
205.72169494628906,195.53599548339844,38.89080047607422,63.76890182495117
188.122802734375,198.33200073242188,43.69380187988281,59.13520050048828
168.70269775390625,194.72149658203125,48.10319900512695,58.102298736572266
150.9770965576172,194.00050354003906,54.96820068359375,56.25429916381836
130.8397979736328,190.5164031982422,64.27030181884766,58.14799880981445
115.12460327148438,187.97470092773438,66.0199966430664,59.13679885864258
96.92220306396484,183.49459838867188,70.2677993774414,59.148799896240234
82.24040222167969,175.93580627441406,74.03019714355469,63.620601654052734
68.53880310058594,172.58689880371094,78.1365966796875,64.69709777832031
54.26900100708008,169.1938018798828,83.32050323486328,65.0176010131836
46.63779830932617,168.42539978027344,82.7219009399414,62.331298828125
39.399898529052734,167.1685028076172,82.2750015258789,61.653099060058594
35.58639907836914,168.53829956054688,80.56729888916016,62.7672004699707
31.415599822998047,168.0236053466797,81.1886978149414,63.880001068115234
28.907800674438477,168.75990295410156,78.85900115966797,66.59349822998047
30.22130012512207,169.5135955810547,75.59339904785156,71.15910339355469
31.133100509643555,171.68919372558594,72.38809967041016,76.10179901123047
35.537601470947266,175.8446044921875,67.54149627685547,81.10449981689453
39.39929962158203,180.523193359375,66.72209930419922,84.74199676513672
43.383201599121094,189.9178924560547,67.15010070800781,84.747802734375
51.9010009765625,194.55819702148438,72.14099884033203,88.84649658203125
66.99800109863281,199.40870666503906,71.37660217285156,90.42340087890625
82.7166976928711,201.24740600585938,74.44309997558594,89.24720001220703
107.47350311279297,198.76950073242188,75.01080322265625,90.85340118408203
130.74639892578125,194.05320739746094,91.11830139160156,89.1323013305664
159.18899536132812,186.64979553222656,83.03679656982422,93.57209777832031
182.53860473632812,183.04429626464844,96.49500274658203,89.77780151367188
192.48849487304688,181.03509521484375,92.89689636230469,88.60040283203125
201.63760375976562,173.9635009765625,103.49639892578125,94.48919677734375
212.1468963623047,173.3614044189453,93.07219696044922,84.4083023071289
232.1748046875,165.57049560546875,96.46659851074219,83.11630249023438
248.47140502929688,159.02609252929688,95.11720275878906,79.41169738769531
263.9407043457031,152.726806640625,86.78980255126953,80.58489990234375
275.81298828125,148.57510375976562,83.65550231933594,79.40149688720703
290.0362854003906,148.04649353027344,76.66819763183594,74.70939636230469
