1
76.52660369873047,168.2729949951172,74.51249694824219,40.72249984741211
79.93090057373047,168.3074951171875,73.21410369873047,41.83689880371094
80.45240020751953,170.6759033203125,70.42250061035156,41.02130126953125
80.96939849853516,172.0363006591797,72.42150115966797,40.04249954223633
77.1166000366211,174.07899475097656,75.68669891357422,39.025299072265625
69.2489013671875,175.78660583496094,79.91670227050781,39.426998138427734
61.44369888305664,179.914794921875,80.1218032836914,42.0
60.36949920654297,189.76950073242188,71.51300048828125,42.92539978027344
59.550201416015625,199.4552001953125,76.35690307617188,42.37030029296875
55.349700927734375,203.43850708007812,79.72260284423828,41.774200439453125
49.94649887084961,207.4582061767578,80.55740356445312,39.5974006652832
43.32210159301758,210.45289611816406,87.00070190429688,39.62919998168945
34.737098693847656,211.3491973876953,93.9052963256836,40.53710174560547
31.58489990234375,208.55039978027344,92.53980255126953,43.2489013671875
33.57170104980469,207.8459014892578,86.46160125732422,43.60689926147461
31.05579948425293,206.3408966064453,85.97509765625,46.25080108642578
21.993099212646484,208.58580017089844,89.0979995727539,47.75529861450195
7.115699768066406,215.03109741210938,95.67630004882812,46.572601318359375
2.220400094985962,231.31460571289062,91.9490966796875,42.26850128173828
0.0,238.87890625,89.05680084228516,49.33340072631836
0.0,239.7805938720703,82.02059936523438,48.078399658203125
0.0,244.1239013671875,75.2323989868164,45.73830032348633
0.3034999966621399,256.86041259765625,64.26129913330078,42.359901428222656
0.8378000259399414,267.54400634765625,65.18190002441406,46.90599822998047
1.024399995803833,279.189208984375,72.1011962890625,46.042701721191406
0.0,281.7673034667969,75.99949645996094,48.415000915527344
0.0,282.8706970214844,82.14119720458984,50.236000061035156
0.0,280.2143859863281,85.18599700927734,46.572200775146484
0.0,276.41778564453125,90.51290130615234,46.52949905395508
0.0,275.7594909667969,94.9926986694336,46.66590118408203
0.0,274.29150390625,98.28199768066406,46.87839889526367
0.0,270.1997985839844,99.56529998779297,50.94129943847656
4.2241997718811035,265.7047119140625,103.63330078125,53.53450012207031
13.734700202941895,260.4667053222656,100.48049926757812,51.7150993347168
17.022899627685547,253.8802032470703,107.00170135498047,49.782798767089844
19.213600158691406,249.6988067626953,111.59960174560547,46.98640060424805
25.927000045776367,247.05520629882812,113.82759857177734,45.303001403808594
26.27739906311035,244.92959594726562,114.47820281982422,47.1775016784668
40.55550003051758,242.0894012451172,106.87560272216797,49.95249938964844
42.67110061645508,241.96800231933594,105.98370361328125,50.69559860229492
55.582000732421875,236.05430603027344,100.83660125732422,54.58140182495117
61.107398986816406,233.4571990966797,99.91239929199219,48.58530044555664
59.65530014038086,235.9541015625,106.70600128173828,47.854698181152344
60.08509826660156,242.22340393066406,113.5530014038086,45.29570007324219
67.48210144042969,242.0229034423828,111.02780151367188,47.63309860229492
82.49549865722656,238.56260681152344,98.90129852294922,50.61280059814453
88.88899993896484,238.2147979736328,97.87660217285156,47.32590103149414
87.49659729003906,240.60629272460938,105.66999816894531,49.11869812011719
84.38420104980469,244.9022979736328,114.34860229492188,49.21030044555664
86.16120147705078,251.1652069091797,116.58689880371094,50.23910140991211
97.41889953613281,253.94790649414062,105.2427978515625,53.192298889160156
105.75520324707031,259.95941162109375,99.79290008544922,51.9026985168457
106.0979995727539,265.5392150878906,99.52639770507812,52.07469940185547
100.90390014648438,274.693115234375,107.19380187988281,53.485198974609375
100.7051010131836,279.9231872558594,111.87519836425781,56.607200622558594
116.07129669189453,281.5837097167969,103.529296875,55.70159912109375
129.04409790039062,283.2318115234375,100.69609832763672,58.835601806640625
134.85479736328125,294.4515075683594,103.8655014038086,61.484500885009766
130.74989318847656,308.6846008300781,107.22930145263672,50.493499755859375
128.00430297851562,317.7327880859375,107.5553970336914,41.5713996887207
144.92799377441406,319.3074951171875,101.20880126953125,38.96820068359375
159.8076934814453,318.5126953125,100.80470275878906,40.00170135498047
171.06080627441406,316.35589599609375,101.26419830322266,42.18730163574219
177.4615020751953,315.6087951660156,98.06310272216797,44.0984001159668
197.914794921875,314.8517150878906,96.82740020751953,44.02289962768555
221.2592010498047,313.7998962402344,89.05149841308594,45.7515983581543
228.70950317382812,308.315185546875,94.54830169677734,50.64680099487305
234.9918975830078,304.6679992675781,103.57969665527344,53.185699462890625
257.2474060058594,300.50048828125,91.78620147705078,56.721500396728516
274.8648986816406,294.6700134277344,82.88140106201172,56.63570022583008
286.6264953613281,284.2538146972656,82.63099670410156,59.5713005065918
291.98480224609375,276.9742126464844,95.17949676513672,56.679901123046875
307.1650085449219,270.61248779296875,90.845703125,57.32379913330078
329.0618896484375,262.872802734375,83.67269897460938,55.57830047607422
345.6300964355469,252.7281951904297,79.9822998046875,55.70280075073242
356.4783935546875,245.47210693359375,84.33789825439453,53.817100524902344
360.9722900390625,235.96600341796875,90.71080017089844,54.92060089111328
376.4281921386719,229.76739501953125,86.77179718017578,52.05870056152344
385.802490234375,233.4658966064453,83.7134017944336,47.471099853515625
390.33221435546875,240.15890502929688,80.30560302734375,47.91189956665039
389.3435974121094,242.818603515625,83.27159881591797,48.82749938964844
389.55511474609375,242.9051971435547,83.9583969116211,48.70940017700195
401.68231201171875,242.16189575195312,76.55999755859375,48.904998779296875
411.9692077636719,237.5117950439453,73.12039947509766,49.53020095825195
419.718994140625,235.29949951171875,72.51589965820312,48.27690124511719
421.660400390625,232.851806640625,75.9655990600586,50.00400161743164
419.8742980957031,230.57569885253906,79.4811019897461,51.14690017700195
428.25030517578125,228.20289611816406,73.65380096435547,50.565399169921875
433.77301025390625,228.6094970703125,73.27179718017578,51.869998931884766
442.3894958496094,232.3011016845703,70.75440216064453,53.70759963989258
449.1965026855469,237.32569885253906,70.56009674072266,54.96229934692383
451.08270263671875,243.98480224609375,76.82510375976562,56.40299987792969
457.6864013671875,248.83009338378906,75.10279846191406,56.97159957885742
467.5830993652344,247.9582977294922,71.41110229492188,56.83150100708008
474.54168701171875,239.7324981689453,68.46600341796875,58.6973991394043
479.9186096191406,231.95730590820312,69.56310272216797,56.602500915527344
488.2356872558594,228.33309936523438,75.62660217285156,53.54679870605469
492.4153137207031,228.5294952392578,75.28949737548828,53.50450134277344
504.0513000488281,233.0063018798828,70.93920135498047,51.12189865112305
507.5046081542969,234.8502960205078,67.64119720458984,50.83100128173828
507.0851135253906,238.18460083007812,65.97329711914062,47.62379837036133
503.83160400390625,239.9741973876953,67.0873031616211,47.44369888305664
501.57379150390625,240.3343963623047,68.41059875488281,47.72719955444336
504.1669921875,238.91720581054688,64.67849731445312,49.9364013671875
507.30950927734375,240.34219360351562,64.23429870605469,47.64630126953125
513.1378173828125,245.5012969970703,61.158599853515625,45.81050109863281
514.4381713867188,250.26759338378906,61.654701232910156,44.597599029541016
515.5839233398438,251.90719604492188,64.72200012207031,45.979400634765625
516.46337890625,254.61380004882812,66.4928970336914,47.20289993286133
521.1235961914062,255.87449645996094,63.457298278808594,46.60240173339844
527.7105712890625,258.3507080078125,58.27370071411133,45.13750076293945
531.701416015625,259.9254150390625,55.861698150634766,44.2849006652832
537.0578002929688,260.7804870605469,53.160301208496094,44.280799865722656
540.1578979492188,260.3192138671875,52.41999816894531,44.704498291015625
544.4478149414062,257.3584899902344,54.11750030517578,43.339500427246094
548.5286254882812,256.3916015625,49.61249923706055,43.7057991027832
555.0037841796875,255.84739685058594,45.947601318359375,41.86880111694336
562.6002807617188,252.17039489746094,42.575801849365234,43.06460189819336
567.2354736328125,252.341796875,41.19499969482422,41.23419952392578
569.269287109375,249.77200317382812,40.00469970703125,41.6068000793457
568.3828125,248.0655059814453,40.23139953613281,40.417301177978516
565.0631103515625,247.4174041748047,38.78219985961914,39.822200775146484
560.5272827148438,244.14190673828125,36.25960159301758,40.061500549316406
556.5994262695312,238.20790100097656,33.77980041503906,41.33440017700195
553.7061157226562,238.1811065673828,30.38909912109375,38.3114013671875
549.9824829101562,237.01649475097656,28.392499923706055,37.284698486328125
546.63427734375,236.66290283203125,25.704999923706055,33.84199905395508
544.7244262695312,238.7570037841797,24.409299850463867,31.05470085144043
541.4298095703125,241.08990478515625,24.588499069213867,29.578699111938477
537.7896728515625,242.96690368652344,24.468700408935547,30.0939998626709
535.7617797851562,243.8782958984375,23.825000762939453,31.497900009155273
530.6505126953125,243.7769012451172,27.761499404907227,32.68960189819336
529.5263061523438,242.618896484375,27.406200408935547,33.578399658203125
526.857177734375,241.8654022216797,27.95210075378418,33.63999938964844
524.589111328125,242.5177001953125,28.441499710083008,31.42569923400879
523.2763061523438,243.10890197753906,28.661699295043945,28.055400848388672
524.4066162109375,244.0364990234375,27.013399124145508,26.173999786376953
524.3709716796875,242.10220336914062,28.889299392700195,26.99329948425293
526.0150146484375,239.46339416503906,25.4281005859375,27.47920036315918
524.7996215820312,238.65829467773438,25.642200469970703,29.115299224853516
522.4893188476562,238.7895050048828,27.221399307250977,30.396499633789062
521.5460815429688,240.97250366210938,28.246299743652344,28.407800674438477
517.7114868164062,243.85789489746094,32.03799819946289,28.628599166870117
517.4185791015625,246.23060607910156,33.13629913330078,26.529199600219727
517.0023193359375,247.63490295410156,33.48659896850586,26.400999069213867
513.227294921875,248.8948974609375,36.579898834228516,26.925199508666992
509.16070556640625,250.06370544433594,37.4208984375,27.093599319458008
509.2168884277344,248.10960388183594,35.74829864501953,29.8341007232666
506.9469909667969,247.43710327148438,35.983299255371094,29.743600845336914
505.5054016113281,248.77389526367188,35.37220001220703,27.4414005279541
504.0531921386719,248.82440185546875,33.95100021362305,25.44700050354004
503.1820983886719,247.7845001220703,32.99380111694336,25.489700317382812
501.7015075683594,248.98219299316406,32.88410186767578,26.43720054626465
499.8865051269531,248.79580688476562,30.534299850463867,26.398099899291992
497.15509033203125,246.35850524902344,30.310199737548828,27.585800170898438
495.11138916015625,247.2574005126953,29.446199417114258,27.500699996948242
491.9804992675781,246.81910705566406,29.281200408935547,26.572999954223633
490.4313049316406,246.9528045654297,28.771099090576172,25.932600021362305
488.5137939453125,248.29400634765625,29.541000366210938,25.363000869750977
488.9143981933594,248.42129516601562,29.3927001953125,25.617300033569336
485.4483947753906,247.91490173339844,30.203399658203125,26.45599937438965
485.0138854980469,247.94940185546875,30.286100387573242,26.52750015258789
484.9444885253906,246.6125030517578,28.5039005279541,27.784500122070312
483.51141357421875,245.82730102539062,28.263900756835938,27.194900512695312
482.56048583984375,246.21299743652344,28.38360023498535,26.509700775146484
481.6029968261719,247.69619750976562,27.28689956665039,27.466400146484375
481.4254150390625,248.50289916992188,26.5492000579834,26.14419937133789
481.44189453125,248.30459594726562,24.554399490356445,26.14259910583496
481.0768127441406,248.16549682617188,23.164600372314453,26.115299224853516
479.9082946777344,247.1082000732422,22.986099243164062,25.76219940185547
476.397705078125,248.48939514160156,25.654600143432617,24.117700576782227
473.2598876953125,249.48260498046875,27.43429946899414,24.243900299072266
470.7213134765625,250.84559631347656,29.298200607299805,24.70009994506836
468.9895935058594,252.5850067138672,30.657699584960938,24.47170066833496
466.6733093261719,251.65719604492188,31.783100128173828,26.027999877929688
465.46539306640625,250.50390625,30.833200454711914,27.656200408935547
464.0548095703125,251.39869689941406,32.01499938964844,26.976699829101562
462.5649108886719,252.65859985351562,31.85810089111328,24.403400421142578
461.7195129394531,252.80679321289062,32.20309829711914,24.397199630737305
461.3800048828125,252.94619750976562,33.01240158081055,24.33930015563965
460.95941162109375,253.6623992919922,32.2843017578125,25.027999877929688
459.70318603515625,253.818603515625,31.052400588989258,25.493000030517578
457.17889404296875,251.95950317382812,30.199800491333008,26.944499969482422
454.45819091796875,250.7053985595703,31.80500030517578,26.870500564575195
452.0212097167969,250.601806640625,33.74480056762695,23.82040023803711
449.5784912109375,249.568603515625,35.59830093383789,22.87190055847168
445.2088928222656,248.03990173339844,39.23109817504883,22.425199508666992
444.02301025390625,246.9075927734375,39.62889862060547,23.4335994720459
442.13531494140625,246.26199340820312,39.40810012817383,24.264799118041992
440.4527893066406,245.3979949951172,38.93109893798828,24.795299530029297
438.77410888671875,244.06700134277344,39.83489990234375,24.690099716186523
437.43121337890625,245.14340209960938,39.91170120239258,24.288799285888672
435.99609375,245.9752960205078,40.574100494384766,24.047100067138672
434.9339904785156,248.04710388183594,40.44160079956055,23.721200942993164
433.7838134765625,247.94590759277344,39.22800064086914,24.864299774169922
432.5779113769531,247.00990295410156,37.98899841308594,25.959199905395508
431.572998046875,246.71180725097656,34.65589904785156,27.001300811767578
429.535888671875,247.22000122070312,33.92380142211914,26.756099700927734
427.96240234375,248.40220642089844,32.07160186767578,25.295400619506836
427.2106018066406,247.6844024658203,32.87179946899414,25.34440040588379
427.60589599609375,249.19119262695312,32.5453987121582,24.229400634765625
426.6626892089844,249.73570251464844,33.635101318359375,24.40220069885254
424.6159973144531,251.40809631347656,29.08329963684082,23.798500061035156
424.7666931152344,251.110595703125,26.659299850463867,24.454500198364258
425.1536865234375,248.82899475097656,24.883100509643555,25.157400131225586
426.55218505859375,248.32789611816406,23.69379997253418,22.882099151611328
429.2034912109375,247.24859619140625,21.548799514770508,21.465700149536133
430.28729248046875,246.80479431152344,19.92340087890625,21.52560043334961
429.7538146972656,246.35189819335938,18.69529914855957,21.09469985961914
430.21209716796875,246.87770080566406,17.49959945678711,20.24049949645996
430.7362976074219,245.90350341796875,16.30820083618164,20.87660026550293
431.4490051269531,246.2418975830078,15.79419994354248,22.431499481201172
430.8230895996094,249.0247039794922,17.390499114990234,22.080699920654297
430.0022888183594,250.33489990234375,17.118600845336914,20.952699661254883
429.1369934082031,249.72329711914062,17.761999130249023,20.992900848388672
429.33441162109375,249.01499938964844,19.1200008392334,20.19070053100586
428.3063049316406,247.97019958496094,20.484699249267578,20.40850067138672
424.1247863769531,248.7187957763672,22.346399307250977,21.599300384521484
420.97698974609375,247.4600067138672,24.260400772094727,22.204700469970703
419.0434875488281,246.5030059814453,24.956899642944336,22.68429946899414
419.5932922363281,245.5281982421875,24.6112003326416,22.29680061340332
419.4230041503906,244.63699340820312,25.331199645996094,21.63990020751953
418.9630126953125,244.50680541992188,24.516000747680664,21.121999740600586
419.1216125488281,241.97059631347656,23.918899536132812,20.49810028076172
419.4645080566406,239.04660034179688,22.34040069580078,20.481599807739258
419.6225891113281,236.61019897460938,21.250999450683594,21.354299545288086
417.06170654296875,236.2115020751953,22.90169906616211,21.42729949951172
414.3377990722656,235.44110107421875,23.882099151611328,20.83060073852539
412.65948486328125,235.50970458984375,24.25790023803711,19.91860008239746
409.6133117675781,237.3336944580078,25.725099563598633,19.332300186157227
407.7734069824219,237.3011932373047,26.337200164794922,19.255300521850586
406.0011901855469,235.9248046875,26.095399856567383,20.31599998474121
404.1029052734375,232.40060424804688,25.86009979248047,19.623600006103516
403.5809020996094,231.26820373535156,25.80470085144043,19.03730010986328
404.1642150878906,232.94000244140625,25.427400588989258,18.63920021057129
404.2585144042969,234.38609313964844,24.962099075317383,18.80660057067871
405.1000061035156,236.1154022216797,24.95050048828125,18.608600616455078
404.8133850097656,236.45010375976562,24.622499465942383,19.369800567626953
404.17669677734375,236.3383026123047,23.582599639892578,19.616500854492188
403.650390625,233.91490173339844,23.83799934387207,20.779499053955078
402.7085876464844,234.96910095214844,24.208499908447266,19.486099243164062
403.05718994140625,235.70359802246094,25.409700393676758,18.783599853515625
401.7200012207031,237.55230712890625,26.619400024414062,19.088300704956055
399.31719970703125,239.0762939453125,28.595800399780273,19.876300811767578
397.5386047363281,239.15699768066406,28.703500747680664,19.38920021057129
398.9081115722656,234.3175048828125,27.332000732421875,21.20359992980957
400.2410888671875,231.06590270996094,26.051000595092773,20.575300216674805
401.84130859375,228.89720153808594,24.71980094909668,19.156999588012695
401.5024108886719,227.88839721679688,26.18440055847168,19.23200035095215
401.29180908203125,226.17909240722656,26.35460090637207,19.03510093688965
402.9159851074219,225.23739624023438,25.474899291992188,19.480300903320312
403.81390380859375,223.08450317382812,22.694000244140625,19.724599838256836
402.74468994140625,219.68240356445312,24.399700164794922,20.462900161743164
402.72088623046875,215.82159423828125,25.322999954223633,20.24720001220703
402.0736999511719,214.7220001220703,26.40089988708496,18.967899322509766
400.3721008300781,213.53729248046875,27.985000610351562,18.476999282836914
398.1664123535156,211.2926025390625,28.059999465942383,19.64739990234375
397.77410888671875,208.44590759277344,26.723499298095703,20.729900360107422
394.8442077636719,205.90220642089844,27.201000213623047,20.403400421142578
394.21038818359375,204.147705078125,27.140100479125977,19.708099365234375
391.6943054199219,203.73330688476562,29.94230079650879,19.188400268554688
389.95721435546875,203.90029907226562,30.037900924682617,19.644500732421875
390.40460205078125,201.57269287109375,27.643800735473633,20.105499267578125
388.7514953613281,200.0615997314453,26.22909927368164,20.559499740600586
388.92120361328125,199.07229614257812,24.94409942626953,19.916799545288086
387.6780090332031,198.73190307617188,25.334299087524414,19.635900497436523
386.58599853515625,197.20579528808594,26.116899490356445,19.388399124145508
385.4393005371094,197.55459594726562,27.618999481201172,19.054000854492188
384.7287902832031,197.5507049560547,28.007699966430664,19.19849967956543
383.9400939941406,195.98800659179688,25.61829948425293,19.42889976501465
383.8872985839844,193.43780517578125,23.88719940185547,19.758899688720703
385.3890075683594,192.39239501953125,22.966299057006836,19.398399353027344
384.8432922363281,192.00369262695312,22.403799057006836,19.108699798583984
383.6068115234375,191.96009826660156,22.042499542236328,19.12339973449707
384.7601013183594,191.57110595703125,21.278099060058594,19.213600158691406
384.46160888671875,188.53709411621094,20.27389907836914,20.61709976196289
383.5981140136719,185.3238067626953,20.291799545288086,21.067800521850586
383.4548034667969,182.1634063720703,21.28059959411621,20.890499114990234
381.81829833984375,179.7436065673828,23.154199600219727,19.736000061035156
381.4549865722656,177.33779907226562,24.606599807739258,19.292699813842773
380.9845886230469,177.49029541015625,24.74720001220703,19.940099716186523
379.439208984375,176.68760681152344,25.368600845336914,19.279399871826172
379.2484130859375,176.5572967529297,25.30459976196289,19.145000457763672
378.42401123046875,176.1591033935547,25.298099517822266,20.267799377441406
377.6459045410156,176.44329833984375,25.27280044555664,20.088899612426758
377.043701171875,178.46820068359375,23.59480094909668,19.572500228881836
376.0757141113281,178.54339599609375,23.809200286865234,19.456600189208984
377.32940673828125,176.33189392089844,24.281700134277344,19.59950065612793
378.93951416015625,175.63619995117188,24.649599075317383,18.966100692749023
380.4421081542969,174.14439392089844,23.36910057067871,19.219200134277344
382.37200927734375,175.0540008544922,21.977800369262695,19.935199737548828
382.15740966796875,174.8654022216797,23.052099227905273,20.203800201416016
382.3074035644531,173.12359619140625,23.72439956665039,19.641300201416016
381.10760498046875,170.7834930419922,26.299999237060547,19.474300384521484
381.1990051269531,169.3939971923828,26.2268009185791,19.352500915527344
381.11920166015625,166.65570068359375,25.416099548339844,20.948299407958984
383.3711853027344,163.8874969482422,23.967300415039062,20.9862003326416
384.39019775390625,163.7570037841797,23.580699920654297,19.72279930114746
383.8019104003906,162.30859375,23.99049949645996,19.934099197387695
384.2078857421875,161.13519287109375,24.388200759887695,19.582500457763672
384.45550537109375,158.4058074951172,23.58839988708496,20.878999710083008
383.74261474609375,155.1121063232422,22.43829917907715,21.563600540161133
385.0292053222656,150.4010009765625,21.59600067138672,22.257699966430664
384.22149658203125,148.51730346679688,22.739299774169922,20.237899780273438
382.614501953125,149.85699462890625,23.939599990844727,19.25950050354004
380.3450012207031,155.63929748535156,26.063899993896484,18.81089973449707
378.0376892089844,159.55929565429688,26.457000732421875,19.993200302124023
377.2257080078125,163.35549926757812,25.329200744628906,20.958999633789062
376.65130615234375,167.03770446777344,24.836000442504883,21.187299728393555
374.53021240234375,169.4055938720703,24.622600555419922,20.003799438476562
372.47760009765625,172.71339416503906,24.65999984741211,20.763200759887695
370.22711181640625,177.6696014404297,24.518699645996094,20.278600692749023
368.45001220703125,181.13929748535156,25.10059928894043,20.00429916381836
365.1317138671875,180.44239807128906,24.333900451660156,20.93630027770996
362.7598876953125,179.14559936523438,24.424299240112305,21.565799713134766
361.2025146484375,178.8903045654297,24.617300033569336,20.0718994140625
359.5138854980469,179.8282012939453,25.114900588989258,20.38279914855957
356.66778564453125,180.87249755859375,26.868499755859375,20.45479965209961
355.5047912597656,181.98739624023438,26.96579933166504,21.30120086669922
353.4014892578125,180.54550170898438,26.595300674438477,21.35890007019043
352.3753967285156,180.2707061767578,26.0231990814209,20.835800170898438
353.7416076660156,179.48379516601562,26.118499755859375,20.745100021362305
353.606201171875,179.056396484375,27.39150047302246,20.489599227905273
355.9717102050781,176.83180236816406,27.810300827026367,20.633699417114258
357.730712890625,176.01609802246094,26.858200073242188,20.04960060119629
356.9397888183594,175.60189819335938,25.70319938659668,20.63450050354004
356.8006896972656,180.20089721679688,24.74449920654297,21.069900512695312
353.1632995605469,183.7104949951172,26.233699798583984,20.53219985961914
351.7497863769531,187.25230407714844,27.552400588989258,19.782400131225586
350.5487976074219,189.89349365234375,29.018199920654297,19.90839958190918
348.0508117675781,192.06680297851562,28.933000564575195,20.323400497436523
346.8207092285156,192.59959411621094,28.08180046081543,20.89259910583496
345.90728759765625,195.0904998779297,26.70829963684082,20.470199584960938
345.17340087890625,195.0966033935547,25.86039924621582,21.155500411987305
344.6611022949219,193.40390014648438,27.285499572753906,19.63279914855957
345.70159912109375,190.7866973876953,27.063400268554688,19.79599952697754
346.53759765625,187.5756072998047,26.149900436401367,20.746000289916992
346.8330078125,185.74749755859375,25.368900299072266,21.28849983215332
347.4046936035156,184.95570373535156,26.317399978637695,20.063800811767578
347.5791015625,184.17050170898438,27.555200576782227,19.903799057006836
348.7066955566406,182.23660278320312,29.917299270629883,20.447099685668945
347.9342956542969,179.09320068359375,29.202899932861328,20.71339988708496
346.4136962890625,176.98590087890625,28.220300674438477,21.330699920654297
346.1506042480469,175.98489379882812,26.646699905395508,21.47439956665039
346.3493957519531,174.6313018798828,25.572999954223633,20.696500778198242
344.10198974609375,176.3415069580078,26.433500289916992,19.57859992980957
343.54278564453125,176.94400024414062,27.465099334716797,19.642000198364258
344.30841064453125,179.8061065673828,26.357900619506836,19.988399505615234
346.1109924316406,181.77960205078125,23.367000579833984,20.251699447631836
345.2420959472656,184.54750061035156,23.01799964904785,20.554100036621094
344.48388671875,188.01519775390625,23.733400344848633,19.51180076599121
344.2001037597656,191.52830505371094,24.69849967956543,18.658100128173828
343.18798828125,193.27549743652344,27.14859962463379,19.937599182128906
342.0976867675781,196.106201171875,28.009599685668945,20.13719940185547
341.0155944824219,195.09779357910156,26.702699661254883,20.673799514770508
341.977294921875,196.00909423828125,26.297800064086914,20.454200744628906
341.6476135253906,196.33810424804688,25.792699813842773,21.31130027770996
340.9258117675781,198.85389709472656,25.573200225830078,21.114999771118164
340.56561279296875,199.65969848632812,27.018400192260742,20.1471004486084
340.9794006347656,198.056396484375,25.6835994720459,22.00160026550293
339.42230224609375,196.3843994140625,25.29840087890625,22.600900650024414
337.4148864746094,196.12750244140625,25.640499114990234,21.581899642944336
334.8540954589844,198.16259765625,26.499399185180664,21.275400161743164
333.2289123535156,198.93060302734375,27.811100006103516,20.832199096679688
331.1723937988281,197.460205078125,27.220300674438477,21.482999801635742
329.4205017089844,193.64280700683594,27.064800262451172,23.28689956665039
326.50408935546875,192.23330688476562,25.93670082092285,21.5049991607666
323.51190185546875,193.031494140625,24.750600814819336,21.13629913330078
320.5386962890625,191.3928985595703,25.74220085144043,20.526100158691406
320.25970458984375,187.9058074951172,25.025100708007812,21.278600692749023
318.5307922363281,184.08799743652344,24.435699462890625,21.54829978942871
316.6510925292969,183.21060180664062,23.88450050354004,19.880199432373047
314.66461181640625,183.2971954345703,24.571699142456055,20.106300354003906
313.42279052734375,183.68040466308594,25.622400283813477,19.84280014038086
310.1770935058594,184.03500366210938,26.214399337768555,20.599899291992188
308.6695861816406,182.0511016845703,24.017499923706055,21.314599990844727
307.860595703125,180.06309509277344,23.45680046081543,20.975000381469727
306.3692932128906,179.5596923828125,23.0049991607666,20.65760040283203
305.28790283203125,180.672607421875,23.013399124145508,20.314300537109375
306.0480041503906,180.40199279785156,22.40410041809082,20.761499404907227
304.0838928222656,178.2064971923828,21.960399627685547,21.979799270629883
300.480712890625,179.8647003173828,22.391000747680664,21.271699905395508
297.7231140136719,182.10589599609375,21.5093994140625,21.357500076293945
296.1474914550781,184.9759063720703,21.81170082092285,20.988000869750977
293.96490478515625,187.23260498046875,22.686800003051758,20.105600357055664
293.6630859375,186.23910522460938,22.3523006439209,20.409900665283203
293.9461975097656,184.28689575195312,21.6156005859375,20.13629913330078
293.8786926269531,183.61180114746094,20.981399536132812,19.693700790405273
295.29071044921875,184.15769958496094,19.87019920349121,19.507200241088867
295.59979248046875,184.7678985595703,18.472299575805664,19.174100875854492
296.72259521484375,185.51170349121094,17.662700653076172,19.414100646972656
296.58441162109375,185.6396942138672,16.97410011291504,19.839099884033203
295.7117004394531,184.85069274902344,16.30620002746582,20.901500701904297
294.47369384765625,184.25030517578125,16.734500885009766,22.151100158691406
293.7109069824219,184.01300048828125,16.787500381469727,20.968799591064453
293.2080078125,185.06539916992188,16.801799774169922,20.973400115966797
292.5708923339844,184.59840393066406,17.113000869750977,19.95840072631836
292.20098876953125,183.6378936767578,17.37190055847168,20.518699645996094
290.19580078125,183.4239959716797,17.76300048828125,20.772199630737305
288.42498779296875,183.3011932373047,17.334199905395508,21.951200485229492
