1
314.1788024902344,204.52049255371094,55.07320022583008,50.81760025024414
314.8127136230469,204.5941925048828,55.28559875488281,50.11750030517578
315.0221862792969,208.24510192871094,59.89139938354492,49.2588005065918
315.9032897949219,210.92190551757812,61.5359001159668,44.730499267578125
314.8716125488281,210.74009704589844,61.664398193359375,50.062599182128906
315.64239501953125,208.24659729003906,58.68370056152344,51.989200592041016
315.8584899902344,206.33880615234375,56.01959991455078,51.58660125732422
314.69970703125,208.55569458007812,58.80379867553711,46.29650115966797
314.5570068359375,212.1739959716797,62.5619010925293,47.438201904296875
315.4573974609375,212.20289611816406,61.9192008972168,43.48149871826172
315.6814880371094,210.51800537109375,61.775901794433594,45.35100173950195
315.18560791015625,209.4282989501953,61.03739929199219,42.222599029541016
316.4861145019531,208.59359741210938,60.38100051879883,40.99760055541992
317.64019775390625,209.34030151367188,60.036399841308594,42.32619857788086
317.63641357421875,209.57769775390625,60.849300384521484,42.29779815673828
318.03448486328125,210.73959350585938,61.06050109863281,41.95610046386719
319.3706970214844,211.45489501953125,59.73040008544922,42.1775016784668
319.1944885253906,211.44459533691406,59.6067008972168,42.71770095825195
320.0639953613281,209.44619750976562,56.6156005859375,45.31129837036133
319.1507873535156,206.7545928955078,53.94729995727539,46.78609848022461
317.4139099121094,205.35809326171875,52.23189926147461,48.676998138427734
317.9646911621094,203.9727020263672,50.462100982666016,50.61199951171875
317.29620361328125,202.2996063232422,50.08769989013672,55.06930160522461
316.3839111328125,201.52279663085938,49.10210037231445,54.32659912109375
319.6531066894531,201.52569580078125,46.09700012207031,59.093299865722656
317.7167053222656,201.9864959716797,47.940101623535156,54.345001220703125
315.1369934082031,201.07650756835938,47.91310119628906,57.33039855957031
313.9266052246094,198.8468017578125,43.68960189819336,54.464500427246094
314.2626953125,199.43629455566406,40.79399871826172,56.464599609375
313.7759094238281,199.54469299316406,41.57310104370117,56.922401428222656
313.6883850097656,199.8623046875,41.956199645996094,54.8661003112793
314.05059814453125,200.77459716796875,41.03990173339844,54.20159912109375
314.56109619140625,199.93190002441406,40.85169982910156,53.158599853515625
315.64471435546875,199.8397979736328,41.36840057373047,51.40230178833008
316.0116882324219,200.48880004882812,41.5984992980957,50.29629898071289
316.1379089355469,199.95449829101562,43.246498107910156,50.711700439453125
315.2535095214844,198.80369567871094,43.802799224853516,50.51449966430664
316.1111145019531,199.2825927734375,43.2681999206543,49.98649978637695
316.9065856933594,200.095703125,43.39569854736328,50.186798095703125
316.8619079589844,199.82000732421875,43.503299713134766,49.78770065307617
316.3569030761719,199.73609924316406,42.963600158691406,51.30419921875
314.98699951171875,199.75990295410156,43.98210144042969,52.286598205566406
315.3045959472656,200.06089782714844,42.6416015625,50.20280075073242
315.5039978027344,201.5847930908203,41.64929962158203,49.9906005859375
316.1642150878906,200.6053009033203,41.857200622558594,51.01459884643555
316.599609375,198.8946990966797,42.43949890136719,50.1432991027832
316.4710998535156,201.83160400390625,46.25529861450195,50.532501220703125
316.32550048828125,203.63560485839844,48.583099365234375,45.71480178833008
317.3934020996094,202.09910583496094,49.9901008605957,48.063201904296875
318.3096008300781,201.21910095214844,50.08150100708008,48.16740036010742
318.68719482421875,202.9470977783203,50.716400146484375,46.877601623535156
318.73651123046875,203.0684051513672,51.456199645996094,45.032501220703125
318.198486328125,200.68829345703125,52.87770080566406,47.18000030517578
319.79681396484375,201.40530395507812,52.50019836425781,44.72549819946289
319.785888671875,201.34669494628906,54.42599868774414,45.61289978027344
320.39959716796875,200.43359375,54.68470001220703,45.63079833984375
320.3352966308594,199.9958038330078,55.207000732421875,47.910499572753906
319.8125,200.74229431152344,57.04610061645508,42.5994987487793
321.63238525390625,200.3905029296875,56.447898864746094,43.49039840698242
321.9671936035156,199.09950256347656,54.62860107421875,43.605499267578125
323.5409851074219,199.0157012939453,51.55870056152344,42.06639862060547
323.3245849609375,199.3697052001953,50.29859924316406,41.66600036621094
324.5127868652344,201.043701171875,48.36650085449219,41.8025016784668
321.9706115722656,200.0207061767578,47.366600036621094,41.65039825439453
321.0148010253906,200.35440063476562,43.88420104980469,40.70249938964844
321.414306640625,201.58700561523438,40.36009979248047,37.09370040893555
319.24609375,203.51339721679688,40.11180114746094,38.57809829711914
318.9342041015625,205.79559326171875,37.30670166015625,36.52840042114258
317.4762878417969,208.78399658203125,35.063499450683594,33.279998779296875
316.9031982421875,211.8217010498047,34.763301849365234,30.749399185180664
316.0332946777344,213.15390014648438,34.697898864746094,28.87420082092285
314.03680419921875,216.5312042236328,35.88600158691406,29.923900604248047
310.3710021972656,220.18980407714844,39.33769989013672,23.390899658203125
303.71380615234375,221.0988006591797,45.41590118408203,25.9330997467041
302.45831298828125,222.29530334472656,43.77149963378906,24.875999450683594
302.4277038574219,223.4499053955078,45.99079895019531,25.36669921875
303.1734924316406,224.11729431152344,45.085899353027344,26.307899475097656
299.1122131347656,224.90699768066406,54.29460144042969,29.418399810791016
303.2217102050781,223.5941925048828,70.64129638671875,41.06650161743164
302.7662048339844,226.3446044921875,43.457801818847656,30.979700088500977
304.4845886230469,227.88710021972656,46.02389907836914,30.34309959411621
304.69378662109375,226.30499267578125,46.919898986816406,33.18600082397461
305.3714904785156,228.97459411621094,45.30580139160156,30.75819969177246
304.7102966308594,227.1804962158203,43.15700149536133,33.42679977416992
310.3254089355469,226.997802734375,39.676998138427734,33.072601318359375
308.0810852050781,229.17559814453125,35.493499755859375,30.969900131225586
309.0616149902344,228.2489013671875,37.15719985961914,32.162200927734375
309.37078857421875,230.56089782714844,34.81330108642578,29.973100662231445
309.81170654296875,227.9470977783203,35.84189987182617,32.7318000793457
309.53839111328125,231.90960693359375,35.555599212646484,30.649499893188477
309.5238952636719,230.2563018798828,36.833900451660156,32.12160110473633
308.7237854003906,234.3448944091797,41.339500427246094,30.31559944152832
305.7431945800781,234.9138946533203,39.80179977416992,29.773000717163086
303.32440185546875,235.3511962890625,43.465599060058594,30.516799926757812
307.0346984863281,235.85049438476562,42.30830001831055,29.589000701904297
305.3749084472656,235.5460968017578,49.184200286865234,29.618999481201172
305.8403015136719,237.49630737304688,55.11520004272461,28.1427001953125
309.4894104003906,238.09579467773438,38.92679977416992,27.202600479125977
292.8739929199219,234.6450958251953,68.61229705810547,31.04840087890625
299.8345031738281,234.743896484375,56.42179870605469,31.254499435424805
307.0669860839844,236.11050415039062,50.32500076293945,29.49799919128418
288.89990234375,232.49639892578125,68.23320007324219,33.610801696777344
313.752685546875,235.07000732421875,50.3135986328125,31.54170036315918
321.23089599609375,238.45620727539062,45.75579833984375,28.98069953918457
324.535400390625,233.4801025390625,45.75550079345703,36.181400299072266
334.6419982910156,241.49169921875,42.67900085449219,31.54829978942871
343.2560119628906,246.49960327148438,47.18149948120117,28.907499313354492
351.6744079589844,249.18580627441406,47.0166015625,31.325700759887695
361.3034973144531,253.98330688476562,57.12770080566406,31.363500595092773
373.1145935058594,254.8489990234375,62.98419952392578,34.040000915527344
383.0120849609375,259.0057067871094,56.5536003112793,35.152801513671875
397.3037109375,259.306396484375,56.53950119018555,42.305599212646484
383.2347106933594,266.9598083496094,86.90599822998047,36.44020080566406
413.4588928222656,272.1138916015625,59.40599822998047,37.70240020751953
414.87091064453125,276.6953125,59.653099060058594,55.92900085449219
422.59521484375,279.9621887207031,56.86790084838867,46.40010070800781
421.79168701171875,286.8210144042969,64.32050323486328,40.68880081176758
426.3522033691406,286.30218505859375,63.89360046386719,42.29309844970703
422.84149169921875,286.9295959472656,66.9395980834961,43.56990051269531
429.98529052734375,284.7078857421875,61.407100677490234,44.878700256347656
420.6720886230469,283.2677917480469,73.49970245361328,46.4197998046875
429.48779296875,287.59161376953125,63.20309829711914,43.01250076293945
434.435791015625,290.9237976074219,52.832801818847656,35.65660095214844
432.3236999511719,291.906005859375,53.65480041503906,36.01449966430664
433.6007995605469,292.4110107421875,53.5171012878418,35.89580154418945
429.123291015625,289.41778564453125,57.04970169067383,38.403499603271484
431.6023864746094,291.5793151855469,53.69649887084961,35.39550018310547
427.7672119140625,290.3306884765625,57.78329849243164,38.15800094604492
427.8059997558594,291.3370056152344,59.138301849365234,37.50870132446289
429.168212890625,289.7749938964844,56.95650100708008,35.850399017333984
422.372802734375,286.7015075683594,62.462100982666016,33.8025016784668
414.7294921875,288.0956115722656,68.08540344238281,38.791900634765625
418.8760070800781,291.31671142578125,63.99959945678711,36.29690170288086
416.8291931152344,286.6986083984375,68.46479797363281,39.45970153808594
424.8515930175781,290.8800048828125,57.97380065917969,37.731300354003906
419.2308044433594,287.83099365234375,66.5333023071289,39.345401763916016
433.9849853515625,289.5714111328125,49.236900329589844,38.2765007019043
432.11279296875,291.37030029296875,53.345401763916016,35.94179916381836
422.7412109375,289.23260498046875,62.41859817504883,38.23680114746094
426.3114013671875,287.6842041015625,58.87929916381836,39.049598693847656
432.62530517578125,288.794189453125,50.66189956665039,38.182498931884766
421.4978942871094,287.8149108886719,64.65989685058594,38.590301513671875
431.3547058105469,289.368896484375,52.63859939575195,36.543800354003906
419.19158935546875,287.29071044921875,66.13420104980469,38.51110076904297
433.2149963378906,289.9977111816406,49.604000091552734,36.335899353027344
419.1570129394531,287.5939025878906,69.79070281982422,39.83570098876953
432.4342956542969,289.8221130371094,51.0984992980957,36.647300720214844
419.53790283203125,286.8146057128906,64.90589904785156,40.68439865112305
430.6099853515625,289.1966857910156,52.31779861450195,37.791500091552734
418.67608642578125,286.8512878417969,67.4094009399414,39.573299407958984
435.2821044921875,289.9128112792969,47.81589889526367,36.73979949951172
434.6288146972656,291.5299072265625,48.569801330566406,35.686500549316406
416.25738525390625,286.5078125,67.92739868164062,39.3213005065918
435.9706115722656,291.3569030761719,45.95370101928711,34.442100524902344
417.8749084472656,286.59259033203125,68.23629760742188,40.1879997253418
432.7359924316406,290.2821960449219,53.79349899291992,36.94779968261719
420.80560302734375,287.3019104003906,64.41719818115234,38.77299880981445
418.10211181640625,287.40020751953125,63.13650131225586,40.71689987182617
422.2627868652344,289.3125915527344,59.09700012207031,39.95989990234375
417.0549011230469,286.7681884765625,65.89340209960938,40.859100341796875
425.447509765625,223.5926971435547,46.18360137939453,44.88420104980469
389.97039794921875,177.2519073486328,108.1395034790039,119.37129974365234
412.8109130859375,217.36520385742188,55.120201110839844,49.497398376464844
415.2030944824219,288.1123962402344,70.3646011352539,38.30229949951172
418.1437072753906,289.3963928222656,64.09860229492188,39.582000732421875
415.0788879394531,274.72088623046875,70.77030181884766,41.99769973754883
425.1671142578125,284.7131042480469,57.681400299072266,39.79029846191406
423.4974060058594,288.0444030761719,59.80009841918945,40.542301177978516
417.74969482421875,285.86871337890625,66.05059814453125,43.248199462890625
429.10809326171875,288.7685852050781,54.24720001220703,40.539798736572266
418.5985107421875,283.6763000488281,67.78990173339844,45.036598205566406
431.09320068359375,288.26470947265625,52.995201110839844,40.937801361083984
418.9256896972656,287.2514953613281,66.04930114746094,41.13990020751953
425.9114990234375,287.0425109863281,57.10390090942383,42.486000061035156
418.87530517578125,286.7414855957031,65.42980194091797,41.88130187988281
412.92999267578125,287.55780029296875,70.34210205078125,40.00630187988281
432.53271484375,289.043212890625,49.85240173339844,38.763099670410156
422.4158935546875,284.2132873535156,63.1963005065918,44.009700775146484
429.7803955078125,287.61920166015625,53.074798583984375,40.4182014465332
419.0841979980469,285.49609375,65.73200225830078,42.30070114135742
431.9563903808594,288.3229064941406,51.18069839477539,40.53919982910156
418.7278137207031,287.4440002441406,66.63610076904297,41.53630065917969
428.777099609375,285.2679138183594,54.13639831542969,42.924198150634766
422.8568115234375,283.14068603515625,61.13240051269531,44.90660095214844
431.1012878417969,288.41259765625,52.27080154418945,38.777198791503906
419.7077941894531,287.279296875,63.88199996948242,40.50590133666992
422.6051940917969,281.7170104980469,58.80120086669922,45.72909927368164
431.69970703125,288.385498046875,50.909000396728516,39.0703010559082
419.1836853027344,287.32720947265625,64.58899688720703,42.085899353027344
427.7095031738281,284.4767150878906,55.65340042114258,42.985599517822266
424.0631103515625,282.5810852050781,58.76459884643555,45.85559844970703
431.72210693359375,287.01568603515625,52.173099517822266,39.88679885864258
426.9364013671875,285.32989501953125,58.144798278808594,43.667598724365234
424.7362060546875,284.8478088378906,60.60200119018555,43.477500915527344
432.0585021972656,287.0848083496094,51.99399948120117,40.400299072265625
420.6874084472656,286.002685546875,63.648101806640625,42.78229904174805
432.0154113769531,287.4833984375,51.22420120239258,41.29970169067383
419.4986877441406,286.7804870605469,64.70580291748047,41.312400817871094
433.05218505859375,285.7218933105469,49.52909851074219,42.79439926147461
419.5726013183594,284.5690002441406,65.42620086669922,44.183799743652344
432.2265930175781,286.9595947265625,51.57590103149414,40.88370132446289
420.4559020996094,287.189208984375,63.420501708984375,42.15140151977539
428.5115051269531,283.9956970214844,54.38560104370117,44.42300033569336
430.4541015625,285.252197265625,54.15010070800781,42.079200744628906
420.1077880859375,280.7159118652344,63.50299835205078,46.17959976196289
424.2308044433594,287.4844055175781,59.41310119628906,40.104400634765625
422.1839904785156,285.55230712890625,61.384300231933594,42.24700164794922
432.1264953613281,287.1370849609375,51.17900085449219,40.248199462890625
420.3200988769531,287.92999267578125,62.82929992675781,40.121700286865234
432.8576965332031,284.7080078125,50.68960189819336,43.609500885009766
427.5087890625,287.80010986328125,56.75619888305664,40.11149978637695
420.601806640625,284.010009765625,63.631500244140625,44.61899948120117
432.4164123535156,289.8960876464844,51.05950164794922,38.87369918823242
426.2381896972656,286.8981018066406,59.282100677490234,41.551998138427734
427.7226867675781,287.3832092285156,57.851600646972656,40.9818000793457
419.6358947753906,283.4186096191406,65.50250244140625,45.91360092163086
431.15631103515625,288.60919189453125,52.517799377441406,39.58209991455078
419.82379150390625,287.71868896484375,65.2916030883789,40.625999450683594
421.4089050292969,285.7591857910156,61.740699768066406,41.963401794433594
432.97198486328125,288.485595703125,50.36360168457031,39.965301513671875
421.1648864746094,288.9088134765625,63.483699798583984,40.17570114135742
422.3446044921875,287.2142028808594,61.24480056762695,41.7140998840332
422.8922119140625,285.8861083984375,60.4995002746582,42.228599548339844
414.3913879394531,287.7174072265625,69.43409729003906,39.800498962402344
434.2257995605469,290.89520263671875,47.96820068359375,36.53239822387695
420.8623046875,288.00750732421875,63.4192008972168,40.16709899902344
417.9360046386719,286.7372131347656,64.78579711914062,41.40340042114258
416.48541259765625,288.7535095214844,67.62840270996094,40.18360137939453
430.2367858886719,289.9425964355469,53.80580139160156,36.30070114135742
420.7756042480469,287.4997863769531,63.84260177612305,39.94110107421875
417.62548828125,287.70941162109375,65.1624984741211,41.158599853515625
433.0664978027344,291.07720947265625,51.34130096435547,37.417999267578125
430.93499755859375,289.7973937988281,54.206600189208984,38.28960037231445
421.06280517578125,288.25079345703125,63.953800201416016,41.566001892089844
414.8373107910156,287.11468505859375,68.7499008178711,41.063201904296875
431.36090087890625,290.5696105957031,51.06700134277344,36.93299865722656
434.4790954589844,291.2124938964844,49.068599700927734,36.77579879760742
435.9580993652344,289.9552917480469,48.70719909667969,37.83789825439453
428.3620910644531,290.5429992675781,56.12879943847656,36.081199645996094
434.2550048828125,290.8146057128906,49.337100982666016,37.80609893798828
430.13909912109375,289.90380859375,54.15380096435547,38.30649948120117
432.7898864746094,290.0444030761719,49.91600036621094,36.8754997253418
427.9613037109375,290.935302734375,52.49449920654297,35.80139923095703
421.9021911621094,288.9093017578125,55.425498962402344,36.08089828491211
413.7618103027344,287.8883972167969,55.117698669433594,36.75149917602539
411.80230712890625,286.964111328125,53.597198486328125,35.43880081176758
402.7991943359375,286.130615234375,57.15869903564453,36.4734001159668
398.1400146484375,285.20330810546875,54.006500244140625,35.97570037841797
393.5812072753906,284.6695861816406,52.06039810180664,35.52180099487305
387.2886962890625,284.4224853515625,50.9656982421875,35.51430130004883
377.03240966796875,282.6059875488281,56.890201568603516,36.19409942626953
376.7961120605469,283.82330322265625,50.7661018371582,33.79600143432617
370.01690673828125,280.6434020996094,46.21120071411133,37.430198669433594
361.6484069824219,280.2052917480469,46.597801208496094,36.045501708984375
355.1683044433594,279.4757995605469,48.02870178222656,35.133399963378906
350.5198974609375,278.3323059082031,51.11429977416992,34.02989959716797
347.96759033203125,278.8456115722656,48.61690139770508,33.472198486328125
348.2069091796875,278.20550537109375,47.22549819946289,34.35530090332031
343.8758850097656,278.61700439453125,50.67430114746094,33.75230026245117
347.5523986816406,278.25970458984375,46.735198974609375,35.10900115966797
345.285888671875,278.5830078125,49.42940139770508,34.66170120239258
343.6846008300781,277.660888671875,50.34479904174805,35.11859893798828
342.6488037109375,277.7225036621094,51.88600158691406,34.52050018310547
341.5198059082031,277.190185546875,52.01470184326172,35.73910140991211
338.0188903808594,275.6846008300781,55.90729904174805,36.545799255371094
334.9110107421875,276.67840576171875,58.57350158691406,36.07929992675781
332.3356018066406,275.4316101074219,61.667701721191406,35.844600677490234
350.3203125,279.4189147949219,42.31669998168945,32.943599700927734
342.2434997558594,278.1846923828125,51.571998596191406,34.40810012817383
335.32110595703125,277.2524108886719,58.27360153198242,35.744598388671875
352.2694091796875,278.9313049316406,41.239200592041016,33.36650085449219
341.9056091308594,279.0367126464844,52.407901763916016,33.489200592041016
339.1242980957031,277.19610595703125,54.385501861572266,35.1083984375
330.13690185546875,271.93231201171875,63.09510040283203,39.55059814453125
353.0404052734375,278.8888854980469,38.584999084472656,33.7952995300293
346.0379943847656,279.06988525390625,47.838401794433594,33.32600021362305
347.5715026855469,278.3208923339844,46.34479904174805,34.34280014038086
343.3540954589844,279.00689697265625,50.877899169921875,34.337799072265625
344.2522888183594,278.10888671875,49.73569869995117,34.856998443603516
343.0469970703125,278.756103515625,50.60660171508789,34.27130126953125
337.6211853027344,277.86090087890625,55.98780059814453,35.31700134277344
327.98980712890625,275.9407043457031,64.67630004882812,24.324100494384766
330.5491943359375,275.7041931152344,64.16519927978516,34.58769989013672
343.9573059082031,278.8030090332031,49.10139846801758,33.89550018310547
332.2416076660156,277.3294982910156,60.52939987182617,35.200199127197266
328.03851318359375,274.33990478515625,65.18810272216797,22.43899917602539
347.65069580078125,278.31298828125,46.349700927734375,34.43830108642578
340.4804992675781,277.8406066894531,53.27450180053711,34.58449935913086
340.22479248046875,276.4205017089844,53.66569900512695,36.320098876953125
342.15618896484375,274.1265869140625,51.935001373291016,36.272499084472656
345.18951416015625,273.9609069824219,53.15599822998047,39.38520050048828
348.9892883300781,278.2934875488281,47.25230026245117,33.90589904785156
348.79541015625,279.1549987792969,46.154701232910156,32.98379898071289
346.1610107421875,279.2688903808594,48.34400177001953,32.966400146484375
351.1037902832031,280.3352966308594,42.6088981628418,32.715999603271484
349.6980895996094,278.0726013183594,43.55699920654297,35.097801208496094
346.77630615234375,278.2889099121094,45.51259994506836,34.55120086669922
353.04180908203125,279.7055969238281,40.10219955444336,33.741798400878906
333.8004150390625,269.7744140625,58.67610168457031,43.07830047607422
321.23638916015625,245.3820037841797,46.546199798583984,40.08300018310547
320.02801513671875,236.46080017089844,45.86280059814453,47.36389923095703
312.4117126464844,225.2404022216797,50.90169906616211,44.985599517822266
301.6449890136719,213.8072967529297,43.50559997558594,34.68239974975586
343.9570007324219,271.8800048828125,57.18939971923828,37.34130096435547
347.6994934082031,272.26568603515625,55.8484001159668,34.959800720214844
326.5824890136719,269.42889404296875,59.28990173339844,35.14720153808594
328.45050048828125,266.735595703125,62.753700256347656,33.61600112915039
331.5537109375,263.51910400390625,64.56670379638672,35.51679992675781
335.1007080078125,262.86700439453125,42.24620056152344,31.260000228881836
322.22711181640625,254.8553009033203,55.29610061645508,33.71009826660156
282.20660400390625,209.97760009765625,113.15399932861328,102.4218978881836
315.51739501953125,234.78990173339844,72.50589752197266,38.406700134277344
289.6639099121094,223.1092071533203,67.86029815673828,40.84519958496094
306.677001953125,219.7711944580078,60.71549987792969,34.09629821777344
281.9036865234375,181.52890014648438,58.26340103149414,64.2739028930664
280.1629943847656,160.3072052001953,46.49879837036133,54.46179962158203
303.0881042480469,201.456298828125,34.87049865722656,32.651100158691406
301.5177001953125,197.91259765625,32.67499923706055,32.32870101928711
300.6795959472656,194.38209533691406,30.077800750732422,32.94929885864258
299.1911926269531,193.8845977783203,28.53059959411621,32.1797981262207
298.2168884277344,186.6728973388672,29.633699417114258,38.44499969482422
298.1117858886719,190.20289611816406,29.58690071105957,34.77980041503906
291.6947021484375,187.13270568847656,35.04779815673828,37.84700012207031
278.4794921875,161.764892578125,51.02180099487305,62.6151008605957
273.0967102050781,160.88540649414062,51.061100006103516,61.96440124511719
293.41558837890625,164.17489624023438,39.5890007019043,61.346900939941406
295.0245056152344,175.0240936279297,36.95719909667969,51.46009826660156
296.3869934082031,189.6864013671875,40.4286003112793,37.942901611328125
286.55718994140625,183.75680541992188,48.7135009765625,44.381900787353516
265.95361328125,177.28199768066406,63.389198303222656,51.3661003112793
268.5079040527344,182.96200561523438,56.41999816894531,47.960601806640625
280.4632873535156,187.70889282226562,44.794700622558594,45.01279830932617
264.2272033691406,184.88890075683594,59.76850128173828,46.44070053100586
263.0361022949219,185.44009399414062,56.23500061035156,47.99399948120117
263.9901123046875,186.72360229492188,57.86330032348633,49.129798889160156
263.2361145019531,185.63330078125,59.34489822387695,50.6614990234375
262.6108093261719,183.00320434570312,58.56489944458008,54.4286994934082
261.47100830078125,182.10870361328125,58.23529815673828,56.474998474121094
261.84368896484375,183.7747039794922,58.09830093383789,54.897701263427734
260.8380126953125,197.34210205078125,59.006900787353516,42.69070053100586
262.1933898925781,179.49270629882812,54.75279998779297,57.7338981628418
261.7420959472656,180.9907989501953,57.19559860229492,58.50619888305664
260.4209899902344,196.08599853515625,58.445098876953125,44.287601470947266
279.66729736328125,193.7032928466797,38.13059997558594,45.717899322509766
259.4314880371094,182.14610290527344,58.63999938964844,55.27730178833008
282.2992858886719,200.0968017578125,38.43000030517578,41.049800872802734
259.9035949707031,193.92410278320312,58.19279861450195,44.18080139160156
287.1943054199219,203.36129760742188,32.36050033569336,35.6083984375
287.2344970703125,204.5146942138672,32.27220153808594,35.567501068115234
288.0079040527344,203.62269592285156,32.72809982299805,35.64509963989258
271.94140625,191.28419494628906,46.41529846191406,47.259498596191406
288.17620849609375,201.3470001220703,33.668399810791016,37.1973991394043
288.3240051269531,204.83740234375,29.723499298095703,32.7671012878418
260.2196960449219,188.58599853515625,56.799800872802734,45.436500549316406
287.93121337890625,203.06129455566406,33.04570007324219,35.03310012817383
289.11529541015625,203.53030395507812,29.661399841308594,33.29059982299805
289.6288146972656,203.30369567871094,27.941999435424805,32.62990188598633
290.7408142089844,201.6143035888672,27.431299209594727,33.2328987121582
290.8746032714844,196.53500366210938,32.99580001831055,37.972801208496094
266.8591003417969,166.2364044189453,65.72440338134766,66.93309783935547
268.31719970703125,144.585693359375,42.25339889526367,78.72630310058594
290.52899169921875,196.7238006591797,36.86989974975586,35.650901794433594
274.0065002441406,190.78819274902344,49.34859848022461,36.080101013183594
296.56640625,193.5623016357422,32.70100021362305,34.53730010986328
289.3218078613281,190.5363006591797,35.89440155029297,35.4390983581543
288.9263916015625,190.1136932373047,34.1348991394043,34.829898834228516
296.9761962890625,188.96560668945312,34.08319854736328,34.569698333740234
297.81878662109375,192.38800048828125,29.28260040283203,31.63159942626953
298.3169860839844,193.24159240722656,27.3799991607666,30.37619972229004
297.6698913574219,193.1396026611328,27.54960060119629,30.48699951171875
298.11529541015625,187.82159423828125,27.842199325561523,34.943199157714844
297.4895935058594,191.4615936279297,27.67770004272461,30.64389991760254
297.9678955078125,191.86509704589844,27.79159927368164,30.894899368286133
298.618408203125,192.5908966064453,27.334999084472656,30.244199752807617
297.5321044921875,180.02389526367188,29.58880043029785,42.22560119628906
275.9173889160156,153.01499938964844,55.871299743652344,47.9546012878418
290.9818115234375,161.76589965820312,38.06079864501953,58.26219940185547
291.5203857421875,164.23800659179688,34.91469955444336,37.34659957885742
291.1900939941406,165.13479614257812,34.5343017578125,37.20069885253906
283.7676086425781,164.08639526367188,43.8302001953125,41.76279830932617
292.0682067871094,164.4196014404297,35.22309875488281,57.569000244140625
293.3658142089844,166.5220947265625,35.14619827270508,55.21860122680664
295.1296081542969,168.89559936523438,33.0,53.82210159301758
297.439697265625,187.16160583496094,32.69129943847656,37.03450012207031
290.3298034667969,173.9656982421875,34.8223991394043,48.919498443603516
280.21881103515625,170.69509887695312,48.27519989013672,53.714599609375
267.6885070800781,166.87730407714844,57.86370086669922,56.65950012207031
293.7171936035156,187.18670654296875,40.577999114990234,37.62480163574219
296.2716979980469,187.158203125,33.27280044555664,37.546199798583984
266.0203857421875,175.11509704589844,57.00389862060547,48.693199157714844
266.5339050292969,175.4958038330078,57.555198669433594,50.350799560546875
265.9674987792969,178.55909729003906,58.744998931884766,48.089599609375
265.42529296875,177.2313995361328,58.984100341796875,51.0172004699707
267.1936950683594,180.0802001953125,58.51110076904297,49.81909942626953
267.8140869140625,183.375,63.614498138427734,47.30379867553711
264.58050537109375,183.00450134277344,57.731300354003906,47.49190139770508
265.9043884277344,184.40989685058594,63.63240051269531,47.74129867553711
262.9053955078125,184.81109619140625,57.839900970458984,47.814701080322266
261.4820861816406,186.80799865722656,64.69779968261719,47.49190139770508
259.9630126953125,185.29420471191406,63.11439895629883,48.77450180053711
258.7721862792969,187.00250244140625,62.16619873046875,47.56100082397461
258.70941162109375,189.03179931640625,62.33769989013672,45.56660079956055
257.6076965332031,191.95460510253906,65.12629699707031,42.634498596191406
256.9128112792969,191.02850341796875,62.31050109863281,43.8494987487793
257.16650390625,191.76010131835938,63.61790084838867,43.6702995300293
257.2869873046875,192.93190002441406,63.42380142211914,42.34189987182617
256.8088073730469,192.71249389648438,62.98870086669922,42.680599212646484
261.1341857910156,196.2375946044922,59.89739990234375,40.725799560546875
256.05279541015625,192.84190368652344,63.89939880371094,43.52669906616211
255.7978973388672,195.71290588378906,63.647499084472656,41.59960174560547
255.45509338378906,192.9918975830078,62.212501525878906,44.71220016479492
255.94259643554688,195.08859252929688,62.182498931884766,42.27109909057617
280.18121337890625,200.16819763183594,39.78889846801758,38.71390151977539
256.47119140625,194.1649932861328,60.99190139770508,43.86800003051758
256.1166076660156,193.34669494628906,62.4744987487793,44.57429885864258
276.87420654296875,199.02200317382812,43.92219924926758,39.70090103149414
255.10589599609375,194.95260620117188,61.42679977416992,43.092098236083984
283.54638671875,202.4134979248047,35.833499908447266,37.51459884643555
255.61509704589844,194.40550231933594,60.236698150634766,41.68960189819336
284.2250061035156,202.45469665527344,35.614898681640625,37.012699127197266
256.2484130859375,196.29600524902344,61.08879852294922,42.13710021972656
284.2752990722656,199.3979949951172,36.00170135498047,39.536598205566406
254.85000610351562,184.8262939453125,61.34579849243164,50.41749954223633
255.34280395507812,186.33839416503906,62.753299713134766,51.15399932861328
255.48219299316406,188.89939880371094,64.31600189208984,49.10660171508789
254.9282989501953,193.39950561523438,63.36280059814453,44.32809829711914
258.98858642578125,195.60740661621094,59.028900146484375,42.3125
254.91610717773438,190.85389709472656,61.6599006652832,45.94029998779297
254.91749572753906,193.01260375976562,64.66570281982422,43.56439971923828
254.66490173339844,191.9019012451172,63.32229995727539,45.08489990234375
254.88150024414062,192.42529296875,64.94709777832031,44.17369842529297
254.81100463867188,191.84410095214844,65.3198013305664,45.847801208496094
254.26910400390625,191.5428924560547,63.733001708984375,46.40650177001953
254.38729858398438,191.5050048828125,66.243896484375,45.767799377441406
254.38059997558594,190.20849609375,65.12779998779297,46.77159881591797
254.94000244140625,189.35440063476562,66.5791015625,48.08890151977539
254.6761932373047,189.0977020263672,62.65810012817383,46.25379943847656
255.36720275878906,189.55889892578125,62.71739959716797,45.572898864746094
255.39370727539062,188.33680725097656,62.47719955444336,46.39350128173828
256.7318115234375,185.77220153808594,60.480499267578125,47.509498596191406
257.51849365234375,184.277099609375,60.269798278808594,48.2307014465332
257.7958984375,184.2321014404297,59.877201080322266,47.347198486328125
260.3808898925781,182.64720153808594,58.587100982666016,48.018001556396484
261.1604919433594,179.7324981689453,58.41569900512695,49.23820114135742
262.4201965332031,177.57249450683594,58.1713981628418,49.40290069580078
263.64801025390625,177.40829467773438,60.779998779296875,47.72919845581055
292.06939697265625,186.75970458984375,35.65449905395508,37.96910095214844
270.3283996582031,172.4438018798828,54.51300048828125,49.696998596191406
295.96600341796875,183.65390014648438,34.4276008605957,37.69559860229492
293.9671936035156,174.3719024658203,35.820701599121094,46.245601654052734
299.54840087890625,178.41439819335938,31.55109977722168,42.00519943237305
277.2320861816406,161.54640197753906,53.78519821166992,53.76570129394531
273.306396484375,156.20179748535156,59.18000030517578,60.17380142211914
272.0603942871094,152.09249877929688,61.93769836425781,62.65439987182617
288.0090026855469,163.9449005126953,53.690101623535156,53.05070114135742
289.0299072265625,162.7227020263672,50.028900146484375,52.52690124511719
288.1452941894531,161.14199829101562,47.29790115356445,50.39849853515625
290.8844909667969,163.8968963623047,48.59870147705078,51.12590026855469
291.1673889160156,164.59750366210938,51.137001037597656,52.145999908447266
294.1684875488281,166.90420532226562,46.34199905395508,51.295101165771484
295.92059326171875,171.0666046142578,53.72800064086914,50.301700592041016
296.53009033203125,171.9875030517578,47.506500244140625,53.160099029541016
295.74371337890625,176.39259338378906,47.60540008544922,50.82609939575195
295.3450927734375,183.05360412597656,50.22819900512695,48.52370071411133
294.55609130859375,191.54159545898438,58.59590148925781,42.104698181152344
317.6343994140625,205.53109741210938,42.528499603271484,30.956600189208984
312.623291015625,206.23719787597656,44.58140182495117,31.906600952148438
294.3340148925781,195.00709533691406,34.13869857788086,17.374500274658203
292.05938720703125,200.07980346679688,36.93659973144531,13.945899963378906
291.5223083496094,198.85000610351562,37.37860107421875,15.412500381469727
293.9403076171875,196.43389892578125,33.2781982421875,16.3164005279541
294.4114074707031,195.9228057861328,34.867698669433594,16.61870002746582
295.3096923828125,198.50100708007812,35.69609832763672,15.231200218200684
295.8608093261719,197.8153076171875,34.11180114746094,15.47249984741211
300.0909118652344,197.21139526367188,30.936599731445312,16.712200164794922
299.04791259765625,197.07449340820312,45.6088981628418,38.695499420166016
319.53619384765625,215.56289672851562,37.00339889526367,26.590499877929688
318.2846984863281,218.01719665527344,33.78900146484375,25.58839988708496
318.99749755859375,219.5968017578125,39.187801361083984,25.926000595092773
312.3818054199219,206.95669555664062,38.84960174560547,40.6870002746582
309.9739990234375,210.89639282226562,42.17129898071289,40.7135009765625
318.0006103515625,215.10780334472656,31.588499069213867,38.78609848022461
318.3536071777344,218.3925018310547,36.04090118408203,36.55910110473633
315.2892150878906,218.26829528808594,39.19820022583008,38.07170104980469
318.1034851074219,221.0511016845703,34.94060134887695,37.089599609375
315.00250244140625,223.02490234375,38.28229904174805,34.568199157714844
319.7193908691406,223.8762969970703,36.35409927368164,34.649600982666016
318.4527893066406,225.47369384765625,41.75619888305664,34.566001892089844
320.2538146972656,226.30279541015625,35.90129852294922,32.79290008544922
321.5492858886719,227.73460388183594,47.23740005493164,38.5620002746582
321.56719970703125,229.84979248046875,39.02370071411133,32.692298889160156
323.0177917480469,232.08779907226562,50.14350128173828,42.22850036621094
325.4627990722656,233.84010314941406,36.0364990234375,32.592498779296875
327.1166076660156,237.8291015625,32.078399658203125,29.65760040283203
319.1451110839844,233.59649658203125,40.80739974975586,34.9818000793457
327.9245910644531,235.25889587402344,42.0625,36.306800842285156
333.12890625,237.90499877929688,40.779998779296875,35.9380989074707
331.0762023925781,237.6259002685547,46.13059997558594,39.08689880371094
320.46038818359375,240.52630615234375,61.22890090942383,38.752601623535156
332.3868103027344,246.01190185546875,61.156898498535156,42.41109848022461
343.1022033691406,253.70550537109375,52.9369010925293,36.0629997253418
342.43499755859375,258.6803894042969,40.06829833984375,32.943599700927734
341.9469909667969,260.918212890625,56.952598571777344,35.10070037841797
344.30828857421875,265.0209045410156,43.50830078125,30.921100616455078
346.685791015625,268.7872009277344,42.113800048828125,29.7810001373291
349.13238525390625,271.2965087890625,41.673099517822266,29.735200881958008
340.2926940917969,272.7312927246094,51.812599182128906,30.370100021362305
349.0461120605469,274.7691955566406,42.82609939575195,31.2268009185791
347.9495849609375,274.79119873046875,45.992801666259766,32.90380096435547
345.5105895996094,273.9519958496094,48.917598724365234,34.16529846191406
353.41351318359375,275.6841125488281,39.75519943237305,33.26179885864258
353.8026123046875,275.9049072265625,41.613800048828125,32.91590118408203
353.9216003417969,275.7025146484375,40.66189956665039,33.22010040283203
354.5400085449219,276.9450988769531,40.25859832763672,32.2504997253418
355.19049072265625,276.3258972167969,39.03670120239258,32.540401458740234
354.9660949707031,276.0819091796875,39.23830032348633,32.947898864746094
354.63580322265625,276.22088623046875,38.987998962402344,32.44620132446289
352.98809814453125,275.7550964355469,40.522499084472656,32.31890106201172
354.0137023925781,276.6466979980469,39.964698791503906,32.83720016479492
356.444091796875,275.6995849609375,37.78860092163086,33.25680160522461
355.3135070800781,276.5697021484375,39.323299407958984,32.64459991455078
354.79278564453125,276.0415954589844,38.88370132446289,32.9275016784668
354.68450927734375,275.3117980957031,39.38639831542969,33.24599838256836
354.04669189453125,276.4378967285156,40.05329895019531,33.15330123901367
354.71148681640625,276.2417907714844,39.28329849243164,33.03770065307617
354.2618103027344,276.4914855957031,39.66059875488281,32.73870086669922
354.4497985839844,276.7043151855469,39.16360092163086,32.157501220703125
355.5138854980469,276.2156066894531,38.287601470947266,32.293701171875
354.5679931640625,276.0809020996094,39.61800003051758,32.071800231933594
355.1004943847656,276.0382080078125,38.81370162963867,32.02109909057617
353.095703125,276.12860107421875,40.40620040893555,32.782901763916016
355.7056884765625,275.82489013671875,38.43360137939453,32.86880111694336
355.24688720703125,276.1195983886719,39.13209915161133,32.20330047607422
354.4053039550781,276.3749084472656,39.43560028076172,32.65039825439453
353.5549011230469,275.468505859375,40.35749816894531,33.22560119628906
353.37811279296875,275.2923889160156,40.826499938964844,33.24879837036133
353.11419677734375,276.0910949707031,40.901798248291016,32.966400146484375
352.85369873046875,275.9877014160156,41.382301330566406,33.23899841308594
352.431884765625,275.90460205078125,41.64830017089844,32.86650085449219
352.03900146484375,276.1073913574219,42.4109992980957,33.172000885009766
352.0513000488281,276.2524108886719,41.605499267578125,33.0531005859375
353.7838134765625,275.6405944824219,40.29330062866211,34.09769821166992
354.8291931152344,276.2651062011719,39.45989990234375,33.14939880371094
352.9905090332031,276.6040954589844,40.8843994140625,32.769901275634766
354.9742126464844,276.51220703125,38.770198822021484,33.25270080566406
354.3830871582031,276.39788818359375,39.70650100708008,32.908599853515625
351.8212890625,276.7492980957031,41.645301818847656,32.63800048828125
353.3887939453125,276.48638916015625,40.05390167236328,33.035099029541016
352.626708984375,276.38470458984375,41.80820083618164,32.88330078125
353.9713134765625,276.9090881347656,39.9546012878418,32.64469909667969
354.5082092285156,276.2652893066406,39.72639846801758,32.86790084838867
321.72149658203125,263.44488525390625,70.23780059814453,33.73979949951172
327.7792053222656,229.16400146484375,109.85569763183594,87.32479858398438
394.36968994140625,216.19839477539062,58.97570037841797,49.65449905395508
354.93438720703125,275.47149658203125,38.8026008605957,33.96739959716797
353.4977111816406,276.6814880371094,40.74720001220703,32.132999420166016
353.9461975097656,276.4299011230469,40.40010070800781,31.971399307250977
353.4352111816406,275.8081970214844,40.93579864501953,32.404998779296875
353.119384765625,276.1462097167969,41.20050048828125,32.1156005859375
353.4187927246094,276.9049987792969,40.98469924926758,31.439599990844727
353.352294921875,276.1470031738281,40.995399475097656,31.94219970703125
354.07110595703125,275.9678039550781,40.686100006103516,32.27579879760742
355.02490234375,276.3341979980469,39.02859878540039,31.625499725341797
351.44989013671875,275.64569091796875,42.629600524902344,32.31679916381836
354.8537902832031,276.53680419921875,39.79499816894531,32.17169952392578
353.5719909667969,276.0982971191406,40.1510009765625,32.12409973144531
355.2135925292969,277.2109069824219,38.652198791503906,31.637100219726562
353.409912109375,276.534912109375,40.237098693847656,32.046600341796875
354.09698486328125,276.1294860839844,38.84960174560547,32.516700744628906
350.2655944824219,276.1112060546875,44.059600830078125,32.34489822387695
354.6471862792969,276.28790283203125,40.430198669433594,32.79899978637695
353.7762145996094,275.99749755859375,40.260799407958984,32.64849853515625
349.56451416015625,276.23431396484375,44.71099853515625,32.796600341796875
354.848388671875,276.36309814453125,39.3848991394043,32.1442985534668
353.8122863769531,276.52850341796875,40.37879943847656,31.87660026550293
354.1814880371094,277.06768798828125,40.03120040893555,32.1260986328125
352.8388977050781,276.2284851074219,41.53630065917969,32.38529968261719
354.94000244140625,276.66339111328125,39.27349853515625,31.860200881958008
354.5745849609375,276.1452941894531,38.96149826049805,32.33610153198242
354.03460693359375,276.8590087890625,40.28499984741211,31.728700637817383
354.70770263671875,275.9159851074219,39.477699279785156,32.6692008972168
354.57958984375,276.6885070800781,40.275299072265625,31.96769905090332
352.71978759765625,275.7638854980469,41.23749923706055,32.7515983581543
354.10760498046875,276.3210144042969,40.585899353027344,32.28850173950195
352.4418029785156,276.3523864746094,41.837501525878906,32.28260040283203
353.1549987792969,276.92230224609375,41.6702995300293,32.167301177978516
354.83050537109375,275.8966979980469,39.9375,32.194698333740234
332.8305969238281,271.20379638671875,61.56399917602539,36.99549865722656
356.1084899902344,276.84991455078125,37.861698150634766,32.14059829711914
349.9700927734375,275.4753112792969,44.27859878540039,32.968299865722656
351.81219482421875,276.3356018066406,42.48860168457031,32.35850143432617
351.96759033203125,276.18438720703125,42.17720031738281,32.50299835205078
353.1630859375,276.3544921875,40.75,32.51750183105469
354.0401916503906,276.17291259765625,39.31079864501953,31.946300506591797
350.54791259765625,276.2002868652344,43.48310089111328,32.47829818725586
353.8186950683594,276.5893859863281,40.60860061645508,32.152000427246094
353.5539855957031,276.65411376953125,40.230499267578125,31.890600204467773
354.3577880859375,276.0168151855469,39.28879928588867,32.18239974975586
350.6004943847656,276.0755920410156,43.005699157714844,32.049198150634766
351.77740478515625,275.502197265625,42.147098541259766,32.54899978637695
354.6050109863281,276.4186096191406,40.0900993347168,32.34189987182617
351.5751037597656,276.21319580078125,42.7765998840332,32.6515007019043
352.93548583984375,276.0072937011719,41.2515983581543,32.324100494384766
351.4110107421875,275.92181396484375,42.98189926147461,32.28419876098633
352.3147888183594,276.4637145996094,42.0723991394043,32.12910079956055
352.59588623046875,275.7789001464844,41.94309997558594,33.077301025390625
351.7113952636719,276.05780029296875,42.50360107421875,32.51959991455078
353.4346008300781,276.180908203125,41.29010009765625,32.5275993347168
351.5653991699219,276.2522888183594,42.104698181152344,32.5806999206543
353.20318603515625,276.14068603515625,41.27750015258789,32.7047004699707
354.00140380859375,276.27801513671875,40.6427001953125,32.41659927368164
351.1246032714844,276.45721435546875,43.67770004272461,31.92919921875
352.74749755859375,276.46539306640625,41.58290100097656,32.773399353027344
352.7184143066406,275.99420166015625,40.80659866333008,32.77429962158203
353.6789855957031,276.2641906738281,39.91910171508789,32.072898864746094
354.2030029296875,276.6723937988281,39.63169860839844,32.040000915527344
351.49481201171875,276.3955078125,41.90599822998047,31.784700393676758
350.9403991699219,275.8291015625,44.384700775146484,33.06769943237305
354.8572998046875,276.7041931152344,39.49570083618164,32.39870071411133
353.34051513671875,276.35760498046875,40.16429901123047,32.263099670410156
352.89569091796875,276.4082946777344,41.855499267578125,32.80580139160156
354.400390625,276.847900390625,39.94459915161133,32.2943000793457
354.4314880371094,276.0411071777344,39.995601654052734,32.26169967651367
355.4085998535156,276.2379150390625,39.22269821166992,31.888399124145508
354.94158935546875,276.46539306640625,39.062599182128906,31.54840087890625
353.7029113769531,276.25799560546875,40.231300354003906,31.370800018310547
353.22198486328125,276.7518005371094,41.6614990234375,32.056800842285156
352.0232849121094,276.735107421875,41.869998931884766,33.26219940185547
353.2803955078125,277.11041259765625,41.126800537109375,33.40079879760742
352.1780090332031,276.5885009765625,42.644798278808594,33.74879837036133
351.8280029296875,277.0202941894531,42.082000732421875,33.01139831542969
350.46630859375,275.4656066894531,44.119300842285156,33.60609817504883
349.4826965332031,274.7698059082031,45.680301666259766,34.00680160522461
349.7593078613281,274.4451904296875,45.3494987487793,34.74679946899414
350.2821960449219,275.5704040527344,44.1057014465332,34.35530090332031
351.4101867675781,274.87109375,43.602901458740234,34.5181999206543
353.68389892578125,275.97900390625,40.30030059814453,33.63629913330078
350.40130615234375,275.9789123535156,43.534400939941406,33.144901275634766
355.12701416015625,275.54559326171875,39.14820098876953,32.97309875488281
350.0188903808594,275.7919921875,44.01900100708008,32.743099212646484
354.48388671875,276.1285095214844,39.72269821166992,32.8672981262207
352.414306640625,276.635986328125,41.8572998046875,31.969100952148438
351.3077087402344,276.3243103027344,42.88840103149414,32.753501892089844
350.6400146484375,274.9277038574219,43.59830093383789,33.86970138549805
353.8146057128906,276.01080322265625,41.65019989013672,32.47520065307617
352.1745910644531,276.4682922363281,41.83430099487305,32.497501373291016
351.4071960449219,275.6171875,43.597900390625,32.701499938964844
353.247802734375,276.4034118652344,41.71480178833008,32.05690002441406
349.5194091796875,275.61859130859375,44.70589828491211,33.3291015625
354.2367858886719,275.5535888671875,40.9567985534668,32.86009979248047
353.3918151855469,276.8564147949219,41.144100189208984,32.568199157714844
352.1919860839844,275.7243957519531,42.798301696777344,32.52069854736328
352.7138977050781,276.36920166015625,41.329200744628906,32.68000030517578
342.23150634765625,274.6680908203125,52.32500076293945,33.80929946899414
353.9513854980469,276.7427062988281,40.71900177001953,32.008399963378906
352.75628662109375,276.2273864746094,41.79090118408203,32.715999603271484
351.2720947265625,275.4840087890625,42.95600128173828,32.82830047607422
352.24139404296875,275.87548828125,43.222900390625,32.917598724365234
354.35418701171875,276.2807922363281,40.765499114990234,32.39509963989258
349.4447021484375,276.13751220703125,45.06169891357422,32.9557991027832
349.1047058105469,275.38739013671875,46.61330032348633,33.52899932861328
350.4834899902344,275.3558044433594,44.54899978637695,33.213401794433594
353.0296936035156,276.1706848144531,41.30929946899414,33.424598693847656
352.860595703125,276.3922119140625,41.84080123901367,32.820899963378906
353.77569580078125,276.8796081542969,40.637001037597656,32.4635009765625
352.46160888671875,276.23028564453125,41.725399017333984,33.0192985534668
354.2915954589844,276.472900390625,39.63639831542969,32.65530014038086
352.1694030761719,275.6514892578125,41.9296989440918,33.2489013671875
353.60699462890625,276.5069885253906,41.04909896850586,32.60419845581055
354.9591979980469,276.52239990234375,38.44810104370117,32.48789978027344
354.0401916503906,275.49359130859375,40.135799407958984,33.5452995300293
353.5638122558594,275.5718078613281,40.096900939941406,33.029300689697266
353.9576110839844,276.0292053222656,39.77450180053711,33.02130126953125
354.31878662109375,275.6893005371094,40.168701171875,33.61159896850586
353.7934875488281,275.739501953125,40.3931999206543,33.67649841308594
353.3445129394531,275.6106872558594,41.24209976196289,34.405601501464844
355.72540283203125,276.7008056640625,39.128501892089844,32.84120178222656
356.9656982421875,276.1614074707031,37.00379943847656,32.01599884033203
356.125,276.5423889160156,38.567298889160156,32.0901985168457
354.8663024902344,276.70880126953125,39.11800003051758,31.47909927368164
353.9436950683594,276.16680908203125,40.19390106201172,32.27909851074219
354.1268005371094,276.2944030761719,39.782901763916016,31.64349937438965
354.2355041503906,276.0920104980469,40.638099670410156,32.46590042114258
352.49609375,276.6554870605469,41.69200134277344,31.69529914855957
355.7880859375,275.7952880859375,38.62300109863281,32.497501373291016
340.7690124511719,270.92730712890625,52.927799224853516,35.59560012817383
354.097412109375,275.4811096191406,40.085899353027344,32.73590087890625
353.73919677734375,276.4822082519531,40.512699127197266,32.773101806640625
354.2113952636719,275.61029052734375,40.45119857788086,33.307701110839844
349.7110900878906,274.86749267578125,45.05120086669922,33.90359878540039
354.6166076660156,275.9327087402344,39.852298736572266,33.02690124511719
353.0685119628906,276.2080993652344,41.66460037231445,32.450401306152344
351.68359375,275.29559326171875,43.02899932861328,32.95909881591797
354.3229064941406,276.122802734375,40.25870132446289,32.2953987121582
354.53448486328125,275.7409973144531,40.31679916381836,32.429500579833984
354.37530517578125,276.5703125,40.71099853515625,32.58219909667969
350.6112976074219,275.6408996582031,44.01490020751953,33.33449935913086
353.724609375,276.5473937988281,40.644100189208984,32.433101654052734
348.373291015625,274.6528015136719,46.29990005493164,34.07339859008789
355.8594970703125,276.1866149902344,38.515098571777344,32.68470001220703
354.12060546875,275.43780517578125,40.30070114135742,33.02840042114258
354.02850341796875,276.7049865722656,40.867801666259766,31.735000610351562
351.9808044433594,276.1839904785156,42.80630111694336,32.601200103759766
353.9544982910156,276.6722106933594,41.07339859008789,32.6078987121582
355.4013977050781,277.2825012207031,38.91210174560547,31.84040069580078
355.2947082519531,276.5277099609375,39.510799407958984,32.09159851074219
350.6517028808594,276.1719055175781,43.41210174560547,32.231998443603516
356.9598083496094,276.7096862792969,37.857398986816406,31.82900047302246
354.2898864746094,276.8965148925781,40.50510025024414,31.222299575805664
355.5033874511719,277.0058898925781,39.153099060058594,31.226200103759766
355.3575134277344,276.3794860839844,38.976600646972656,31.36359977722168
355.24951171875,276.712890625,38.88560104370117,31.21030044555664
355.597412109375,276.619384765625,38.178199768066406,31.696500778198242
355.10308837890625,276.7502136230469,39.040401458740234,31.989900588989258
356.1332092285156,276.1730041503906,37.73749923706055,31.691099166870117
354.6888122558594,276.389892578125,38.90999984741211,31.54330062866211
353.8266906738281,276.1055908203125,39.97589874267578,31.614700317382812
354.9570007324219,276.85400390625,40.264801025390625,31.861099243164062
344.83221435546875,274.1318054199219,49.143699645996094,33.95610046386719
355.9491882324219,276.55419921875,38.82059860229492,31.94499969482422
353.283203125,276.3215026855469,40.90850067138672,31.557300567626953
354.3450012207031,276.7257995605469,39.757198333740234,31.58679962158203
355.4482116699219,276.2828063964844,39.23749923706055,32.32709884643555
354.1405944824219,276.2033996582031,39.89789962768555,32.00579833984375
356.23638916015625,276.2966003417969,37.61050033569336,31.79759979248047
354.3717956542969,276.535888671875,39.14059829711914,31.58329963684082
355.7383117675781,275.63031005859375,39.46849822998047,32.337799072265625
353.77899169921875,276.1816101074219,41.21630096435547,32.7317008972168
355.2721862792969,276.05938720703125,39.23429870605469,32.60049819946289
354.90008544921875,276.626708984375,39.741600036621094,32.41170120239258
353.8411865234375,275.8900146484375,40.1083984375,32.668701171875
354.6449890136719,275.8951110839844,39.00130081176758,32.492000579833984
350.96429443359375,275.5227966308594,40.417701721191406,33.004398345947266
348.2110900878906,275.27789306640625,39.715599060058594,33.06800079345703
345.4164123535156,276.1622009277344,39.89469909667969,33.519100189208984
343.169189453125,276.5838928222656,40.76390075683594,32.961700439453125
342.5310974121094,275.6711120605469,40.15420150756836,32.71870040893555
342.2640075683594,275.67230224609375,40.32229995727539,32.755001068115234
341.61981201171875,276.1716003417969,41.23929977416992,32.37670135498047
341.8392028808594,275.84979248046875,40.08610153198242,32.55059814453125
342.3241882324219,275.135986328125,40.16490173339844,33.332401275634766
341.798095703125,275.6109924316406,40.6245002746582,33.79499816894531
343.6117858886719,275.3869934082031,38.63800048828125,33.86800003051758
344.4585876464844,275.69549560546875,39.18159866333008,33.20610046386719
343.1123046875,275.7080078125,40.45539855957031,33.405799865722656
345.1405029296875,276.7030029296875,39.96110153198242,33.066200256347656
345.34478759765625,276.6426086425781,39.67259979248047,32.69219970703125
344.5544128417969,276.724609375,40.60710144042969,32.85860061645508
346.9757995605469,275.75,38.69219970703125,33.36140060424805
346.4093933105469,276.2784118652344,39.513301849365234,33.08890151977539
346.83441162109375,276.8428039550781,37.975799560546875,32.66109848022461
347.3258972167969,276.220703125,38.2052001953125,32.62710189819336
346.4552917480469,275.6606140136719,39.18949890136719,32.95880126953125
345.2331848144531,276.91619873046875,38.05390167236328,33.0458984375
342.355712890625,276.70220947265625,40.242401123046875,33.998199462890625
340.3116149902344,276.8970031738281,40.40530014038086,33.24729919433594
338.6507873535156,277.6322021484375,39.58649826049805,33.1327018737793
336.53741455078125,277.68328857421875,39.95989990234375,35.007598876953125
334.0757141113281,280.097900390625,41.149898529052734,34.36750030517578
334.8369140625,281.45159912109375,40.50170135498047,34.06760025024414
333.285400390625,283.8590087890625,42.27259826660156,34.502201080322266
332.7119140625,284.7738952636719,45.127201080322266,35.25680160522461
332.3186950683594,287.3651123046875,48.203399658203125,36.970401763916016
333.0679016113281,289.0043029785156,49.63349914550781,37.42430114746094
336.0914001464844,290.8595886230469,48.6515998840332,38.025299072265625
338.0657043457031,293.5286865234375,48.96770095825195,38.64889907836914
340.8121032714844,295.0555114746094,48.35919952392578,40.04859924316406
343.61260986328125,295.9486999511719,51.652400970458984,40.06529998779297
346.1828918457031,295.54119873046875,47.2952995300293,40.837501525878906
347.32220458984375,299.20330810546875,51.29059982299805,40.048500061035156
348.6709899902344,297.6877136230469,49.480201721191406,41.40950012207031
353.0119934082031,301.5014953613281,51.285301208496094,40.02730178833008
354.1153869628906,299.51611328125,56.930999755859375,42.3911018371582
345.8916015625,303.0946044921875,72.65979766845703,42.45249938964844
358.0195007324219,304.98980712890625,68.13020324707031,42.66749954223633
366.3514099121094,306.156005859375,70.77079772949219,44.25559997558594
379.20159912109375,308.31781005859375,65.6729965209961,18.19969940185547
392.5968017578125,306.9153137207031,58.84090042114258,42.25550079345703
406.3782043457031,310.2585144042969,50.94139862060547,42.68259811401367
416.40240478515625,306.2962951660156,50.05630111694336,23.114099502563477
424.6701965332031,307.17498779296875,43.15660095214844,40.000701904296875
431.08099365234375,304.2178955078125,88.14810180664062,33.381500244140625
437.206298828125,304.560302734375,90.86489868164062,24.691499710083008
442.8569030761719,300.8109130859375,91.24400329589844,23.27120018005371
445.31671142578125,296.9554138183594,90.3323974609375,25.797300338745117
443.7019958496094,293.38128662109375,91.58319854736328,23.911100387573242
443.59930419921875,289.26629638671875,86.12120056152344,32.26089859008789
439.7381896972656,286.6326904296875,83.07689666748047,28.091699600219727
437.4175109863281,283.46710205078125,75.49109649658203,36.7681999206543
431.1039123535156,282.8861999511719,72.31169891357422,28.69099998474121
425.997314453125,281.3887939453125,63.59560012817383,33.34189987182617
419.1296081542969,279.83160400390625,61.586299896240234,40.61289978027344
410.73260498046875,274.6282958984375,61.24769973754883,35.20159912109375
408.74371337890625,273.400390625,54.62779998779297,44.33789825439453
402.5380859375,271.94940185546875,50.63629913330078,47.092899322509766
396.0653076171875,271.210693359375,49.903900146484375,45.05889892578125
390.25738525390625,267.8794860839844,46.97359848022461,45.461700439453125
385.76031494140625,267.45111083984375,42.77510070800781,45.12369918823242
379.8515930175781,266.677001953125,41.19900131225586,45.16740036010742
371.3765869140625,264.98760986328125,43.25490188598633,46.3129997253418
362.8157958984375,264.2060852050781,47.464900970458984,47.40530014038086
354.1278991699219,263.8158874511719,47.924598693847656,47.83639907836914
347.21929931640625,263.6636962890625,49.50389862060547,47.055999755859375
344.1976013183594,265.7843933105469,48.409698486328125,45.357601165771484
336.1268005371094,264.6070861816406,53.38779830932617,46.563201904296875
329.510498046875,264.3935852050781,53.7755012512207,28.17569923400879
327.26129150390625,265.93670654296875,54.97880172729492,45.66579818725586
323.3581848144531,265.19000244140625,56.12350082397461,46.30929946899414
320.8251037597656,265.747314453125,56.70439910888672,46.32529830932617
320.72540283203125,266.5819091796875,55.87590026855469,46.11360168457031
318.2065124511719,268.0264892578125,59.643001556396484,46.580101013183594
320.8671875,271.1094970703125,58.757598876953125,44.02949905395508
341.6272888183594,279.9942932128906,42.3911018371582,35.68090057373047
343.1112060546875,281.3262023925781,43.87329864501953,33.53150177001953
351.02239990234375,282.6366882324219,41.62580108642578,33.591400146484375
353.35308837890625,282.6405029296875,44.79029846191406,33.94599914550781
357.5365905761719,281.8829040527344,46.6088981628418,33.814300537109375
367.3005065917969,284.1400146484375,44.73509979248047,33.30350112915039
372.2746887207031,281.527099609375,43.5713005065918,36.66709899902344
377.0166015625,281.5354919433594,57.217498779296875,35.22249984741211
378.3830871582031,279.9737854003906,63.34870147705078,34.84550094604492
379.9989013671875,278.06671142578125,67.67379760742188,35.77899932861328
380.9119873046875,276.4801940917969,69.5698013305664,34.873199462890625
379.1448974609375,274.4695129394531,71.1238021850586,36.382198333740234
379.74371337890625,272.2748107910156,67.93180084228516,37.286399841308594
377.8843078613281,270.54559326171875,68.01300048828125,37.074501037597656
376.4761962890625,268.9189147949219,66.43360137939453,35.21500015258789
371.28179931640625,267.3200988769531,66.60310363769531,40.198699951171875
368.71551513671875,267.1064147949219,63.95180130004883,37.87229919433594
363.4768981933594,266.4013977050781,65.29090118408203,37.48509979248047
359.6545104980469,266.9054870605469,65.02330017089844,37.0452995300293
355.65130615234375,273.256103515625,36.97380065917969,31.89240074157715
382.9425964355469,266.8772888183594,38.3489990234375,28.65410041809082
373.5038146972656,267.7218933105469,45.848201751708984,28.755699157714844
349.7308044433594,272.3200988769531,36.52009963989258,30.579500198364258
348.4422912597656,272.6853942871094,35.081199645996094,30.82509994506836
346.24700927734375,273.5248107910156,36.38019943237305,30.25040054321289
344.37030029296875,272.9458923339844,48.52980041503906,31.531400680541992
343.622802734375,274.1213073730469,38.28499984741211,31.02359962463379
343.36871337890625,273.0414123535156,40.06050109863281,32.63570022583008
342.6000061035156,274.1579895019531,38.9005012512207,32.6952018737793
340.926513671875,273.2040100097656,59.92020034790039,33.99869918823242
342.0830078125,274.60400390625,50.34629821777344,32.54180145263672
340.62420654296875,273.7283020019531,57.04359817504883,36.10089874267578
341.3294982910156,275.345703125,55.78559875488281,31.90719985961914
341.4551086425781,275.4342956542969,48.765499114990234,31.823299407958984
341.70458984375,275.1805114746094,43.4286003112793,32.20719909667969
341.2598876953125,273.6747131347656,55.81129837036133,34.009300231933594
340.8642883300781,273.2405090332031,56.26359939575195,35.58549880981445
341.0174865722656,272.1716003417969,55.71780014038086,36.0161018371582
339.7919006347656,272.0119934082031,57.25450134277344,36.88140106201172
339.2887878417969,267.260986328125,59.46419906616211,42.15599822998047
339.3208923339844,272.65789794921875,53.03329849243164,35.9276008605957
339.7598876953125,271.1283874511719,55.12950134277344,38.3744010925293
339.29779052734375,268.97088623046875,57.58700180053711,39.54169845581055
337.9375,271.6872863769531,57.50920104980469,35.85260009765625
339.0519104003906,272.0887145996094,53.15019989013672,35.677398681640625
339.4317932128906,274.4284973144531,51.02159881591797,34.19499969482422
339.6872863769531,273.460205078125,53.34120178222656,31.857799530029297
339.1852111816406,273.33709716796875,55.51190185546875,33.684200286865234
339.8671875,274.2586975097656,51.242698669433594,32.42720031738281
340.6012878417969,275.1325988769531,50.22209930419922,33.062599182128906
340.58929443359375,274.3760070800781,53.8744010925293,31.415300369262695
339.9110107421875,274.0566101074219,53.945499420166016,32.53200149536133
339.6470031738281,274.5992126464844,49.13119888305664,33.65359878540039
339.6502990722656,274.6348876953125,51.57740020751953,31.346500396728516
339.65478515625,272.74749755859375,60.703399658203125,32.356201171875
338.7578125,272.5599060058594,61.955101013183594,30.448699951171875
337.67388916015625,270.48980712890625,64.07599639892578,35.61940002441406
337.8525085449219,270.86358642578125,64.5062026977539,33.894100189208984
338.597900390625,270.1227111816406,64.981201171875,34.15850067138672
338.4122009277344,268.8758850097656,65.9834976196289,35.54899978637695
339.789306640625,267.6842956542969,66.30670166015625,35.2052001953125
341.0986022949219,267.42498779296875,68.47709655761719,35.90520095825195
342.0187072753906,266.7903137207031,70.93450164794922,34.91630172729492
344.60699462890625,266.7886047363281,70.16829681396484,33.71649932861328
345.04168701171875,265.9879150390625,71.65029907226562,32.92210006713867
347.75640869140625,261.248291015625,70.5354995727539,36.372100830078125
348.3876953125,256.1105041503906,69.08689880371094,39.60580062866211
349.2361145019531,254.0196075439453,68.9552993774414,41.30910110473633
347.5907897949219,251.4842987060547,70.4020004272461,39.15230178833008
346.2471923828125,245.53799438476562,70.21309661865234,40.25040054321289
344.11468505859375,237.89320373535156,68.6636962890625,37.340599060058594
341.73419189453125,234.05709838867188,66.6438980102539,37.03110122680664
339.6874084472656,233.58120727539062,67.48069763183594,19.250099182128906
361.298095703125,225.6571044921875,44.80659866333008,14.829999923706055
340.7419128417969,217.83380126953125,59.753501892089844,14.535400390625
333.53118896484375,210.47630310058594,61.07569885253906,19.0851993560791
331.0812072753906,211.43020629882812,38.210201263427734,28.729799270629883
330.8877868652344,205.7864990234375,44.072200775146484,30.01490020751953
330.55621337890625,201.656494140625,51.87379837036133,34.076499938964844
330.0392150878906,201.11349487304688,43.82780075073242,30.06170082092285
329.2755126953125,195.85499572753906,56.3942985534668,32.71200180053711
328.8323059082031,185.4499969482422,60.176998138427734,20.191099166870117
336.2757873535156,182.3455047607422,50.11819839477539,18.72599983215332
337.34130859375,181.3074951171875,50.53010177612305,18.318599700927734
327.22711181640625,178.51980590820312,56.50490188598633,30.700199127197266
327.7029113769531,182.35220336914062,51.20719909667969,32.25210189819336
326.9219970703125,172.1804962158203,57.02949905395508,31.441099166870117
327.180908203125,174.9644012451172,51.974098205566406,36.583099365234375
326.2244873046875,175.89190673828125,52.025901794433594,35.97060012817383
324.53228759765625,177.10150146484375,51.49449920654297,32.66429901123047
324.1803894042969,181.76690673828125,36.95280075073242,29.74519920349121
331.5150146484375,175.0113983154297,47.595298767089844,18.131399154663086
341.26568603515625,176.9084014892578,35.808799743652344,13.870499610900879
340.17138671875,177.85150146484375,36.40639877319336,14.23639965057373
339.5314025878906,178.64109802246094,34.32979965209961,14.12399959564209
337.3074035644531,178.9449005126953,36.369598388671875,15.378600120544434
321.2986145019531,180.01260375976562,51.395999908447266,26.077999114990234
320.7864990234375,179.9810028076172,50.91510009765625,27.930500030517578
319.9433898925781,181.31520080566406,50.42879867553711,29.577699661254883
321.6745910644531,180.25160217285156,50.52899932861328,26.37849998474121
326.939697265625,183.25379943847656,47.48099899291992,15.982500076293945
323.9872131347656,185.02490234375,50.61759948730469,15.405099868774414
336.9241027832031,183.57220458984375,39.09700012207031,16.01729965209961
325.2237854003906,186.04220581054688,50.73040008544922,13.996199607849121
324.32470703125,186.62420654296875,50.827598571777344,22.884300231933594
323.5621032714844,191.02740478515625,53.60749816894531,16.012800216674805
323.64569091796875,187.8636932373047,53.020301818847656,19.513700485229492
322.0899963378906,193.54469299316406,56.36539840698242,19.017799377441406
322.91351318359375,196.44419860839844,55.315399169921875,20.861600875854492
323.21270751953125,201.32339477539062,53.64500045776367,22.459299087524414
322.8785095214844,206.9665985107422,54.06060028076172,20.229400634765625
323.470703125,210.27499389648438,55.40230178833008,21.640499114990234
326.25640869140625,211.34739685058594,51.09640121459961,19.77589988708496
327.29791259765625,213.327392578125,49.056800842285156,21.66119956970215
333.70660400390625,215.1593017578125,44.030601501464844,20.144699096679688
323.5032043457031,216.4658966064453,52.401798248291016,27.13050079345703
324.0784912109375,217.10499572753906,51.12630081176758,29.425600051879883
324.36138916015625,220.0968017578125,51.5099983215332,26.86370086669922
325.97198486328125,222.72450256347656,51.247398376464844,21.910900115966797
324.86151123046875,224.82550048828125,52.531898498535156,20.90559959411621
322.793212890625,225.689697265625,53.41709899902344,22.274099349975586
321.4978942871094,227.5240020751953,55.1431999206543,22.000099182128906
321.76690673828125,228.8813934326172,55.64339828491211,20.657699584960938
321.61968994140625,230.57470703125,54.3223991394043,20.25029945373535
322.43359375,231.63800048828125,53.53120040893555,20.22879981994629
322.42730712890625,232.84800720214844,54.78329849243164,20.827299118041992
322.4209899902344,234.9530029296875,55.55950164794922,19.7283992767334
322.19390869140625,235.7877960205078,55.844200134277344,20.38680076599121
321.61248779296875,236.67930603027344,57.13909912109375,21.808799743652344
323.3305969238281,237.1107940673828,57.509498596191406,21.15089988708496
323.9276123046875,239.08889770507812,57.3927001953125,20.099199295043945
323.4783935546875,241.2386016845703,57.37480163574219,28.82229995727539
324.4399108886719,243.86529541015625,60.062599182128906,28.944299697875977
326.41571044921875,246.24710083007812,60.141700744628906,26.2362003326416
326.9725036621094,247.2427978515625,61.76599884033203,29.195100784301758
327.85198974609375,248.40159606933594,62.258399963378906,33.68320083618164
327.54791259765625,251.57470703125,65.56559753417969,30.009899139404297
328.0520935058594,254.46839904785156,65.97830200195312,28.63920021057129
327.9754943847656,256.9578857421875,67.07080078125,29.300899505615234
326.00048828125,256.9924011230469,67.79640197753906,33.97589874267578
324.2460021972656,257.7995910644531,67.82499694824219,38.06010055541992
323.97088623046875,260.03070068359375,66.34839630126953,38.95289993286133
324.92041015625,261.8247985839844,65.05609893798828,39.744300842285156
325.7491149902344,263.0340881347656,64.76470184326172,39.35710144042969
324.3817138671875,263.0887145996094,66.43419647216797,39.889801025390625
323.8121032714844,264.27178955078125,67.05660247802734,39.80160140991211
322.72198486328125,266.12298583984375,70.47200012207031,38.11240005493164
323.2225036621094,267.3870849609375,69.3823013305664,35.866600036621094
323.86029052734375,266.2795104980469,68.2218017578125,40.16239929199219
324.4920959472656,266.9202880859375,68.58599853515625,38.19089889526367
324.8710021972656,267.9205017089844,68.3676986694336,37.28409957885742
324.994384765625,266.6382141113281,67.57060241699219,38.906898498535156
324.5382995605469,263.9580993652344,67.11219787597656,42.3931999206543
324.20318603515625,265.7892150878906,69.16470336914062,38.361698150634766
324.44891357421875,270.95770263671875,71.10489654541016,34.571998596191406
323.8139953613281,271.94500732421875,71.84049987792969,33.29710006713867
324.2095031738281,271.4064025878906,71.470703125,33.78010177612305
324.0707092285156,272.3788146972656,71.14630126953125,34.089298248291016
324.0985107421875,271.76800537109375,71.09770202636719,33.59320068359375
323.73291015625,269.91241455078125,70.24469757080078,35.75490188598633
324.322509765625,272.0244140625,62.769798278808594,35.345401763916016
324.96978759765625,270.6070861816406,55.19969940185547,36.9656982421875
325.37310791015625,273.15869140625,42.714599609375,33.372501373291016
326.0640869140625,273.42340087890625,41.10129928588867,34.024898529052734
325.89019775390625,274.3984069824219,38.68199920654297,33.56050109863281
325.7416076660156,273.6148986816406,37.57929992675781,33.77109909057617
326.8739013671875,274.1944885253906,36.247398376464844,33.152801513671875
327.2544860839844,274.3559875488281,35.615299224853516,32.458099365234375
326.2210998535156,274.04290771484375,37.33190155029297,32.403900146484375
326.9921875,274.8460998535156,38.27320098876953,31.867300033569336
327.1642150878906,273.4298095703125,38.238399505615234,33.167701721191406
327.0776062011719,273.26708984375,38.64310073852539,33.21580123901367
328.54180908203125,274.2184143066406,38.579498291015625,32.32310104370117
328.7763977050781,274.34820556640625,37.33290100097656,33.43920135498047
330.3335876464844,272.97430419921875,36.543701171875,34.660301208496094
329.5931091308594,269.5788879394531,35.987998962402344,37.942298889160156
329.1542053222656,270.9906921386719,36.67190170288086,36.21080017089844
329.68450927734375,271.7810974121094,37.56639862060547,35.65950012207031
328.9276123046875,272.85308837890625,36.22949981689453,35.5443000793457
331.4856872558594,273.5010070800781,34.96689987182617,34.219600677490234
333.61370849609375,274.277587890625,35.12879943847656,33.93130111694336
333.9497985839844,273.48699951171875,36.110599517822266,34.04690170288086
334.02880859375,274.0776062011719,36.58919906616211,34.43560028076172
336.8432922363281,274.5260925292969,34.543399810791016,33.85329818725586
337.9425048828125,274.04119873046875,32.922698974609375,33.538299560546875
339.1997985839844,274.4533996582031,33.61790084838867,34.16389846801758
340.2257995605469,273.1802978515625,33.947200775146484,33.862701416015625
341.0245056152344,273.6724853515625,36.17470169067383,33.60169982910156
341.9836120605469,274.0519104003906,37.19850158691406,32.86199951171875
343.2297058105469,273.81500244140625,36.353599548339844,33.00680160522461
344.9742126464844,272.57708740234375,35.66590118408203,33.11140060424805
345.55670166015625,273.28228759765625,36.753501892089844,32.564998626708984
346.9018859863281,273.33648681640625,37.5900993347168,32.019901275634766
348.3163146972656,273.04339599609375,36.978599548339844,31.757200241088867
348.5535888671875,273.1802978515625,38.49290084838867,31.2268009185791
351.4722900390625,273.5465087890625,37.410301208496094,31.494199752807617
351.33599853515625,273.35809326171875,37.59410095214844,31.64699935913086
351.5473937988281,273.4525146484375,38.04779815673828,31.74329948425293
351.5640869140625,273.3832092285156,37.80849838256836,31.995899200439453
353.3512878417969,273.6592102050781,37.097999572753906,31.888700485229492
354.32080078125,272.5429992675781,35.1260986328125,32.092498779296875
354.1835021972656,273.3424072265625,36.526100158691406,31.548900604248047
353.760009765625,273.6025085449219,36.60169982910156,31.53499984741211
353.3092956542969,273.5555114746094,36.695701599121094,32.131099700927734
353.8291015625,272.65789794921875,35.820499420166016,31.986499786376953
353.5238952636719,272.7886047363281,35.87269973754883,32.48249816894531
353.1455078125,272.8493957519531,36.63570022583008,31.899999618530273
354.3734130859375,273.5086975097656,35.589599609375,31.451900482177734
353.52960205078125,273.6593933105469,36.8916015625,31.51219940185547
353.712890625,272.9537048339844,36.80229949951172,31.812000274658203
352.8183898925781,273.5252990722656,36.40800094604492,31.347000122070312
354.8829040527344,273.3843994140625,35.05690002441406,31.990999221801758
355.18939208984375,273.47320556640625,35.08440017700195,31.778499603271484
355.5220947265625,274.118408203125,34.00859832763672,31.99340057373047
354.9591979980469,274.71490478515625,33.843101501464844,31.003599166870117
355.5025939941406,274.38629150390625,34.648799896240234,31.62220001220703
356.6553955078125,274.9742126464844,34.027400970458984,30.75029945373535
356.5732116699219,276.2047119140625,33.419498443603516,30.330400466918945
356.4465026855469,276.4765930175781,34.861698150634766,30.68199920654297
357.5380859375,277.1640930175781,33.749000549316406,30.439599990844727
357.6252136230469,277.6012878417969,33.46139907836914,30.636499404907227
357.18609619140625,278.87689208984375,34.306800842285156,29.836700439453125
358.260498046875,280.1105041503906,33.606998443603516,28.542400360107422
359.2123107910156,279.9783935546875,33.67259979248047,29.262399673461914
359.15509033203125,279.5726013183594,33.97529983520508,29.618200302124023
359.3977966308594,279.9726867675781,34.76369857788086,29.739099502563477
361.0235900878906,280.8678894042969,34.637298583984375,29.025400161743164
361.7846984863281,280.8982849121094,34.78580093383789,29.871599197387695
362.5827941894531,281.1260986328125,35.08089828491211,29.93790054321289
363.70928955078125,280.6662902832031,34.03340148925781,29.871599197387695
362.0526123046875,280.1455078125,35.03810119628906,29.00040054321289
355.8490905761719,281.0398864746094,39.106300354003906,28.544099807739258
310.927490234375,275.95269775390625,79.48320007324219,32.75669860839844
307.7785949707031,272.5013122558594,83.70320129394531,30.954299926757812
306.0880126953125,270.1940002441406,80.97879791259766,25.702600479125977
309.2933044433594,269.6429138183594,81.76090240478516,28.53809928894043
312.4309997558594,265.7289123535156,75.72599792480469,30.365100860595703
305.0622863769531,260.36480712890625,79.18949890136719,29.703800201416016
306.4801940917969,255.9178924560547,78.76499938964844,32.49409866333008
293.62078857421875,229.12620544433594,124.52359771728516,65.3145980834961
407.46759033203125,239.08099365234375,35.18199920654297,47.53239822387695
347.33929443359375,244.0950927734375,38.40420150756836,31.223499298095703
306.77301025390625,243.90069580078125,75.58899688720703,27.554399490356445
307.99639892578125,240.92849731445312,79.70919799804688,27.98590087890625
309.2167053222656,238.99110412597656,75.25890350341797,28.616899490356445
307.55511474609375,238.7906951904297,75.02159881591797,24.579299926757812
307.7782897949219,238.44239807128906,81.93730163574219,24.188499450683594
307.3669128417969,237.32589721679688,69.60970306396484,19.59589958190918
315.8606872558594,237.38490295410156,92.40699768066406,42.35449981689453
308.67620849609375,234.65699768066406,98.39320373535156,37.58879852294922
303.3017883300781,215.49679565429688,73.17510223388672,39.60770034790039
307.7892150878906,218.14210510253906,94.15360260009766,52.90380096435547
308.49749755859375,222.23019409179688,97.44239807128906,69.50150299072266
298.0093078613281,224.72520446777344,108.08789825439453,64.54070281982422
345.34210205078125,229.58340454101562,64.5979995727539,61.820098876953125
339.72808837890625,221.49740600585938,68.02130126953125,58.50550079345703
339.7737121582031,222.0117950439453,45.79119873046875,25.414199829101562
347.0809020996094,222.8592071533203,41.46879959106445,21.954099655151367
347.6195983886719,221.327392578125,42.49340057373047,27.4375
349.2005920410156,220.06930541992188,42.474098205566406,25.985200881958008
350.8171081542969,219.48770141601562,42.16239929199219,28.8981990814209
352.66400146484375,218.70660400390625,42.38679885864258,28.87649917602539
354.16680908203125,218.6215057373047,41.68050003051758,29.16349983215332
355.1961975097656,219.69009399414062,41.7864990234375,29.90719985961914
355.88128662109375,221.14109802246094,40.70220184326172,29.369699478149414
355.2406005859375,224.6947021484375,40.18870162963867,31.9375
356.5155029296875,226.481201171875,54.92639923095703,36.84880065917969
357.14959716796875,230.12989807128906,49.78710174560547,33.888099670410156
357.3414001464844,232.9971923828125,51.88019943237305,38.235599517822266
358.5971984863281,235.85040283203125,52.330501556396484,42.03459930419922
359.364013671875,238.00079345703125,51.40169906616211,50.63750076293945
359.7759094238281,239.37469482421875,45.51919937133789,48.166900634765625
359.1355895996094,241.10549926757812,47.19599914550781,40.87080001831055
358.2770080566406,239.88949584960938,47.38479995727539,45.27750015258789
357.75311279296875,238.82130432128906,40.87300109863281,47.246700286865234
358.2497863769531,238.0417938232422,47.84170150756836,43.651100158691406
357.83331298828125,235.2353057861328,45.700199127197266,39.959800720214844
358.79901123046875,232.70559692382812,58.95610046386719,41.809600830078125
358.8346862792969,229.17950439453125,54.9375,38.547000885009766
357.6973876953125,220.52639770507812,58.228599548339844,40.6708984375
358.2580871582031,211.76010131835938,58.755001068115234,46.19070053100586
359.1883850097656,205.1529998779297,54.97800064086914,49.05630111694336
360.85760498046875,197.8332061767578,57.50870132446289,50.364601135253906
363.1607971191406,192.19400024414062,55.05509948730469,49.122501373291016
368.0050048828125,186.8968963623047,60.550201416015625,52.56829833984375
373.6828918457031,182.2642059326172,60.35879898071289,55.799400329589844
375.3175048828125,177.24180603027344,64.9574966430664,76.7697982788086
374.82501220703125,177.52859497070312,65.15979766845703,69.20149993896484
375.1820068359375,174.05929565429688,65.64700317382812,90.006103515625
374.83319091796875,174.36549377441406,62.44309997558594,56.72919845581055
374.1075134277344,175.16909790039062,61.762001037597656,56.77289962768555
375.0429992675781,174.6154022216797,63.800899505615234,60.476898193359375
375.3617858886719,174.84820556640625,64.48570251464844,83.65670013427734
373.0085144042969,174.85809326171875,63.32419967651367,65.32730102539062
375.2080993652344,175.30149841308594,62.22119903564453,64.8187026977539
376.4643859863281,175.90350341796875,62.987701416015625,59.04790115356445
378.3067932128906,176.03579711914062,64.38590240478516,54.22949981689453
381.4743957519531,176.5908966064453,64.67340087890625,55.02090072631836
385.32611083984375,179.04879760742188,63.715599060058594,76.99710083007812
384.9276123046875,183.8950958251953,62.48040008544922,55.971900939941406
384.5303039550781,188.44979858398438,63.58190155029297,55.407100677490234
384.9393005371094,194.53709411621094,61.82740020751953,53.72100067138672
382.19940185546875,199.47349548339844,63.53390121459961,57.59170150756836
381.02191162109375,205.41909790039062,63.31439971923828,58.137901306152344
380.6098937988281,211.44090270996094,62.42940139770508,53.1083984375
381.3974914550781,220.1855010986328,61.70840072631836,55.500099182128906
379.3836975097656,225.27490234375,62.41830062866211,53.24150085449219
377.57501220703125,230.3896026611328,62.717098236083984,53.694000244140625
377.2654113769531,234.23080444335938,62.02989959716797,53.00210189819336
376.5346984863281,239.63299560546875,61.2318000793457,52.28459930419922
374.64910888671875,242.45919799804688,59.897701263427734,52.46549987792969
373.7532043457031,243.62120056152344,58.175201416015625,52.55739974975586
371.4981994628906,244.1049041748047,63.7593994140625,53.76919937133789
371.21270751953125,244.88690185546875,59.29650115966797,55.089298248291016
370.7438049316406,244.9342041015625,59.26380157470703,55.22890090942383
368.8877868652344,244.8551025390625,58.55699920654297,54.53200149536133
367.3794860839844,242.0814971923828,58.5802001953125,55.07740020751953
365.8241882324219,238.87939453125,59.790000915527344,57.15840148925781
364.2615966796875,239.4680938720703,59.93659973144531,57.19820022583008
362.7919921875,240.00570678710938,59.17290115356445,54.696998596191406
361.34759521484375,241.7729949951172,59.214298248291016,51.41490173339844
361.6780090332031,241.31039428710938,58.62350082397461,52.423099517822266
359.7203063964844,241.10699462890625,57.83000183105469,51.287601470947266
359.7663879394531,241.2180938720703,57.015499114990234,48.15019989013672
359.10418701171875,240.86849975585938,55.37189865112305,45.43790054321289
358.8092041015625,238.4250946044922,56.99850082397461,44.68410110473633
359.9014892578125,236.2736053466797,53.66579818725586,43.002601623535156
359.7300109863281,238.7646942138672,53.82529830932617,37.81850051879883
358.4869079589844,237.69119262695312,52.92490005493164,36.42219924926758
353.9518127441406,234.5063934326172,57.049598693847656,37.0255012512207
354.78350830078125,231.372802734375,50.82789993286133,38.606300354003906
353.50469970703125,228.03329467773438,49.49869918823242,38.710601806640625
352.24859619140625,223.7559051513672,48.40840148925781,39.62900161743164
350.8138122558594,218.75230407714844,47.58190155029297,40.101200103759766
349.4576110839844,216.156494140625,47.44929885864258,39.2135009765625
348.4100036621094,212.87100219726562,48.244998931884766,37.845001220703125
350.0202941894531,209.69940185546875,48.884700775146484,36.39059829711914
352.8345031738281,207.4683074951172,47.72809982299805,34.49549865722656
353.78759765625,204.35470581054688,47.42279815673828,32.969200134277344
354.97821044921875,201.00369262695312,47.75510025024414,34.206298828125
355.5640869140625,197.40589904785156,46.31159973144531,34.03099822998047
357.76971435546875,195.41749572753906,46.15679931640625,35.45859909057617
359.6888122558594,195.71710205078125,45.7578010559082,37.510799407958984
360.63848876953125,197.08810424804688,48.052398681640625,35.69049835205078
362.5740051269531,195.65550231933594,49.60459899902344,36.769901275634766
365.7821960449219,193.70860290527344,48.84619903564453,36.641998291015625
368.8742980957031,191.30320739746094,48.386199951171875,35.72480010986328
371.44158935546875,187.62139892578125,47.09429931640625,39.323299407958984
373.3876037597656,185.5583038330078,46.32929992675781,36.834999084472656
373.84991455078125,182.83740234375,46.72990036010742,39.770599365234375
375.0185852050781,181.41650390625,46.99909973144531,37.87919998168945
375.7878112792969,180.16529846191406,47.53820037841797,33.01219940185547
376.90240478515625,179.04539489746094,46.80780029296875,28.364999771118164
380.0892028808594,176.9156036376953,42.83399963378906,29.497699737548828
383.47979736328125,176.35650634765625,42.32820129394531,26.752500534057617
385.5846862792969,175.36199951171875,43.31829833984375,28.5856990814209
386.0909118652344,175.91360473632812,43.84870147705078,74.40540313720703
387.9731140136719,177.11590576171875,42.20790100097656,68.9437026977539
388.9374084472656,178.07369995117188,41.813899993896484,31.302099227905273
389.4194030761719,178.79400634765625,42.082000732421875,32.417301177978516
390.6109924316406,180.85069274902344,41.23099899291992,32.47679901123047
390.8258972167969,183.118896484375,44.56959915161133,31.949199676513672
391.6235046386719,185.59840393066406,44.42509841918945,34.62900161743164
392.5118103027344,189.75660705566406,44.65660095214844,36.270198822021484
392.4375,194.26449584960938,44.71080017089844,36.73630142211914
391.9920959472656,199.64219665527344,43.74729919433594,36.39030075073242
390.7771911621094,205.33050537109375,44.08620071411133,40.25230026245117
389.110595703125,211.89599609375,44.33470153808594,41.35200119018555
387.5653991699219,218.6748046875,44.73659896850586,41.6515007019043
385.1326904296875,226.58349609375,51.306400299072266,45.59560012817383
382.67669677734375,234.0782928466797,55.94900131225586,47.86180114746094
380.5119934082031,240.20120239257812,60.315799713134766,49.82820129394531
376.980712890625,248.31199645996094,57.595298767089844,48.368499755859375
374.51849365234375,254.96670532226562,46.99879837036133,39.60810089111328
370.5002136230469,264.24310302734375,46.4286994934082,37.97639846801758
365.5392150878906,266.95111083984375,50.784698486328125,37.79779815673828
362.6275939941406,271.494384765625,50.043800354003906,35.59669876098633
360.7865905761719,275.0281066894531,46.684898376464844,35.81560134887695
358.9529113769531,278.1824035644531,42.224300384521484,35.097900390625
359.49359130859375,278.6059875488281,44.23759841918945,35.88130187988281
358.9927062988281,280.85400390625,41.287200927734375,34.54180145263672
359.7524108886719,280.73980712890625,43.69340133666992,35.23740005493164
359.98480224609375,280.5874938964844,44.13890075683594,35.46099853515625
359.25079345703125,280.21258544921875,41.75419998168945,35.04570007324219
359.55810546875,280.6860046386719,43.10770034790039,34.96149826049805
358.4963073730469,281.0704040527344,43.14509963989258,34.92210006713867
358.8999938964844,280.7854919433594,44.10409927368164,35.1708984375
359.57049560546875,281.31890869140625,41.11050033569336,35.07979965209961
360.3581848144531,282.0633850097656,40.835899353027344,33.81990051269531
361.0013122558594,281.55340576171875,38.30799865722656,34.18939971923828
362.2018127441406,283.9413146972656,37.54669952392578,31.734399795532227
362.95111083984375,286.17669677734375,38.4297981262207,28.82859992980957
363.87298583984375,284.7507019042969,39.26350021362305,28.3617000579834
363.2235107421875,285.3597106933594,36.045101165771484,29.00749969482422
363.0054016113281,284.57281494140625,37.55609893798828,30.031700134277344
361.4630126953125,283.2124938964844,37.28229904174805,30.769800186157227
359.6449890136719,280.8586120605469,37.14540100097656,30.643299102783203
357.13018798828125,278.6253967285156,36.429901123046875,30.756999969482422
353.9543151855469,278.46728515625,36.65610122680664,29.481800079345703
350.4888916015625,277.060302734375,37.38349914550781,28.687299728393555
337.4743957519531,275.1191101074219,47.86240005493164,27.263900756835938
308.8644104003906,273.63848876953125,71.52999877929688,29.869699478149414
330.8380126953125,275.0708923339844,38.382598876953125,24.702600479125977
316.96881103515625,272.14599609375,51.150299072265625,28.281700134277344
302.9939880371094,270.3424072265625,58.884300231933594,26.45400047302246
313.61859130859375,266.2275085449219,43.37990188598633,29.654600143432617
275.9352111816406,254.6002960205078,75.53359985351562,64.57050323486328
241.70620727539062,264.26361083984375,87.56849670410156,81.6615982055664
116.90540313720703,197.331298828125,202.53799438476562,159.2982940673828
62.2234992980957,191.5386962890625,323.910400390625,168.4613037109375
66.44429779052734,183.06829833984375,241.9539031982422,168.99000549316406
102.11250305175781,228.56590270996094,233.6833953857422,130.3773956298828
72.76180267333984,184.9824981689453,232.95460510253906,167.65029907226562
72.30419921875,194.1083984375,249.87210083007812,158.46310424804688
72.21189880371094,190.2346954345703,248.79539489746094,162.7855987548828
71.44239807128906,183.03089904785156,237.76119995117188,169.38250732421875
71.7385025024414,182.17129516601562,246.0780029296875,171.34800720214844
67.57620239257812,182.96449279785156,244.22500610351562,169.14230346679688
92.68370056152344,214.8043975830078,236.14630126953125,139.37159729003906
391.652587890625,242.1096954345703,58.862998962402344,59.38059997558594
393.7821960449219,233.2570037841797,39.997798919677734,44.572601318359375
389.4367980957031,227.02769470214844,34.7755012512207,41.45349884033203
382.6156921386719,218.96029663085938,29.615400314331055,42.83209991455078
376.1166076660156,211.372802734375,27.331100463867188,40.4827995300293
369.9981994628906,204.40220642089844,22.12649917602539,35.64339828491211
365.0367126464844,195.5614013671875,22.80430030822754,38.76409912109375
361.3445129394531,187.29209899902344,22.441699981689453,41.82809829711914
356.8306884765625,180.4492950439453,23.239200592041016,42.89670181274414
353.6156921386719,176.77220153808594,23.952600479125977,42.42610168457031
350.27398681640625,171.7958984375,24.761600494384766,42.97010040283203
347.2507019042969,167.30859375,26.02090072631836,42.32680130004883
344.2578125,163.8350067138672,26.421199798583984,43.628501892089844
344.1632080078125,163.6175994873047,26.687999725341797,42.346500396728516
341.6283874511719,162.64840698242188,28.260900497436523,42.83319854736328
334.79339599609375,156.29820251464844,34.75870132446289,47.94850158691406
339.9266052246094,159.98739624023438,26.0393009185791,43.44300079345703
338.75909423828125,159.5063018798828,27.034000396728516,42.532100677490234
337.9735107421875,158.4282989501953,27.09000015258789,43.03689956665039
337.5380859375,159.14089965820312,27.32379913330078,42.57529830932617
336.7903137207031,158.19549560546875,27.844499588012695,42.542198181152344
336.81640625,158.14869689941406,27.808399200439453,42.70399856567383
336.6129150390625,156.75990295410156,28.27400016784668,42.794898986816406
337.1354064941406,157.73019409179688,27.841100692749023,42.47330093383789
337.2392883300781,155.95849609375,27.75790023803711,43.555599212646484
337.3236083984375,155.72169494628906,28.640899658203125,43.895599365234375
336.01458740234375,155.33090209960938,29.415599822998047,44.2327995300293
337.2926025390625,156.11929321289062,28.621400833129883,43.673301696777344
335.7666931152344,155.66639709472656,28.5531005859375,43.420799255371094
336.56201171875,155.45660400390625,28.69219970703125,43.74509811401367
336.2875061035156,156.1645050048828,29.90719985961914,43.405799865722656
335.7358093261719,156.12109375,29.59149932861328,43.75170135498047
335.6289978027344,156.56689453125,29.405500411987305,42.9119987487793
336.0122985839844,156.2989044189453,29.22100067138672,43.38240051269531
336.7596130371094,156.2718048095703,28.80150032043457,44.264400482177734
335.33428955078125,156.07919311523438,29.839599609375,44.358299255371094
337.9400939941406,157.1793975830078,27.609800338745117,42.72560119628906
334.94061279296875,155.8928985595703,31.737199783325195,44.738800048828125
337.21649169921875,157.8612060546875,28.227699279785156,43.11130142211914
336.6648864746094,158.8092041015625,29.584299087524414,42.47529983520508
338.1160888671875,159.50619506835938,26.506399154663086,41.85499954223633
337.9447937011719,159.5565948486328,27.902599334716797,43.048500061035156
340.27789306640625,159.63070678710938,25.32550048828125,42.212398529052734
335.8114013671875,159.83200073242188,29.535499572753906,43.4650993347168
340.64581298828125,160.9781951904297,23.542699813842773,41.79669952392578
341.0895080566406,161.3916015625,25.26930046081543,42.82040023803711
339.5444030761719,161.4445037841797,27.0049991607666,42.633201599121094
342.58441162109375,162.451904296875,23.614500045776367,41.83879852294922
342.56201171875,162.62350463867188,27.781200408935547,42.85860061645508
344.85009765625,162.2646942138672,26.431800842285156,42.100799560546875
343.6846008300781,163.6551971435547,25.63599967956543,41.38850021362305
346.181884765625,164.87229919433594,23.946300506591797,40.5181999206543
346.6741943359375,164.9980010986328,26.693300247192383,41.28879928588867
348.1521911621094,165.81869506835938,23.543899536132812,41.90129852294922
350.0445861816406,166.27340698242188,21.588300704956055,41.1088981628418
351.27508544921875,167.34530639648438,23.874799728393555,41.31650161743164
352.87939453125,167.80999755859375,26.58340072631836,42.595001220703125
354.9202880859375,168.41029357910156,21.904600143432617,40.66130065917969
356.4917907714844,169.88279724121094,24.550600051879883,40.34619903564453
358.7013854980469,170.7498016357422,24.506399154663086,41.024200439453125
360.80780029296875,172.39210510253906,23.185300827026367,40.204200744628906
362.3211975097656,174.3531951904297,23.996999740600586,40.331600189208984
363.8960876464844,176.85499572753906,23.158700942993164,38.97930145263672
365.4822082519531,178.7104949951172,22.45669937133789,37.844398498535156
367.76629638671875,180.15780639648438,20.265600204467773,37.042999267578125
369.4291076660156,178.9846954345703,25.712900161743164,40.41709899902344
371.543701171875,180.79029846191406,22.593399047851562,38.68579864501953
374.0129089355469,182.67359924316406,22.38010025024414,37.403900146484375
375.7373962402344,184.8251953125,24.638399124145508,38.04439926147461
378.11260986328125,185.6927032470703,22.355600357055664,38.69499969482422
380.4341125488281,188.09429931640625,21.230100631713867,35.90610122680664
382.635009765625,189.8332061767578,21.119300842285156,33.071998596191406
385.9497985839844,190.47030639648438,26.181900024414062,38.83039855957031
388.7691955566406,191.8856964111328,25.65839958190918,37.40330123901367
392.0237121582031,194.01939392089844,26.659500122070312,37.957401275634766
395.8299865722656,197.35609436035156,26.340599060058594,39.23780059814453
398.4538879394531,201.63070678710938,26.69339942932129,40.007198333740234
402.1630859375,206.82290649414062,26.853099822998047,36.64120101928711
405.3478088378906,210.79539489746094,29.8887996673584,31.258100509643555
409.11981201171875,216.29910278320312,28.371299743652344,37.26240158081055
412.1675109863281,221.12550354003906,32.63650131225586,41.21699905395508
414.02069091796875,226.7032012939453,35.88479995727539,43.377601623535156
417.5609130859375,233.09210205078125,38.726600646972656,42.969398498535156
419.42529296875,238.33529663085938,34.522499084472656,42.962398529052734
423.42620849609375,246.5115966796875,35.046199798583984,40.90299987792969
423.40350341796875,249.95770263671875,36.10459899902344,44.29410171508789
424.418212890625,256.7078857421875,39.569698333740234,46.48569869995117
426.0090026855469,261.60321044921875,37.29280090332031,46.07740020751953
425.3763122558594,264.7627868652344,38.867000579833984,46.886199951171875
427.1236877441406,267.1867980957031,38.17679977416992,45.972599029541016
426.3446960449219,268.86260986328125,38.67100143432617,47.30440139770508
426.3837890625,268.8529052734375,38.8140983581543,46.1244010925293
426.2272033691406,268.92529296875,40.09370040893555,46.94779968261719
426.6737976074219,269.4975891113281,40.59980010986328,46.13059997558594
426.3045959472656,269.4595947265625,41.38240051269531,45.107398986816406
427.1355895996094,269.0625915527344,40.768798828125,46.45970153808594
426.2785949707031,269.22479248046875,41.4723014831543,45.887901306152344
425.60540771484375,269.2488098144531,42.484100341796875,46.17620086669922
420.01959228515625,261.8045959472656,56.83290100097656,41.14229965209961
421.5111999511719,268.6700134277344,57.31060028076172,33.8557014465332
426.62420654296875,269.2539978027344,39.437599182128906,48.548500061035156
419.1809997558594,251.8625030517578,62.832000732421875,55.44029998779297
386.4226989746094,211.89169311523438,139.06480407714844,119.93620300292969
418.744384765625,259.8185119628906,47.692901611328125,58.05350112915039
369.9269104003906,238.71510314941406,114.92310333251953,73.76599884033203
343.3966064453125,280.2981872558594,40.24480056762695,35.580299377441406
344.8565979003906,278.59619140625,42.50320053100586,34.71699905395508
345.5303039550781,278.9975891113281,42.938899993896484,34.13479995727539
345.4053955078125,279.1532897949219,42.333499908447266,33.60649871826172
345.87469482421875,279.32501220703125,42.7953987121582,33.354801177978516
345.87030029296875,278.86981201171875,41.87699890136719,33.94129943847656
346.4621887207031,279.8004150390625,41.80030059814453,33.85369873046875
345.1416015625,279.2601013183594,41.90919876098633,33.74869918823242
344.82159423828125,278.50408935546875,42.120399475097656,34.470001220703125
345.9043884277344,279.8547058105469,41.95069885253906,34.424598693847656
345.127685546875,278.1379089355469,43.01639938354492,34.96870040893555
345.4693908691406,279.0411071777344,42.08290100097656,33.61520004272461
345.947509765625,279.94720458984375,42.00379943847656,33.46989822387695
345.3879089355469,278.7658996582031,42.4375,33.966400146484375
