1
199.3907928466797,77.35240173339844,53.90079879760742,125.46160125732422
195.41200256347656,76.94270324707031,57.4807014465332,128.62759399414062
198.4716033935547,76.0790023803711,57.71030044555664,129.94439697265625
198.72390747070312,78.09960174560547,58.79909896850586,127.94640350341797
196.57850646972656,77.05259704589844,62.32400131225586,130.92640686035156
199.38800048828125,77.40070343017578,63.268798828125,130.57760620117188
199.37649536132812,78.24340057373047,64.27230072021484,131.99330139160156
200.4654998779297,78.94029998779297,67.33409881591797,128.17340087890625
197.80490112304688,79.96179962158203,74.14859771728516,129.58909606933594
200.2902069091797,81.81210327148438,71.32060241699219,127.73600006103516
198.0343017578125,82.17759704589844,76.78119659423828,127.37319946289062
200.69259643554688,82.06390380859375,74.84989929199219,127.64430236816406
198.85800170898438,83.57839965820312,77.8927001953125,127.1416015625
200.9517059326172,84.31400299072266,81.25309753417969,121.75129699707031
200.7397003173828,84.13330078125,83.36930084228516,122.0470962524414
200.11959838867188,84.61589813232422,86.61650085449219,121.00299835205078
200.93409729003906,85.34739685058594,88.18229675292969,119.90769958496094
199.71499633789062,84.65570068359375,89.13289642333984,122.46510314941406
201.28640747070312,84.76349639892578,92.6865005493164,120.77529907226562
198.73289489746094,82.94229888916016,94.40299987792969,123.30120086669922
198.50689697265625,83.21510314941406,98.26349639892578,120.43789672851562
201.26719665527344,82.36289978027344,98.89810180664062,121.53410339355469
200.28359985351562,81.3290023803711,100.30680084228516,117.09239959716797
197.87879943847656,83.23470306396484,105.19819641113281,119.10009765625
199.8656005859375,84.19229888916016,104.68489837646484,116.49230194091797
199.01930236816406,84.95760345458984,107.21710205078125,118.52570343017578
200.98269653320312,86.25890350341797,106.73390197753906,110.35489654541016
200.7790985107422,87.60459899902344,107.00180053710938,113.87750244140625
199.13250732421875,86.62660217285156,112.368896484375,117.806396484375
195.74029541015625,89.88200378417969,116.53019714355469,111.92669677734375
197.86090087890625,91.05789947509766,115.9260025024414,110.5188980102539
196.46800231933594,92.36940002441406,117.19640350341797,107.48280334472656
196.00799560546875,97.65440368652344,118.54029846191406,102.27369689941406
196.21800231933594,99.00900268554688,121.73899841308594,101.50350189208984
197.1728973388672,102.19290161132812,122.39700317382812,97.3114013671875
199.6708984375,107.13980102539062,120.35910034179688,94.86519622802734
200.30630493164062,107.41470336914062,124.8646011352539,94.91310119628906
199.06930541992188,114.49800109863281,123.05220031738281,88.45659637451172
200.6208953857422,113.01830291748047,122.177001953125,91.90239715576172
198.87100219726562,117.37139892578125,124.18260192871094,89.81990051269531
200.75180053710938,119.05899810791016,125.8490982055664,84.69860076904297
198.22549438476562,121.48719787597656,126.3386001586914,84.85079956054688
200.047607421875,125.60700225830078,128.87469482421875,81.78849792480469
198.6967010498047,124.18949890136719,130.72390747070312,82.6708984375
199.15530395507812,126.60060119628906,129.9824981689453,82.27670288085938
198.73789978027344,129.89259338378906,132.16810607910156,76.91709899902344
196.5919952392578,133.24229431152344,135.21470642089844,73.04499816894531
192.42469787597656,133.96060180664062,139.702392578125,73.48429870605469
188.02859497070312,136.09970092773438,145.72189331054688,72.13590240478516
188.8957061767578,137.8657989501953,145.27679443359375,66.96369934082031
189.20370483398438,143.26780700683594,144.41160583496094,63.83980178833008
188.66940307617188,143.58470153808594,145.8730010986328,62.96609878540039
190.86289978027344,148.5635986328125,146.23880004882812,55.0984001159668
201.2686004638672,151.90280151367188,132.4477996826172,53.05550003051758
199.97279357910156,155.82650756835938,134.2888946533203,50.180198669433594
193.92320251464844,156.2707977294922,140.49349975585938,48.73680114746094
195.9499969482422,158.1529998779297,135.7010040283203,49.1870002746582
196.8052978515625,160.77960205078125,138.20840454101562,47.99599838256836
197.4906005859375,161.85220336914062,132.839599609375,42.812400817871094
197.87660217285156,165.6313018798828,134.78399658203125,40.98189926147461
198.260498046875,165.8137969970703,134.23289489746094,40.406700134277344
193.29640197753906,166.3218994140625,140.15020751953125,40.4822998046875
199.6894989013672,169.65130615234375,130.50270080566406,35.848899841308594
196.79660034179688,171.67300415039062,139.460693359375,35.548301696777344
197.17230224609375,175.28050231933594,133.8726043701172,32.24879837036133
199.48399353027344,177.57530212402344,131.26010131835938,31.43269920349121
202.260498046875,176.86500549316406,129.62460327148438,31.107900619506836
200.94149780273438,178.93870544433594,133.8596954345703,29.985200881958008
203.68629455566406,181.01609802246094,128.9508056640625,27.73110008239746
202.2030029296875,181.25379943847656,132.3834991455078,28.757400512695312
202.28819274902344,182.73570251464844,131.77430725097656,27.710899353027344
202.5540008544922,183.9965057373047,130.13870239257812,27.34040069580078
202.74769592285156,183.41470336914062,129.00979614257812,28.967599868774414
201.3430938720703,184.53109741210938,130.37130737304688,27.784000396728516
202.529296875,183.73069763183594,128.50289916992188,27.75550079345703
202.0010986328125,183.09019470214844,131.66099548339844,28.847299575805664
202.37030029296875,185.0355987548828,130.63890075683594,26.424800872802734
200.87109375,183.3760986328125,136.10499572753906,30.085500717163086
202.28140258789062,184.3690948486328,130.423095703125,26.847900390625
199.943603515625,183.91140747070312,134.14120483398438,27.666000366210938
199.79649353027344,184.87030029296875,130.36920166015625,25.49250030517578
207.3972930908203,186.23350524902344,121.42269897460938,25.065399169921875
197.44610595703125,185.39129638671875,138.35189819335938,24.369300842285156
201.5299072265625,183.71029663085938,130.21730041503906,27.194900512695312
205.32650756835938,184.17739868164062,123.77539825439453,24.974300384521484
201.3654022216797,186.96209716796875,131.86489868164062,22.18790054321289
205.922607421875,183.23159790039062,123.61100006103516,22.986299514770508
195.02920532226562,183.7075958251953,143.84030151367188,25.374099731445312
197.63169860839844,186.8614044189453,134.2528076171875,24.321399688720703
196.70249938964844,171.64700317382812,135.2357940673828,34.9182014465332
194.0883026123047,179.32269287109375,143.89950561523438,31.23200035095215
197.59080505371094,184.3549041748047,135.3885955810547,25.693899154663086
201.42050170898438,184.28579711914062,130.3878936767578,27.957500457763672
190.6678924560547,168.97479248046875,136.70050048828125,41.082698822021484
191.60940551757812,180.5666961669922,146.04989624023438,29.339599609375
197.62730407714844,182.77679443359375,135.50970458984375,29.054899215698242
197.60980224609375,180.1383056640625,136.62550354003906,30.76219940185547
194.43719482421875,179.99009704589844,138.6324005126953,30.590299606323242
196.5847930908203,179.72019958496094,135.57699584960938,30.527000427246094
196.1894989013672,179.19859313964844,135.72860717773438,30.83989906311035
195.2364959716797,177.61700439453125,137.50230407714844,32.466800689697266
194.07090759277344,177.4844970703125,140.5034942626953,30.981399536132812
197.18069458007812,177.0070037841797,138.9178924560547,31.79669952392578
193.94659423828125,177.86990356445312,138.64239501953125,29.66860008239746
195.57420349121094,174.86680603027344,138.59410095214844,34.4833984375
192.80780029296875,172.76449584960938,144.3491973876953,36.38600158691406
191.0489959716797,171.78050231933594,140.1741943359375,37.80039978027344
187.4208984375,171.94309997558594,148.8824005126953,35.8916015625
187.75579833984375,171.74009704589844,143.53799438476562,36.11119842529297
188.2635040283203,172.13490295410156,142.60910034179688,35.274200439453125
189.72230529785156,171.58580017089844,137.72340393066406,35.361900329589844
186.60719299316406,172.45399475097656,143.4781036376953,35.0525016784668
191.51620483398438,171.03399658203125,132.95480346679688,36.41109848022461
183.91000366210938,171.1378936767578,144.09359741210938,36.03369903564453
182.23629760742188,171.15939331054688,146.79640197753906,36.256099700927734
182.9532928466797,172.20269775390625,142.2178955078125,34.83039855957031
178.98599243164062,169.64520263671875,146.99859619140625,37.17839813232422
176.47129821777344,169.52720642089844,149.14259338378906,36.33649826049805
174.13180541992188,167.72219848632812,150.71090698242188,38.567501068115234
180.4987030029297,166.6501007080078,143.25559997558594,38.732398986816406
173.53199768066406,169.18789672851562,148.30169677734375,35.46900177001953
175.88079833984375,167.24330139160156,147.01919555664062,40.448299407958984
177.9573974609375,161.01950073242188,146.17379760742188,42.283599853515625
175.4582061767578,166.6815948486328,148.20970153808594,37.69499969482422
174.73129272460938,165.1678009033203,147.4095001220703,36.978599548339844
173.77340698242188,163.71730041503906,149.39669799804688,36.824501037597656
173.61680603027344,163.78860473632812,143.07839965820312,35.452598571777344
170.0626983642578,161.65899658203125,149.89849853515625,43.724998474121094
175.0166015625,159.83489990234375,140.8863983154297,40.51150131225586
172.46400451660156,157.13059997558594,148.85879516601562,50.51190185546875
164.63670349121094,159.0334014892578,152.85240173339844,41.16600036621094
168.05990600585938,159.14559936523438,149.01170349121094,47.68080139160156
168.8990936279297,160.2364959716797,145.64340209960938,37.29610061645508
163.8433074951172,158.88519287109375,157.0959014892578,48.954200744628906
167.1920928955078,156.17550659179688,145.1717987060547,44.41740036010742
173.06509399414062,159.86019897460938,137.69110107421875,43.277099609375
173.31019592285156,157.99859619140625,140.2368927001953,44.69900131225586
169.19259643554688,158.45680236816406,145.91600036621094,41.57929992675781
167.68589782714844,157.50120544433594,145.75799560546875,45.13090133666992
165.3887939453125,157.89840698242188,148.1925048828125,45.93479919433594
163.12330627441406,156.00619506835938,150.07969665527344,45.857200622558594
180.2760009765625,156.135498046875,134.41140747070312,41.635398864746094
174.9405059814453,156.43099975585938,139.68829345703125,44.14070129394531
169.0977020263672,156.92860412597656,141.02310180664062,41.935699462890625
170.02780151367188,154.8699951171875,145.57350158691406,46.27109909057617
168.9591064453125,152.42950439453125,142.9008026123047,42.71110153198242
172.97850036621094,154.46279907226562,135.4990997314453,43.87820053100586
169.6855926513672,147.98919677734375,139.53750610351562,48.09080123901367
171.66200256347656,151.51719665527344,134.5612030029297,47.04290008544922
169.55250549316406,145.92999267578125,138.2877960205078,48.91790008544922
167.6342010498047,150.84500122070312,138.447998046875,49.410701751708984
166.03619384765625,145.96009826660156,139.1862030029297,48.050498962402344
166.6488037109375,148.68179321289062,139.93319702148438,52.155399322509766
164.35260009765625,147.58140563964844,138.56719970703125,50.83689880371094
162.8280029296875,147.27450561523438,140.7794952392578,51.56809997558594
161.90310668945312,150.27630615234375,145.07440185546875,53.59410095214844
167.03489685058594,146.41299438476562,139.5717010498047,54.59239959716797
162.535400390625,148.23849487304688,144.4040069580078,56.69649887084961
159.72669982910156,152.8498992919922,144.6381072998047,44.75230026245117
181.93930053710938,155.9718017578125,127.22959899902344,37.13290023803711
177.656005859375,159.0821990966797,128.02630615234375,34.38740158081055
169.33509826660156,161.239501953125,138.55760192871094,34.75870132446289
166.652099609375,155.82130432128906,143.4241943359375,41.045799255371094
167.53720092773438,158.44419860839844,137.3323974609375,39.11309814453125
166.95419311523438,159.29440307617188,140.57110595703125,38.753501892089844
165.60260009765625,158.53480529785156,143.90890502929688,38.32630157470703
170.72950744628906,163.24429321289062,135.01800537109375,35.88779830932617
158.66690063476562,155.4582061767578,146.34939575195312,44.84809875488281
161.24000549316406,157.89779663085938,141.0738067626953,43.60660171508789
165.47950744628906,156.9167022705078,133.84820556640625,42.46699905395508
167.72869873046875,159.81959533691406,132.13299560546875,39.705101013183594
167.0811004638672,163.7303924560547,131.61839294433594,38.45289993286133
192.4647979736328,161.2873992919922,108.1093978881836,35.86149978637695
190.2032012939453,165.1342010498047,109.79290008544922,30.574800491333008
187.79530334472656,164.86639404296875,113.6511001586914,33.766700744628906
151.7010955810547,159.24330139160156,141.18299865722656,52.0984992980957
123.63790130615234,119.22250366210938,131.41090393066406,90.52169799804688
103.3322982788086,109.1613998413086,113.79309844970703,169.2357940673828
99.93190002441406,106.3113021850586,122.07830047607422,162.1768035888672
99.4811019897461,90.85330200195312,134.6688995361328,173.3686981201172
99.29769897460938,103.5863037109375,119.93260192871094,143.37620544433594
106.15879821777344,116.10389709472656,142.08009338378906,118.00920104980469
101.54750061035156,114.24009704589844,181.88980102539062,120.3230972290039
104.9636001586914,87.98169708251953,117.98699951171875,173.32310485839844
99.4030990600586,104.83989715576172,179.529296875,118.25579833984375
98.86430358886719,100.94049835205078,121.72460174560547,160.85960388183594
98.85440063476562,115.4717025756836,178.6947021484375,118.20249938964844
109.11479949951172,95.50379943847656,126.9281005859375,153.2454071044922
103.95709991455078,108.87090301513672,176.30409240722656,123.85859680175781
101.76170349121094,107.68779754638672,121.67539978027344,198.07589721679688
106.7396011352539,115.64689636230469,115.25180053710938,195.21539306640625
100.09239959716797,89.05809783935547,115.25920104980469,166.5550994873047
102.5282974243164,118.80789947509766,122.77760314941406,189.7501983642578
100.87429809570312,84.13970184326172,117.76480102539062,168.10850524902344
100.10130310058594,123.79460144042969,123.5093994140625,183.20689392089844
100.13269805908203,88.79309844970703,116.47760009765625,163.00909423828125
97.4937973022461,111.21880340576172,120.94090270996094,127.70169830322266
114.8125,106.9312973022461,126.98470306396484,138.03790283203125
109.76180267333984,90.57990264892578,114.2666015625,163.58880615234375
103.38849639892578,101.07689666748047,114.41950225830078,138.34100341796875
103.49909973144531,97.720703125,113.04920196533203,150.99459838867188
102.50990295410156,110.20690155029297,119.35800170898438,206.6884002685547
98.63629913330078,95.0730972290039,122.63050079345703,173.2928924560547
95.67749786376953,97.19039916992188,125.86489868164062,165.2281951904297
96.0281982421875,107.77619934082031,125.32820129394531,163.7559051513672
97.67790222167969,104.03150177001953,127.89089965820312,169.12269592285156
94.8843002319336,89.48650360107422,120.79100036621094,206.31260681152344
100.94280242919922,73.65889739990234,125.26509857177734,248.99639892578125
99.80290222167969,88.81999969482422,119.77259826660156,218.13839721679688
98.91899871826172,85.44380187988281,117.14859771728516,226.76950073242188
97.80940246582031,82.27429962158203,125.17400360107422,240.81939697265625
101.24849700927734,96.38289642333984,112.41500091552734,209.9635009765625
101.8656005859375,93.17440032958984,113.4437026977539,221.82940673828125
103.30120086669922,85.25420379638672,102.2125015258789,159.3730926513672
95.0416030883789,102.63999938964844,78.55660247802734,110.73860168457031
118.15660095214844,78.63760375976562,51.01459884643555,61.02009963989258
124.285400390625,81.85479736328125,48.98860168457031,57.50170135498047
126.37999725341797,84.38899993896484,46.05390167236328,54.945899963378906
124.293701171875,83.11139678955078,48.02109909057617,53.68450164794922
126.22550201416016,84.00579833984375,46.3291015625,52.707000732421875
123.62310028076172,83.08460235595703,50.121299743652344,51.960899353027344
124.6321029663086,83.64839935302734,46.849700927734375,53.003700256347656
126.59649658203125,82.99539947509766,46.19960021972656,51.06079864501953
121.03050231933594,84.12000274658203,51.86539840698242,55.833099365234375
125.7761001586914,84.32080078125,48.62919998168945,54.642398834228516
119.04910278320312,82.2863998413086,50.29679870605469,54.52949905395508
123.33599853515625,80.6698989868164,48.24409866333008,59.08720016479492
124.81659698486328,84.82630157470703,46.58219909667969,53.61989974975586
121.00520324707031,83.26110076904297,51.10390090942383,52.96009826660156
123.98509979248047,82.97460174560547,46.630699157714844,58.44879913330078
124.66110229492188,83.7343978881836,46.30630111694336,57.99959945678711
123.24659729003906,84.17259979248047,46.05670166015625,54.97850036621094
126.48560333251953,82.44650268554688,45.27159881591797,58.13669967651367
121.72139739990234,83.2261962890625,47.68510055541992,57.708900451660156
123.39939880371094,81.65280151367188,47.818199157714844,58.18000030517578
124.22560119628906,84.80259704589844,47.15950012207031,53.051998138427734
125.78500366210938,82.23059844970703,47.1708984375,60.68239974975586
122.70349884033203,83.49759674072266,49.81909942626953,55.44919967651367
125.19080352783203,81.41680145263672,47.30390167236328,58.61259841918945
126.45230102539062,83.58290100097656,47.3317985534668,58.38420104980469
128.00289916992188,83.86129760742188,45.54240036010742,55.21120071411133
129.84339904785156,82.3093032836914,47.280399322509766,60.14540100097656
130.18409729003906,83.07849884033203,45.677799224853516,58.43119812011719
130.47210693359375,82.2665023803711,48.89070129394531,56.76570129394531
135.69039916992188,83.63500213623047,46.23379898071289,60.111698150634766
135.45030212402344,83.58910369873047,50.692501068115234,55.24140167236328
139.6575927734375,83.69439697265625,47.694000244140625,57.687198638916016
140.9862060546875,80.63739776611328,48.841800689697266,58.73849868774414
144.6916961669922,82.23989868164062,45.03200149536133,57.99760055541992
148.22300720214844,80.61740112304688,47.295501708984375,60.26070022583008
150.9062957763672,82.01219940185547,46.620399475097656,59.52370071411133
153.94580078125,81.90290069580078,48.5015983581543,53.68230056762695
157.41729736328125,82.29299926757812,48.804100036621094,56.299400329589844
160.6053924560547,80.48780059814453,47.6505012512207,59.157901763916016
165.8227996826172,78.5020980834961,43.59270095825195,60.40660095214844
169.23939514160156,79.52850341796875,43.02989959716797,60.522300720214844
172.29139709472656,78.97779846191406,45.00550079345703,62.92279815673828
177.17930603027344,78.47100067138672,45.63199996948242,57.02750015258789
178.1685028076172,81.29309844970703,51.19969940185547,59.72800064086914
182.24639892578125,78.8667984008789,46.2218017578125,62.32809829711914
185.29330444335938,77.05439758300781,44.39469909667969,64.18229675292969
187.53590393066406,79.21040344238281,47.54570007324219,62.02519989013672
192.00979614257812,77.79570007324219,41.61220169067383,65.33070373535156
193.31430053710938,79.0343017578125,48.27180099487305,59.97639846801758
197.1920928955078,78.03520202636719,47.126800537109375,60.66360092163086
200.79440307617188,80.14350128173828,43.7135009765625,59.727699279785156
202.89480590820312,78.25440216064453,45.5526008605957,60.41389846801758
205.47369384765625,75.99430084228516,43.70949935913086,64.88200378417969
208.96270751953125,77.07240295410156,41.03580093383789,66.0176010131836
210.11160278320312,74.38829803466797,44.240699768066406,65.29039764404297
213.13519287109375,76.95040130615234,43.09109878540039,64.74250030517578
215.10069274902344,76.77269744873047,48.217098236083984,62.9922981262207
217.86529541015625,74.60130310058594,46.45240020751953,66.5072021484375
217.8011016845703,78.41500091552734,46.34230041503906,61.93069839477539
221.49769592285156,76.32769775390625,47.67839813232422,64.02950286865234
224.0883026123047,81.22350311279297,43.1077995300293,54.52410125732422
225.27169799804688,79.18800354003906,46.36159896850586,62.024600982666016
229.03359985351562,76.8009033203125,43.0182991027832,63.74440002441406
230.4073944091797,77.71299743652344,42.72269821166992,62.54249954223633
231.5625,80.06800079345703,43.13669967651367,62.870399475097656
231.93670654296875,78.54519653320312,43.13169860839844,63.510799407958984
233.67869567871094,79.67440032958984,42.602901458740234,62.283199310302734
234.19729614257812,80.12429809570312,47.570899963378906,64.57029724121094
237.24200439453125,80.76709747314453,42.67449951171875,62.49409866333008
234.19309997558594,78.35289764404297,45.62269973754883,63.099300384521484
237.41490173339844,80.41590118408203,41.29290008544922,61.64690017700195
237.57650756835938,79.13420104980469,44.75040054321289,60.639198303222656
238.97799682617188,80.53929901123047,41.48939895629883,58.94839859008789
237.19949340820312,78.80359649658203,44.94559860229492,62.927101135253906
240.03770446777344,80.23169708251953,41.92319869995117,60.4276008605957
239.3914031982422,80.7654037475586,41.51369857788086,62.5098991394043
239.01910400390625,79.2511978149414,43.19499969482422,62.97050094604492
241.42820739746094,79.69439697265625,41.20209884643555,61.66640090942383
242.3159942626953,80.9312973022461,43.437400817871094,59.98030090332031
243.38400268554688,80.7333984375,42.47809982299805,62.98440170288086
242.4167022705078,78.9052963256836,46.724700927734375,66.23410034179688
241.84320068359375,77.84970092773438,48.62649917602539,69.3499984741211
244.3280029296875,79.96219635009766,45.17599868774414,65.36309814453125
244.74349975585938,77.96839904785156,46.18130111694336,68.52790069580078
246.2866973876953,80.46920013427734,43.724300384521484,62.639198303222656
249.9239044189453,78.75420379638672,45.15570068359375,60.62919998168945
250.91709899902344,82.87699890136719,40.07619857788086,61.48059844970703
251.8170928955078,79.28469848632812,45.6057014465332,64.7238998413086
251.4718017578125,79.08309936523438,45.977901458740234,68.99150085449219
252.6811981201172,81.00129699707031,44.47650146484375,63.22010040283203
251.25540161132812,79.42250061035156,45.85150146484375,61.990501403808594
254.3383026123047,80.42030334472656,44.687400817871094,61.17839813232422
251.0760955810547,79.46080017089844,46.595001220703125,61.860801696777344
254.92930603027344,77.927001953125,43.48210144042969,64.06330108642578
254.32420349121094,78.84929656982422,43.14910125732422,60.39979934692383
255.59730529785156,78.95110321044922,46.39649963378906,58.888999938964844
256.3035888671875,80.78929901123047,42.12229919433594,59.21120071411133
258.4565124511719,80.71309661865234,45.490299224853516,59.50529861450195
256.2080993652344,82.80269622802734,43.66709899902344,55.1880989074707
257.99560546875,80.2970962524414,42.936100006103516,59.16830062866211
258.4378967285156,80.62799835205078,44.88309860229492,58.45320129394531
257.7423095703125,82.18789672851562,43.93190002441406,59.11009979248047
256.2690124511719,80.04440307617188,42.6239013671875,60.953399658203125
257.40740966796875,79.49369812011719,45.24720001220703,59.334598541259766
257.6152038574219,81.10489654541016,42.265899658203125,57.89500045776367
255.79559326171875,81.2061996459961,45.4286994934082,60.38740158081055
255.6645050048828,81.5260009765625,43.33879852294922,59.518001556396484
257.97100830078125,81.2688980102539,44.371700286865234,56.64080047607422
254.36000061035156,81.5823974609375,46.39799880981445,56.41109848022461
257.0213928222656,80.89990234375,45.17319869995117,59.89979934692383
256.4679870605469,80.81659698486328,44.802799224853516,57.49639892578125
254.83670043945312,79.39289855957031,48.460601806640625,58.8218994140625
257.08648681640625,79.67970275878906,43.57740020751953,57.778099060058594
258.41448974609375,80.87999725341797,47.29890060424805,57.09189987182617
257.2991943359375,82.44660186767578,45.68579864501953,55.93629837036133
257.8771057128906,80.21150207519531,47.78519821166992,58.84510040283203
258.4630126953125,79.92449951171875,47.10599899291992,60.125099182128906
256.90618896484375,83.01029968261719,47.11289978027344,57.710899353027344
258.7178955078125,80.55660247802734,44.630699157714844,60.034000396728516
259.26190185546875,79.55709838867188,44.7588996887207,58.34239959716797
258.9045104980469,83.6677017211914,43.92539978027344,55.054298400878906
260.618896484375,82.22540283203125,45.39099884033203,57.61040115356445
259.2735900878906,83.12689971923828,44.981998443603516,59.36090087890625
259.70001220703125,81.39469909667969,47.73429870605469,62.86220169067383
257.62451171875,81.84310150146484,48.27450180053711,65.13970184326172
259.95208740234375,82.61630249023438,50.222999572753906,62.45349884033203
259.630615234375,83.55030059814453,47.35319900512695,62.75419998168945
259.337890625,82.35669708251953,49.06880187988281,63.93870162963867
259.0455017089844,83.22730255126953,50.93790054321289,62.16419982910156
259.760986328125,83.07929992675781,48.15530014038086,62.259498596191406
260.2784118652344,82.01799774169922,53.82830047607422,64.93150329589844
263.2856140136719,83.28019714355469,46.24190139770508,61.781898498535156
262.6842041015625,81.997802734375,48.98849868774414,63.12879943847656
262.0862121582031,83.01909637451172,47.00559997558594,61.39120101928711
263.9273986816406,82.31649780273438,50.65620040893555,65.02519989013672
263.9126892089844,84.37660217285156,47.3760986328125,59.546199798583984
263.77349853515625,80.40730285644531,47.20199966430664,65.510498046875
263.839599609375,82.20939636230469,46.45479965209961,63.50299835205078
263.6575012207031,80.82839965820312,46.28519821166992,65.8561019897461
264.3048095703125,82.30169677734375,47.787899017333984,64.67649841308594
263.673095703125,82.06919860839844,46.11690139770508,64.22959899902344
263.94000244140625,80.73650360107422,47.56800079345703,66.46029663085938
265.28790283203125,83.79440307617188,46.32709884643555,63.009300231933594
264.43231201171875,80.79989624023438,47.02399826049805,64.31790161132812
265.31329345703125,82.66539764404297,45.493499755859375,62.93360137939453
264.7637939453125,79.67729949951172,45.99359893798828,66.86260223388672
265.3387145996094,83.25800323486328,44.07210159301758,61.73419952392578
262.51141357421875,80.5967025756836,50.86000061035156,66.94869995117188
265.1227111816406,83.45189666748047,46.34370040893555,63.31660079956055
264.5990905761719,80.93180084228516,46.52109909057617,63.187400817871094
265.74371337890625,82.58560180664062,45.08679962158203,64.10579681396484
264.1326904296875,81.83609771728516,48.27920150756836,63.373600006103516
265.05889892578125,81.42070007324219,47.801998138427734,64.5386962890625
264.25628662109375,82.2477035522461,47.8140983581543,62.662601470947266
263.5339050292969,83.13249969482422,48.29990005493164,59.59550094604492
263.9966125488281,83.04550170898438,47.03929901123047,63.1151008605957
261.989501953125,82.59410095214844,48.761600494384766,63.19279861450195
263.4400939941406,84.59339904785156,48.43840026855469,60.95209884643555
262.00189208984375,82.77870178222656,48.49420166015625,64.91419982910156
262.51800537109375,83.75669860839844,49.922298431396484,62.319801330566406
263.7994079589844,83.97380065917969,47.942501068115234,61.859500885009766
261.6434020996094,82.67379760742188,48.6156005859375,64.66010284423828
261.8078918457031,83.78919982910156,53.577999114990234,63.65359878540039
262.5281066894531,85.081298828125,50.279598236083984,63.27909851074219
263.3013000488281,82.2583999633789,48.27009963989258,65.19300079345703
260.6758117675781,83.88379669189453,54.110198974609375,65.48979949951172
260.90008544921875,84.93190002441406,54.364601135253906,66.38400268554688
260.05120849609375,84.44640350341797,53.66790008544922,65.87960052490234
253.8520050048828,113.2113037109375,101.97429656982422,96.16510009765625
257.8164978027344,95.0884017944336,97.6155014038086,124.96849822998047
253.49740600585938,87.85030364990234,96.15779876708984,122.78679656982422
259.3279113769531,85.23829650878906,67.5154037475586,78.3124008178711
256.098388671875,122.41100311279297,123.14920043945312,77.22139739990234
262.1581115722656,86.45929718017578,75.8010025024414,106.61699676513672
254.47140502929688,100.2479019165039,115.04530334472656,115.63870239257812
257.9617919921875,86.08529663085938,101.14679718017578,120.22940063476562
256.79620361328125,86.02670288085938,103.10179901123047,111.97239685058594
257.45599365234375,86.17040252685547,109.44640350341797,125.04720306396484
258.0369873046875,96.37899780273438,107.64540100097656,148.19140625
261.752685546875,91.80069732666016,97.7948989868164,147.1549072265625
260.3666076660156,90.16649627685547,109.41300201416016,134.8459014892578
266.4659118652344,99.6312026977539,85.11479949951172,161.45069885253906
265.0415954589844,91.05999755859375,86.25990295410156,147.44219970703125
269.1982116699219,84.63580322265625,96.58809661865234,138.64840698242188
267.3609924316406,106.75,95.00379943847656,140.12649536132812
270.3337097167969,88.74510192871094,84.85590362548828,143.80419921875
273.7930908203125,79.54519653320312,87.06809997558594,141.43780517578125
273.6853942871094,81.37229919433594,94.87670135498047,124.60910034179688
267.1755065917969,105.59239959716797,102.7136001586914,124.4928970336914
272.9960021972656,87.27349853515625,108.54290008544922,132.45339965820312
273.33221435546875,102.13400268554688,91.94300079345703,167.47689819335938
278.7373046875,75.91280364990234,84.81559753417969,134.36050415039062
284.9242858886719,95.0988998413086,83.08190155029297,125.1498031616211
286.568115234375,79.66729736328125,76.02359771728516,102.82430267333984
291.9096984863281,77.50479888916016,60.28120040893555,71.29609680175781
293.3074951171875,76.73059844970703,52.487701416015625,68.55370330810547
297.81500244140625,79.61940002441406,46.87779998779297,60.320701599121094
298.27520751953125,79.60800170898438,48.19729995727539,58.82170104980469
298.8854064941406,78.16850280761719,50.261199951171875,61.687400817871094
299.39080810546875,79.58580017089844,47.78179931640625,62.88370132446289
300.345703125,79.10690307617188,53.13710021972656,62.890098571777344
304.4950866699219,80.2323989868164,46.0630989074707,62.124900817871094
304.5392150878906,79.66200256347656,45.51359939575195,57.3760986328125
306.5716857910156,79.1708984375,45.25310134887695,55.822898864746094
307.04681396484375,82.02200317382812,46.4026985168457,55.25669860839844
309.0409851074219,82.74720001220703,46.040401458740234,57.13959884643555
310.78790283203125,80.43550109863281,47.1775016784668,59.17770004272461
311.99951171875,81.04219818115234,45.069000244140625,57.169700622558594
314.402099609375,79.88569641113281,47.70859909057617,58.38249969482422
316.3037109375,80.6239013671875,44.86899948120117,60.557701110839844
318.3523864746094,79.65750122070312,43.405799865722656,60.46009826660156
319.46630859375,80.63919830322266,41.95249938964844,57.60580062866211
321.1932067871094,80.62920379638672,43.80870056152344,58.183799743652344
321.3966064453125,80.4563980102539,42.74300003051758,59.202999114990234
320.68719482421875,81.09429931640625,43.05009841918945,57.075199127197266
321.4985046386719,81.83200073242188,42.25659942626953,58.63520050048828
322.462890625,81.64189910888672,40.98540115356445,55.502201080322266
321.940185546875,82.42890167236328,44.42110061645508,54.3400993347168
322.099609375,82.71640014648438,41.269901275634766,56.63850021362305
322.7721862792969,81.98310089111328,42.88130187988281,54.49549865722656
322.93951416015625,83.42720031738281,41.21369934082031,56.20389938354492
322.8959045410156,82.29679870605469,43.442901611328125,54.91699981689453
320.9790954589844,83.12650299072266,43.54029846191406,59.50749969482422
320.8511047363281,81.79949951171875,43.92940139770508,58.33250045776367
322.956298828125,83.0458984375,41.614200592041016,57.15449905395508
322.4057922363281,82.18109893798828,41.4297981262207,57.70000076293945
323.2030029296875,81.68340301513672,42.42110061645508,56.267799377441406
322.8223876953125,82.7970962524414,42.07889938354492,59.20989990234375
323.0787048339844,82.45719909667969,41.75510025024414,59.71699905395508
322.8280944824219,82.2073974609375,42.18880081176758,59.86259841918945
322.6776123046875,82.44950103759766,42.0880012512207,58.99409866333008
322.2499084472656,81.57749938964844,42.66170120239258,58.905601501464844
323.21868896484375,82.0802993774414,41.9385986328125,58.37860107421875
324.73919677734375,81.86630249023438,40.084999084472656,56.9901008605957
322.7156982421875,85.04409790039062,42.25550079345703,58.16830062866211
321.2903137207031,81.73470306396484,43.83890151977539,60.44160079956055
322.1925964355469,83.30280303955078,42.654701232910156,59.222599029541016
323.6875,82.964599609375,41.55780029296875,60.201499938964844
322.6618957519531,82.30419921875,43.85139846801758,61.8401985168457
324.5038146972656,82.4573974609375,44.399200439453125,59.16419982910156
326.2074890136719,83.45459747314453,42.708900451660156,59.75680160522461
324.9245910644531,82.8812026977539,44.38249969482422,60.34989929199219
325.4986877441406,82.7760009765625,43.99549865722656,59.52980041503906
327.59619140625,83.84629821777344,42.230201721191406,56.49369812011719
324.7648010253906,83.32469940185547,44.53770065307617,55.51860046386719
326.87298583984375,82.03079986572266,40.97439956665039,55.16699981689453
325.4248962402344,84.1458969116211,43.31639862060547,57.5984992980957
325.94989013671875,82.87889862060547,43.85390090942383,55.43450164794922
326.8258972167969,82.99230194091797,41.90639877319336,56.1531982421875
328.15728759765625,82.16799926757812,42.53779983520508,58.370399475097656
326.3551940917969,84.68769836425781,42.09049987792969,57.44060134887695
323.9201965332031,83.17970275878906,45.59550094604492,57.18149948120117
326.28369140625,83.37899780273438,41.897300720214844,58.5364990234375
325.2770080566406,83.97750091552734,41.910701751708984,55.99129867553711
325.88519287109375,83.61100006103516,41.73720169067383,57.33259963989258
324.2898864746094,84.8041000366211,42.447898864746094,56.22140121459961
325.0116882324219,82.2594985961914,42.402400970458984,60.19729995727539
324.7190856933594,83.38140106201172,41.39289855957031,58.856300354003906
327.32470703125,82.69869995117188,41.08610153198242,58.404300689697266
324.1167907714844,84.55950164794922,42.19900131225586,57.644500732421875
326.5633850097656,83.31880187988281,40.75389862060547,57.27439880371094
324.6712951660156,84.26809692382812,40.69139862060547,56.3286018371582
325.3785095214844,82.4385986328125,43.01359939575195,61.022701263427734
326.4425048828125,84.64649963378906,40.00749969482422,57.156700134277344
326.8046875,82.65350341796875,40.855499267578125,56.767799377441406
322.85430908203125,83.46839904785156,43.30339813232422,58.98649978637695
326.481689453125,83.90270233154297,40.15060043334961,56.5723991394043
324.97479248046875,82.67430114746094,43.315399169921875,57.45389938354492
325.1297912597656,83.40149688720703,40.847198486328125,57.691898345947266
326.33428955078125,84.10030364990234,39.48360061645508,54.822200775146484
323.31280517578125,83.1780014038086,42.471900939941406,59.251399993896484
326.52899169921875,84.07640075683594,40.47140121459961,53.753501892089844
324.31390380859375,85.08930206298828,42.19810104370117,59.209999084472656
325.0664978027344,81.78949737548828,41.84349822998047,58.5901985168457
326.3283996582031,83.35060119628906,40.299400329589844,57.23680114746094
326.80731201171875,83.98889923095703,39.89250183105469,59.769500732421875
322.99578857421875,82.48259735107422,43.822898864746094,59.12649917602539
326.5043029785156,82.84739685058594,39.97269821166992,58.45330047607422
327.36639404296875,83.89679718017578,39.293701171875,56.47760009765625
323.3133850097656,82.02909851074219,42.9807014465332,60.29389953613281
326.2521057128906,83.0197982788086,39.410099029541016,57.6239013671875
327.71490478515625,84.21029663085938,41.257301330566406,59.759300231933594
323.8258056640625,82.66169738769531,44.53499984741211,56.74300003051758
325.9287109375,82.64990234375,42.998600006103516,57.94729995727539
328.1191101074219,83.86540222167969,40.73030090332031,55.912601470947266
322.1575927734375,83.58679962158203,46.395198822021484,58.834598541259766
327.3515930175781,82.47440338134766,39.648799896240234,58.239601135253906
326.9789123535156,84.14230346679688,38.585201263427734,57.824798583984375
327.92449951171875,82.78790283203125,42.5547981262207,54.024200439453125
326.555908203125,82.635498046875,39.767601013183594,57.136199951171875
328.2466125488281,83.1438980102539,43.302799224853516,59.40399932861328
327.760986328125,84.11519622802734,41.062801361083984,53.45909881591797
328.6983947753906,84.25379943847656,39.22679901123047,59.65919876098633
328.6133117675781,82.96929931640625,40.36709976196289,57.447601318359375
329.27508544921875,83.29530334472656,40.192100524902344,58.846500396728516
328.306884765625,83.81629943847656,39.894100189208984,53.9818000793457
330.3210144042969,84.38040161132812,40.52439880371094,58.11130142211914
325.4762878417969,82.87979888916016,43.524898529052734,56.01689910888672
330.4707946777344,83.71790313720703,40.6234016418457,57.835899353027344
325.6120910644531,82.8292007446289,43.53879928588867,57.5182991027832
329.26458740234375,83.64360046386719,41.61650085449219,56.70930099487305
328.58758544921875,84.02770233154297,40.707298278808594,60.42219924926758
328.3074951171875,83.52179718017578,42.10300064086914,56.55799865722656
329.818603515625,83.04060363769531,40.926700592041016,56.945899963378906
328.59210205078125,83.84880065917969,41.378299713134766,57.106998443603516
327.6787109375,84.02539825439453,41.68579864501953,54.98249816894531
326.401611328125,84.61959838867188,41.3213005065918,58.21910095214844
329.0072937011719,85.29959869384766,41.75419998168945,53.63010025024414
324.8837890625,84.63749694824219,43.39830017089844,56.000701904296875
327.6311950683594,85.02629852294922,38.19969940185547,54.53810119628906
327.6357116699219,84.34809875488281,41.936100006103516,59.68550109863281
328.4602966308594,84.5374984741211,40.34560012817383,59.52289962768555
326.401611328125,84.3323974609375,42.14440155029297,59.171600341796875
326.09228515625,85.08599853515625,42.90639877319336,56.575801849365234
325.4660949707031,85.82209777832031,42.904998779296875,56.25640106201172
326.7681884765625,86.47319793701172,40.988800048828125,53.43159866333008
324.95831298828125,84.48429870605469,42.9109001159668,57.745399475097656
327.2550048828125,85.64240264892578,39.074501037597656,54.717201232910156
323.6018981933594,82.90989685058594,43.57120132446289,57.570499420166016
325.3293151855469,84.64129638671875,39.826499938964844,56.193199157714844
324.73199462890625,84.056396484375,41.735198974609375,58.178199768066406
326.2449035644531,85.61389923095703,40.53929901123047,54.67900085449219
322.8736877441406,84.71199798583984,44.160301208496094,59.5901985168457
323.3916931152344,83.65390014648438,43.558998107910156,61.14039993286133
324.50579833984375,85.03980255126953,41.42639923095703,58.88990020751953
325.5392150878906,86.08480072021484,38.74850082397461,53.82640075683594
321.02178955078125,84.82879638671875,46.23360061645508,59.41569900512695
322.6062927246094,84.29049682617188,43.434898376464844,59.257999420166016
324.98480224609375,86.75260162353516,39.44770050048828,55.23860168457031
321.4639892578125,84.96320343017578,42.16680145263672,52.47370147705078
323.25201416015625,85.0791015625,41.11259841918945,57.447200775146484
325.2508850097656,86.131103515625,38.29779815673828,52.90679931640625
321.77069091796875,85.4552001953125,42.83259963989258,56.41659927368164
322.3288879394531,85.9115982055664,42.462398529052734,53.39970016479492
324.5898132324219,85.29979705810547,40.319801330566406,56.45899963378906
324.67449951171875,85.64920043945312,40.581199645996094,53.403499603271484
322.4447021484375,84.53579711914062,44.787899017333984,58.79949951171875
323.7417907714844,85.48909759521484,41.94670104980469,55.602699279785156
323.15960693359375,85.7146987915039,42.741600036621094,56.1870002746582
324.4244079589844,86.30020141601562,41.244998931884766,52.93299865722656
321.480712890625,85.8864974975586,42.96070098876953,58.74369812011719
321.70050048828125,83.39749908447266,43.878299713134766,57.222999572753906
324.2742004394531,84.87699890136719,40.500301361083984,55.462799072265625
324.3109130859375,84.34950256347656,40.127498626708984,56.22439956665039
324.744384765625,84.82710266113281,42.36579895019531,58.04169845581055
325.49798583984375,86.1771011352539,41.23099899291992,55.86629867553711
322.3656921386719,84.50749969482422,43.60200119018555,58.077701568603516
323.74749755859375,84.9583969116211,42.64979934692383,53.87820053100586
324.4295959472656,85.06310272216797,41.30849838256836,58.920799255371094
321.7890930175781,82.22969818115234,45.01750183105469,59.535400390625
324.54949951171875,84.20549774169922,41.68669891357422,57.200801849365234
324.8987121582031,85.21600341796875,43.75,55.539100646972656
323.610107421875,85.64689636230469,43.68149948120117,58.70050048828125
321.81500244140625,84.05480194091797,46.61399841308594,57.55690002441406
325.35308837890625,84.32939910888672,40.937400817871094,56.74800109863281
326.7134094238281,84.00920104980469,40.03120040893555,58.88970184326172
326.59051513671875,85.03040313720703,40.15769958496094,54.70690155029297
323.0849914550781,84.50759887695312,43.52939987182617,58.30569839477539
325.8623046875,83.05229949951172,40.950199127197266,55.52289962768555
324.6105041503906,84.4469985961914,41.920799255371094,59.349300384521484
326.006591796875,83.66929626464844,41.66189956665039,58.52629852294922
325.0668029785156,84.23709869384766,41.53369903564453,55.72129821777344
329.16339111328125,82.243896484375,39.41809844970703,60.40570068359375
325.4303894042969,85.76470184326172,41.11389923095703,54.57849884033203
328.2445068359375,82.31169891357422,41.80759811401367,58.36629867553711
326.8565979003906,85.31079864501953,39.13850021362305,54.62649917602539
329.2703857421875,82.41290283203125,39.97710037231445,59.65140151977539
327.902099609375,85.7426986694336,39.41080093383789,52.037899017333984
326.3865051269531,82.5823974609375,43.85499954223633,60.31399917602539
328.4202880859375,83.94149780273438,40.827999114990234,58.96080017089844
329.8269958496094,83.70339965820312,39.4370002746582,57.21620178222656
326.3504943847656,84.11920166015625,42.449100494384766,55.690101623535156
329.0898132324219,83.74669647216797,40.309200286865234,58.9739990234375
329.389892578125,84.92240142822266,39.427799224853516,54.66490173339844
327.05340576171875,83.6843032836914,44.00149917602539,60.144798278808594
330.58380126953125,84.09290313720703,40.54079818725586,57.975101470947266
324.9967956542969,83.5895004272461,45.224998474121094,54.166500091552734
329.4502868652344,81.7865982055664,44.60860061645508,61.617801666259766
326.760498046875,81.75659942626953,44.24599838256836,57.65589904785156
330.364013671875,82.64910125732422,40.76860046386719,60.90620040893555
326.8517150878906,83.77369689941406,42.4099006652832,57.24100112915039
329.2456970214844,82.72160339355469,41.05270004272461,61.4630012512207
328.37579345703125,83.43009948730469,40.97930145263672,57.41120147705078
330.2117919921875,83.54820251464844,37.17430114746094,57.33250045776367
323.8179931640625,82.3655014038086,45.70109939575195,59.581298828125
327.4014892578125,83.714599609375,42.54949951171875,54.169700622558594
325.4273986816406,83.38690185546875,41.965599060058594,57.24800109863281
326.4350891113281,83.11949920654297,41.386600494384766,59.095401763916016
324.7515869140625,84.21990203857422,42.01900100708008,57.28839874267578
326.94891357421875,84.47889709472656,40.67380142211914,56.77119827270508
323.2958984375,84.393798828125,42.37860107421875,57.17829895019531
324.71429443359375,83.627197265625,42.86220169067383,56.528499603271484
325.47698974609375,84.7344970703125,39.67580032348633,57.26729965209961
324.36810302734375,80.65039825439453,43.07109832763672,60.106998443603516
325.3828125,83.56629943847656,40.47589874267578,55.185699462890625
323.2854919433594,84.27469635009766,43.349700927734375,55.31370162963867
325.5421142578125,83.69960021972656,42.57429885864258,56.76409912109375
326.7379150390625,84.36000061035156,39.36669921875,57.54240036010742
323.5801086425781,82.18679809570312,44.79629898071289,57.52119827270508
326.2987060546875,83.43820190429688,39.84519958496094,54.73970031738281
324.3086853027344,83.91000366210938,44.99760055541992,57.19559860229492
326.8638000488281,84.14230346679688,41.76250076293945,56.59130096435547
326.87921142578125,84.74140167236328,40.55670166015625,54.08449935913086
325.4418029785156,82.46640014648438,43.780799865722656,55.0177001953125
324.9891052246094,84.7489013671875,43.199501037597656,57.507598876953125
322.11029052734375,81.30729675292969,47.54909896850586,56.838199615478516
323.8507080078125,82.90370178222656,44.02349853515625,53.107398986816406
324.3443908691406,81.55989837646484,44.78990173339844,60.293399810791016
324.5057067871094,81.88500213623047,47.207000732421875,57.741798400878906
325.7937927246094,83.06109619140625,42.407100677490234,55.70220184326172
327.2662048339844,82.32009887695312,42.890098571777344,60.173301696777344
327.9189147949219,84.7509994506836,40.134700775146484,53.27790069580078
327.2738037109375,81.83540344238281,42.72869873046875,57.18000030517578
326.9363098144531,83.79290008544922,39.13869857788086,57.577598571777344
325.247802734375,81.97660064697266,45.48350143432617,52.964698791503906
327.4202880859375,82.70089721679688,41.1067008972168,59.74580001831055
328.49560546875,83.14520263671875,42.55189895629883,54.899600982666016
324.59588623046875,82.79820251464844,45.8047981262207,53.80189895629883
326.58221435546875,83.56109619140625,44.2489013671875,55.82339859008789
328.8653869628906,83.65049743652344,39.95140075683594,53.472198486328125
326.81549072265625,82.6261978149414,45.62689971923828,59.16630172729492
328.9021911621094,83.78900146484375,40.944000244140625,55.4463005065918
326.27398681640625,83.42849731445312,44.898399353027344,56.1797981262207
331.02398681640625,82.39559936523438,38.9474983215332,56.29650115966797
325.2615966796875,82.82959747314453,44.269500732421875,58.03710174560547
329.6709899902344,83.22270202636719,41.01639938354492,55.09830093383789
324.73968505859375,83.0250015258789,44.016700744628906,58.00630187988281
328.0011901855469,82.79340362548828,41.902000427246094,55.99140167236328
328.0924072265625,83.214599609375,41.23979949951172,56.24729919433594
327.87359619140625,82.92639923095703,43.1797981262207,55.9552001953125
328.8476867675781,82.21040344238281,40.41279983520508,57.44150161743164
325.41839599609375,82.8604965209961,43.69960021972656,59.80039978027344
327.5965881347656,84.15480041503906,43.36819839477539,53.63909912109375
325.6607971191406,82.8490982055664,43.703800201416016,59.7765998840332
327.9009094238281,84.34339904785156,43.3047981262207,53.30939865112305
326.65631103515625,82.62069702148438,42.93389892578125,60.949501037597656
327.33331298828125,82.34480285644531,43.90840148925781,58.26470184326172
329.1095886230469,84.09770202636719,39.8302001953125,54.75230026245117
323.76141357421875,81.77020263671875,45.44820022583008,60.858699798583984
327.606201171875,82.50740051269531,43.46189880371094,58.238399505615234
328.4898986816406,82.69000244140625,42.06290054321289,54.32490158081055
326.26129150390625,81.81809997558594,43.59239959716797,62.00189971923828
329.0650939941406,83.02020263671875,41.589298248291016,55.695098876953125
327.6715087890625,82.45770263671875,43.40800094604492,60.9275016784668
329.6986999511719,82.83300018310547,43.32680130004883,59.5525016784668
328.2821044921875,83.73480224609375,41.82429885864258,52.902000427246094
328.8764953613281,83.08899688720703,41.622398376464844,60.12220001220703
329.8783874511719,81.65730285644531,43.447601318359375,60.41579818725586
329.6658020019531,83.13939666748047,39.841400146484375,55.9838981628418
329.7427978515625,84.03730010986328,44.955101013183594,58.411800384521484
325.1051940917969,83.6259994506836,45.0432014465332,55.835899353027344
330.3240051269531,81.2771987915039,44.47650146484375,57.5900993347168
326.5692138671875,83.50469970703125,43.62160110473633,58.325599670410156
330.3756103515625,83.36699676513672,43.595401763916016,55.23160171508789
325.6639099121094,84.05729675292969,45.13140106201172,57.826698303222656
330.06781005859375,83.83740234375,42.67279815673828,56.991798400878906
329.1711120605469,84.12809753417969,44.960899353027344,57.4093017578125
327.43798828125,83.60359954833984,43.832401275634766,56.024600982666016
331.3738098144531,82.24569702148438,42.309600830078125,56.55039978027344
325.22039794921875,82.27559661865234,45.882598876953125,59.229000091552734
329.4317932128906,82.33170318603516,42.16740036010742,57.083099365234375
330.37548828125,82.03720092773438,42.705101013183594,58.18939971923828
329.9827880859375,82.73629760742188,42.04079818725586,60.73379898071289
329.50640869140625,82.02259826660156,42.331199645996094,58.88159942626953
333.08709716796875,81.84519958496094,40.24489974975586,58.5
327.91949462890625,83.19550323486328,42.89469909667969,56.79819869995117
332.2261047363281,82.11479949951172,43.648799896240234,55.38850021362305
327.1859130859375,81.47489929199219,44.681400299072266,57.61650085449219
331.37701416015625,80.60549926757812,44.342899322509766,58.338199615478516
329.610595703125,81.35440063476562,41.879600524902344,62.014400482177734
332.847412109375,81.33039855957031,40.5807991027832,60.060699462890625
332.03009033203125,82.61969757080078,42.70280075073242,61.40700149536133
332.1615905761719,82.18550109863281,41.905799865722656,55.61389923095703
334.8435974121094,81.24420166015625,40.47779846191406,58.10559844970703
332.53900146484375,83.03209686279297,43.00669860839844,55.392601013183594
336.1903076171875,81.86129760742188,42.3307991027832,54.89720153808594
334.2421875,80.8749008178711,41.45920181274414,63.11650085449219
338.4576110839844,80.46880340576172,42.306400299072266,60.40359878540039
336.9955139160156,83.89620208740234,44.03919982910156,58.27909851074219
337.6867980957031,82.03720092773438,43.807098388671875,61.624900817871094
339.0708923339844,82.49970245361328,46.3916015625,63.03409957885742
339.2847900390625,82.11419677734375,44.1421012878418,59.223201751708984
341.5517883300781,81.03150177001953,46.491798400878906,64.65360260009766
340.16900634765625,82.37940216064453,44.17250061035156,57.535499572753906
340.1282958984375,81.65969848632812,48.516700744628906,64.84519958496094
340.4963073730469,79.34380340576172,46.19169998168945,58.75450134277344
340.3059997558594,82.94170379638672,42.19540023803711,57.46070098876953
338.65460205078125,85.60489654541016,42.335601806640625,55.4380989074707
333.5285949707031,81.88500213623047,46.587501525878906,58.722900390625
331.6885070800781,84.97370147705078,46.773101806640625,55.38460159301758
327.43109130859375,83.10230255126953,51.644798278808594,56.60390090942383
323.7471923828125,81.60150146484375,51.61989974975586,54.87889862060547
319.3599853515625,80.52369689941406,57.1432991027832,55.26449966430664
317.13079833984375,78.25479888916016,52.68149948120117,58.75230026245117
310.9840087890625,78.17389678955078,56.503299713134766,58.062198638916016
311.6990966796875,78.14230346679688,55.95539855957031,55.72930145263672
332.860107421875,137.12750244140625,111.35900115966797,47.003299713134766
274.20849609375,127.59369659423828,157.07859802246094,59.234500885009766
258.11151123046875,109.85350036621094,185.75570678710938,100.4271011352539
251.61129760742188,91.15360260009766,191.4604034423828,119.52310180664062
252.05380249023438,112.88009643554688,188.28179931640625,105.70459747314453
245.13270568847656,95.42179870605469,195.98590087890625,126.19309997558594
242.78750610351562,101.5447006225586,191.82249450683594,126.92870330810547
242.1894073486328,105.74299621582031,192.18910217285156,122.3479995727539
244.6688995361328,99.9302978515625,190.118896484375,144.23260498046875
247.89529418945312,93.18840026855469,182.65159606933594,168.5308074951172
252.8699951171875,94.99559783935547,183.64720153808594,186.67799377441406
255.30780029296875,92.11900329589844,183.7259063720703,191.39109802246094
262.4632873535156,91.02890014648438,191.54359436035156,212.15640258789062
266.1225891113281,89.2385025024414,202.04220581054688,231.7595977783203
267.46099853515625,95.12979888916016,208.32119750976562,249.8730926513672
273.17340087890625,92.44519805908203,211.89019775390625,251.69509887695312
284.37091064453125,98.36759948730469,211.61610412597656,250.90310668945312
294.4372863769531,103.66329956054688,218.14059448242188,248.01010131835938
285.8244934082031,108.36270141601562,239.24789428710938,242.47250366210938
289.27099609375,109.89859771728516,255.5457000732422,239.47560119628906
299.6167907714844,114.02729797363281,253.35850524902344,236.60470581054688
305.4031982421875,121.05760192871094,262.4419860839844,233.0677032470703
306.4028015136719,129.35890197753906,275.0046081542969,223.841796875
299.57220458984375,139.0989990234375,286.7995910644531,206.34249877929688
300.4010925292969,146.2722930908203,300.2803955078125,199.2696075439453
298.9023132324219,146.2978973388672,299.3941955566406,205.45669555664062
