1
277.80120849609375,211.13900756835938,56.27690124511719,78.589599609375
276.6499938964844,209.79750061035156,57.48469924926758,86.46540069580078
272.2148132324219,208.29400634765625,59.48609924316406,82.09829711914062
269.031494140625,208.03810119628906,62.25360107421875,82.57820129394531
266.5504150390625,205.91969299316406,61.623199462890625,80.52210235595703
266.2442932128906,206.2322998046875,60.55440139770508,82.53890228271484
263.3387145996094,204.6905975341797,61.667598724365234,82.2417984008789
260.1275939941406,202.91799926757812,63.95819854736328,74.6854019165039
257.9815979003906,200.5980987548828,56.5536994934082,70.04419708251953
259.2012023925781,197.4683074951172,57.51070022583008,66.15950012207031
254.58970642089844,198.3323974609375,72.15869903564453,60.4640998840332
256.0538024902344,196.48779296875,66.90750122070312,60.71730041503906
252.0550994873047,195.08889770507812,72.50330352783203,74.16850280761719
248.877197265625,195.5218963623047,77.3552017211914,71.0031967163086
247.38409423828125,192.64340209960938,68.58910369873047,69.41449737548828
245.80670166015625,191.9571075439453,75.20130157470703,62.76380157470703
244.9152069091797,192.8614959716797,76.17729949951172,58.01240158081055
243.96319580078125,193.46380615234375,69.07340240478516,61.24660110473633
243.1237030029297,193.02960205078125,78.4656982421875,57.670799255371094
242.87890625,194.7397003173828,56.70970153808594,42.6161994934082
244.6053924560547,194.54339599609375,76.15059661865234,41.76729965209961
248.0478057861328,196.96490478515625,75.95950317382812,58.936798095703125
245.43389892578125,200.9445037841797,59.064300537109375,47.28260040283203
247.50509643554688,193.02439880371094,76.6011962890625,59.66189956665039
248.82260131835938,195.30450439453125,74.99169921875,60.2218017578125
246.6085968017578,191.72779846191406,77.34020233154297,63.55929946899414
246.7769012451172,194.60409545898438,69.86380004882812,61.0786018371582
248.5408935546875,190.2570037841797,76.83769989013672,65.54630279541016
251.64089965820312,190.93099975585938,72.86209869384766,71.0363998413086
251.82470703125,192.00230407714844,75.09459686279297,70.02239990234375
253.15370178222656,192.2678985595703,74.83200073242188,73.0521011352539
254.55650329589844,192.79710388183594,76.71289825439453,75.85250091552734
256.3027038574219,194.85150146484375,78.05660247802734,75.26629638671875
257.7589111328125,198.0518035888672,80.05229949951172,75.86070251464844
260.7464904785156,200.59140014648438,79.1709976196289,76.59629821777344
263.42559814453125,199.3083953857422,79.94059753417969,79.7655029296875
264.03271484375,204.8498992919922,81.96620178222656,77.99810028076172
264.4921875,211.88330078125,80.72350311279297,73.44170379638672
266.51690673828125,217.12210083007812,81.60310363769531,70.38150024414062
266.68389892578125,203.1378936767578,80.64830017089844,83.24710083007812
264.89910888671875,215.5500946044922,78.80439758300781,70.47879791259766
263.3064880371094,206.65570068359375,78.43669891357422,79.13580322265625
262.3833923339844,203.37969970703125,75.9834976196289,82.28690338134766
261.6849060058594,205.20889282226562,70.17639923095703,77.79000091552734
261.2699890136719,209.05599975585938,66.72329711914062,68.53389739990234
262.0067138671875,208.91580200195312,67.0071029663086,65.16780090332031
262.21600341796875,208.83309936523438,74.20829772949219,64.72129821777344
259.2213134765625,212.78109741210938,52.93550109863281,59.993499755859375
255.9044952392578,212.60459899902344,76.11720275878906,60.39939880371094
254.22230529785156,212.53199768066406,76.44889831542969,53.6875
255.4658966064453,211.35360717773438,76.11530303955078,48.86669921875
253.0417022705078,209.13180541992188,76.64679718017578,51.619300842285156
258.3634948730469,207.86729431152344,69.79509735107422,44.37200164794922
255.57240295410156,204.44760131835938,67.9729995727539,50.00360107421875
256.45361328125,203.84469604492188,82.056396484375,64.39800262451172
260.5203857421875,202.67849731445312,68.33350372314453,46.251800537109375
257.6590881347656,200.58580017089844,78.0000991821289,68.32209777832031
258.3734130859375,196.67880249023438,72.69950103759766,63.85860061645508
260.55938720703125,197.36439514160156,61.747398376464844,53.12540054321289
259.4833984375,194.98500061035156,72.32990264892578,71.4917984008789
256.5205993652344,193.72439575195312,78.97450256347656,74.82330322265625
253.37319946289062,191.7958984375,79.88240051269531,76.02980041503906
242.83729553222656,188.2581024169922,88.14620208740234,72.66390228271484
272.4324951171875,218.99839782714844,61.67620086669922,59.601600646972656
267.78070068359375,215.20030212402344,64.88179779052734,68.16940307617188
265.3623046875,206.0767059326172,62.14400100708008,52.82569885253906
259.3655090332031,208.6479034423828,62.54330062866211,66.96749877929688
239.84100341796875,177.6136016845703,69.69999694824219,86.14939880371094
224.91470336914062,184.92120361328125,73.58879852294922,74.0602035522461
208.75070190429688,183.1352996826172,74.85600280761719,75.10479736328125
187.9752960205078,155.84019470214844,85.9926986694336,95.06559753417969
172.16799926757812,200.42630004882812,115.13059997558594,62.872100830078125
149.40859985351562,157.76719665527344,91.21070098876953,88.44539642333984
130.2353973388672,155.6331024169922,91.83979797363281,102.03009796142578
116.18589782714844,153.45809936523438,86.54149627685547,102.3490982055664
99.30419921875,157.35850524902344,87.93550109863281,92.23139953613281
83.07050323486328,156.64939880371094,82.42230224609375,101.09110260009766
66.00289916992188,163.3607940673828,79.3290023803711,96.4175033569336
50.34260177612305,153.86639404296875,84.74369812011719,106.01290130615234
35.06129837036133,155.97500610351562,82.32129669189453,101.98880004882812
18.6117000579834,151.1829071044922,91.55400085449219,108.30650329589844
3.70740008354187,159.606201171875,80.34750366210938,96.73069763183594
0.5590999722480774,159.37139892578125,79.96589660644531,96.34040069580078
0.23019999265670776,166.55230712890625,69.30419921875,87.38849639892578
1.1891000270843506,167.06199645996094,55.42359924316406,90.90789794921875
1.4628000259399414,164.55099487304688,47.10070037841797,92.97630310058594
1.0820000171661377,160.56539916992188,39.38600158691406,98.76599884033203
0.31610000133514404,161.50450134277344,35.3120002746582,97.8595962524414
0.3310999870300293,162.60879516601562,30.5044002532959,97.3634033203125
0.04910000041127205,168.75289916992188,26.875099182128906,91.68830108642578
0.7239000201225281,171.52330017089844,23.357500076293945,88.15489959716797
1.154099941253662,172.8031005859375,21.275800704956055,85.24199676513672
1.0807000398635864,173.58270263671875,20.048900604248047,85.28040313720703
0.8353999853134155,171.67779541015625,19.71980094909668,86.15180206298828
0.7346000075340271,169.85150146484375,19.506099700927734,86.51110076904297
0.3377000093460083,167.8052978515625,19.789899826049805,85.57520294189453
0.12160000205039978,167.40280151367188,20.398500442504883,84.46820068359375
0.1428000032901764,165.11749267578125,21.666400909423828,84.3280029296875
0.7123000025749207,160.91250610351562,24.388200759887695,86.3406982421875
0.6636999845504761,155.33509826660156,27.782899856567383,90.87059783935547
0.20559999346733093,153.27349853515625,35.11280059814453,92.47669982910156
0.17149999737739563,153.14349365234375,40.75790023803711,90.1677017211914
1.1692999601364136,149.6688995361328,45.98249816894531,93.12519836425781
0.9628999829292297,150.55909729003906,52.066898345947266,90.033203125
1.1933000087738037,144.9499969482422,58.22909927368164,93.37169647216797
1.1759999990463257,161.497802734375,63.001399993896484,73.74960327148438
1.9276000261306763,146.5572967529297,78.52970123291016,88.12969970703125
10.409799575805664,142.4573974609375,73.80570220947266,89.02490234375
20.64259910583496,138.99009704589844,79.54989624023438,92.34010314941406
31.791500091552734,135.90980529785156,73.4395980834961,91.90760040283203
42.83549880981445,137.86749267578125,74.0281982421875,89.08699798583984
54.522701263427734,142.85569763183594,74.33399963378906,81.81449890136719
64.55999755859375,129.5167999267578,76.91680145263672,90.30159759521484
73.59449768066406,127.83460235595703,73.22429656982422,91.78780364990234
83.96810150146484,132.61500549316406,69.57009887695312,85.83209991455078
91.85430145263672,135.76600646972656,67.0635986328125,80.95590209960938
99.91320037841797,130.75759887695312,67.96499633789062,86.36150360107422
107.72949981689453,137.1457977294922,64.57379913330078,80.87229919433594
116.45369720458984,134.04550170898438,67.26629638671875,82.85160064697266
125.85459899902344,136.4405059814453,58.89910125732422,79.06169891357422
135.13800048828125,136.4445037841797,61.0806999206543,80.24349975585938
144.54690551757812,136.73570251464844,63.22050094604492,83.18219757080078
156.68370056152344,141.39089965820312,55.789100646972656,80.89779663085938
168.14810180664062,136.01370239257812,60.7041015625,87.34190368652344
243.46929931640625,211.7574005126953,91.47989654541016,36.7234001159668
214.27439880371094,199.52830505371094,126.49739837646484,52.16379928588867
247.35690307617188,210.17349243164062,88.52169799804688,37.32059860229492
243.89830017089844,214.20550537109375,91.50489807128906,34.21039962768555
234.77960205078125,208.014404296875,101.3114013671875,39.930599212646484
238.34910583496094,196.13479614257812,98.4292984008789,53.39509963989258
241.01400756835938,198.57940673828125,91.839599609375,50.36880111694336
243.70230102539062,198.36279296875,91.61930084228516,50.80950164794922
244.71209716796875,197.10189819335938,90.69059753417969,52.4552001953125
245.1385955810547,199.54110717773438,90.05619812011719,50.13859939575195
244.95359802246094,201.53599548339844,90.71839904785156,46.794898986816406
244.42489624023438,205.08360290527344,91.48799896240234,43.744300842285156
245.9394989013672,203.08670043945312,94.04409790039062,45.18199920654297
245.51119995117188,210.8939971923828,89.33679962158203,37.248600006103516
244.20799255371094,209.489501953125,96.92489624023438,39.36199951171875
243.03309631347656,211.3524932861328,96.71099853515625,37.899600982666016
231.63670349121094,156.45770263671875,147.21240234375,113.78099822998047
244.15879821777344,214.66090393066406,97.25150299072266,37.55120086669922
244.67820739746094,187.04469299316406,129.1584014892578,69.63159942626953
243.41920471191406,199.05540466308594,111.47969818115234,51.76499938964844
238.57980346679688,168.2017059326172,158.9311065673828,85.31680297851562
245.43690490722656,215.993896484375,93.03130340576172,34.133399963378906
245.13360595703125,211.76939392089844,92.33200073242188,35.62139892578125
244.52870178222656,211.2261962890625,93.1511001586914,36.6161994934082
244.54190063476562,211.1262969970703,92.64759826660156,36.785400390625
244.27850341796875,211.67359924316406,92.30919647216797,36.131099700927734
244.872802734375,211.60560607910156,92.87439727783203,36.18949890136719
244.43130493164062,211.839599609375,92.10299682617188,36.43080139160156
244.8917999267578,211.4925994873047,92.5519027709961,36.65610122680664
244.3975067138672,212.41419982910156,92.45919799804688,36.297000885009766
244.82899475097656,212.4799041748047,92.24610137939453,35.08580017089844
244.87950134277344,212.4438018798828,94.4563980102539,36.434898376464844
243.57049560546875,213.22999572753906,97.69080352783203,35.18840026855469
243.15040588378906,211.51080322265625,108.4271011352539,37.00429916381836
245.18479919433594,214.1613006591797,115.21959686279297,34.118900299072266
243.5991973876953,211.50289916992188,92.68890380859375,34.15340042114258
242.68980407714844,210.4936065673828,91.67060089111328,37.09939956665039
242.34039306640625,211.8946075439453,96.28019714355469,36.5443000793457
243.83030700683594,212.1905059814453,95.86869812011719,35.39360046386719
243.19850158691406,210.7808074951172,105.71790313720703,37.109500885009766
243.89739990234375,212.6446990966797,117.61060333251953,35.04209899902344
242.91050720214844,211.98179626464844,95.39900207519531,33.27640151977539
242.9799041748047,211.90750122070312,101.6968002319336,35.79840087890625
243.5592041015625,212.04859924316406,106.79029846191406,35.711299896240234
242.63619995117188,212.97579956054688,112.69270324707031,35.27199935913086
245.16700744628906,212.19320678710938,113.42739868164062,35.548301696777344
242.56480407714844,212.76519775390625,93.36740112304688,36.46969985961914
242.57809448242188,212.23899841308594,93.72250366210938,35.653900146484375
243.44479370117188,212.86929321289062,91.81210327148438,35.10380172729492
244.57119750976562,212.83790588378906,91.23149871826172,35.6077995300293
243.9842987060547,211.7805938720703,91.92880249023438,35.539798736572266
245.07110595703125,211.781005859375,92.2426986694336,36.38529968261719
245.29339599609375,211.64149475097656,92.15709686279297,36.53960037231445
243.6217041015625,212.11810302734375,93.54720306396484,36.39979934692383
244.5489044189453,212.40870666503906,92.02239990234375,35.8489990234375
243.10659790039062,211.93910217285156,93.19120025634766,36.628299713134766
243.49710083007812,211.3824005126953,93.73799896240234,36.7504997253418
243.33189392089844,211.51829528808594,92.67739868164062,37.07929992675781
244.7313995361328,211.12939453125,91.61720275878906,35.72869873046875
244.3249053955078,211.2028045654297,91.81670379638672,37.224098205566406
244.74899291992188,211.64340209960938,92.05919647216797,36.41019821166992
242.91180419921875,211.7093048095703,93.74629974365234,35.85430145263672
242.7042999267578,211.1719970703125,93.48249816894531,36.14080047607422
242.1383056640625,211.53729248046875,94.01390075683594,35.937599182128906
242.48460388183594,212.30029296875,93.41490173339844,35.41790008544922
242.02890014648438,211.6053009033203,93.8915023803711,35.732398986816406
242.00950622558594,212.19149780273438,94.19979858398438,36.36830139160156
241.0240936279297,211.9237060546875,94.0728988647461,35.69879913330078
242.06390380859375,210.86720275878906,94.26599884033203,36.11220169067383
241.72650146484375,211.65589904785156,94.38079833984375,36.137699127197266
241.7122039794922,211.76600646972656,94.15390014648438,35.48889923095703
241.80029296875,210.7091064453125,94.27439880371094,36.28779983520508
240.97030639648438,210.64309692382812,95.10089874267578,37.27109909057617
241.25360107421875,210.45809936523438,95.07759857177734,37.07550048828125
240.82789611816406,210.8079071044922,95.13030242919922,37.37139892578125
241.01199340820312,210.56619262695312,95.2489013671875,37.24530029296875
241.01699829101562,210.55960083007812,95.36150360107422,36.831298828125
240.00439453125,210.7998046875,95.8594970703125,37.353599548339844
241.50779724121094,211.64779663085938,94.65579986572266,36.95130157470703
240.714599609375,211.47039794921875,96.04019927978516,35.86140060424805
240.625,211.22219848632812,95.27369689941406,36.208900451660156
240.21730041503906,211.28610229492188,95.52909851074219,36.41790008544922
240.85440063476562,211.85009765625,95.19429779052734,37.04790115356445
241.2509002685547,211.85299682617188,95.3395004272461,36.48149871826172
241.00860595703125,211.47410583496094,95.36419677734375,36.44369888305664
240.910400390625,211.36709594726562,94.68779754638672,36.02790069580078
240.5009002685547,212.3563995361328,95.80439758300781,36.28340148925781
241.1197052001953,212.31239318847656,95.52259826660156,35.98419952392578
241.25759887695312,211.14059448242188,95.32119750976562,36.4541015625
240.99380493164062,211.5343017578125,94.75460052490234,37.14870071411133
240.8957061767578,211.402099609375,95.20110321044922,36.28020095825195
241.59930419921875,210.78500366210938,94.89790344238281,36.75979995727539
240.68899536132812,210.443603515625,93.51190185546875,37.24140167236328
241.09860229492188,210.83450317382812,94.8488998413086,36.83100128173828
240.07839965820312,210.5605926513672,95.37629699707031,36.93190002441406
239.8300018310547,210.7097930908203,95.45829772949219,37.668701171875
240.335693359375,210.52340698242188,94.30950164794922,36.99700164794922
240.2248992919922,210.67210388183594,95.50029754638672,36.829898834228516
239.95230102539062,211.0052032470703,95.19709777832031,37.706199645996094
239.87130737304688,211.33619689941406,96.12249755859375,36.68439865112305
239.37840270996094,210.61309814453125,96.86840057373047,37.07339859008789
239.88890075683594,211.18370056152344,95.57929992675781,37.46860122680664
239.83380126953125,211.11090087890625,95.80650329589844,37.34859848022461
239.10890197753906,210.0762939453125,97.46990203857422,38.224998474121094
240.39610290527344,209.98800659179688,96.2844009399414,38.74369812011719
239.86570739746094,210.69850158691406,97.72769927978516,37.960899353027344
239.83189392089844,209.7313995361328,95.40660095214844,38.69089889526367
240.3159942626953,209.9040985107422,95.9219970703125,39.46149826049805
240.49380493164062,210.3917999267578,95.12039947509766,39.049400329589844
241.07769775390625,209.6448974609375,94.94650268554688,39.34260177612305
240.35560607910156,208.80160522460938,97.07649993896484,40.099098205566406
240.69459533691406,210.0644989013672,95.0510025024414,38.580501556396484
240.5742950439453,206.67840576171875,97.60559844970703,42.51029968261719
241.1855926513672,203.62640380859375,95.68720245361328,46.544898986816406
241.1020050048828,205.50469970703125,95.25170135498047,45.224700927734375
240.8603973388672,211.4429931640625,96.27310180664062,39.375301361083984
241.75469970703125,208.3404998779297,95.13790130615234,40.32659912109375
240.5157012939453,209.63589477539062,96.62090301513672,39.88880157470703
239.73719787597656,213.3365936279297,98.19390106201172,36.27090072631836
243.9346923828125,172.57420349121094,72.85900115966797,39.0724983215332
242.22950744628906,202.1060028076172,94.57260131835938,44.74610137939453
242.80369567871094,177.5095977783203,91.30500030517578,70.30229949951172
240.54769897460938,167.2274932861328,95.07969665527344,81.40290069580078
239.9425048828125,208.8123016357422,97.39140319824219,39.63330078125
248.298095703125,165.67019653320312,60.3828010559082,51.5640983581543
247.5518035888672,165.56100463867188,60.80329895019531,50.79309844970703
245.89419555664062,165.7332000732422,62.028099060058594,51.419498443603516
245.1154022216797,168.0988006591797,62.905799865722656,53.164100646972656
244.1118927001953,167.49569702148438,66.12899780273438,52.52330017089844
242.69090270996094,168.86000061035156,68.04900360107422,51.080101013183594
242.06500244140625,169.99440002441406,72.08799743652344,53.09080123901367
241.93460083007812,170.5384979248047,77.80110168457031,54.39699935913086
246.33580017089844,174.70199584960938,69.06410217285156,59.812198638916016
242.07650756835938,181.52330017089844,95.48480224609375,66.96530151367188
259.6924133300781,183.85060119628906,69.82939910888672,60.11399841308594
255.51980590820312,187.5872039794922,73.28730010986328,59.48720169067383
258.42340087890625,188.8791961669922,70.43199920654297,59.011600494384766
256.0726013183594,188.9853973388672,80.31120300292969,58.37699890136719
262.72088623046875,187.88450622558594,81.50879669189453,65.78589630126953
262.4872131347656,190.8083953857422,87.2219009399414,62.1859016418457
264.2439880371094,189.46119689941406,80.84940338134766,52.45309829711914
267.4372863769531,185.22360229492188,81.6886978149414,68.69580078125
267.647705078125,186.1605987548828,88.02909851074219,77.57969665527344
266.21649169921875,189.52940368652344,93.1875,80.17420196533203
271.71881103515625,190.77020263671875,93.2427978515625,71.57009887695312
269.4750061035156,195.04220581054688,96.81390380859375,78.88710021972656
273.2460021972656,196.87249755859375,91.08470153808594,75.93499755859375
276.7398986816406,198.4615936279297,84.77020263671875,82.16169738769531
279.6520080566406,200.32460021972656,84.36100006103516,81.66179656982422
285.3019104003906,203.30780029296875,64.14530181884766,80.56939697265625
280.0013122558594,207.08160400390625,71.52570343017578,82.26909637451172
280.6780090332031,207.32130432128906,62.214599609375,85.75779724121094
282.3128967285156,206.63900756835938,59.70909881591797,88.29180145263672
282.2914123535156,208.78269958496094,60.36819839477539,89.49659729003906
283.9473876953125,218.77040100097656,58.774200439453125,81.68389892578125
274.7484130859375,217.18380737304688,67.7957992553711,83.57060241699219
281.5809020996094,224.34559631347656,60.8754997253418,83.85530090332031
284.90411376953125,232.18690490722656,58.7692985534668,75.92849731445312
285.72259521484375,227.7761993408203,57.641700744628906,79.44750213623047
284.3861083984375,216.12570190429688,57.29140090942383,91.0988998413086
281.6925964355469,224.00140380859375,59.98210144042969,85.48930358886719
280.5679931640625,217.26109313964844,61.34749984741211,92.85900115966797
279.1824951171875,230.7371063232422,62.60660171508789,81.38200378417969
280.8970947265625,229.85279846191406,61.43360137939453,82.71510314941406
281.2535095214844,233.0718994140625,61.48320007324219,81.53700256347656
286.20721435546875,234.3946990966797,58.59040069580078,80.23359680175781
285.88800048828125,238.71530151367188,60.1432991027832,80.75679779052734
284.6960144042969,227.66709899902344,61.794498443603516,96.60050201416016
285.7461853027344,232.7252960205078,61.3828010559082,94.32540130615234
281.4953918457031,236.8280029296875,67.87590026855469,93.70709991455078
288.485107421875,236.3531951904297,61.86199951171875,100.36930084228516
289.09820556640625,241.5196990966797,62.52880096435547,96.79329681396484
287.43701171875,241.32679748535156,66.29550170898438,107.03160095214844
290.12921142578125,243.54409790039062,66.13020324707031,99.90499877929688
291.41241455078125,238.7404022216797,65.71630096435547,113.14289855957031
292.8783874511719,270.1423034667969,66.23090362548828,84.93550109863281
293.623291015625,235.62559509277344,66.27259826660156,115.14440155029297
293.6073913574219,259.3858947753906,66.40619659423828,92.1239013671875
289.0965881347656,241.96629333496094,72.13189697265625,105.93260192871094
288.54180908203125,243.01109313964844,71.90180206298828,108.08740234375
276.95599365234375,238.61669921875,83.48829650878906,111.6365966796875
269.75189208984375,244.97140502929688,91.08660125732422,108.22740173339844
268.55499267578125,253.25669860839844,93.47200012207031,101.17739868164062
281.2196044921875,250.14320373535156,80.17610168457031,102.01740264892578
274.7253112792969,244.39830017089844,88.31510162353516,104.4135971069336
277.0281066894531,240.09849548339844,84.15229797363281,115.14550018310547
276.3418884277344,240.18760681152344,85.20570373535156,110.74749755859375
277.4527893066406,238.11489868164062,84.75489807128906,115.09369659423828
276.0762023925781,236.74510192871094,85.98590087890625,114.1957015991211
283.3522033691406,244.85960388183594,77.19539642333984,109.08879852294922
283.77130126953125,248.30630493164062,77.61499786376953,106.35459899902344
275.6200866699219,238.31520080566406,86.2468032836914,114.09839630126953
276.8568115234375,247.14300537109375,84.84739685058594,104.75769805908203
273.8338928222656,226.04559326171875,88.75810241699219,121.40689849853516
276.83990478515625,237.4813995361328,82.44960021972656,112.71820068359375
279.8341979980469,241.89930725097656,79.53780364990234,103.10009765625
281.5361022949219,247.71319580078125,76.39230346679688,102.93769836425781
282.1835021972656,245.97950744628906,74.9625015258789,103.54080200195312
283.368896484375,247.50790405273438,71.43509674072266,104.67949676513672
280.6037902832031,241.15750122070312,71.18499755859375,107.6697998046875
290.52239990234375,284.7663879394531,54.36220169067383,70.9657974243164
273.9884033203125,247.3040008544922,70.53620147705078,89.4302978515625
271.8302001953125,241.84140014648438,70.01170349121094,108.72119903564453
264.5715026855469,228.14439392089844,68.62660217285156,114.22129821777344
270.6758117675781,263.22711181640625,53.85369873046875,84.04429626464844
252.36900329589844,245.47669982910156,63.86240005493164,84.29340362548828
244.76690673828125,242.66360473632812,64.81670379638672,87.58380126953125
253.12319946289062,269.9508972167969,50.20130157470703,57.52690124511719
234.3188934326172,235.77589416503906,64.86430358886719,80.3988037109375
226.35580444335938,234.71060180664062,69.62889862060547,82.68579864501953
224.80999755859375,229.14190673828125,67.4739990234375,91.47350311279297
222.17379760742188,223.4918975830078,68.38770294189453,99.40769958496094
220.21080017089844,221.5565948486328,69.26399993896484,100.34239959716797
220.74130249023438,221.62820434570312,68.2322998046875,97.76409912109375
221.3542938232422,223.08920288085938,67.07440185546875,93.86930084228516
219.9882049560547,221.2032012939453,67.37870025634766,95.41290283203125
220.05360412597656,221.36489868164062,69.34970092773438,96.42350006103516
219.11830139160156,220.84539794921875,70.73580169677734,97.18060302734375
220.27549743652344,222.2097930908203,69.27320098876953,94.10859680175781
219.63009643554688,222.30369567871094,69.20880126953125,95.82160186767578
220.264892578125,221.77369689941406,68.26629638671875,94.91780090332031
219.9447021484375,221.67889404296875,66.89070129394531,93.7427978515625
220.4550018310547,222.7449951171875,68.82849884033203,97.52870178222656
218.94090270996094,221.2722930908203,68.877197265625,96.25700378417969
220.02920532226562,222.5177001953125,70.11979675292969,94.63619995117188
218.8634033203125,222.61920166015625,69.4020004272461,94.62930297851562
218.97430419921875,222.94110107421875,68.63860321044922,94.32039642333984
219.05299377441406,222.83140563964844,71.09880065917969,94.9646987915039
218.62559509277344,222.0366973876953,69.76229858398438,94.07460021972656
219.13229370117188,222.7657012939453,69.56420135498047,91.8666000366211
218.5841064453125,221.91709899902344,70.87999725341797,93.431396484375
218.7480010986328,222.5063018798828,69.67009735107422,93.20700073242188
219.74130249023438,222.14950561523438,69.28379821777344,93.7562026977539
219.31100463867188,222.5760955810547,68.24819946289062,94.0073013305664
220.25030517578125,223.4665069580078,68.26029968261719,93.79830169677734
219.64759826660156,221.57980346679688,69.66220092773438,94.64579772949219
219.32940673828125,221.52850341796875,66.96900177001953,93.8687973022461
219.351806640625,220.78990173339844,69.99130249023438,95.66459655761719
218.9635009765625,221.9886932373047,67.97709655761719,94.04630279541016
218.77670288085938,223.05499267578125,68.80680084228516,95.02770233154297
219.12060546875,220.9770965576172,69.77020263671875,94.73600006103516
219.0511016845703,222.63819885253906,66.97989654541016,95.21749877929688
220.49630737304688,219.0753936767578,67.18090057373047,103.63700103759766
219.7384033203125,220.91290283203125,67.86499786376953,97.91729736328125
220.02549743652344,221.64739990234375,65.8781967163086,99.6854019165039
220.80569458007812,210.4539031982422,67.8501968383789,105.30370330810547
220.4893035888672,209.2563934326172,64.02770233154297,107.60820007324219
222.5041046142578,217.77239990234375,62.73569869995117,99.45970153808594
219.91769409179688,214.02960205078125,68.78350067138672,103.4281005859375
219.4033966064453,203.7021026611328,65.23370361328125,109.70020294189453
217.7375946044922,223.0388946533203,69.45030212402344,89.12979888916016
219.2528076171875,220.19869995117188,73.70909881591797,94.19670104980469
220.16619873046875,221.72450256347656,68.35859680175781,98.1759033203125
220.70140075683594,219.8697052001953,66.79180145263672,100.10230255126953
220.8582000732422,221.60879516601562,71.69129943847656,96.50859832763672
220.89329528808594,222.22509765625,69.25830078125,98.3656005859375
220.65040588378906,220.40280151367188,70.10649871826172,101.79859924316406
220.40440368652344,220.8843994140625,70.10810089111328,102.6343994140625
220.914306640625,221.029296875,70.61689758300781,104.94660186767578
221.28810119628906,216.1728973388672,70.18730163574219,109.47480010986328
221.17269897460938,219.6826934814453,67.2655029296875,105.72540283203125
222.14529418945312,215.9488067626953,73.8478012084961,106.38520050048828
220.56619262695312,215.2158966064453,81.6052017211914,104.25090026855469
220.8433074951172,216.22650146484375,87.42479705810547,106.4551010131836
219.87109375,222.13729858398438,77.95970153808594,104.2864990234375
237.3354034423828,180.14610290527344,109.85240173339844,114.97109985351562
314.1321105957031,137.1407928466797,65.48149871826172,53.29359817504883
312.1968994140625,141.0605926513672,59.35089874267578,50.80440139770508
310.25408935546875,138.5948028564453,63.86159896850586,50.32419967651367
309.9713134765625,138.05909729003906,63.12739944458008,50.336700439453125
317.7983093261719,136.19650268554688,58.669898986816406,53.749698638916016
320.4403076171875,133.85360717773438,63.104000091552734,60.858699798583984
275.38848876953125,100.09619903564453,155.37550354003906,117.76429748535156
341.685791015625,124.93990325927734,58.019798278808594,58.069000244140625
350.2757873535156,129.56739807128906,46.64630126953125,40.86360168457031
359.6448059082031,128.1884002685547,43.23590087890625,38.389801025390625
364.315185546875,125.25669860839844,43.48270034790039,36.55970001220703
360.3641052246094,125.83429718017578,51.28919982910156,38.24420166015625
366.8984069824219,122.82050323486328,48.022701263427734,41.84189987182617
369.55450439453125,124.89459991455078,48.494598388671875,35.8120002746582
374.434814453125,124.77449798583984,43.48590087890625,37.58580017089844
374.72869873046875,121.58760070800781,44.575401306152344,38.13999938964844
378.29840087890625,119.89849853515625,45.23030090332031,37.27479934692383
383.2278137207031,113.0999984741211,45.715599060058594,37.21849822998047
383.5960998535156,107.66280364990234,50.72330093383789,39.81169891357422
383.9710998535156,101.34049987792969,52.18479919433594,39.352500915527344
385.7850036621094,93.62110137939453,52.418800354003906,40.91400146484375
385.48651123046875,90.5344009399414,51.213401794433594,41.00529861450195
385.1871032714844,85.30709838867188,53.185001373291016,41.644901275634766
384.60089111328125,79.32530212402344,53.634300231933594,42.315799713134766
384.1770935058594,73.82330322265625,55.33489990234375,42.703800201416016
387.2137145996094,66.37830352783203,54.05270004272461,43.522701263427734
388.70098876953125,60.636600494384766,55.550498962402344,44.33940124511719
391.84490966796875,57.42770004272461,55.4193000793457,43.39870071411133
397.05780029296875,54.64950180053711,57.17300033569336,42.50910186767578
400.4678955078125,47.81930160522461,54.56999969482422,45.97050094604492
416.0357971191406,40.887699127197266,49.60240173339844,43.15190124511719
415.34698486328125,34.34669876098633,50.6442985534668,44.42449951171875
414.3395080566406,28.040800094604492,55.39889907836914,53.105899810791016
380.42340087890625,36.548500061035156,94.1906967163086,108.16320037841797
398.464111328125,70.48729705810547,40.91550064086914,112.69329833984375
333.5835876464844,48.16279983520508,158.19000244140625,132.62680053710938
231.33580017089844,0.0,358.1343078613281,232.08700561523438
158.54769897460938,210.12060546875,112.13899993896484,104.4020004272461
174.0352020263672,219.5384979248047,92.08419799804688,85.50330352783203
167.76589965820312,215.4344940185547,98.39089965820312,89.5426025390625
165.54710388183594,222.1490936279297,99.5885009765625,86.3313980102539
182.0991973876953,221.34849548339844,78.66390228271484,83.33450317382812
179.20309448242188,222.68060302734375,80.34390258789062,83.13829803466797
179.71580505371094,223.4658966064453,77.55799865722656,80.94609832763672
179.47320556640625,225.1280059814453,76.60050201416016,80.41239929199219
180.52099609375,223.0915069580078,75.87210083007812,82.4115982055664
181.85189819335938,221.6851043701172,75.22429656982422,82.95800018310547
182.26210021972656,223.068603515625,75.75589752197266,82.34839630126953
184.3551025390625,221.00709533691406,75.28160095214844,86.69889831542969
187.79989624023438,222.24459838867188,74.40840148925781,83.62139892578125
191.21730041503906,221.22279357910156,75.24330139160156,83.88610076904297
196.514892578125,219.8040008544922,73.88189697265625,82.59709930419922
201.49339294433594,219.24290466308594,72.64949798583984,80.87940216064453
206.6363983154297,218.8153076171875,73.66120147705078,82.44760131835938
212.00750732421875,217.93240356445312,73.10009765625,82.3905029296875
216.54299926757812,217.00439453125,74.2926025390625,82.1791000366211
220.19659423828125,218.73300170898438,72.98490142822266,77.96980285644531
223.51609802246094,219.0449981689453,72.99490356445312,79.15470123291016
226.06919860839844,219.87660217285156,73.20189666748047,77.80870056152344
227.8863067626953,219.9654998779297,73.87349700927734,78.87999725341797
230.3455047607422,220.84719848632812,73.90170288085938,78.36810302734375
234.4644012451172,218.34210205078125,70.59300231933594,81.84140014648438
236.65480041503906,218.84869384765625,71.61499786376953,80.30370330810547
238.39869689941406,217.43980407714844,71.91490173339844,82.7968978881836
238.82119750976562,219.0919952392578,69.25270080566406,82.23899841308594
241.4810028076172,217.16270446777344,70.27210235595703,84.17479705810547
238.97940063476562,216.76499938964844,71.38390350341797,87.2239990234375
240.1033935546875,216.99639892578125,70.10179901123047,88.7208023071289
244.5482940673828,216.21600341796875,66.7031021118164,87.18840026855469
247.60789489746094,215.20269775390625,63.44609832763672,90.17479705810547
250.03309631347656,214.9739990234375,59.7781982421875,87.06079864501953
252.09140014648438,215.8571014404297,58.00600051879883,91.77670288085938
255.4813995361328,215.19259643554688,52.76300048828125,87.59729766845703
253.4709014892578,215.8000946044922,53.623199462890625,88.13590240478516
255.3419952392578,222.13340759277344,50.34429931640625,82.30000305175781
253.97950744628906,216.86160278320312,51.23080062866211,88.35540008544922
255.0944061279297,216.839599609375,49.23189926147461,87.24970245361328
252.8594970703125,220.34320068359375,52.18550109863281,83.75050354003906
254.92979431152344,220.07989501953125,50.11840057373047,84.53389739990234
254.35910034179688,217.87820434570312,50.1859016418457,85.2177963256836
253.0771942138672,214.51480102539062,51.1797981262207,88.17009735107422
249.12989807128906,213.4051971435547,55.50090026855469,87.5145034790039
249.79710388183594,211.02699279785156,54.395999908447266,85.66850280761719
248.34629821777344,210.79879760742188,55.54650115966797,85.96279907226562
247.01950073242188,211.66409301757812,56.442298889160156,83.63459777832031
245.83450317382812,211.2606964111328,58.59189987182617,80.80249786376953
246.14430236816406,208.45419311523438,57.924800872802734,77.97049713134766
243.45849609375,207.9636993408203,58.25170135498047,80.83670043945312
242.0323944091797,207.73980712890625,59.2156982421875,80.1709976196289
238.70680236816406,206.125,60.53020095825195,74.14669799804688
238.07220458984375,204.69740295410156,59.2671012878418,81.41619873046875
236.4344024658203,204.547607421875,59.70479965209961,77.61129760742188
235.47439575195312,203.77549743652344,60.94710159301758,80.41519927978516
234.72459411621094,204.3966064453125,60.11709976196289,79.0385971069336
233.68409729003906,204.00369262695312,59.05400085449219,78.34600067138672
233.43389892578125,203.7053985595703,58.41600036621094,80.3905029296875
234.63560485839844,204.4477996826172,58.219200134277344,78.19920349121094
233.781494140625,203.14599609375,58.274600982666016,80.747802734375
235.0596923828125,203.6457061767578,57.93960189819336,79.94290161132812
234.0200958251953,204.15420532226562,58.3577995300293,80.35669708251953
234.26060485839844,204.1082000732422,57.7307014465332,79.94770050048828
234.38119506835938,203.5175018310547,58.1348991394043,80.75969696044922
234.6894073486328,204.68370056152344,58.66360092163086,79.91950225830078
235.0876007080078,204.29429626464844,58.784698486328125,76.85240173339844
235.24209594726562,203.506103515625,57.7958984375,80.46710205078125
235.1118927001953,203.98980712890625,57.386600494384766,80.01309967041016
233.05999755859375,203.7303009033203,59.664100646972656,78.55670166015625
234.35609436035156,203.75120544433594,58.17110061645508,79.67900085449219
234.74169921875,203.29969787597656,58.77939987182617,76.89929962158203
235.125,203.7429962158203,56.162200927734375,79.55760192871094
232.8782958984375,202.76060485839844,61.237998962402344,77.15840148925781
234.4427947998047,203.677001953125,54.810699462890625,79.08280181884766
232.8256072998047,202.8795928955078,56.63479995727539,79.39689636230469
233.3446044921875,203.6627960205078,55.93920135498047,77.88159942626953
234.17160034179688,204.1595001220703,58.19729995727539,78.72879791259766
233.71029663085938,203.5023956298828,57.64189910888672,78.95989990234375
234.59219360351562,203.92739868164062,57.03839874267578,79.70279693603516
234.44439697265625,203.65919494628906,57.97909927368164,79.92230224609375
233.08639526367188,203.98989868164062,60.76850128173828,79.49800109863281
233.28309631347656,204.42660522460938,59.80120086669922,77.85910034179688
232.4210968017578,203.3415069580078,60.414100646972656,79.14540100097656
232.33619689941406,204.79769897460938,60.917999267578125,79.06159973144531
231.1636962890625,205.5944061279297,60.58190155029297,76.32440185546875
228.56280517578125,203.7657928466797,64.11910247802734,76.28040313720703
230.42239379882812,204.41969299316406,60.94430160522461,78.44429779052734
228.63909912109375,204.53770446777344,63.636600494384766,76.01640319824219
231.58810424804688,204.2667999267578,59.36159896850586,77.54570007324219
231.3618927001953,205.17599487304688,60.77009963989258,77.63500213623047
231.7489013671875,205.6082000732422,58.52190017700195,77.13629913330078
232.4470977783203,205.59170532226562,57.719200134277344,76.05370330810547
228.64120483398438,206.75869750976562,60.180599212646484,75.47679901123047
232.09890747070312,207.42340087890625,53.694400787353516,74.8772964477539
230.7458038330078,203.9644012451172,59.86040115356445,79.3468017578125
226.51089477539062,208.904296875,55.91640090942383,71.79630279541016
233.09939575195312,211.22860717773438,51.402400970458984,72.44819641113281
228.1887969970703,202.67160034179688,56.17369842529297,80.5780029296875
229.18679809570312,207.5395965576172,56.62480163574219,76.54290008544922
220.4528045654297,204.8780059814453,69.5728988647461,76.64800262451172
228.8415069580078,213.19520568847656,56.48649978637695,64.83989715576172
235.61219787597656,220.0240020751953,50.519500732421875,62.904701232910156
228.3470001220703,211.22610473632812,61.825199127197266,70.34369659423828
219.7696075439453,200.8574981689453,75.27860260009766,76.8572998046875
234.24600219726562,203.168701171875,57.920799255371094,77.42870330810547
226.04449462890625,201.19439697265625,68.76719665527344,80.59729766845703
232.28939819335938,200.82029724121094,60.221900939941406,78.60900115966797
237.4217987060547,201.2908935546875,57.359100341796875,81.85759735107422
229.64390563964844,199.39190673828125,64.83619689941406,77.41809844970703
232.6833038330078,198.43910217285156,62.434600830078125,84.43060302734375
234.19549560546875,197.63470458984375,61.062198638916016,82.88369750976562
235.4051971435547,197.41310119628906,60.59600067138672,78.4552001953125
236.13450622558594,196.45150756835938,60.620201110839844,83.4229965209961
236.3126983642578,199.86830139160156,62.0458984375,76.15689849853516
236.7279052734375,199.56179809570312,62.84579849243164,78.91539764404297
238.19760131835938,199.40159606933594,63.35029983520508,77.95189666748047
232.35409545898438,200.95590209960938,69.60649871826172,76.36380004882812
241.47369384765625,205.5384979248047,62.055599212646484,69.74349975585938
242.86709594726562,206.5200958251953,60.365299224853516,68.89360046386719
241.1165008544922,206.410400390625,62.94599914550781,68.4801025390625
244.22000122070312,203.75559997558594,59.279701232910156,71.02050018310547
244.6925048828125,203.67469787597656,60.39080047607422,71.16410064697266
245.2530975341797,203.88059997558594,60.86819839477539,70.64080047607422
243.55409240722656,207.3341064453125,63.46110153198242,67.04889678955078
241.49630737304688,204.4071044921875,64.57980346679688,70.34819793701172
242.9095001220703,203.43389892578125,63.308998107910156,70.84539794921875
241.8571014404297,203.92449951171875,64.61329650878906,70.29840087890625
243.3665008544922,203.50399780273438,62.99509811401367,70.94380187988281
240.8979949951172,202.42050170898438,65.55870056152344,71.58219909667969
242.88800048828125,200.8759002685547,64.51219940185547,72.90360260009766
241.72169494628906,199.25929260253906,64.36150360107422,74.55370330810547
242.1864013671875,199.81370544433594,64.88330078125,74.05380249023438
242.6558074951172,199.8311004638672,63.44049835205078,74.243896484375
242.13479614257812,202.13670349121094,64.43070220947266,72.97480010986328
241.99240112304688,202.0959930419922,65.6946029663086,71.70590209960938
243.62130737304688,201.11749267578125,64.7843017578125,74.1072006225586
242.4824981689453,201.27090454101562,65.98310089111328,73.25240325927734
243.8831024169922,200.9738006591797,64.64569854736328,74.20890045166016
243.3260955810547,200.4676971435547,66.39119720458984,73.57170104980469
242.2700958251953,202.1876983642578,66.23660278320312,73.4989013671875
243.72760009765625,201.4615936279297,65.70850372314453,73.19100189208984
243.7595977783203,201.45449829101562,64.9561996459961,74.86969757080078
244.64639282226562,201.2592010498047,64.52420043945312,75.45210266113281
245.4217987060547,202.7758026123047,64.83219909667969,74.06780242919922
244.97019958496094,203.37789916992188,65.20050048828125,72.55809783935547
243.4405059814453,203.1237030029297,66.39759826660156,72.36759948730469
244.2259979248047,203.67410278320312,65.61370086669922,73.87830352783203
243.67190551757812,202.94200134277344,66.89189910888672,73.26200103759766
242.85690307617188,204.23980712890625,68.73529815673828,72.2029037475586
242.75250244140625,204.3520050048828,87.15180206298828,72.43070220947266
246.57369995117188,204.5446014404297,79.82209777832031,71.993896484375
244.68099975585938,204.73959350585938,72.75759887695312,71.52179718017578
245.16720581054688,205.7303924560547,66.7406997680664,69.74189758300781
244.5177001953125,203.8936004638672,64.6259994506836,71.59559631347656
243.44259643554688,203.1540985107422,76.50090026855469,72.88189697265625
243.1826934814453,202.6278076171875,75.8843002319336,73.35369873046875
244.26719665527344,202.4832000732422,67.46160125732422,73.11190032958984
244.71180725097656,203.13209533691406,88.035400390625,72.27429962158203
246.29029846191406,203.1658935546875,89.79319763183594,73.03849792480469
241.4521026611328,201.21499633789062,95.10890197753906,73.3916015625
245.17300415039062,204.09320068359375,89.67620086669922,70.85489654541016
240.5540008544922,203.1699981689453,91.97810363769531,72.76490020751953
245.8533935546875,206.32899475097656,88.15899658203125,69.80549621582031
247.99249267578125,205.368896484375,71.75869750976562,72.6686019897461
243.85159301757812,201.3538055419922,69.51419830322266,76.52539825439453
240.71449279785156,198.62339782714844,72.57520294189453,74.2052001953125
241.2989044189453,203.74830627441406,69.40789794921875,73.82389831542969
240.42880249023438,200.468505859375,68.88009643554688,76.1718978881836
244.493896484375,200.44090270996094,64.88749694824219,76.404296875
244.9925994873047,201.13070678710938,63.566001892089844,74.64520263671875
247.53489685058594,202.82260131835938,60.879600524902344,77.27079772949219
248.714599609375,203.1663055419922,64.13469696044922,75.17949676513672
239.21719360351562,201.9573974609375,68.81770324707031,74.05169677734375
243.1392059326172,202.40289306640625,67.38710021972656,74.9561996459961
248.0823974609375,202.44790649414062,65.12079620361328,73.63890075683594
246.45660400390625,201.08160400390625,62.420501708984375,72.05000305175781
249.6623992919922,201.6717071533203,59.47439956665039,77.94400024414062
241.1177978515625,201.9593048095703,70.18820190429688,75.56919860839844
245.45550537109375,202.10850524902344,65.63749694824219,76.40249633789062
245.71200561523438,201.86050415039062,64.52100372314453,76.10199737548828
244.0843048095703,203.50430297851562,67.35130310058594,76.18620300292969
245.4561004638672,202.79769897460938,68.69400024414062,73.13719940185547
246.84669494628906,206.02420043945312,59.83300018310547,69.85040283203125
246.09849548339844,202.36900329589844,69.94190216064453,72.189697265625
249.2180938720703,203.3708038330078,57.99150085449219,73.63919830322266
246.78550720214844,201.50770568847656,72.07250213623047,74.4385986328125
253.34300231933594,202.8542938232422,55.428199768066406,77.42169952392578
246.14259338378906,201.69900512695312,61.15409851074219,76.14530181884766
248.43600463867188,199.92320251464844,64.28730010986328,76.01850128173828
244.22569274902344,199.7135009765625,70.86990356445312,70.92050170898438
246.44940185546875,201.20419311523438,61.946998596191406,62.970401763916016
244.5771942138672,202.09970092773438,65.84110260009766,58.12670135498047
247.64259338378906,204.50999450683594,63.1416015625,71.39800262451172
245.01919555664062,199.47479248046875,63.925498962402344,58.51599884033203
255.65699768066406,206.3881072998047,54.438899993896484,71.30680084228516
253.4008026123047,201.2545928955078,56.19390106201172,64.99610137939453
246.4405059814453,201.48190307617188,63.9838981628418,68.66719818115234
253.28219604492188,202.97959899902344,57.10409927368164,72.97229766845703
250.05099487304688,197.35330200195312,58.14870071411133,64.09660339355469
253.8939971923828,202.71609497070312,53.946800231933594,74.37419891357422
254.8011016845703,200.64480590820312,52.76279830932617,61.52280044555664
252.8321075439453,203.9250030517578,55.895599365234375,74.33570098876953
254.3596954345703,200.25320434570312,54.289798736572266,69.38800048828125
250.52740478515625,204.2324981689453,57.51959991455078,69.57270050048828
251.6407012939453,199.6920928955078,56.624900817871094,76.85919952392578
254.43910217285156,197.9459991455078,54.269100189208984,73.87670135498047
249.8865966796875,199.13299560546875,57.56800079345703,81.36810302734375
251.58419799804688,194.91229248046875,56.2760009765625,70.13459777832031
249.6772003173828,200.2021026611328,58.27429962158203,77.9198989868164
252.466796875,197.73390197753906,56.16859817504883,73.3727035522461
247.798095703125,202.74620056152344,61.10150146484375,75.42420196533203
248.6990966796875,192.6822967529297,61.11589813232422,70.66390228271484
250.74600219726562,197.47869873046875,56.984798431396484,79.12770080566406
253.9219970703125,198.62060546875,54.996498107910156,79.0718002319336
250.47219848632812,195.80459594726562,58.15549850463867,77.27400207519531
246.3802032470703,201.3697967529297,63.08290100097656,77.77660369873047
249.0305938720703,197.5216064453125,60.322200775146484,74.55239868164062
245.30679321289062,200.9246063232422,63.74399948120117,78.21119689941406
248.5052032470703,198.34019470214844,60.56949996948242,70.777099609375
245.94520568847656,200.4897003173828,62.93149948120117,78.22470092773438
251.96409606933594,201.84429931640625,57.04460144042969,75.66310119628906
248.31460571289062,200.2886962890625,60.64950180053711,74.46700286865234
247.74630737304688,202.08120727539062,60.36429977416992,72.66110229492188
249.8986053466797,200.2584991455078,62.782501220703125,71.73919677734375
244.28480529785156,199.86309814453125,67.40910339355469,65.92240142822266
246.543701171875,203.26890563964844,65.42500305175781,70.58910369873047
249.78750610351562,197.60879516601562,71.04149627685547,74.62570190429688
246.2263946533203,203.04200744628906,61.3317985534668,54.05839920043945
249.83399963378906,204.29690551757812,63.21839904785156,75.9447021484375
242.8979949951172,202.74429321289062,65.908203125,71.1875991821289
236.06239318847656,204.24099731445312,74.13469696044922,79.13870239257812
241.89990234375,206.05470275878906,68.36900329589844,79.40290069580078
242.8804931640625,212.01600646972656,64.69170379638672,74.2291030883789
240.58230590820312,207.3531951904297,69.19439697265625,81.78949737548828
240.0749969482422,210.69679260253906,69.92379760742188,81.43810272216797
241.03660583496094,214.3677978515625,68.99849700927734,83.17120361328125
241.0955047607422,212.9329071044922,67.08550262451172,86.39679718017578
239.07640075683594,213.0323944091797,75.07540130615234,84.993896484375
240.39889526367188,219.34860229492188,74.44349670410156,82.9114990234375
242.5592041015625,219.00759887695312,70.3156967163086,83.98370361328125
243.04580688476562,217.9174041748047,71.37760162353516,85.34159851074219
242.7740936279297,214.09039306640625,73.72799682617188,83.69020080566406
249.15069580078125,226.33470153808594,72.69499969482422,84.2417984008789
255.74679565429688,222.12319946289062,69.85359954833984,88.39579772949219
261.7535095214844,221.0366973876953,71.9520034790039,89.48500061035156
265.080810546875,218.2445068359375,75.13939666748047,92.41999816894531
273.631591796875,219.82229614257812,75.5333023071289,79.07360076904297
286.8460998535156,220.6313018798828,72.05470275878906,90.48380279541016
299.7795104980469,221.85069274902344,74.1884994506836,87.96410369873047
312.06390380859375,222.27020263671875,72.37210083007812,84.5062026977539
324.1603088378906,221.89169311523438,72.70230102539062,84.75090026855469
334.51849365234375,219.1123046875,74.26730346679688,85.40440368652344
344.3262939453125,214.74180603027344,76.65299987792969,87.5031967163086
354.2138977050781,217.45700073242188,73.8749008178711,82.30280303955078
363.7576904296875,216.89430236816406,75.19319915771484,81.45719909667969
371.72589111328125,213.4532928466797,72.84200286865234,80.71880340576172
374.6650085449219,217.08450317382812,70.22000122070312,77.44100189208984
381.9566955566406,209.53439331054688,67.53009796142578,83.34819793701172
381.59588623046875,194.90570068359375,70.56500244140625,95.29640197753906
387.1160888671875,209.1490020751953,65.9281997680664,79.23040008544922
379.90728759765625,192.4123992919922,73.58869934082031,93.61160278320312
387.4360046386719,206.34249877929688,65.7886962890625,79.43440246582031
382.1632995605469,193.21249389648438,71.8678970336914,91.26959991455078
387.8100891113281,204.09320068359375,61.61940002441406,78.82769775390625
385.0892028808594,193.57699584960938,65.1281967163086,87.66339874267578
383.6343078613281,193.17529296875,61.474098205566406,86.1572036743164
378.3467102050781,192.5092010498047,65.86150360107422,86.01090240478516
379.0343933105469,193.80560302734375,61.2036018371582,82.97810363769531
375.3752136230469,195.59280395507812,66.0199966430664,80.35870361328125
376.118408203125,195.67660522460938,59.84600067138672,78.8219985961914
371.82379150390625,195.89199829101562,60.0806999206543,77.35199737548828
369.2347106933594,191.20579528808594,58.565799713134766,83.12460327148438
364.7598876953125,191.15440368652344,59.45389938354492,81.78250122070312
362.92181396484375,191.3502960205078,58.37329864501953,80.45919799804688
357.1130065917969,191.18280029296875,61.85219955444336,81.22440338134766
356.9964904785156,191.35519409179688,60.94309997558594,78.94210052490234
351.5867004394531,204.6551971435547,59.86199951171875,65.39330291748047
345.0244140625,197.8751983642578,69.24299621582031,72.193603515625
338.7398986816406,203.42889404296875,59.19419860839844,64.90190124511719
332.4201965332031,200.30149841308594,62.19390106201172,68.58450317382812
324.70111083984375,202.83009338378906,62.560699462890625,66.37229919433594
318.75689697265625,202.9001007080078,61.57809829711914,66.34410095214844
310.57550048828125,202.0063018798828,62.901798248291016,66.56839752197266
303.9042053222656,205.39990234375,61.49700164794922,64.00679779052734
292.5943908691406,203.45069885253906,64.36280059814453,66.35559844970703
286.6379089355469,202.5301971435547,63.6864013671875,66.59870147705078
277.43359375,204.29859924316406,61.6234016418457,70.5958023071289
270.56610107421875,203.08050537109375,62.323001861572266,71.70690155029297
239.99209594726562,202.06109619140625,94.18180084228516,55.46049880981445
237.9918975830078,199.74139404296875,95.11589813232422,70.34760284423828
236.96449279785156,201.5301055908203,72.85870361328125,66.77860260009766
228.02670288085938,200.97390747070312,73.64209747314453,73.11620330810547
217.1154022216797,200.07040405273438,66.73819732666016,51.486000061035156
212.2205047607422,201.15719604492188,68.1343994140625,78.6353988647461
207.0937957763672,201.07640075683594,63.301300048828125,76.82839965820312
198.07679748535156,201.92539978027344,64.37940216064453,76.28269958496094
189.5847930908203,202.2073974609375,61.1599006652832,75.66940307617188
174.5493927001953,202.10470581054688,70.2739028930664,76.8905029296875
171.96060180664062,203.0738983154297,67.02909851074219,76.96009826660156
167.42550659179688,204.32650756835938,65.47879791259766,76.86019897460938
162.88270568847656,203.08859252929688,64.5791015625,78.00849914550781
155.25779724121094,201.9550018310547,66.9968032836914,79.80999755859375
152.70179748535156,202.45840454101562,67.23970031738281,75.00830078125
148.45860290527344,202.89199829101562,68.5427017211914,74.30549621582031
147.8365020751953,201.9281005859375,68.75399780273438,74.46099853515625
146.98989868164062,200.17669677734375,69.64179992675781,71.4041976928711
146.93569946289062,201.9199981689453,70.81600189208984,78.3386001586914
148.17539978027344,200.6790008544922,69.9135971069336,76.51419830322266
146.16270446777344,201.6873016357422,72.154296875,75.98970031738281
146.33859252929688,201.3990020751953,70.47740173339844,75.66670227050781
146.98019409179688,201.1804962158203,70.79640197753906,74.7218017578125
146.3054962158203,200.18960571289062,70.6720962524414,76.26899719238281
144.72300720214844,200.95570373535156,73.28520202636719,73.31999969482422
147.14190673828125,202.35000610351562,70.26509857177734,74.3905029296875
149.77540588378906,202.3408966064453,66.75669860839844,73.56780242919922
145.6457061767578,200.61659240722656,134.19619750976562,64.07080078125
241.11509704589844,210.6674041748047,97.39849853515625,36.9995002746582
202.22219848632812,193.75570678710938,142.8094024658203,76.45210266113281
240.01690673828125,210.73289489746094,97.19850158691406,37.88029861450195
191.65469360351562,181.7313995361328,151.2801055908203,98.6624984741211
240.9156036376953,211.4884033203125,94.79810333251953,35.82419967651367
234.3468017578125,209.8824005126953,105.2760009765625,40.58489990234375
236.75619506835938,209.81399536132812,102.2959976196289,39.165000915527344
199.6094970703125,193.50869750976562,149.18350219726562,75.80580139160156
239.1739044189453,212.6719970703125,97.1897964477539,36.648799896240234
188.431396484375,169.67160034179688,158.7769012451172,107.027099609375
238.48159790039062,212.3804931640625,99.32019805908203,39.11220169067383
240.0469970703125,210.4573974609375,97.70140075683594,38.44150161743164
196.2489013671875,150.31590270996094,165.05230712890625,138.4416961669922
240.70179748535156,211.96060180664062,95.36499786376953,40.423099517822266
219.21620178222656,204.28860473632812,128.0177001953125,51.99589920043945
234.87660217285156,210.64830017089844,101.48799896240234,38.5281982421875
160.24989318847656,205.32339477539062,55.60580062866211,74.14830017089844
136.77149963378906,205.55389404296875,78.42359924316406,69.6155014038086
135.6699981689453,205.0323028564453,80.5020980834961,72.33930206298828
145.64039611816406,202.36570739746094,111.29640197753906,44.33489990234375
154.73629760742188,215.10780334472656,59.2671012878418,61.93159866333008
137.37660217285156,204.67349243164062,77.35780334472656,73.59590148925781
151.654296875,212.37100219726562,64.30819702148438,66.12259674072266
131.5666046142578,206.28990173339844,85.5010986328125,72.55719757080078
147.22579956054688,209.802001953125,77.17130279541016,59.642799377441406
154.92930603027344,211.57949829101562,63.615501403808594,69.6427993774414
154.5093994140625,210.9958953857422,65.47850036621094,70.3832015991211
157.2230987548828,212.3249969482422,64.13420104980469,70.36750030517578
157.9730987548828,215.10400390625,65.8228988647461,69.50399780273438
157.18359375,209.89639282226562,68.83309936523438,73.35099792480469
161.71400451660156,212.9250030517578,66.26599884033203,71.54109954833984
159.7947998046875,208.08770751953125,70.27539825439453,78.72640228271484
172.26890563964844,209.21510314941406,63.7411003112793,77.0634994506836
165.7799072265625,208.98899841308594,71.84600067138672,74.49040222167969
186.84669494628906,211.16470336914062,54.52640151977539,71.39320373535156
183.82859802246094,206.3594970703125,63.07320022583008,86.09609985351562
196.3444061279297,214.08120727539062,54.94879913330078,83.38629913330078
199.17210388183594,213.49949645996094,61.94169998168945,88.38860321044922
207.27630615234375,211.0635986328125,60.1952018737793,88.04650115966797
206.03289794921875,211.2082977294922,67.50450134277344,88.03630065917969
215.77920532226562,210.87399291992188,59.26250076293945,88.3196029663086
217.03500366210938,211.3477020263672,63.747398376464844,89.12449645996094
219.8354949951172,209.76040649414062,64.55329895019531,85.55660247802734
224.4998016357422,206.8428955078125,66.1509017944336,82.89730072021484
226.3531951904297,205.7281951904297,70.3333969116211,75.28379821777344
228.75050354003906,202.5377960205078,71.20709991455078,76.97000122070312
232.06649780273438,197.8979034423828,72.36609649658203,72.39710235595703
237.15040588378906,192.31829833984375,79.20359802246094,65.16000366210938
241.1175994873047,183.71470642089844,71.2782974243164,64.6011962890625
243.35400390625,178.83810424804688,71.07009887695312,66.44329833984375
244.6595001220703,182.5019073486328,82.20800018310547,61.86399841308594
251.17140197753906,160.02540588378906,84.2925033569336,69.95939636230469
245.48660278320312,192.9311065673828,89.5250015258789,57.63750076293945
258.1647033691406,146.77529907226562,74.25160217285156,70.2020034790039
242.4915008544922,210.6049041748047,95.08660125732422,38.56760025024414
261.0754089355469,137.6634979248047,75.96040344238281,60.73609924316406
262.1332092285156,139.59539794921875,75.5156021118164,76.85130310058594
241.44700622558594,207.1031036376953,96.58830261230469,41.070098876953125
244.1374969482422,179.28860473632812,93.78009796142578,72.02559661865234
270.9880065917969,138.88519287109375,70.09639739990234,54.190799713134766
263.37579345703125,138.7873992919922,74.12750244140625,78.87930297851562
274.7228088378906,138.1177978515625,68.04859924316406,53.39720153808594
276.2558898925781,135.58489990234375,65.04389953613281,53.79999923706055
277.0751037597656,133.69439697265625,65.00150299072266,56.455501556396484
277.6188049316406,133.0095977783203,63.319698333740234,56.10129928588867
282.9930114746094,131.70730590820312,51.93280029296875,64.83650207519531
284.7244873046875,128.76870727539062,52.113800048828125,58.55080032348633
280.0448913574219,131.67269897460938,52.41619873046875,59.54899978637695
266.6318054199219,132.96139526367188,71.6061019897461,74.34539794921875
236.96620178222656,211.456298828125,100.72129821777344,37.19160079956055
239.3820037841797,209.42539978027344,97.20279693603516,37.830101013183594
241.2624053955078,211.11309814453125,95.93720245361328,37.71849822998047
241.58619689941406,210.34429931640625,93.75700378417969,38.71839904785156
242.12379455566406,208.9279022216797,94.98030090332031,38.50619888305664
239.8115997314453,210.82530212402344,96.05280303955078,38.03099822998047
242.81280517578125,209.09390258789062,92.69969940185547,38.43280029296875
241.3697052001953,209.5666961669922,94.99620056152344,38.715301513671875
243.9134063720703,211.1396026611328,93.43240356445312,37.76919937133789
242.98770141601562,209.57339477539062,91.76799774169922,38.36830139160156
243.05239868164062,210.05340576171875,93.56220245361328,37.903499603271484
244.4835968017578,209.8345947265625,92.34249877929688,37.71200180053711
243.15609741210938,210.21319580078125,92.36029815673828,37.862300872802734
243.4593048095703,209.99630737304688,92.92890167236328,37.42409896850586
244.3917999267578,210.6710968017578,92.19290161132812,36.919898986816406
243.164794921875,210.95339965820312,93.59300231933594,37.12089920043945
243.08489990234375,210.31320190429688,93.01419830322266,36.88650131225586
242.99740600585938,210.68850708007812,93.78520202636719,37.75519943237305
243.5876007080078,210.1678924560547,93.0542984008789,37.63410186767578
243.29649353027344,211.35020446777344,92.32430267333984,36.951900482177734
243.97189331054688,208.46359252929688,93.23300170898438,39.029300689697266
242.1746063232422,210.17080688476562,93.03559875488281,37.92729949951172
242.23460388183594,209.8092041015625,93.4530029296875,38.46649932861328
241.9853973388672,210.2064971923828,94.7260971069336,38.04069900512695
242.7061004638672,209.98309326171875,92.81749725341797,37.8306999206543
242.3778076171875,210.57989501953125,94.28040313720703,37.77259826660156
242.67379760742188,210.12159729003906,93.55439758300781,37.85100173950195
242.59129333496094,207.61180114746094,92.92970275878906,39.620201110839844
242.56759643554688,209.44729614257812,92.91210174560547,38.612098693847656
242.7113037109375,209.65939331054688,93.46640014648438,37.652801513671875
244.00259399414062,204.3885040283203,92.15370178222656,44.64649963378906
241.72149658203125,210.78390502929688,92.99629974365234,37.3140983581543
245.5991973876953,207.6031036376953,90.54029846191406,40.75659942626953
245.47210693359375,208.05250549316406,89.30860137939453,40.227500915527344
244.9272003173828,207.84950256347656,89.52239990234375,40.18090057373047
243.46229553222656,208.5937042236328,92.50810241699219,38.99700164794922
243.24549865722656,207.94219970703125,92.28450012207031,39.554500579833984
243.60890197753906,208.95840454101562,92.39569854736328,38.69430160522461
243.2501983642578,210.0865020751953,91.98739624023438,38.1422004699707
240.36309814453125,210.26060485839844,95.82109832763672,37.139400482177734
242.4011993408203,209.49620056152344,92.8114013671875,38.82640075683594
241.87869262695312,210.16029357910156,93.13099670410156,38.27259826660156
238.01089477539062,211.21420288085938,97.07060241699219,36.775699615478516
239.60879516601562,213.57969665527344,95.93599700927734,34.72869873046875
241.7010040283203,215.06680297851562,94.20169830322266,33.28110122680664
241.75869750976562,214.5124053955078,94.14569854736328,33.05870056152344
241.12860107421875,217.0052947998047,94.37950134277344,30.732099533081055
242.32150268554688,215.50140380859375,93.20800018310547,32.542701721191406
242.2086944580078,215.543701171875,93.7522964477539,32.696800231933594
241.9019012451172,216.06570434570312,94.24659729003906,31.958799362182617
242.9427947998047,216.00270080566406,93.45970153808594,31.924999237060547
242.00689697265625,216.96580505371094,94.34719848632812,31.96649932861328
243.17799377441406,215.59339904785156,93.24500274658203,32.73979949951172
242.09100341796875,216.00680541992188,93.94010162353516,32.340301513671875
242.6645965576172,216.13609313964844,93.0551986694336,32.29140090942383
243.3363037109375,216.4176025390625,93.10140228271484,31.928699493408203
244.19630432128906,215.38600158691406,92.472900390625,32.51810073852539
243.22059631347656,215.94700622558594,93.02570343017578,32.04029846191406
242.41209411621094,216.49749755859375,93.65229797363281,32.145198822021484
243.1815948486328,215.2655029296875,93.37319946289062,32.256099700927734
242.59100341796875,216.71929931640625,93.12529754638672,31.377599716186523
242.66659545898438,216.5220947265625,93.13390350341797,31.48270034790039
242.04649353027344,216.25559997558594,93.40750122070312,31.824100494384766
242.5959930419922,215.33389282226562,93.79850006103516,32.45220184326172
241.6551055908203,216.21719360351562,94.64089965820312,31.929800033569336
242.38650512695312,217.1049041748047,93.9718017578125,30.85650062561035
242.29559326171875,215.95269775390625,93.35540008544922,30.794700622558594
243.46749877929688,215.94419860839844,92.1270980834961,31.320199966430664
193.00030517578125,213.78770446777344,47.07529830932617,50.7484016418457
214.1826934814453,205.8325958251953,43.341400146484375,53.69599914550781
236.7519073486328,213.9573974609375,47.7671012878418,42.31610107421875
240.89370727539062,206.6448974609375,91.052001953125,43.36330032348633
243.12159729003906,211.93299865722656,94.32740020751953,36.92539978027344
243.1529998779297,207.3491973876953,92.55349731445312,40.99919891357422
246.4459991455078,205.26220703125,96.53269958496094,42.45029830932617
245.5531005859375,203.59649658203125,98.44170379638672,44.51620101928711
247.35240173339844,211.67410278320312,92.79340362548828,35.28030014038086
245.18519592285156,213.27310180664062,93.17040252685547,34.24800109863281
245.81820678710938,211.9541015625,92.8936996459961,36.600799560546875
245.2169952392578,214.88150024414062,94.27649688720703,32.99760055541992
244.5780029296875,218.29080200195312,92.73899841308594,30.72439956665039
243.84030151367188,216.9394989013672,94.53469848632812,30.723899841308594
244.4246063232422,215.1009063720703,92.92549896240234,33.65299987792969
243.3751983642578,213.4459991455078,93.32250213623047,34.57460021972656
243.8612060546875,212.12559509277344,92.67610168457031,37.05590057373047
243.54359436035156,213.51010131835938,91.82209777832031,35.52050018310547
244.00869750976562,212.8885955810547,92.62699890136719,35.558101654052734
245.5966033935547,210.80880737304688,90.92250061035156,36.21739959716797
243.50050354003906,212.2239990234375,92.88050079345703,37.14609909057617
245.14169311523438,210.052001953125,91.0791015625,38.51530075073242
245.1934051513672,209.3657989501953,90.69419860839844,38.77920150756836
243.8957977294922,210.8717041015625,91.47959899902344,37.61040115356445
244.0294952392578,211.64610290527344,92.46109771728516,37.16899871826172
243.789306640625,210.970703125,91.71080017089844,36.82379913330078
244.38780212402344,211.0670928955078,91.66829681396484,37.158199310302734
243.74659729003906,210.97950744628906,92.3021011352539,36.12200164794922
244.07290649414062,211.9272003173828,92.17179870605469,35.52519989013672
242.70089721679688,211.9980010986328,92.9468994140625,36.358699798583984
242.43710327148438,211.710205078125,92.91429901123047,35.1254997253418
242.35629272460938,211.48829650878906,94.32099914550781,36.28419876098633
241.0146026611328,211.72430419921875,94.77140045166016,36.00529861450195
240.77920532226562,210.80250549316406,96.20020294189453,36.45840072631836
240.49949645996094,210.02139282226562,96.27649688720703,37.055999755859375
240.67919921875,210.17950439453125,95.39839935302734,38.1875
240.9781036376953,210.73739624023438,95.51689910888672,37.722801208496094
240.63319396972656,210.5762939453125,95.6500015258789,37.67639923095703
240.80880737304688,210.5364990234375,95.443603515625,37.50120162963867
238.98080444335938,210.27149963378906,96.1427001953125,38.40810012817383
240.6533966064453,210.79510498046875,95.45339965820312,37.990299224853516
240.8632049560547,211.2073974609375,94.62470245361328,37.14540100097656
240.86419677734375,211.0467071533203,95.47540283203125,36.69260025024414
240.46420288085938,210.88299560546875,95.8302001953125,37.14139938354492
240.10629272460938,210.3885955810547,95.60359954833984,37.49440002441406
240.5269012451172,210.52310180664062,95.30380249023438,37.62590026855469
240.54010009765625,211.0850067138672,95.80549621582031,37.47359848022461
241.04440307617188,211.0596923828125,95.1365966796875,36.66999816894531
240.72230529785156,210.58250427246094,94.89749908447266,37.36759948730469
240.69679260253906,210.6248016357422,94.80169677734375,37.36640167236328
239.77369689941406,210.3531951904297,95.74600219726562,37.4109001159668
240.29229736328125,210.32330322265625,95.42839813232422,37.900299072265625
240.4438018798828,210.12730407714844,95.27079772949219,37.699798583984375
240.51730346679688,210.5677947998047,95.82510375976562,37.559600830078125
240.4936065673828,211.2725067138672,96.4218978881836,37.20640182495117
239.9821014404297,210.76400756835938,95.23280334472656,36.8838996887207
240.2501983642578,210.47630310058594,94.87519836425781,37.50279998779297
240.74200439453125,210.53439331054688,95.37190246582031,37.003700256347656
240.7366943359375,210.44129943847656,95.51799774169922,37.442901611328125
241.09060668945312,210.522705078125,95.46800231933594,37.611900329589844
240.62989807128906,210.3585968017578,94.60050201416016,37.48649978637695
241.11610412597656,210.33770751953125,95.43209838867188,37.22909927368164
240.49839782714844,210.29629516601562,95.22489929199219,38.41419982910156
241.25230407714844,210.3345947265625,94.94270324707031,37.23160171508789
240.45309448242188,210.5428009033203,95.36080169677734,37.841400146484375
240.92880249023438,210.77870178222656,94.85330200195312,37.5906982421875
240.8083038330078,210.8376007080078,94.98809814453125,37.58689880371094
242.53819274902344,210.7454071044922,93.96240234375,37.21030044555664
244.7554931640625,211.2716064453125,91.1134033203125,36.95000076293945
242.293701171875,210.9324951171875,93.7029037475586,37.76499938964844
241.63670349121094,209.88780212402344,94.26909637451172,38.05619812011719
241.23109436035156,209.37100219726562,94.40910339355469,39.45199966430664
246.1551971435547,210.22860717773438,89.1167984008789,38.17390060424805
243.904296875,212.36480712890625,91.51419830322266,37.7322998046875
227.5258026123047,149.72689819335938,75.78839874267578,76.27249908447266
245.89779663085938,198.87460327148438,90.00869750976562,50.610198974609375
240.87899780273438,162.86419677734375,81.71659851074219,80.82420349121094
237.25729370117188,168.0850067138672,96.2759017944336,79.31890106201172
234.81219482421875,174.3842010498047,88.40589904785156,73.85669708251953
240.69000244140625,176.40330505371094,71.92649841308594,74.6980972290039
242.56370544433594,179.57949829101562,71.71920013427734,76.5469970703125
243.90440368652344,185.8065948486328,68.61630249023438,73.66510009765625
241.67669677734375,184.11439514160156,75.1073989868164,69.90809631347656
248.8708038330078,188.36289978027344,64.31159973144531,76.7322006225586
251.54750061035156,190.70599365234375,63.63639831542969,73.37059783935547
261.4903869628906,192.12249755859375,54.67300033569336,67.61370086669922
257.1536865234375,194.5052947998047,56.45940017700195,75.51170349121094
248.55209350585938,197.55499267578125,62.61650085449219,76.7228012084961
253.36940002441406,207.26870727539062,51.058101654052734,71.67160034179688
243.92379760742188,214.1175994873047,57.99639892578125,70.99400329589844
247.8444061279297,211.10150146484375,51.41600036621094,70.006103515625
248.16470336914062,220.02110290527344,46.61470031738281,62.73640060424805
249.3206024169922,204.783203125,45.046199798583984,77.91560363769531
247.69410705566406,220.05799865722656,46.94540023803711,66.29519653320312
248.8009033203125,205.17959594726562,49.20669937133789,70.75350189208984
247.1240997314453,205.1829071044922,48.70840072631836,81.2489013671875
246.29969787597656,200.65350341796875,52.96820068359375,80.1780014038086
243.23289489746094,199.33279418945312,53.12179946899414,83.25360107421875
239.5240936279297,205.53469848632812,58.46989822387695,83.65799713134766
234.24029541015625,205.09530639648438,100.0613021850586,62.29949951171875
241.068603515625,208.9250030517578,94.50479888916016,46.28120040893555
264.99481201171875,210.2947998046875,72.37129974365234,42.85089874267578
228.9604034423828,207.7010040283203,97.91010284423828,67.16929626464844
