1
408.5548095703125,227.875,41.426700592041016,56.26839828491211
410.494384765625,226.72079467773438,41.27399826049805,60.422298431396484
408.0531921386719,227.64830017089844,46.96549987792969,62.54349899291992
409.7309875488281,230.54769897460938,43.13050079345703,58.29999923706055
410.172607421875,226.28900146484375,45.102699279785156,58.393798828125
407.4314880371094,226.24420166015625,44.2677001953125,62.15480041503906
409.76800537109375,225.34620666503906,43.047698974609375,59.752201080322266
409.456787109375,224.27969360351562,44.09049987792969,62.032100677490234
408.7757873535156,225.089599609375,46.007301330566406,60.422698974609375
411.50421142578125,225.5135955810547,44.06129837036133,60.17530059814453
409.7554016113281,222.55380249023438,47.16780090332031,60.71979904174805
409.5448913574219,224.61289978027344,48.0630989074707,58.010101318359375
409.28790283203125,223.6118927001953,48.34560012817383,58.400901794433594
412.9381103515625,227.62680053710938,47.35449981689453,60.723201751708984
412.1589050292969,225.80990600585938,49.41960144042969,60.66790008544922
411.60009765625,224.160400390625,50.68170166015625,62.754398345947266
414.95361328125,224.72950744628906,48.74769973754883,68.11430358886719
412.28570556640625,225.7052001953125,56.52239990234375,71.3488998413086
411.2018127441406,225.18609619140625,58.257999420166016,76.543701171875
416.23431396484375,226.15029907226562,54.569000244140625,67.69920349121094
415.7690124511719,225.4239959716797,54.798301696777344,72.05110168457031
420.9681091308594,226.2393035888672,51.11149978637695,67.2654037475586
418.48968505859375,224.01589965820312,54.47129821777344,68.61910247802734
421.7856140136719,223.9344940185547,52.94409942626953,68.89679718017578
421.94219970703125,222.6685028076172,53.217098236083984,70.18560028076172
417.6752014160156,220.79930114746094,60.632999420166016,74.79740142822266
416.81048583984375,220.7772979736328,62.11149978637695,76.89600372314453
416.7243957519531,220.64739990234375,62.79410171508789,73.85009765625
417.606689453125,222.3197021484375,62.306800842285156,77.20259857177734
418.3004150390625,217.1251983642578,62.31959915161133,78.88050079345703
421.32110595703125,221.57569885253906,58.92639923095703,77.2384033203125
420.76019287109375,218.989501953125,60.98659896850586,77.07540130615234
420.1216125488281,219.21229553222656,61.86840057373047,81.05269622802734
420.412109375,216.99169921875,62.645999908447266,79.04530334472656
422.4866943359375,218.79539489746094,60.05630111694336,81.3812026977539
423.1883850097656,223.260498046875,57.75709915161133,73.83200073242188
426.2974853515625,219.96620178222656,57.929500579833984,77.45220184326172
425.2409973144531,221.4221954345703,57.13690185546875,80.16190338134766
424.476806640625,219.58729553222656,59.734798431396484,78.17259979248047
420.5105895996094,218.1345977783203,64.94519805908203,82.510498046875
421.1630859375,221.33599853515625,63.389801025390625,78.28759765625
417.38519287109375,220.7122039794922,69.1698989868164,84.62000274658203
418.55670166015625,218.14019775390625,65.27420043945312,80.82980346679688
418.5480041503906,221.0720977783203,66.69719696044922,83.36969757080078
419.8288879394531,220.701904296875,65.55999755859375,80.87470245361328
418.6283874511719,222.78919982910156,66.11820220947266,82.90450286865234
421.5658874511719,221.1450958251953,63.50149917602539,77.51069641113281
418.3305969238281,222.17430114746094,67.90049743652344,81.33869934082031
419.585205078125,221.55589294433594,65.95600128173828,79.02349853515625
419.82598876953125,222.72230529785156,65.86540222167969,78.00879669189453
417.1903076171875,219.322998046875,69.7145004272461,84.01789855957031
416.8482971191406,217.9403076171875,68.91429901123047,81.2385025024414
420.4591979980469,217.6654052734375,68.41819763183594,82.80809783935547
416.26141357421875,218.1029052734375,68.76419830322266,85.28040313720703
418.2207946777344,219.04319763183594,69.50250244140625,78.65699768066406
417.7522888183594,218.34280395507812,70.76370239257812,80.62840270996094
417.6903991699219,217.0861053466797,70.3501968383789,80.73519897460938
419.2052917480469,217.33489990234375,72.83570098876953,84.2240982055664
418.56170654296875,216.381103515625,68.29869842529297,86.30359649658203
420.85211181640625,216.44970703125,67.96610260009766,80.72090148925781
418.6072998046875,215.92410278320312,72.69619750976562,87.29959869384766
422.98028564453125,214.81219482421875,67.35379791259766,83.44640350341797
419.2615051269531,215.810302734375,71.80169677734375,89.05149841308594
422.9743957519531,215.91360473632812,71.60289764404297,87.09190368652344
424.423095703125,216.33070373535156,72.6156005859375,91.2864990234375
423.87139892578125,215.0653076171875,73.10089874267578,90.12000274658203
426.43548583984375,216.39759826660156,71.25990295410156,89.2490005493164
423.2107849121094,216.0001983642578,76.67530059814453,96.9364013671875
428.38739013671875,216.8361053466797,69.07929992675781,88.34649658203125
427.2439880371094,215.4582061767578,76.80280303955078,97.36009979248047
428.1423034667969,214.25819396972656,74.86150360107422,94.26599884033203
431.90350341796875,214.94070434570312,70.74490356445312,97.02290344238281
431.81060791015625,214.2313995361328,75.535400390625,98.5177001953125
430.369384765625,213.5832061767578,76.61759948730469,95.7488021850586
435.6825866699219,213.435302734375,72.41280364990234,100.98590087890625
435.6358947753906,211.5988006591797,76.43669891357422,95.61170196533203
432.9992980957031,212.4351043701172,78.74569702148438,100.63169860839844
439.8763122558594,209.4385986328125,72.1001968383789,97.68920135498047
437.98858642578125,209.7696075439453,76.38849639892578,101.97820281982422
441.3131103515625,208.7176055908203,73.48670196533203,98.53790283203125
441.1523132324219,210.4293975830078,75.44429779052734,103.98269653320312
444.18450927734375,206.5207977294922,73.48310089111328,98.1843032836914
441.3587951660156,208.87989807128906,77.13140106201172,103.85310363769531
443.3138122558594,205.5648956298828,76.58429718017578,101.76029968261719
441.1094970703125,208.77520751953125,78.92109680175781,106.23629760742188
440.56280517578125,202.25070190429688,79.8917007446289,104.24310302734375
439.16900634765625,205.36180114746094,83.61589813232422,110.13700103759766
441.86700439453125,204.59739685058594,79.64820098876953,103.32759857177734
452.0636901855469,204.3708953857422,70.25270080566406,100.59230041503906
443.94720458984375,204.80690002441406,80.06320190429688,104.260498046875
445.6228942871094,205.3354034423828,78.29119873046875,100.43470001220703
449.5234069824219,205.4293975830078,75.48600006103516,102.27259826660156
446.74859619140625,202.4665069580078,79.83910369873047,106.60099792480469
446.7127990722656,204.8480987548828,77.92040252685547,108.5176010131836
449.6871032714844,206.39259338378906,75.33390045166016,98.86039733886719
448.7030029296875,201.1251983642578,78.75430297851562,108.18830108642578
447.67169189453125,203.00489807128906,78.25650024414062,109.57929992675781
446.4580993652344,202.7220001220703,80.96109771728516,113.17900085449219
445.805908203125,203.31739807128906,80.64179992675781,106.67839813232422
441.1647033691406,204.09019470214844,84.37850189208984,114.31529998779297
440.1883850097656,205.3303985595703,84.94429779052734,107.44300079345703
439.1200866699219,205.9561004638672,86.3031005859375,114.756103515625
438.6430969238281,205.6781005859375,85.47360229492188,105.36260223388672
437.68231201171875,208.0175018310547,86.95469665527344,111.54010009765625
440.9717102050781,205.2310028076172,83.95549774169922,97.8958969116211
444.9549865722656,206.89540100097656,82.16419982910156,101.47969818115234
439.6242980957031,203.39039611816406,87.54949951171875,102.17169952392578
444.5361022949219,205.26870727539062,80.14779663085938,99.8949966430664
436.76971435546875,201.62049865722656,93.45950317382812,101.15270233154297
441.1953125,200.62759399414062,84.73729705810547,100.1239013671875
435.9255065917969,199.55859375,93.75150299072266,113.90799713134766
438.2940979003906,195.9506072998047,87.50050354003906,110.69249725341797
440.4453125,201.75909423828125,88.4968032836914,104.6155014038086
442.568115234375,197.46609497070312,87.75389862060547,107.36280059814453
438.6257019042969,197.4716033935547,90.94129943847656,106.55889892578125
443.85369873046875,200.56520080566406,86.28369903564453,107.597900390625
445.4909973144531,194.1322021484375,85.61579895019531,118.79660034179688
441.3558044433594,196.91079711914062,91.40229797363281,115.52649688720703
442.2737121582031,196.7845001220703,91.25019836425781,118.22000122070312
439.6962890625,196.06700134277344,94.00420379638672,123.96219635009766
442.2029113769531,197.60040283203125,93.63860321044922,122.37030029296875
442.6603088378906,194.5863037109375,92.81999969482422,116.98280334472656
443.71148681640625,197.1728057861328,93.10900115966797,111.85800170898438
450.2543029785156,195.59759521484375,87.36009979248047,112.12129974365234
445.4043884277344,193.1584014892578,95.6875,114.49189758300781
452.8642883300781,196.7501983642578,87.51069641113281,111.53450012207031
449.43121337890625,193.6381072998047,93.69110107421875,116.39320373535156
451.5162048339844,196.18479919433594,95.69779968261719,115.34860229492188
456.0674133300781,196.22000122070312,89.83689880371094,114.9352035522461
459.61749267578125,193.4835968017578,90.2490005493164,118.33979797363281
455.9855041503906,192.23370361328125,95.96040344238281,124.12419891357422
454.1354064941406,191.01609802246094,101.67430114746094,128.2097930908203
451.91448974609375,189.5966033935547,104.37409973144531,128.2458038330078
450.92510986328125,187.37460327148438,108.14720153808594,136.60780334472656
458.3398132324219,185.29220581054688,98.70179748535156,123.34870147705078
457.1495056152344,188.94259643554688,101.88729858398438,119.1239013671875
458.8146057128906,185.01559448242188,106.73030090332031,117.56839752197266
460.78350830078125,188.6658935546875,104.91699981689453,120.5875015258789
457.8999938964844,184.59559631347656,111.2970962524414,135.00160217285156
461.119384765625,184.2436065673828,112.19819641113281,127.37809753417969
461.6601867675781,184.4665985107422,111.39299774169922,142.03419494628906
463.8052978515625,183.4709930419922,111.75289916992188,127.89929962158203
463.8389892578125,183.88270568847656,115.25170135498047,138.72430419921875
465.6361999511719,184.3903045654297,115.69860076904297,128.4470977783203
469.5328063964844,186.63870239257812,109.79640197753906,121.57630157470703
478.6299133300781,186.4492950439453,98.47949981689453,120.83290100097656
481.10211181640625,187.9075927734375,94.2938003540039,111.24040222167969
483.1632995605469,188.14230346679688,96.98529815673828,113.57150268554688
492.5364074707031,189.57809448242188,88.42939758300781,115.23609924316406
494.6408996582031,184.2196044921875,85.61650085449219,118.34249877929688
505.13848876953125,188.65179443359375,74.59149932861328,108.91580200195312
504.0867919921875,186.33380126953125,76.15029907226562,103.64520263671875
504.9342956542969,186.4029998779297,74.51730346679688,101.01100158691406
505.8005065917969,183.43409729003906,72.45870208740234,99.59310150146484
502.6413879394531,180.93089294433594,73.38490295410156,100.7311019897461
499.05340576171875,176.860595703125,74.23809814453125,103.4009017944336
495.19720458984375,178.4373016357422,74.55770111083984,101.19490051269531
498.3221130371094,173.91490173339844,69.39779663085938,103.6780014038086
479.2027893066406,173.610595703125,86.03019714355469,103.4229965209961
486.4132080078125,176.593505859375,76.2571029663086,106.33670043945312
488.0382995605469,170.0384063720703,72.43309783935547,108.15799713134766
482.6304931640625,174.73980712890625,72.2708969116211,103.0615005493164
480.5679016113281,174.61279296875,73.00959777832031,107.79409790039062
480.68310546875,172.3988037109375,72.03240203857422,104.93460083007812
476.1993103027344,175.55490112304688,76.9916000366211,107.67620086669922
482.1734924316406,177.3585968017578,70.3207015991211,102.64320373535156
478.1731872558594,171.36920166015625,75.78679656982422,112.7511978149414
478.0625,175.44529724121094,75.31919860839844,105.3499984741211
477.7620849609375,179.3385009765625,75.19830322265625,95.1323013305664
474.7933044433594,175.5435028076172,76.23030090332031,110.60420227050781
476.3381042480469,177.50379943847656,73.73699951171875,102.7853012084961
469.8830871582031,179.9676055908203,81.73860168457031,103.84339904785156
473.4754943847656,176.62869262695312,73.84719848632812,104.62069702148438
467.67059326171875,176.84640502929688,83.01930236816406,106.6489028930664
472.672607421875,179.85369873046875,74.14459991455078,101.93489837646484
464.6005859375,174.2957000732422,87.23889923095703,111.27320098876953
458.36138916015625,174.33489990234375,93.46810150146484,111.4478988647461
460.34478759765625,173.681396484375,89.0376968383789,113.22840118408203
457.9236145019531,175.76390075683594,91.1156997680664,110.86609649658203
453.2560119628906,173.00270080566406,95.56629943847656,109.83570098876953
455.6505126953125,176.970703125,91.84839630126953,106.26170349121094
454.0423889160156,174.5001983642578,92.28980255126953,106.28949737548828
454.2137145996094,176.5323028564453,92.09590148925781,102.95999908447266
455.55499267578125,178.58670043945312,90.1323013305664,106.57029724121094
456.7593078613281,178.3883056640625,87.97219848632812,106.76629638671875
451.3981018066406,175.0198974609375,93.56109619140625,108.88739776611328
451.0530090332031,176.70579528808594,94.61139678955078,105.67310333251953
453.2991027832031,175.00149536132812,90.54139709472656,112.06189727783203
453.1339111328125,173.7584991455078,89.66539764404297,108.41179656982422
452.6724853515625,178.97259521484375,92.94619750976562,103.22869873046875
459.66259765625,178.98500061035156,81.46600341796875,105.4374008178711
456.48260498046875,181.95579528808594,86.48269653320312,99.10759735107422
455.3399963378906,179.47140502929688,87.88580322265625,101.28089904785156
451.8254089355469,182.227294921875,89.67379760742188,100.4801025390625
451.605712890625,180.63380432128906,88.55999755859375,103.96060180664062
451.6910095214844,181.7675018310547,88.10859680175781,104.6707992553711
452.9707946777344,179.00360107421875,86.63009643554688,108.99449920654297
451.60931396484375,180.02520751953125,87.6073989868164,110.61509704589844
453.10009765625,178.88150024414062,85.21269989013672,107.60269927978516
451.9230041503906,177.9071044921875,87.32679748535156,112.44059753417969
450.5581970214844,179.46359252929688,86.2345962524414,114.62629699707031
449.48809814453125,182.7873992919922,88.64759826660156,117.19239807128906
449.8760070800781,176.2700958251953,89.3958969116211,128.89419555664062
448.2575988769531,181.97019958496094,91.13700103759766,126.3938980102539
445.8846130371094,184.7283935546875,94.40750122070312,134.466796875
446.7025146484375,182.55889892578125,95.89659881591797,138.18820190429688
443.14630126953125,186.37179565429688,101.33159637451172,137.67160034179688
446.5035095214844,188.56910705566406,96.94219970703125,129.59750366210938
447.9128112792969,193.5269012451172,94.35929870605469,126.6146011352539
440.1346130371094,194.37130737304688,99.6969985961914,131.79299926757812
449.368896484375,188.3979034423828,96.7748031616211,134.62710571289062
454.527587890625,192.5720977783203,86.64790344238281,129.5948028564453
444.9464111328125,183.96279907226562,100.54340362548828,141.35009765625
450.39739990234375,188.03379821777344,90.34230041503906,129.0126953125
447.68280029296875,182.84019470214844,100.40129852294922,137.11880493164062
443.86151123046875,187.59030151367188,102.90950012207031,136.34840393066406
449.42498779296875,194.57449340820312,99.06300354003906,129.5377960205078
441.3085021972656,187.2375946044922,112.90390014648438,136.8061981201172
446.30780029296875,190.2476043701172,104.48490142822266,128.41859436035156
439.2650146484375,183.5334014892578,118.5822982788086,143.0915069580078
440.0820007324219,183.9174041748047,117.16649627685547,132.34800720214844
439.5675048828125,189.50559997558594,123.03810119628906,134.33299255371094
440.6339111328125,179.6894073486328,123.61000061035156,140.40150451660156
442.4607849121094,189.0531005859375,120.95210266113281,138.4438934326172
437.9490966796875,184.4591064453125,129.53599548339844,139.31179809570312
437.31549072265625,183.2606964111328,125.11199951171875,137.31199645996094
438.84161376953125,192.62440490722656,128.4774932861328,133.67550659179688
433.14410400390625,185.7010040283203,131.07699584960938,138.16830444335938
430.9366149902344,181.12570190429688,140.6468048095703,148.85060119628906
427.69171142578125,184.72079467773438,139.47970581054688,142.89239501953125
425.7578125,180.43519592285156,145.25929260253906,147.39410400390625
429.53009033203125,181.84219360351562,143.77369689941406,144.7772979736328
425.36151123046875,178.08120727539062,149.45640563964844,150.55599975585938
427.0130920410156,182.29420471191406,145.45050048828125,147.68429565429688
429.2101135253906,180.8957977294922,148.06309509277344,155.36810302734375
429.56549072265625,180.91090393066406,143.8072967529297,151.65960693359375
431.9128112792969,182.1824951171875,144.0675048828125,153.9844970703125
430.322509765625,181.46820068359375,147.43020629882812,154.6967010498047
433.3700866699219,186.36599731445312,141.23770141601562,145.8679962158203
434.889892578125,176.72720336914062,145.4467010498047,155.4550018310547
432.8573913574219,181.58189392089844,144.77850341796875,147.33819580078125
432.418212890625,184.4008026123047,149.69140625,145.8695068359375
435.9671936035156,179.4958953857422,147.1750030517578,149.92539978027344
434.59051513671875,179.3885955810547,146.74859619140625,151.0124969482422
439.9653015136719,183.7248992919922,144.23939514160156,144.81100463867188
443.2264099121094,183.21910095214844,140.43600463867188,143.37989807128906
443.9690856933594,179.1439971923828,142.8533935546875,141.46170043945312
445.93798828125,179.00149536132812,141.01519775390625,140.5388946533203
446.19940185546875,179.45809936523438,143.2176971435547,145.49969482421875
446.66790771484375,180.2364959716797,140.73800659179688,148.80340576171875
445.0542907714844,179.3699951171875,142.5325927734375,152.7021942138672
444.3201904296875,179.76559448242188,143.58250427246094,147.67959594726562
444.9092102050781,177.61740112304688,144.41029357910156,151.33529663085938
447.22100830078125,175.6024932861328,140.847900390625,154.43829345703125
446.17559814453125,173.51300048828125,141.3843994140625,155.31109619140625
447.91558837890625,177.9239044189453,142.00750732421875,152.5699005126953
446.5176086425781,176.0653076171875,141.11749267578125,149.81179809570312
447.2723083496094,180.42030334472656,143.5417022705078,150.07150268554688
446.7958984375,176.73289489746094,139.6779022216797,149.42849731445312
446.7832946777344,182.093505859375,143.11819458007812,147.5657958984375
444.3004150390625,179.3076934814453,142.7449951171875,146.94149780273438
443.28570556640625,181.04660034179688,146.2008056640625,143.70849609375
443.9909973144531,179.3946075439453,143.83709716796875,144.78599548339844
444.35540771484375,181.2790069580078,144.4803009033203,143.7292938232422
443.6282043457031,178.80929565429688,144.60260009765625,145.2624053955078
442.6191101074219,175.4918975830078,145.53199768066406,142.81419372558594
442.4338073730469,168.64669799804688,145.956298828125,144.41009521484375
441.8212890625,177.1708984375,148.8511962890625,141.87860107421875
440.6025085449219,169.54930114746094,149.01089477539062,149.32069396972656
439.6642150878906,172.77760314941406,148.5771026611328,140.97669982910156
440.3832092285156,173.23980712890625,147.5030975341797,141.0312042236328
447.3518981933594,176.89610290527344,140.2563018798828,135.05589294433594
442.04058837890625,176.13470458984375,144.3292999267578,134.50050354003906
438.6422119140625,172.3865966796875,151.5063018798828,144.61459350585938
439.9737854003906,178.28709411621094,150.4416961669922,135.40220642089844
440.4735107421875,173.37460327148438,146.93240356445312,141.53089904785156
438.3750915527344,183.30979919433594,148.6461944580078,129.285400390625
437.0827941894531,172.62350463867188,149.93829345703125,140.677001953125
436.9125061035156,188.52859497070312,150.81849670410156,124.77629852294922
433.6387023925781,178.07020568847656,152.0832061767578,137.83489990234375
433.4612121582031,182.45449829101562,152.44960021972656,135.90679931640625
434.95318603515625,175.0738983154297,149.6569061279297,143.87660217285156
433.8125915527344,189.0312957763672,150.66200256347656,127.58560180664062
433.8591003417969,178.8144073486328,150.52520751953125,136.41209411621094
433.9888916015625,184.6929931640625,153.58700561523438,136.202392578125
432.48291015625,177.69610595703125,152.32350158691406,148.1103057861328
432.70159912109375,175.75149536132812,150.0498046875,151.07159423828125
432.5820007324219,173.9989013671875,149.12860107421875,153.798095703125
431.9700012207031,167.22560119628906,149.35069274902344,157.4799041748047
430.6036071777344,170.14450073242188,152.4571990966797,161.41250610351562
431.9407958984375,173.12570190429688,150.5594940185547,161.4196014404297
433.3962097167969,184.25979614257812,146.04119873046875,149.006103515625
434.1000061035156,176.84449768066406,147.2052001953125,156.272705078125
434.29290771484375,178.9550018310547,145.2404022216797,153.18870544433594
437.11859130859375,188.58120727539062,139.15469360351562,141.08819580078125
435.9668884277344,187.8596954345703,142.62350463867188,144.62460327148438
433.4071044921875,187.00169372558594,140.28250122070312,145.30799865722656
432.7994079589844,188.65699768066406,142.43460083007812,140.78770446777344
427.1512145996094,187.7642059326172,149.78480529785156,144.10400390625
427.08538818359375,184.75970458984375,150.44549560546875,148.14830017089844
432.7408142089844,186.96420288085938,143.28570556640625,146.94949340820312
421.0191955566406,180.45530700683594,157.93890380859375,152.87969970703125
424.189697265625,177.08990478515625,156.5175018310547,158.1717071533203
424.0440979003906,171.01480102539062,155.90249633789062,164.86380004882812
430.66900634765625,179.25990295410156,149.24319458007812,155.44419860839844
429.0350036621094,172.43580627441406,152.4539031982422,159.46820068359375
432.1702880859375,181.51280212402344,144.34210205078125,150.12339782714844
429.10870361328125,169.77960205078125,150.6728057861328,159.82550048828125
435.6348876953125,178.85369873046875,143.01480102539062,150.9093017578125
433.04278564453125,173.4394989013672,145.25599670410156,154.56219482421875
432.856201171875,171.35330200195312,146.2738037109375,155.3031005859375
433.2419128417969,174.84629821777344,144.6678924560547,146.8448944091797
439.8034973144531,175.18460083007812,144.2841033935547,149.28619384765625
445.16619873046875,178.62469482421875,141.7281951904297,145.88259887695312
439.364501953125,171.1215057373047,143.2415008544922,151.8946990966797
445.1011962890625,187.0576934814453,144.32859802246094,134.66029357910156
442.7255859375,173.35260009765625,142.93060302734375,150.09519958496094
440.9231872558594,186.6909942626953,147.5865936279297,136.14120483398438
437.4587097167969,174.00889587402344,144.9907989501953,151.1132049560547
441.01348876953125,176.4029998779297,143.02589416503906,148.70480346679688
447.9762878417969,180.07980346679688,137.26669311523438,143.63760375976562
502.99639892578125,192.8061065673828,86.50990295410156,128.40550231933594
505.99969482421875,199.89849853515625,82.07520294189453,124.87920379638672
499.8335876464844,195.1573028564453,85.55180358886719,133.16380310058594
437.9950866699219,186.10760498046875,147.7552947998047,142.37100219726562
437.2102966308594,168.88479614257812,154.29409790039062,159.4477996826172
434.2893981933594,174.16209411621094,156.8000946044922,154.65480041503906
435.41619873046875,171.4071044921875,153.50979614257812,156.66400146484375
431.5071105957031,168.86019897460938,155.96119689941406,158.58399963378906
433.8310852050781,172.65640258789062,157.84730529785156,154.1027069091797
433.7123107910156,172.08009338378906,157.22030639648438,156.4788055419922
433.7034912109375,175.25990295410156,160.4792938232422,153.08189392089844
434.3843994140625,169.74400329589844,161.94509887695312,159.12429809570312
431.5527038574219,174.02780151367188,162.1446990966797,157.77630615234375
434.4927978515625,167.22140502929688,161.1757049560547,163.28050231933594
434.17138671875,173.12680053710938,162.83349609375,160.89599609375
433.565185546875,175.70620727539062,162.3582000732422,156.2010955810547
435.3775939941406,174.843505859375,159.14930725097656,155.38250732421875
434.71148681640625,173.80979919433594,157.5959014892578,156.8542938232422
433.28680419921875,173.8148956298828,156.56410217285156,158.67149353027344
432.07611083984375,177.6811981201172,153.1920928955078,153.96710205078125
434.0126037597656,182.6219940185547,152.1156005859375,148.75880432128906
431.87811279296875,175.67489624023438,152.15640258789062,156.87120056152344
431.6527099609375,187.7075958251953,148.46180725097656,142.88819885253906
432.49560546875,180.1779022216797,146.72390747070312,152.11109924316406
428.1083984375,179.36990356445312,152.18870544433594,155.29629516601562
428.2756042480469,183.15310668945312,148.19900512695312,153.93960571289062
424.6521911621094,178.05479431152344,152.44500732421875,162.76649475097656
421.1549072265625,186.94479370117188,152.44219970703125,153.90020751953125
419.385498046875,174.93170166015625,157.36099243164062,165.5377960205078
420.96551513671875,175.42469787597656,151.05360412597656,161.0030975341797
419.5508117675781,180.75929260253906,149.78759765625,153.33819580078125
424.8153991699219,197.90260314941406,146.4123992919922,139.5489959716797
425.6094970703125,194.19900512695312,139.78309631347656,138.1195068359375
422.6868896484375,186.1356964111328,140.404296875,143.03590393066406
423.309814453125,195.81039428710938,140.06419372558594,141.52520751953125
421.0768127441406,195.06509399414062,141.2454071044922,138.22479248046875
424.2237854003906,188.57470703125,138.2978057861328,142.5915985107422
419.1253967285156,189.56500244140625,138.7902069091797,140.10940551757812
415.84521484375,192.12179565429688,142.05479431152344,140.38609313964844
421.0555114746094,190.2989044189453,136.6656951904297,143.727294921875
413.04779052734375,181.89320373535156,142.33299255371094,149.2436065673828
414.1369934082031,184.97019958496094,139.8491973876953,150.62579345703125
412.13189697265625,187.6011962890625,138.68679809570312,148.3780059814453
412.8216857910156,193.87879943847656,133.21730041503906,137.2790069580078
413.4454040527344,190.29249572753906,137.8426971435547,145.87429809570312
412.0231018066406,189.26600646972656,130.23080444335938,141.77520751953125
414.2763977050781,192.87840270996094,128.07229614257812,140.37570190429688
415.2221984863281,191.05409240722656,124.63390350341797,140.31790161132812
422.32769775390625,195.48939514160156,113.7145004272461,133.0222930908203
426.0473937988281,196.99110412597656,116.59459686279297,136.7519989013672
408.6354064941406,188.85679626464844,130.35069274902344,144.9416046142578
411.8973083496094,191.03469848632812,119.37870025634766,139.35890197753906
415.0589904785156,192.00799560546875,120.15370178222656,143.58819580078125
409.2868957519531,186.18380737304688,124.7958984375,148.15220642089844
406.8345031738281,196.70359802246094,117.71080017089844,135.34609985351562
409.9371032714844,192.11790466308594,118.90619659423828,142.9918975830078
405.1007995605469,188.07249450683594,121.24929809570312,144.67709350585938
398.9054870605469,188.5316925048828,123.57510375976562,143.39089965820312
400.8952941894531,188.30369567871094,117.57630157470703,143.68899536132812
401.01971435546875,191.4304962158203,113.9977035522461,143.06790161132812
398.87548828125,185.76499938964844,112.03610229492188,145.87420654296875
398.99310302734375,188.89720153808594,113.88240051269531,148.5915069580078
398.68328857421875,175.10389709472656,113.44889831542969,161.49609375
400.00140380859375,188.2052001953125,108.88890075683594,145.40179443359375
400.5776062011719,181.24380493164062,107.15370178222656,155.8773956298828
399.8487854003906,189.98300170898438,104.43270111083984,147.2993927001953
397.4130859375,184.0030059814453,104.70089721679688,152.67649841308594
399.9313049316406,191.79690551757812,101.22419738769531,147.2718963623047
400.1141052246094,180.93280029296875,103.1895980834961,151.44920349121094
396.5137023925781,182.73280334472656,106.2603988647461,160.79319763183594
393.49700927734375,181.89259338378906,108.14620208740234,154.55349731445312
389.83489990234375,187.8885040283203,112.43569946289062,156.06820678710938
388.67010498046875,186.14419555664062,115.05370330810547,151.57940673828125
383.6300964355469,206.02340698242188,121.21080017089844,139.47959899902344
383.92529296875,189.9355010986328,124.64080047607422,152.5699005126953
384.2543029785156,193.62210083007812,121.49459838867188,154.35960388183594
382.2576904296875,183.1968994140625,124.793701171875,161.57470703125
379.05230712890625,197.4416961669922,126.25520324707031,151.781494140625
379.7557067871094,178.79409790039062,129.514404296875,168.67860412597656
379.1575927734375,195.56149291992188,125.69999694824219,157.55740356445312
380.6151123046875,196.48069763183594,122.09559631347656,151.91380310058594
385.49951171875,193.3018035888672,119.24169921875,159.12770080566406
383.65838623046875,185.5991973876953,118.29940032958984,165.0532989501953
383.5060119628906,196.3917999267578,126.09539794921875,156.31910705566406
384.1534118652344,186.40640258789062,114.95179748535156,167.55569458007812
387.4919128417969,189.58230590820312,105.36009979248047,164.1468048095703
387.6412048339844,182.87669372558594,110.59519958496094,167.27650451660156
387.7309875488281,188.34320068359375,111.78209686279297,161.4781951904297
387.86309814453125,182.84730529785156,111.98570251464844,166.48170471191406
385.5340881347656,184.51089477539062,115.7781982421875,169.53700256347656
390.089111328125,187.7393035888672,108.7748031616211,166.5063018798828
391.3192138671875,195.30999755859375,105.61039733886719,168.2454071044922
389.33428955078125,188.67860412597656,115.51380157470703,172.7512969970703
390.8387145996094,189.81280517578125,109.16739654541016,169.18460083007812
389.1814880371094,191.7877960205078,108.48159790039062,175.2238006591797
387.6877136230469,199.98080444335938,110.9823989868164,178.202392578125
386.010986328125,202.62989807128906,109.76419830322266,179.32029724121094
387.7117004394531,188.87950134277344,116.14469909667969,189.30430603027344
385.4190979003906,190.21400451660156,123.40390014648438,184.93699645996094
386.4754943847656,189.86520385742188,122.19550323486328,186.0211944580078
386.6897888183594,187.39259338378906,121.518798828125,188.747802734375
391.76629638671875,195.5989990234375,116.27780151367188,174.17599487304688
392.57000732421875,193.79840087890625,112.63569641113281,179.45860290527344
394.42230224609375,183.47979736328125,114.72460174560547,180.8372039794922
396.2576904296875,184.6448974609375,113.44100189208984,178.31759643554688
399.2572937011719,191.67950439453125,111.19290161132812,170.77529907226562
399.0527038574219,194.2490997314453,112.12550354003906,169.47329711914062
398.0685119628906,190.73599243164062,116.13529968261719,172.51950073242188
402.1640930175781,191.77000427246094,112.48480224609375,174.7635955810547
399.37030029296875,190.1082000732422,114.91169738769531,175.1107940673828
400.5159912109375,188.14149475097656,117.32209777832031,176.17889404296875
400.89080810546875,183.96620178222656,116.28800201416016,148.5998992919922
401.57989501953125,187.5146942138672,123.41380310058594,171.32879638671875
396.222900390625,178.67539978027344,125.61810302734375,158.23959350585938
399.6936950683594,187.15870666503906,126.12680053710938,174.31719970703125
404.48040771484375,187.43170166015625,122.22039794921875,177.5498046875
398.74371337890625,183.9259033203125,130.9936981201172,179.2689971923828
406.27410888671875,190.2489013671875,123.46489715576172,173.789306640625
402.8576965332031,185.93310546875,128.5084991455078,174.95770263671875
404.5539855957031,187.6103973388672,128.8972930908203,172.36749267578125
405.3743896484375,181.35809326171875,128.25169372558594,176.93580627441406
402.23748779296875,196.889404296875,131.78359985351562,160.9093017578125
400.0403137207031,187.0740966796875,133.75979614257812,172.92889404296875
414.0270080566406,188.47850036621094,123.67639923095703,171.085205078125
410.9706115722656,182.7967987060547,126.39920043945312,174.97230529785156
407.3880920410156,190.9416046142578,128.57090759277344,165.72120666503906
410.6913146972656,184.95309448242188,128.09820556640625,175.23789978027344
411.10198974609375,191.6031951904297,125.50330352783203,166.59649658203125
408.0707092285156,196.4857940673828,132.8354034423828,164.22450256347656
412.83221435546875,199.2429962158203,126.32949829101562,163.43789672851562
415.31549072265625,199.1486053466797,124.00759887695312,163.88099670410156
417.58538818359375,200.2436065673828,119.22339630126953,160.66310119628906
418.13470458984375,202.16319274902344,117.26570129394531,156.03720092773438
416.8804016113281,206.62469482421875,119.60369873046875,157.1761932373047
418.64068603515625,198.26040649414062,119.19539642333984,165.12379455566406
423.4490966796875,211.8195037841797,114.71700286865234,156.43130493164062
417.9324035644531,204.62100219726562,125.76930236816406,164.03610229492188
431.2149963378906,201.13380432128906,109.54350280761719,165.00160217285156
422.3467102050781,203.1295928955078,118.48159790039062,160.57449340820312
430.247314453125,204.6905059814453,109.810302734375,161.80520629882812
423.2524108886719,200.7097930908203,121.37149810791016,163.7073974609375
438.6542053222656,213.98480224609375,102.08149719238281,147.79440307617188
430.6014099121094,215.74609375,111.22270202636719,149.92239379882812
440.1048889160156,220.2447052001953,103.002197265625,139.8282928466797
435.2925109863281,208.46969604492188,107.69879913330078,150.11489868164062
428.4961853027344,207.57359313964844,117.3749008178711,151.51409912109375
429.17559814453125,195.60589599609375,113.01119995117188,158.9770050048828
434.50738525390625,201.0299072265625,105.76020050048828,152.69639587402344
430.7695007324219,199.5688018798828,113.1178970336914,152.22129821777344
435.1141052246094,197.62289428710938,109.02880096435547,153.2895050048828
442.4350891113281,197.77920532226562,98.58999633789062,147.18629455566406
432.3091125488281,194.889892578125,114.0448989868164,154.2205047607422
430.348388671875,190.20359802246094,114.85389709472656,155.3218994140625
437.6498107910156,202.6865997314453,107.1405029296875,139.08689880371094
444.4028015136719,202.4615020751953,98.53089904785156,139.7888946533203
440.614013671875,203.1656036376953,102.2947998046875,136.72329711914062
450.2117004394531,206.9700927734375,99.2771987915039,133.68150329589844
444.3987121582031,197.41180419921875,99.12799835205078,142.9969940185547
446.7121887207031,202.90390014648438,94.36299896240234,136.27439880371094
442.49468994140625,200.61720275878906,100.55879974365234,142.83279418945312
447.23480224609375,203.98060607910156,95.2509994506836,135.69410705566406
437.92138671875,197.62069702148438,107.37830352783203,144.44610595703125
440.2821044921875,202.6309051513672,104.00669860839844,139.7895965576172
447.1805114746094,198.86520385742188,98.59590148925781,145.99679565429688
443.74310302734375,196.89129638671875,102.81700134277344,142.72000122070312
439.2489929199219,201.6175994873047,107.44059753417969,143.77960205078125
436.8456115722656,191.39759826660156,112.12169647216797,150.52310180664062
437.9906921386719,197.34320068359375,109.00379943847656,147.27029418945312
436.9473876953125,199.82260131835938,108.01909637451172,145.789794921875
438.65130615234375,197.72830200195312,108.07599639892578,144.8896942138672
439.5195007324219,198.7821044921875,103.19450378417969,144.3804931640625
439.82080078125,197.2895050048828,102.4363021850586,143.3343048095703
437.9728088378906,198.06210327148438,97.49310302734375,143.4416046142578
437.6354064941406,196.21099853515625,104.41709899902344,148.05380249023438
437.36370849609375,197.16799926757812,101.1417007446289,144.2541046142578
436.5137023925781,196.20159912109375,97.94930267333984,147.3760986328125
430.5152893066406,191.37289428710938,105.51319885253906,152.6824951171875
433.2658996582031,193.5865020751953,97.94149780273438,149.6855010986328
433.426513671875,195.773193359375,90.7146987915039,147.76930236816406
