1
161.42840576171875,219.34519958496094,220.73980712890625,127.60040283203125
168.92349243164062,226.33779907226562,216.22039794921875,103.8644027709961
169.73789978027344,225.06170654296875,220.84649658203125,114.95189666748047
174.1334991455078,226.4228973388672,215.56649780273438,105.30490112304688
177.22000122070312,220.51950073242188,221.8280029296875,107.51349639892578
193.9062957763672,204.94850158691406,211.7407989501953,117.46929931640625
192.53309631347656,187.88040161132812,220.77769470214844,147.38270568847656
185.55859375,164.9521026611328,238.5850067138672,159.34779357910156
185.83819580078125,129.59519958496094,241.12640380859375,191.6652069091797
198.4965057373047,107.33809661865234,229.1475067138672,201.3885040283203
196.76170349121094,83.5802001953125,218.19410705566406,215.5196075439453
194.83160400390625,67.06559753417969,206.6226043701172,219.5511016845703
208.0229034423828,53.02640151977539,178.15989685058594,223.7187957763672
205.2530059814453,46.42959976196289,166.15699768066406,222.1009979248047
196.54510498046875,40.53799819946289,160.768798828125,227.13209533691406
181.14540100097656,42.548500061035156,163.68789672851562,228.4499969482422
153.9040069580078,44.459999084472656,182.293701171875,225.3404998779297
147.3737030029297,54.47019958496094,180.52520751953125,216.12770080566406
144.31930541992188,69.34940338134766,179.368896484375,212.33189392089844
128.86599731445312,75.73470306396484,186.01759338378906,219.54879760742188
120.31700134277344,94.35910034179688,186.9958953857422,207.16110229492188
109.95140075683594,110.40779876708984,183.1468963623047,203.16029357910156
102.70760345458984,146.48489379882812,173.12339782714844,177.5458984375
97.3843994140625,171.74209594726562,189.0552978515625,159.63980102539062
96.19239807128906,198.91090393066406,183.59249877929688,138.67559814453125
92.8948974609375,217.85360717773438,175.8905029296875,140.3125
94.71320343017578,219.39230346679688,177.17230224609375,140.1531982421875
79.93830108642578,218.8885040283203,176.9311065673828,141.1114959716797
68.77369689941406,220.00270080566406,189.7039031982422,139.99729919433594
61.925498962402344,228.95120239257812,183.1522979736328,131.04879760742188
55.176700592041016,230.2303009033203,185.9822998046875,129.52139282226562
52.37080001831055,233.55369567871094,178.593505859375,126.08409881591797
50.320701599121094,236.214599609375,177.72650146484375,123.17330169677734
52.00149917602539,239.33700561523438,182.41140747070312,119.86150360107422
54.349098205566406,244.97959899902344,185.7344970703125,115.02040100097656
58.46179962158203,249.87269592285156,190.16990661621094,110.1272964477539
68.3218994140625,253.54440307617188,200.42080688476562,106.31670379638672
73.80130004882812,258.37249755859375,222.8072052001953,100.82140350341797
101.19049835205078,263.739501953125,222.63119506835938,96.260498046875
124.31739807128906,267.7616882324219,206.952392578125,92.23829650878906
139.2353057861328,269.8034973144531,207.3415069580078,89.8947982788086
149.647705078125,272.9193115234375,207.8695068359375,86.38970184326172
157.4929962158203,264.3877868652344,213.88690185546875,94.69860076904297
163.4156036376953,251.7602996826172,229.28829956054688,108.23970031738281
165.50559997558594,233.47000122070312,237.60260009765625,126.52999877929688
176.6833038330078,217.29710388183594,244.5688018798828,139.3769989013672
182.54879760742188,202.70989990234375,242.84669494628906,152.02699279785156
187.39559936523438,195.4445037841797,242.70889282226562,158.14590454101562
188.71519470214844,194.46270751953125,240.80870056152344,155.16990661621094
192.0363006591797,193.0738983154297,237.51519775390625,148.46539306640625
188.91180419921875,193.65310668945312,232.81289672851562,132.72039794921875
186.49630737304688,193.95230102539062,231.54139709472656,133.0395965576172
182.0321044921875,197.8717041015625,231.67840576171875,118.02290344238281
179.12249755859375,200.49440002441406,228.72720336914062,120.43399810791016
166.83419799804688,197.86990356445312,237.74819946289062,132.43280029296875
146.56539916992188,191.4647979736328,250.0657958984375,142.40879821777344
136.7375946044922,184.20570373535156,248.685302734375,155.22109985351562
117.29149627685547,172.52349853515625,255.5699005126953,174.29930114746094
105.2522964477539,170.09519958496094,257.71929931640625,177.6649932861328
95.75350189208984,167.24209594726562,255.26759338378906,183.01370239257812
84.94979858398438,165.9259033203125,256.1239929199219,184.36599731445312
74.1885986328125,164.15260314941406,257.92889404296875,191.28109741210938
65.09829711914062,163.75169372558594,262.67529296875,194.76170349121094
58.89569854736328,163.71670532226562,265.1748962402344,192.96359252929688
54.29410171508789,164.4700927734375,265.2668151855469,191.7364044189453
48.59640121459961,162.96820068359375,269.6228942871094,195.36270141601562
47.394500732421875,161.85589599609375,272.8716125488281,193.8813018798828
46.54629898071289,161.66270446777344,271.6069030761719,196.3040008544922
45.17340087890625,160.0908966064453,274.57861328125,198.5137939453125
48.23809814453125,159.5644989013672,265.97491455078125,197.39649963378906
47.49169921875,155.44610595703125,263.6874084472656,199.9792022705078
51.62049865722656,152.88450622558594,262.3360900878906,206.38499450683594
57.96269989013672,149.89599609375,251.99459838867188,199.4477996826172
55.88800048828125,149.75140380859375,257.87109375,209.05560302734375
69.40789794921875,142.21009826660156,244.1053009033203,215.45120239257812
68.18720245361328,139.87379455566406,247.3979034423828,220.12620544433594
75.74369812011719,129.7613067626953,235.49949645996094,229.30679321289062
79.0740966796875,132.4351043701172,229.83270263671875,223.99609375
83.43900299072266,123.87470245361328,238.3939971923828,234.54409790039062
86.39399719238281,114.12940216064453,228.24270629882812,244.18710327148438
95.45549774169922,123.29440307617188,215.35409545898438,234.20919799804688
105.1156005859375,128.32040405273438,198.968505859375,227.67579650878906
111.36489868164062,123.54769897460938,182.59129333496094,231.41439819335938
133.62930297851562,125.56629943847656,169.1112060546875,219.36239624023438
126.75140380859375,119.26830291748047,175.87210083007812,235.5334014892578
129.44869995117188,112.76490020751953,171.63360595703125,232.10220336914062
141.3363037109375,111.96890258789062,159.33729553222656,237.59390258789062
137.57899475097656,111.2593994140625,159.2362060546875,225.5458984375
142.43910217285156,105.8030014038086,163.48350524902344,242.53919982910156
144.25230407714844,106.79920196533203,160.2534942626953,216.59849548339844
149.70440673828125,103.58769989013672,150.54299926757812,244.22850036621094
147.23849487304688,104.26439666748047,140.8571014404297,222.4864959716797
151.3072052001953,104.3416976928711,147.86390686035156,231.38470458984375
150.57020568847656,105.875,138.94679260253906,190.70050048828125
150.89889526367188,102.0000991821289,150.87890625,253.96949768066406
169.7552947998047,104.35230255126953,139.6800994873047,230.3188018798828
154.67239379882812,104.7332992553711,154.65260314941406,247.627197265625
166.49029541015625,107.26300048828125,141.70140075683594,237.09170532226562
164.84500122070312,102.86579895019531,140.706298828125,247.8166046142578
176.01919555664062,106.24620056152344,132.1103057861328,247.18899536132812
163.12210083007812,104.42220306396484,150.33160400390625,249.7928009033203
156.37669372558594,103.95179748535156,154.58920288085938,214.5897979736328
170.70809936523438,106.88629913330078,139.6544952392578,196.12789916992188
180.86680603027344,106.16410064697266,133.9586944580078,228.99290466308594
170.83670043945312,103.77050018310547,144.92349243164062,232.6907958984375
175.6923065185547,105.5990982055664,146.4512939453125,214.91810607910156
195.29730224609375,105.88300323486328,123.8584976196289,222.06500244140625
190.52110290527344,106.92669677734375,129.46839904785156,212.83360290527344
194.41119384765625,110.23909759521484,129.12210083007812,229.91709899902344
194.09539794921875,110.44439697265625,133.53309631347656,246.5095977783203
193.2637939453125,111.96199798583984,139.716796875,211.54409790039062
190.92039489746094,110.33910369873047,149.40199279785156,234.15370178222656
169.92999267578125,106.5509033203125,175.3459014892578,218.26339721679688
194.98390197753906,114.66819763183594,151.1739044189453,202.03469848632812
189.20849609375,108.03289794921875,164.60899353027344,201.0041961669922
199.5137939453125,110.28099822998047,156.26210021972656,191.10629272460938
196.16839599609375,109.60659790039062,161.86500549316406,188.86019897460938
196.6262969970703,107.54830169677734,165.11129760742188,192.7082061767578
197.7969970703125,107.67780303955078,165.80880737304688,192.09530639648438
199.65029907226562,108.21150207519531,169.55459594726562,186.54420471191406
197.73399353027344,106.05780029296875,173.8173065185547,193.79420471191406
195.78819274902344,114.3927993774414,174.25579833984375,187.70069885253906
181.8769073486328,110.23480224609375,192.03179931640625,198.57200622558594
179.9980926513672,105.7708969116211,201.56080627441406,198.760498046875
172.3585968017578,114.11109924316406,215.69430541992188,194.7216033935547
160.9521026611328,118.55760192871094,227.20899963378906,192.8997039794922
156.3123016357422,119.90029907226562,241.19850158691406,185.67909240722656
153.6649932861328,117.33550262451172,238.85699462890625,197.5841064453125
152.48699951171875,119.90070343017578,238.7720947265625,195.21299743652344
153.0780029296875,121.3582992553711,238.181396484375,202.52549743652344
152.3657989501953,123.94390106201172,243.38479614257812,199.74749755859375
152.13800048828125,123.25689697265625,242.84840393066406,202.3188018798828
153.33059692382812,127.53189849853516,245.56280517578125,197.50840759277344
150.1011962890625,122.39659881591797,249.47019958496094,199.85150146484375
149.59869384765625,133.7935028076172,251.6042938232422,192.0142059326172
154.42660522460938,127.00450134277344,251.8280029296875,202.2635955810547
157.68490600585938,128.9185028076172,247.7469940185547,201.43919372558594
156.92449951171875,128.802001953125,249.28660583496094,206.37869262695312
152.12379455566406,132.06219482421875,256.33270263671875,206.406005859375
160.30369567871094,129.49110412597656,250.60330200195312,213.46249389648438
158.9541015625,140.11619567871094,252.7230987548828,203.63870239257812
157.69740295410156,135.52670288085938,259.88970947265625,203.9593963623047
164.79910278320312,144.37249755859375,251.03919982910156,199.78900146484375
161.26089477539062,140.2071075439453,256.089111328125,211.06570434570312
169.3513946533203,137.7021026611328,248.57049560546875,213.31759643554688
167.77259826660156,143.1732940673828,250.5019073486328,210.8209991455078
166.99729919433594,151.67100524902344,254.36019897460938,205.69529724121094
169.60360717773438,146.68589782714844,249.7895965576172,208.06590270996094
169.37939453125,157.07839965820312,245.43809509277344,200.01229858398438
168.34300231933594,154.72300720214844,246.44960021972656,201.76759338378906
166.37159729003906,160.12770080566406,246.0196075439453,197.39219665527344
164.4622039794922,161.0572967529297,242.2012939453125,189.03480529785156
161.49729919433594,163.20489501953125,240.6811981201172,191.60049438476562
156.25010681152344,165.31610107421875,239.4586944580078,189.9492950439453
150.5802001953125,170.96839904785156,240.2783966064453,184.43600463867188
146.97569274902344,174.08580017089844,239.13250732421875,178.4342041015625
147.75390625,174.406005859375,231.8365936279297,179.1658935546875
142.84019470214844,177.23910522460938,230.10629272460938,175.3321075439453
139.42529296875,182.12159729003906,224.5946044921875,167.86839294433594
137.52420043945312,185.877197265625,219.50340270996094,169.523193359375
135.2989959716797,189.010498046875,218.22459411621094,153.29299926757812
131.7554931640625,189.50160217285156,218.1851043701172,150.0458984375
127.49299621582031,190.47549438476562,219.22000122070312,150.61880493164062
123.03350067138672,191.76300048828125,221.52279663085938,153.24859619140625
118.92240142822266,194.24400329589844,219.71420288085938,150.24020385742188
113.76100158691406,187.7574005126953,220.57310485839844,156.65199279785156
103.9397964477539,192.23609924316406,224.0435028076172,163.38070678710938
97.63839721679688,184.68190002441406,227.618896484375,171.67160034179688
98.59210205078125,182.68179321289062,227.69119262695312,177.31820678710938
94.17240142822266,179.4965057373047,228.43280029296875,180.5034942626953
100.22029876708984,181.82510375976562,211.8278045654297,178.17489624023438
101.6333999633789,174.6593017578125,212.173095703125,185.3406982421875
103.90519714355469,181.76849365234375,198.71539306640625,178.23150634765625
109.74440002441406,184.7852020263672,194.96080017089844,175.2147979736328
113.87760162353516,184.06320190429688,189.20950317382812,174.8737030029297
130.0220947265625,182.65989685058594,142.20899963378906,176.40699768066406
139.64610290527344,170.8343963623047,93.65910339355469,187.22560119628906
150.21060180664062,172.64720153808594,91.55049896240234,184.20840454101562
168.9311981201172,223.6147003173828,62.40660095214844,135.5933074951172
180.07760620117188,202.185302734375,63.26449966430664,154.71339416503906
162.18829345703125,158.57090759277344,92.67739868164062,199.1446075439453
152.4506072998047,156.42660522460938,113.15299987792969,201.84800720214844
136.02099609375,152.3946990966797,147.90159606933594,204.47979736328125
130.9167022705078,151.7176971435547,165.1566925048828,208.2823028564453
113.78949737548828,146.29159545898438,197.4604949951172,212.9779052734375
105.64969635009766,146.922607421875,198.44410705566406,202.9145965576172
101.10209655761719,139.4499969482422,214.59519958496094,213.7238006591797
89.24220275878906,140.5225067138672,221.92889404296875,206.6103057861328
82.18479919433594,138.63619995117188,243.60899353027344,213.79420471191406
80.00509643554688,137.68280029296875,243.93710327148438,213.6302947998047
76.26529693603516,138.70790100097656,249.08920288085938,209.00970458984375
73.6010971069336,133.7617950439453,250.16209411621094,211.5041046142578
70.48750305175781,133.7091064453125,253.08560180664062,210.19900512695312
67.30120086669922,134.35879516601562,258.8074035644531,209.33230590820312
69.39019775390625,131.8843994140625,257.3689880371094,212.256103515625
68.50579833984375,129.46189880371094,259.85540771484375,210.86940002441406
70.42639923095703,126.57060241699219,258.9425964355469,219.51609802246094
71.34100341796875,121.23300170898438,253.29769897460938,222.59860229492188
74.78720092773438,119.14230346679688,254.43170166015625,225.5908966064453
76.4541015625,113.99120330810547,252.80999755859375,236.59759521484375
80.8915023803711,110.65399932861328,252.1031036376953,239.89100646972656
87.35440063476562,106.9259033203125,245.11709594726562,240.4178924560547
86.06109619140625,106.22429656982422,241.4281005859375,247.71080017089844
89.45390319824219,104.14820098876953,236.06410217285156,247.50050354003906
94.06639862060547,100.23290252685547,225.7751007080078,253.13870239257812
92.33429718017578,97.03630065917969,228.4918975830078,256.377685546875
94.94439697265625,97.48059844970703,222.5886993408203,261.2164001464844
91.72049713134766,95.3604965209961,229.3845977783203,262.8190002441406
94.50559997558594,94.91459655761719,223.23480224609375,263.6117858886719
95.8904037475586,97.24590301513672,219.3125,262.30010986328125
97.43699645996094,99.56919860839844,215.756103515625,258.2300109863281
100.03459930419922,96.02510070800781,217.75619506835938,263.7431945800781
106.9219970703125,97.45999908447266,204.6549072265625,260.9154052734375
111.11820220947266,98.8187026977539,204.33529663085938,260.5289001464844
117.19609832763672,100.14089965820312,187.5050048828125,255.14529418945312
123.93890380859375,101.71720123291016,197.45050048828125,258.2828063964844
128.7093963623047,117.28679656982422,185.23390197753906,240.96080017089844
128.64109802246094,106.29650115966797,183.1945037841797,250.4871063232422
133.90960693359375,102.4990005493164,184.57229614257812,246.86239624023438
136.110595703125,113.24030303955078,179.29820251464844,244.7545928955078
137.30029296875,104.6636962890625,181.1165008544922,246.1840057373047
142.1511993408203,111.57620239257812,186.5959014892578,248.147705078125
145.93069458007812,116.60910034179688,176.0343017578125,234.80389404296875
149.66810607910156,114.66010284423828,183.0756072998047,238.56170654296875
166.37330627441406,120.7688980102539,165.90379333496094,211.36219787597656
161.9149932861328,118.67220306396484,180.79710388183594,232.7720947265625
170.6269073486328,129.44549560546875,175.02430725097656,206.831298828125
180.95179748535156,137.99440002441406,170.6802978515625,196.57009887695312
182.42660522460938,138.0258026123047,179.87869262695312,195.74229431152344
183.2030029296875,132.5323028564453,186.50010681152344,205.3708038330078
180.2115020751953,131.10189819335938,196.98019409179688,200.9987030029297
190.55470275878906,135.5740966796875,187.6343994140625,200.07269287109375
187.1511993408203,123.37850189208984,194.61309814453125,211.32919311523438
199.92909240722656,135.18690490722656,186.11160278320312,195.664794921875
205.0218048095703,130.29400634765625,179.377197265625,200.27200317382812
206.94580078125,130.09950256347656,177.8760986328125,200.31809997558594
209.94949340820312,127.9292984008789,176.4022979736328,201.63070678710938
211.19790649414062,129.21620178222656,176.60330200195312,200.24749755859375
205.31239318847656,132.46279907226562,188.00830078125,195.22149658203125
197.4488983154297,124.00599670410156,195.39349365234375,192.91090393066406
182.9969024658203,119.44349670410156,213.84410095214844,193.83560180664062
186.8260040283203,116.37670135498047,219.5010986328125,191.52999877929688
179.33349609375,117.84480285644531,224.60049438476562,183.38470458984375
183.39450073242188,115.70040130615234,219.4394989013672,179.50149536132812
187.6488037109375,110.64129638671875,221.56739807128906,182.20599365234375
186.968505859375,109.62010192871094,223.1309051513672,175.6136932373047
193.00039672851562,109.6864013671875,224.0146026611328,174.3448944091797
193.63340759277344,109.88670349121094,227.1522979736328,167.18490600585938
194.57290649414062,108.80670166015625,229.95159912109375,167.19009399414062
199.2783966064453,109.41590118408203,233.05099487304688,160.08680725097656
206.93609619140625,109.10569763183594,225.68150329589844,157.154296875
209.82850646972656,110.20330047607422,232.99400329589844,152.9521942138672
217.44949340820312,116.377197265625,228.54660034179688,144.98829650878906
221.59320068359375,116.4092025756836,227.73330688476562,146.11399841308594
229.20989990234375,114.63999938964844,228.94189453125,148.29440307617188
235.90980529785156,121.20539855957031,221.7386016845703,140.59849548339844
238.66839599609375,122.88349914550781,214.0487060546875,137.5980987548828
232.3175048828125,116.73970031738281,215.375,142.7303009033203
227.25579833984375,115.29399871826172,222.32159423828125,143.03460693359375
230.52169799804688,114.86380004882812,216.62899780273438,139.83880615234375
227.76100158691406,116.31749725341797,216.59689331054688,134.89759826660156
233.15879821777344,116.8021011352539,212.2729949951172,132.97630310058594
234.0574951171875,114.58920288085938,211.93089294433594,127.82620239257812
235.01939392089844,108.65699768066406,212.36090087890625,131.8155059814453
239.83090209960938,109.2134017944336,209.50039672851562,126.81690216064453
241.42190551757812,114.77890014648438,211.91090393066406,117.57610321044922
243.53529357910156,108.87960052490234,211.664794921875,120.59559631347656
240.91830444335938,100.85459899902344,237.06410217285156,124.70179748535156
237.00100708007812,102.35769653320312,234.9777069091797,120.98629760742188
226.16310119628906,97.62830352783203,244.19189453125,128.1804962158203
236.92919921875,97.95610046386719,235.46240234375,127.65609741210938
233.99270629882812,95.58180236816406,231.4311065673828,127.13670349121094
232.8542022705078,95.34429931640625,231.07859802246094,126.18080139160156
231.20489501953125,96.6718978881836,228.375,124.80819702148438
224.21209716796875,96.25340270996094,229.0323028564453,124.0740966796875
224.41949462890625,96.37969970703125,218.76449584960938,126.84950256347656
227.69830322265625,95.20800018310547,212.7617950439453,130.08250427246094
225.3040008544922,93.16110229492188,209.45449829101562,129.5167999267578
226.65130615234375,95.10289764404297,210.1811981201172,128.93910217285156
225.0845947265625,89.86019897460938,207.80470275878906,132.44400024414062
225.6168975830078,93.87950134277344,208.72540283203125,128.23890686035156
223.1833038330078,86.29920196533203,208.0305938720703,135.26870727539062
220.0675048828125,95.4813003540039,210.75039672851562,133.21339416503906
216.41119384765625,77.65509796142578,214.24400329589844,146.23280334472656
219.21170043945312,99.310302734375,208.4969024658203,130.9281005859375
215.53660583496094,87.54180145263672,208.11700439453125,135.24290466308594
211.1815948486328,88.38739776611328,212.92320251464844,137.1591033935547
217.15130615234375,101.08360290527344,202.306396484375,126.34249877929688
214.92559814453125,93.1312026977539,203.62530517578125,130.1815948486328
213.31790161132812,103.98719787597656,199.71929931640625,118.54450225830078
212.02040100097656,100.4635009765625,201.2220001220703,119.62940216064453
205.64219665527344,94.97329711914062,202.92010498046875,128.58200073242188
205.69009399414062,108.24120330810547,197.4781951904297,120.47029876708984
191.53880310058594,87.48300170898438,209.57290649414062,143.0113067626953
189.32550048828125,104.61139678955078,206.10800170898438,138.91439819335938
181.23500061035156,90.70649719238281,206.922607421875,147.2342987060547
177.74440002441406,94.393798828125,210.6656951904297,152.76930236816406
174.96180725097656,99.64129638671875,207.42379760742188,154.6654052734375
170.9093017578125,100.04740142822266,210.0050048828125,156.98370361328125
175.61160278320312,102.29060363769531,204.28089904785156,155.779296875
167.5334930419922,104.481201171875,207.99659729003906,154.9071044921875
166.14739990234375,104.17859649658203,203.12460327148438,158.42909240722656
174.64520263671875,105.89990234375,193.17410278320312,162.83160400390625
153.97869873046875,107.91729736328125,209.44790649414062,162.19920349121094
162.4781951904297,110.18579864501953,196.6112060546875,159.12240600585938
145.21510314941406,110.57469940185547,215.4700927734375,159.44619750976562
148.4333953857422,113.04620361328125,206.33839416503906,154.42010498046875
141.56219482421875,114.61090087890625,218.9134063720703,153.7615966796875
143.4990997314453,109.44229888916016,217.21270751953125,157.7947998046875
142.87130737304688,106.86470031738281,221.1302032470703,162.51519775390625
146.0207977294922,102.30580139160156,213.37460327148438,160.802001953125
126.26950073242188,98.91639709472656,226.55099487304688,162.85169982910156
112.18990325927734,92.76210021972656,239.531005859375,153.61489868164062
107.47010040283203,88.13569641113281,239.4971923828125,157.70030212402344
104.4269027709961,81.77339935302734,241.30909729003906,158.18020629882812
106.24430084228516,79.98300170898438,241.03359985351562,153.6522979736328
98.64080047607422,76.67939758300781,245.1248016357422,155.13890075683594
97.86250305175781,69.03009796142578,242.2823028564453,157.31959533691406
96.88619995117188,58.46220016479492,242.1920928955078,168.7696990966797
87.49980163574219,46.66780090332031,253.68710327148438,178.9759979248047
79.88169860839844,32.014400482177734,261.8446044921875,185.0095977783203
74.32240295410156,25.563899993896484,269.6148986816406,198.69009399414062
67.83260345458984,21.48509979248047,273.4696044921875,198.05929565429688
62.542701721191406,16.28179931640625,275.78729248046875,205.96119689941406
60.40800094604492,14.039899826049805,275.2124938964844,207.21530151367188
58.64680099487305,10.73289966583252,274.0714111328125,217.7091064453125
57.91859817504883,7.534900188446045,276.2225036621094,219.89540100097656
53.537200927734375,5.916800022125244,277.6789855957031,225.24110412597656
51.17509841918945,3.4137001037597656,283.38250732421875,222.39939880371094
49.71739959716797,6.635499954223633,287.0238037109375,231.16209411621094
46.524898529052734,7.50540018081665,292.9602966308594,235.6414031982422
44.7505989074707,6.923600196838379,292.78399658203125,244.04800415039062
42.1963996887207,8.454299926757812,298.3919982910156,236.12899780273438
41.24729919433594,10.581199645996094,301.6340026855469,226.61070251464844
38.67919921875,14.533900260925293,306.28839111328125,225.67709350585938
36.04199981689453,21.38680076599121,309.2373962402344,218.8018035888672
36.01729965209961,28.56450080871582,308.473388671875,216.1199951171875
33.234100341796875,32.910499572753906,309.1106872558594,208.5762939453125
33.828800201416016,36.76430130004883,307.55340576171875,202.3101043701172
34.612701416015625,45.17129898071289,306.451904296875,203.44119262695312
34.721900939941406,53.611698150634766,308.1643981933594,203.70559692382812
34.94200134277344,61.240501403808594,308.09149169921875,182.1688995361328
39.09299850463867,65.17739868164062,300.9837951660156,194.72390747070312
41.46099853515625,71.67559814453125,300.931396484375,180.3406982421875
44.4556999206543,76.91829681396484,297.23870849609375,176.39549255371094
48.26919937133789,82.00289916992188,296.02349853515625,172.66810607910156
51.60129928588867,86.21829986572266,293.385009765625,170.17959594726562
56.79130172729492,91.98699951171875,288.10760498046875,161.16909790039062
58.647701263427734,95.58889770507812,292.91900634765625,160.75869750976562
64.31210327148438,102.34950256347656,287.05609130859375,161.51589965820312
67.99629974365234,108.88960266113281,286.2492980957031,159.81919860839844
70.97429656982422,111.1688003540039,285.16448974609375,161.7198944091797
78.13819885253906,112.32460021972656,283.9617004394531,168.970703125
80.55719757080078,114.05580139160156,282.2090148925781,169.73280334472656
86.697998046875,115.47419738769531,283.1011047363281,166.90020751953125
91.11389923095703,112.7655029296875,290.6471862792969,171.3856964111328
97.01750183105469,110.99079895019531,290.2652893066406,171.5937042236328
99.50679779052734,112.54070281982422,289.8357849121094,168.8715057373047
103.05680084228516,111.32679748535156,289.98980712890625,169.58619689941406
104.34239959716797,108.86930084228516,296.451904296875,170.31829833984375
107.50039672851562,109.55799865722656,293.64910888671875,168.43099975585938
110.04840087890625,111.57640075683594,304.05218505859375,163.75570678710938
111.29519653320312,110.94180297851562,289.9507141113281,163.73019409179688
116.35449981689453,111.02670288085938,282.29339599609375,161.94140625
112.006103515625,110.4343032836914,287.443115234375,161.53550720214844
116.2343978881836,109.75810241699219,283.8664855957031,162.11880493164062
119.50140380859375,109.9188003540039,282.58489990234375,161.4822998046875
117.85040283203125,104.6249008178711,289.585205078125,162.65379333496094
113.53739929199219,104.93309783935547,296.4390869140625,160.57310485839844
112.38099670410156,100.93150329589844,293.47509765625,161.331298828125
106.7781982421875,98.72669982910156,291.1243896484375,165.95880126953125
100.67469787597656,93.11000061035156,296.5408020019531,173.91180419921875
97.48789978027344,88.25199890136719,300.65899658203125,183.1083984375
90.73049926757812,84.92960357666016,301.7502136230469,199.37100219726562
89.79389953613281,77.1531982421875,299.96978759765625,204.2032928466797
85.61750030517578,72.25379943847656,311.6695861816406,229.8679962158203
80.70330047607422,69.57060241699219,311.2618103027344,228.09829711914062
80.2781982421875,63.906898498535156,317.3825988769531,246.56289672851562
64.6094970703125,59.0078010559082,328.25640869140625,255.8704071044922
57.94419860839844,59.99150085449219,325.102294921875,255.46560668945312
56.125099182128906,57.7411994934082,306.1579895019531,259.74359130859375
46.67020034790039,52.86980056762695,313.87548828125,274.6070861816406
42.88930130004883,47.4026985168457,307.7004089355469,279.2994079589844
46.523399353027344,43.73830032348633,301.80938720703125,284.8866882324219
42.093299865722656,40.68159866333008,304.7432861328125,287.9861145019531
45.53049850463867,37.11840057373047,291.85260009765625,293.1922912597656
45.751800537109375,34.977901458740234,284.6536865234375,290.277099609375
50.25360107421875,31.64299964904785,271.6271057128906,298.4884948730469
52.84479904174805,26.48900032043457,265.64349365234375,324.6601867675781
60.1515998840332,23.779699325561523,260.739990234375,316.3492126464844
61.86130142211914,25.398399353027344,250.3621063232422,326.6921081542969
72.03140258789062,20.590299606323242,230.35020446777344,314.66290283203125
75.8666000366211,31.413799285888672,223.21670532226562,298.0793151855469
86.8490982055664,25.941999435424805,212.17770385742188,319.48040771484375
95.67400360107422,34.1875,206.5926971435547,303.0107116699219
102.79840087890625,33.646400451660156,179.6613006591797,293.03271484375
108.05159759521484,37.00400161743164,166.91229248046875,286.5509033203125
97.00969696044922,41.94459915161133,178.69239807128906,283.04119873046875
90.51899719238281,37.94540023803711,183.9499969482422,285.6706848144531
87.25360107421875,32.79460144042969,192.61709594726562,292.943115234375
78.25769805908203,28.852500915527344,218.177001953125,294.96038818359375
74.16429901123047,24.284700393676758,227.82080078125,300.9222106933594
69.091796875,22.767000198364258,245.5894012451172,302.1122131347656
66.97049713134766,12.716699600219727,258.44879150390625,317.875
65.88379669189453,13.11299991607666,263.98651123046875,304.79791259765625
67.79180145263672,13.8016996383667,267.0216064453125,306.28399658203125
60.99689865112305,20.83769989013672,272.5111083984375,300.029296875
64.38760375976562,21.354799270629883,271.1202087402344,294.0625915527344
61.91809844970703,24.722700119018555,278.6234130859375,288.4591979980469
63.305198669433594,24.78689956665039,278.6051940917969,290.32550048828125
61.75590133666992,26.441299438476562,281.1995849609375,281.5682067871094
64.32279968261719,39.304298400878906,283.78131103515625,267.8417053222656
65.54660034179688,47.395999908447266,277.7919006347656,252.59649658203125
70.66010284423828,51.024898529052734,273.25830078125,243.56959533691406
75.72599792480469,55.77320098876953,265.5282897949219,231.28179931640625
80.07550048828125,58.44150161743164,257.5519104003906,226.9698944091797
83.8738021850586,57.90019989013672,247.18020629882812,221.89390563964844
89.35530090332031,72.14769744873047,247.3697967529297,204.03250122070312
89.30580139160156,62.987998962402344,232.93960571289062,202.2906951904297
84.76519775390625,79.96710205078125,236.67759704589844,189.2174072265625
81.4988021850586,82.70269775390625,251.9394989013672,182.52420043945312
79.88130187988281,90.6321029663086,256.86419677734375,174.58799743652344
78.87339782714844,99.73590087890625,249.4893035888672,166.6313018798828
66.625,100.22630310058594,263.0754089355469,168.66090393066406
70.410400390625,103.05690002441406,257.15521240234375,167.03509521484375
74.98770141601562,106.46029663085938,258.58050537109375,167.7845001220703
66.77339935302734,105.5969009399414,271.06890869140625,172.8155059814453
75.77100372314453,104.23030090332031,263.6260070800781,177.0063018798828
66.55760192871094,106.018798828125,270.56219482421875,173.6802978515625
68.49210357666016,107.69760131835938,269.6111145019531,170.4178924560547
69.46080017089844,99.40119934082031,270.9661865234375,175.86239624023438
61.14179992675781,98.56340026855469,276.7680969238281,180.3282928466797
60.48149871826172,100.53880310058594,275.269287109375,177.052001953125
62.32659912109375,96.84709930419922,275.57720947265625,179.65570068359375
59.79180145263672,100.85240173339844,278.2615966796875,174.81610107421875
51.972900390625,104.61900329589844,285.1434020996094,167.94129943847656
48.512001037597656,105.09770202636719,287.6051025390625,167.42689514160156
38.925201416015625,102.71769714355469,294.87548828125,164.23150634765625
25.38450050354004,108.8550033569336,311.0132141113281,152.38909912109375
16.399799346923828,107.7468032836914,309.5415954589844,143.7740936279297
15.297200202941895,104.6604995727539,311.3522033691406,139.6313018798828
7.879300117492676,103.73709869384766,319.4106140136719,132.82870483398438
0.3122999966144562,102.26460266113281,302.1398010253906,126.83760070800781
3.582200050354004,99.9834976196289,311.22369384765625,121.73580169677734
0.6588000059127808,99.59500122070312,305.1737060546875,116.30110168457031
1.9658000469207764,97.55460357666016,303.75201416015625,109.86090087890625
4.103700160980225,98.05919647216797,295.2182922363281,109.52439880371094
2.9375998973846436,97.77890014648438,290.18798828125,109.77950286865234
1.732800006866455,95.93569946289062,294.9442138671875,111.1187973022461
0.9082000255584717,96.31490325927734,291.4562072753906,111.93609619140625
1.9716999530792236,95.53630065917969,282.05670166015625,115.93199920654297
1.9278000593185425,97.35569763183594,273.8294982910156,112.81420135498047
3.0655999183654785,98.34519958496094,280.1606140136719,115.27559661865234
2.1524999141693115,95.40129852294922,270.6767883300781,129.08779907226562
1.708899974822998,94.19640350341797,283.8794860839844,138.11929321289062
0.0,89.3604965209961,290.3573913574219,152.18930053710938
0.1712999939918518,89.96890258789062,287.0827941894531,156.8852996826172
0.0,89.01589965820312,279.8153991699219,161.11590576171875
0.01860000006854534,85.7509994506836,289.0776062011719,164.2321014404297
0.0,88.21510314941406,278.4486999511719,162.01119995117188
0.0,85.04570007324219,310.43701171875,168.8621063232422
2.1440000534057617,80.58779907226562,288.769287109375,171.04739379882812
2.79830002784729,77.5979995727539,292.00439453125,169.55470275878906
7.47790002822876,73.67279815673828,298.4101867675781,175.110595703125
10.726499557495117,71.67420196533203,290.47039794921875,181.38270568847656
15.853300094604492,74.3333969116211,290.14349365234375,172.80979919433594
22.23080062866211,76.57499694824219,290.9643859863281,164.389404296875
31.94849967956543,80.418701171875,293.93060302734375,160.71719360351562
36.48440170288086,80.01750183105469,295.37939453125,162.30909729003906
43.44160079956055,81.00569915771484,283.1601867675781,168.70399475097656
49.61360168457031,82.6729965209961,284.9372863769531,178.32420349121094
53.37990188598633,82.93460083007812,282.3934020996094,179.197998046875
60.3828010559082,87.73410034179688,274.2222900390625,180.81350708007812
64.77210235595703,86.85659790039062,271.78900146484375,185.6728057861328
71.87049865722656,88.81900024414062,264.84979248046875,182.3197021484375
76.74669647216797,95.68460083007812,264.498291015625,180.75729370117188
79.0469970703125,94.8135986328125,261.0552062988281,181.69790649414062
86.8218994140625,96.67340087890625,255.2115936279297,183.36839294433594
88.9448013305664,98.64219665527344,257.68060302734375,181.9058074951172
99.80259704589844,96.86689758300781,246.58729553222656,184.26400756835938
101.52770233154297,86.48149871826172,238.98660278320312,190.24949645996094
106.15850067138672,92.3938980102539,234.9779052734375,174.3509979248047
107.80390167236328,93.8761978149414,246.21859741210938,171.13519287109375
109.26439666748047,92.71630096435547,240.7375030517578,171.84959411621094
112.9979019165039,90.68370056152344,230.65960693359375,163.41929626464844
112.65370178222656,93.98600006103516,230.68600463867188,153.2451934814453
117.78929901123047,92.21369934082031,229.33470153808594,149.914306640625
121.6448974609375,95.4302978515625,230.46949768066406,149.6717071533203
121.55130004882812,96.66889953613281,230.83680725097656,146.05230712890625
122.6052017211914,91.70220184326172,228.831298828125,158.35989379882812
122.1353988647461,94.09390258789062,228.36399841308594,157.8592987060547
121.29109954833984,95.45899963378906,229.05149841308594,164.902099609375
119.43499755859375,97.1520004272461,231.41799926757812,169.04769897460938
120.01629638671875,108.08300018310547,223.61000061035156,164.95010375976562
121.32340240478516,100.13829803466797,225.89500427246094,176.2100067138672
119.56009674072266,109.37960052490234,215.2563018798828,172.06759643554688
120.18419647216797,109.9906997680664,222.69549560546875,166.19039916992188
120.9364013671875,108.68900299072266,212.49549865722656,167.8874053955078
112.97450256347656,107.19920349121094,221.7263946533203,164.98190307617188
106.30999755859375,110.16390228271484,223.47569274902344,163.26780700683594
100.87329864501953,111.45700073242188,231.20289611816406,148.0238037109375
101.90699768066406,115.88529968261719,224.02349853515625,158.87860107421875
100.77660369873047,116.32559967041016,233.76910400390625,161.89889526367188
99.14109802246094,114.51809692382812,231.4893035888672,155.64089965820312
102.65959930419922,118.97920227050781,223.65859985351562,150.6363983154297
104.98860168457031,120.01470184326172,223.77720642089844,150.38279724121094
108.78589630126953,123.79720306396484,222.877197265625,148.5552978515625
115.72679901123047,122.9656982421875,216.022705078125,143.6345977783203
113.43280029296875,126.38890075683594,217.2978973388672,148.3927001953125
117.9656982421875,128.07009887695312,218.43069458007812,132.41200256347656
118.7916030883789,129.7541046142578,216.4633026123047,139.5836944580078
124.59609985351562,127.55690002441406,209.78280639648438,134.6378936767578
123.98729705810547,126.48819732666016,207.1472930908203,139.7720947265625
129.04400634765625,128.84339904785156,206.13589477539062,138.60169982910156
130.05340576171875,127.95320129394531,206.6269989013672,141.960205078125
139.42559814453125,128.8148956298828,200.39669799804688,136.84710693359375
136.422607421875,133.70069885253906,203.5238037109375,134.80490112304688
135.03359985351562,134.37989807128906,206.00320434570312,137.02430725097656
137.85169982910156,137.06089782714844,204.1125946044922,129.98989868164062
139.68690490722656,140.9530029296875,203.54420471191406,129.56260681152344
143.66180419921875,141.69830322265625,198.71380615234375,121.1906967163086
137.91659545898438,145.6573028564453,200.71470642089844,127.10260009765625
138.31629943847656,142.34280395507812,199.09410095214844,134.09970092773438
139.3925018310547,144.6562042236328,199.73660278320312,125.60279846191406
141.8249969482422,144.09910583496094,193.68299865722656,128.2720947265625
140.47830200195312,141.76800537109375,196.7967071533203,124.52230072021484
140.63429260253906,139.4355926513672,198.31329345703125,125.90119934082031
142.34100341796875,139.2299041748047,194.0106964111328,122.27120208740234
143.57789611816406,139.63040161132812,196.00140380859375,114.17990112304688
148.90859985351562,140.64990234375,194.3636932373047,116.0354995727539
152.3157958984375,140.72459411621094,189.12640380859375,110.41300201416016
160.8582000732422,140.32229614257812,184.92300415039062,110.24749755859375
166.689697265625,141.21060180664062,181.68020629882812,106.62190246582031
172.556396484375,140.49249267578125,178.6302032470703,105.8584976196289
179.35470581054688,140.15289306640625,175.56170654296875,98.42350006103516
185.93850708007812,141.59869384765625,172.52130126953125,93.1771011352539
190.985595703125,140.13580322265625,172.51820373535156,94.252197265625
196.26609802246094,137.5518035888672,167.97320556640625,93.05509948730469
201.1864013671875,135.95889282226562,165.1125030517578,90.79730224609375
207.69110107421875,136.360107421875,162.97720336914062,88.23870086669922
211.90440368652344,133.3957977294922,161.54010009765625,94.43260192871094
215.1284942626953,130.81199645996094,160.743896484375,95.04620361328125
215.78439331054688,130.97390747070312,159.7353973388672,95.86170196533203
216.60850524902344,128.61669921875,161.5749053955078,95.62799835205078
219.35830688476562,128.7906951904297,159.69859313964844,94.55899810791016
217.54750061035156,126.83709716796875,162.72210693359375,97.377197265625
218.95750427246094,127.52890014648438,158.82949829101562,97.87449645996094
215.7241973876953,129.8354034423828,162.66529846191406,96.83059692382812
209.72479248046875,128.86019897460938,168.68739318847656,98.8947982788086
202.61749267578125,127.96520233154297,175.24819946289062,103.00260162353516
199.1970977783203,129.07440185546875,177.76980590820312,102.95079803466797
199.6782989501953,119.92500305175781,176.6862030029297,106.518798828125
198.9091033935547,126.95359802246094,174.3887939453125,100.86990356445312
202.55259704589844,130.49710083007812,170.5570068359375,100.47059631347656
201.8488006591797,124.25090026855469,174.24929809570312,108.57730102539062
213.7216033935547,133.39840698242188,161.7122039794922,99.44519805908203
235.63560485839844,135.17449951171875,141.4718017578125,96.74729919433594
239.97760009765625,134.07449340820312,143.72760009765625,99.14929962158203
245.67050170898438,131.7830047607422,140.51730346679688,101.82279968261719
255.4176025390625,131.0612030029297,134.75369262695312,99.23860168457031
259.33349609375,130.17880249023438,136.1280059814453,110.46530151367188
262.9927978515625,128.53750610351562,135.25059509277344,110.46209716796875
267.8952941894531,128.70030212402344,133.65550231933594,109.67680358886719
272.0409851074219,128.29730224609375,131.97830200195312,113.39430236816406
279.7236022949219,128.44580078125,125.32140350341797,110.693603515625
283.9588928222656,131.02589416503906,123.55180358886719,110.76409912109375
283.3033142089844,134.31849670410156,125.89910125732422,108.58689880371094
286.4220886230469,138.11990356445312,124.54620361328125,101.89179992675781
288.9525146484375,141.32989501953125,123.37860107421875,99.5458984375
291.8370056152344,145.49349975585938,118.76429748535156,96.20539855957031
299.0325927734375,147.31069946289062,110.7416000366211,90.79769897460938
302.793701171875,149.49899291992188,105.02449798583984,88.90550231933594
303.5367126464844,150.85760498046875,101.66069793701172,87.69750213623047
306.94769287109375,151.0115966796875,95.60859680175781,86.73660278320312
305.5190124511719,151.71240234375,94.19329833984375,85.06539916992188
303.3230895996094,152.37969970703125,58.35129928588867,83.65039825439453
304.26800537109375,148.4477996826172,56.69089889526367,88.40239715576172
304.6836853027344,147.9582061767578,57.55739974975586,87.95169830322266
304.93450927734375,148.2696990966797,62.572898864746094,88.14800262451172
307.3905029296875,145.49569702148438,54.885101318359375,91.11759948730469
308.7294006347656,145.63290405273438,67.44940185546875,91.26080322265625
312.0823974609375,138.9248046875,62.759498596191406,99.71080017089844
310.87030029296875,141.6134033203125,65.94239807128906,98.69660186767578
313.62420654296875,137.9656982421875,62.105098724365234,109.48390197753906
314.1521911621094,137.0821990966797,56.48379898071289,98.97949981689453
315.8971862792969,142.70089721679688,54.60879898071289,89.51180267333984
317.54840087890625,141.8231964111328,55.04130172729492,92.02349853515625
318.02899169921875,137.8336944580078,52.176300048828125,95.41590118408203
318.70208740234375,139.41909790039062,52.98899841308594,94.92839813232422
318.3023986816406,141.22410583496094,58.583099365234375,92.21150207519531
318.472412109375,140.5928955078125,59.585899353027344,96.05120086669922
313.3970947265625,140.40829467773438,67.94210052490234,106.5165023803711
307.7084045410156,138.03140258789062,74.09339904785156,106.756103515625
303.5379943847656,136.63270568847656,82.41670227050781,106.04340362548828
300.39801025390625,136.66119384765625,87.10890197753906,111.34970092773438
295.831787109375,136.6699981689453,96.1532974243164,111.17729949951172
294.50079345703125,135.56759643554688,99.07990264892578,110.47789764404297
303.2869873046875,131.6278076171875,89.69539642333984,95.25890350341797
287.0191955566406,136.0128936767578,102.27449798583984,110.45590209960938
277.1802978515625,141.91859436035156,112.90689849853516,106.89820098876953
278.2322998046875,143.97689819335938,107.74549865722656,100.64089965820312
276.56048583984375,142.76429748535156,114.87999725341797,101.94429779052734
278.6178894042969,145.252197265625,111.71199798583984,98.69920349121094
267.1106872558594,146.91160583496094,122.07150268554688,94.21900177001953
270.67840576171875,150.6405029296875,117.87950134277344,90.5625991821289
264.3369140625,151.9102020263672,124.23690032958984,90.131103515625
258.8655090332031,152.3936004638672,132.3596954345703,91.97109985351562
252.84869384765625,154.19569396972656,137.4207000732422,92.18710327148438
246.45550537109375,155.8406982421875,146.49560546875,88.54879760742188
244.7801055908203,157.0753936767578,150.6479949951172,92.03369903564453
240.6793975830078,157.32479858398438,152.49899291992188,92.00379943847656
237.08770751953125,158.33250427246094,160.27459716796875,92.13500213623047
233.63619995117188,157.4293975830078,160.4084930419922,90.69860076904297
231.3549041748047,158.631103515625,163.40420532226562,91.73090362548828
231.7375030517578,161.65159606933594,164.17999267578125,90.02149963378906
232.6313934326172,163.7863006591797,162.0063018798828,86.56800079345703
231.57449340820312,164.03199768066406,168.17649841308594,87.2291030883789
236.03219604492188,163.49819946289062,161.0823974609375,89.38990020751953
237.0052947998047,164.22210693359375,158.6240997314453,90.8655014038086
237.8759002685547,163.2667999267578,162.9364013671875,94.76110076904297
234.7899932861328,161.62860107421875,160.93409729003906,95.5011978149414
232.65130615234375,159.81570434570312,170.7946014404297,104.61859893798828
230.9833984375,158.91200256347656,168.92210388183594,100.7655029296875
222.8354034423828,150.5854949951172,174.19140625,114.98310089111328
236.13650512695312,160.2696990966797,164.3623046875,99.01599884033203
228.7967987060547,157.6591033935547,167.92779541015625,109.89779663085938
225.87879943847656,156.77090454101562,167.0841064453125,108.11920166015625
242.44540405273438,160.5167999267578,149.4033966064453,106.1415023803711
230.26390075683594,154.22129821777344,158.0720977783203,112.77539825439453
258.8031921386719,161.36720275878906,121.17839813232422,103.2177963256836
258.11029052734375,161.20849609375,119.01429748535156,104.1948013305664
259.3190002441406,163.40049743652344,112.88469696044922,101.65280151367188
264.8489074707031,164.4066925048828,105.56120300292969,102.22059631347656
270.2593078613281,166.139404296875,96.84310150146484,100.54049682617188
275.3934020996094,168.5803985595703,86.52410125732422,97.00050354003906
280.16778564453125,170.49639892578125,77.58570098876953,97.5374984741211
282.0484924316406,182.9748992919922,41.24100112915039,86.8384017944336
289.5743103027344,169.68600463867188,65.44309997558594,99.40390014648438
293.6986999511719,172.59120178222656,45.39550018310547,97.61419677734375
298.814208984375,179.0904998779297,39.78239822387695,95.62300109863281
302.79058837890625,178.37969970703125,41.772701263427734,94.09760284423828
309.25048828125,180.8385009765625,41.11690139770508,93.08779907226562
311.6423034667969,171.23789978027344,45.24380111694336,102.77269744873047
307.60369873046875,163.89309692382812,55.758201599121094,108.2677993774414
301.75799560546875,171.89649963378906,69.48580169677734,100.43280029296875
297.75360107421875,169.5323028564453,75.2332992553711,103.49859619140625
296.3503112792969,172.6024932861328,80.69249725341797,99.52619934082031
294.43280029296875,175.1002960205078,86.44869995117188,95.97139739990234
290.3923034667969,175.71560668945312,97.43910217285156,95.07129669189453
283.90289306640625,176.5092010498047,103.9541015625,94.13420104980469
281.5862121582031,178.49749755859375,108.45709991455078,91.69509887695312
276.5353088378906,178.406494140625,115.49099731445312,91.11750030517578
272.2568054199219,178.83099365234375,120.52290344238281,91.84110260009766
265.6257019042969,179.52330017089844,128.15049743652344,88.38629913330078
259.3277893066406,179.83990478515625,137.45179748535156,89.37879943847656
257.2388000488281,180.11920166015625,140.69140625,89.20230102539062
255.4528045654297,180.1510009765625,141.4636993408203,89.7738037109375
252.08580017089844,179.76669311523438,145.9416046142578,86.75879669189453
236.68280029296875,177.9185028076172,163.73150634765625,86.2738037109375
242.62249755859375,176.47610473632812,159.45289611816406,88.3904037475586
238.61669921875,174.54249572753906,164.75889587402344,89.1978988647461
234.78599548339844,170.94830322265625,167.3426971435547,91.43099975585938
231.7230987548828,166.81460571289062,171.71080017089844,94.0969009399414
230.5166015625,167.58309936523438,172.118896484375,92.689697265625
229.36700439453125,163.99679565429688,172.7364044189453,94.62000274658203
230.55569458007812,162.67630004882812,170.76759338378906,92.46479797363281
229.6876983642578,159.99510192871094,174.13710021972656,93.39929962158203
229.83680725097656,156.64990234375,170.95779418945312,93.07150268554688
227.406494140625,152.32119750976562,173.02890014648438,92.83509826660156
228.5229034423828,148.14959716796875,171.5782012939453,91.64869689941406
226.70770263671875,144.82350158691406,171.8950958251953,91.77420043945312
227.40499877929688,143.5177001953125,175.2375946044922,88.6698989868164
227.6248016357422,141.42030334472656,168.9281005859375,91.67549896240234
226.6392059326172,137.85499572753906,174.2657928466797,87.88289642333984
226.9582061767578,135.90769958496094,172.7989959716797,89.59040069580078
227.03089904785156,134.6156005859375,177.1414031982422,89.10590362548828
226.91830444335938,133.03480529785156,171.82839965820312,88.83070373535156
225.81500244140625,131.8365020751953,177.28660583496094,89.13710021972656
225.3444061279297,130.50790405273438,172.16259765625,88.4136962890625
225.99020385742188,132.46949768066406,176.84109497070312,89.38520050048828
228.2404022216797,134.50579833984375,171.29580688476562,85.71209716796875
228.889892578125,136.9810028076172,170.85760498046875,82.7676010131836
229.6800994873047,137.58250427246094,170.38800048828125,83.04100036621094
229.70860290527344,136.2180938720703,170.18389892578125,83.743896484375
230.74009704589844,134.9644012451172,169.7819061279297,85.0176010131836
231.9958953857422,132.57449340820312,168.87789916992188,87.11190032958984
231.701904296875,133.52279663085938,171.2393035888672,86.30899810791016
232.0531005859375,134.5034942626953,171.57119750976562,86.53109741210938
230.7581024169922,136.9980010986328,173.24070739746094,83.99690246582031
230.6925048828125,134.8883056640625,174.9093017578125,85.54209899902344
232.79660034179688,141.86830139160156,172.79220581054688,78.35150146484375
237.8798065185547,141.8843994140625,172.46139526367188,76.13359832763672
227.6195068359375,145.81680297851562,180.63040161132812,72.26200103759766
236.60110473632812,146.76019287109375,174.9197998046875,70.2040023803711
243.5738067626953,145.39450073242188,167.15420532226562,68.70700073242188
241.7928009033203,148.40310668945312,169.8011016845703,67.77369689941406
243.7003936767578,149.06849670410156,166.71189880371094,66.7031021118164
246.7440948486328,149.4586944580078,167.06539916992188,65.243896484375
243.20489501953125,150.52020263671875,170.1790008544922,62.01959991455078
242.24989318847656,149.08419799804688,168.94290161132812,61.6974983215332
247.33389282226562,150.85279846191406,164.281005859375,62.0088996887207
246.12210083007812,149.0970001220703,166.09710693359375,60.640098571777344
242.4073944091797,150.01199340820312,168.7147979736328,59.83150100708008
240.87899780273438,151.03720092773438,170.82550048828125,56.21390151977539
235.53509521484375,151.60060119628906,176.60470581054688,57.230201721191406
238.92930603027344,150.8251953125,171.2532958984375,54.35369873046875
242.96890258789062,150.34820556640625,166.94180297851562,50.01089859008789
237.1020050048828,149.9741973876953,172.6741943359375,48.66999816894531
241.0146026611328,151.55059814453125,169.5509033203125,45.122501373291016
241.0426025390625,152.5052947998047,168.39439392089844,46.45970153808594
240.50369262695312,151.5919952392578,170.42129516601562,43.78499984741211
243.3759002685547,153.3804931640625,165.72669982910156,43.82720184326172
244.84860229492188,152.12570190429688,162.32470703125,43.98419952392578
245.10609436035156,152.9835968017578,160.65550231933594,41.94419860839844
246.135498046875,152.28219604492188,160.41769409179688,43.929901123046875
243.86720275878906,151.8654022216797,161.23739624023438,42.22140121459961
242.493896484375,150.48109436035156,162.3802032470703,44.715999603271484
241.86050415039062,150.20570373535156,161.2238006591797,45.024200439453125
241.7050018310547,146.51559448242188,160.08839416503906,48.00559997558594
241.61749267578125,147.0457000732422,162.1699981689453,46.681400299072266
241.19369506835938,144.18150329589844,161.64840698242188,47.23849868774414
242.1656036376953,143.0583038330078,162.59609985351562,45.97380065917969
239.78359985351562,143.7960968017578,163.81399536132812,44.23529815673828
242.88479614257812,141.23330688476562,162.2397003173828,50.67599868774414
241.2454071044922,138.09010314941406,167.57350158691406,55.377601623535156
241.09429931640625,133.49740600585938,170.4243927001953,73.1355972290039
239.49310302734375,122.69519805908203,168.7093048095703,76.08789825439453
230.69439697265625,107.13919830322266,178.048095703125,99.74009704589844
237.2465057373047,115.61509704589844,172.34339904785156,85.82009887695312
225.29930114746094,112.86419677734375,183.76190185546875,99.20719909667969
236.00100708007812,113.24939727783203,173.57949829101562,104.36000061035156
241.6855010986328,119.243896484375,171.2144012451172,99.19499969482422
246.33779907226562,122.1792984008789,164.54879760742188,100.33979797363281
246.29910278320312,124.47339630126953,162.69309997558594,103.47530364990234
242.47059631347656,120.51080322265625,168.07110595703125,112.7780990600586
248.80450439453125,131.28089904785156,163.3426055908203,107.23200225830078
244.42550659179688,131.59930419921875,170.235107421875,109.30280303955078
241.83799743652344,131.6197967529297,168.08180236816406,110.9020004272461
242.0164031982422,132.3321990966797,168.2382049560547,108.95570373535156
244.54490661621094,127.13089752197266,167.8553924560547,111.71949768066406
243.64540100097656,127.96839904785156,166.9176025390625,106.1083984375
245.4259033203125,124.63400268554688,165.14830017089844,108.21269989013672
247.31700134277344,128.39390563964844,162.46279907226562,103.89420318603516
250.56069946289062,129.17080688476562,158.82249450683594,102.76100158691406
245.785400390625,130.12049865722656,164.7357940673828,101.72329711914062
253.6876983642578,135.0959014892578,157.4055938720703,95.98030090332031
252.75979614257812,133.9365997314453,160.12860107421875,98.68399810791016
249.11790466308594,132.83309936523438,164.21710205078125,102.0740966796875
251.03660583496094,135.36729431152344,162.4687957763672,99.29769897460938
246.71910095214844,135.83729553222656,167.87069702148438,97.97750091552734
242.67759704589844,138.63290405273438,172.4906005859375,95.2113037109375
248.25509643554688,140.17529296875,166.8199005126953,94.61589813232422
248.83670043945312,144.57009887695312,166.56809997558594,88.1675033569336
246.78579711914062,148.368896484375,168.3076934814453,81.14700317382812
247.6302032470703,150.00169372558594,167.7686004638672,77.2938003540039
249.4636993408203,150.36990356445312,167.19520568847656,75.94339752197266
248.96409606933594,151.69020080566406,167.61770629882812,74.81120300292969
253.38450622558594,154.08380126953125,163.64549255371094,71.62249755859375
255.6490936279297,156.48179626464844,163.14039611816406,68.243896484375
259.1134033203125,158.93569946289062,160.56649780273438,66.0542984008789
262.9114074707031,159.86099243164062,158.44009399414062,65.7334976196289
262.2200012207031,163.13380432128906,160.93280029296875,62.41640090942383
267.81878662109375,166.63839721679688,158.81619262695312,58.68769836425781
264.5769958496094,168.42300415039062,161.79139709472656,55.99789810180664
264.30389404296875,171.48440551757812,165.631103515625,51.600101470947266
263.5939025878906,175.36419677734375,166.01400756835938,48.30939865112305
263.97320556640625,178.41099548339844,164.71890258789062,44.66450119018555
264.73150634765625,180.42300415039062,164.3282928466797,41.13209915161133
262.7289123535156,184.66769409179688,166.02870178222656,38.59769821166992
258.1788024902344,187.7216033935547,171.0552978515625,36.62590026855469
260.1142883300781,188.63600158691406,168.99510192871094,37.056800842285156
258.6836853027344,190.6947021484375,169.2720947265625,39.02510070800781
255.8668975830078,193.26010131835938,172.43829345703125,40.07149887084961
255.46749877929688,194.0511932373047,171.85940551757812,40.901798248291016
259.0487976074219,189.5395965576172,167.99740600585938,47.340599060058594
255.0988006591797,188.16110229492188,170.8094940185547,52.41210174560547
253.66000366210938,186.4792022705078,171.80369567871094,56.37739944458008
250.66090393066406,183.38180541992188,175.00070190429688,63.14799880981445
254.90159606933594,183.4102020263672,165.5666961669922,63.91669845581055
256.0465087890625,182.93800354003906,163.6584014892578,66.9708023071289
255.52769470214844,179.54330444335938,161.19769287109375,75.15750122070312
249.09739685058594,175.43240356445312,166.3856964111328,80.5875015258789
249.0695037841797,174.92959594726562,167.7333984375,89.61740112304688
244.74319458007812,174.0863037109375,173.3249969482422,89.38400268554688
244.8574981689453,169.9243927001953,175.3144989013672,93.6135025024414
248.02859497070312,164.68760681152344,170.01539611816406,108.28379821777344
242.41409301757812,165.24600219726562,178.27679443359375,100.33180236816406
242.57969665527344,160.31149291992188,180.76170349121094,113.18150329589844
249.8972930908203,169.08689880371094,168.6490020751953,97.44439697265625
242.9929962158203,160.4145965576172,180.164794921875,115.17169952392578
250.7375030517578,158.88369750976562,168.70460510253906,108.55650329589844
240.6645965576172,160.3148956298828,180.94949340820312,115.93669891357422
250.78819274902344,152.73660278320312,168.14199829101562,118.13999938964844
250.47889709472656,155.9167938232422,167.21609497070312,121.84449768066406
245.66050720214844,150.82760620117188,173.75030517578125,128.7382049560547
248.42880249023438,144.6215057373047,168.2606964111328,131.53359985351562
242.48609924316406,149.20179748535156,172.0052032470703,125.46430206298828
244.04190063476562,147.29200744628906,169.61390686035156,132.62179565429688
240.77999877929688,143.70950317382812,173.44259643554688,136.82310485839844
237.943603515625,151.3218994140625,173.25840759277344,127.73739624023438
235.29859924316406,151.8863067626953,172.92539978027344,131.322998046875
233.91529846191406,150.61300659179688,172.64439392089844,134.26950073242188
230.2899932861328,157.80859375,173.8762969970703,125.91809844970703
232.60980224609375,154.84469604492188,167.72259521484375,135.7198944091797
228.3321990966797,149.00999450683594,167.7091064453125,143.64599609375
229.02589416503906,155.4716033935547,165.3345947265625,142.91439819335938
227.6916046142578,150.34750366210938,164.28419494628906,148.0885009765625
229.21090698242188,159.5915985107422,157.7030029296875,143.24940490722656
224.12240600585938,157.65289306640625,161.85389709472656,148.69349670410156
224.51890563964844,161.71470642089844,156.84820556640625,146.23049926757812
220.1457977294922,162.4456024169922,160.01539611816406,148.24400329589844
216.99110412597656,162.914306640625,159.89920043945312,146.960205078125
220.75120544433594,166.3074951171875,154.03790283203125,147.56430053710938
215.55050659179688,166.67750549316406,156.69500732421875,146.80020141601562
215.04299926757812,165.81680297851562,154.82310485839844,144.29620361328125
215.10690307617188,166.60110473632812,151.74549865722656,146.75450134277344
218.5847930908203,167.86849975585938,144.9499969482422,143.0926055908203
212.24290466308594,167.59390258789062,153.09120178222656,143.80870056152344
214.40260314941406,169.7393035888672,147.68710327148438,139.49679565429688
211.51939392089844,167.23519897460938,149.76220703125,136.40330505371094
214.60350036621094,163.85560607910156,144.07769775390625,136.63099670410156
212.07119750976562,165.75559997558594,143.9532012939453,133.2698974609375
209.04139709472656,169.67599487304688,149.27760314941406,130.04269409179688
206.34750366210938,160.77960205078125,148.20069885253906,124.84130096435547
212.65989685058594,162.50369262695312,143.0688018798828,127.44830322265625
206.55020141601562,162.26820373535156,151.5312042236328,126.71160125732422
208.6387939453125,162.81900024414062,150.19810485839844,122.98410034179688
211.3686065673828,157.64520263671875,149.32029724121094,128.447998046875
209.1013946533203,158.62269592285156,151.48989868164062,127.79350280761719
213.1656951904297,161.88729858398438,147.46609497070312,116.6636962890625
206.87969970703125,165.5500030517578,154.37440490722656,118.9636001586914
204.57130432128906,158.68580627441406,153.5395965576172,117.15080261230469
211.6414031982422,160.3424072265625,145.8061065673828,121.3927993774414
205.56370544433594,159.4300994873047,155.1790008544922,125.66619873046875
208.84950256347656,159.37750244140625,149.30889892578125,114.94960021972656
207.06539916992188,157.55409240722656,153.24620056152344,125.87539672851562
206.73199462890625,159.4738006591797,155.326904296875,115.75279998779297
203.60009765625,150.91639709472656,157.72019958496094,138.2180938720703
205.9149932861328,149.69720458984375,155.7200927734375,121.05750274658203
205.68829345703125,154.44140625,159.1009063720703,136.08670043945312
204.3614044189453,147.42930603027344,162.97109985351562,133.0625
207.4073028564453,150.62350463867188,158.3560028076172,134.81959533691406
203.9635009765625,143.83909606933594,159.92559814453125,131.00990295410156
205.98199462890625,150.70179748535156,160.20359802246094,130.22410583496094
200.14529418945312,133.4158935546875,162.26429748535156,143.22689819335938
202.74490356445312,139.73699951171875,157.3677978515625,133.14309692382812
200.6938018798828,130.9779052734375,157.70140075683594,140.1082000732422
198.45680236816406,129.9727020263672,156.58290100097656,138.02029418945312
196.24960327148438,127.66100311279297,155.7530975341797,132.94520568847656
195.4940948486328,121.35479736328125,155.14210510253906,138.58639526367188
198.23660278320312,131.53250122070312,152.69149780273438,128.25880432128906
195.37649536132812,123.99819946289062,151.65040588378906,132.88729858398438
198.46969604492188,131.2631072998047,149.19200134277344,120.93669891357422
199.87680053710938,130.23410034179688,146.0175018310547,121.5072021484375
203.8365020751953,135.30999755859375,142.27529907226562,110.40740203857422
202.57139587402344,132.54710388183594,141.23500061035156,110.31800079345703
205.52699279785156,137.27789306640625,138.21929931640625,99.84220123291016
209.6719970703125,143.80380249023438,132.50709533691406,94.13690185546875
217.4320068359375,148.49549865722656,123.61840057373047,83.99410247802734
219.74349975585938,153.69590759277344,119.1802978515625,79.49340057373047
224.72059631347656,159.7196044921875,107.95829772949219,78.98650360107422
230.00059509277344,164.94140625,102.79429626464844,78.83650207519531
230.6096954345703,170.643798828125,102.96309661865234,77.9561996459961
232.156494140625,177.94610595703125,102.21659851074219,75.6272964477539
235.1324005126953,182.87339782714844,104.43779754638672,74.18810272216797
236.79930114746094,182.41229248046875,104.68730163574219,79.7156982421875
237.95339965820312,180.8498992919922,105.16819763183594,84.73190307617188
241.22909545898438,181.89549255371094,104.73359680175781,88.77619934082031
247.6761016845703,182.72169494628906,101.92749786376953,95.4301986694336
236.67539978027344,179.9597930908203,114.66390228271484,103.58769989013672
237.67210388183594,181.1938934326172,120.26380157470703,107.81210327148438
231.78419494628906,186.63819885253906,125.27839660644531,103.37049865722656
234.13909912109375,183.25790405273438,125.52400207519531,109.51429748535156
233.57769775390625,186.29159545898438,130.80169677734375,113.50440216064453
234.57200622558594,181.6356964111328,128.94479370117188,118.1760025024414
232.09829711914062,182.56170654296875,134.54600524902344,121.52799987792969
232.48150634765625,179.7926025390625,136.61720275878906,130.75320434570312
228.96189880371094,174.73019409179688,137.82330322265625,140.14210510253906
231.66270446777344,178.80569458007812,136.5135040283203,136.9208984375
231.8365936279297,172.22869873046875,137.37399291992188,146.0093994140625
236.51890563964844,194.20919799804688,132.6696014404297,126.67960357666016
226.5740966796875,179.64990234375,145.05299377441406,146.87229919433594
231.80569458007812,176.45590209960938,140.6053009033203,150.40280151367188
227.90550231933594,173.5321044921875,147.07179260253906,157.5489044189453
222.63900756835938,171.44419860839844,153.7270965576172,160.87530517578125
234.0500030517578,189.1959991455078,140.96310424804688,140.4022979736328
220.66659545898438,176.29110717773438,155.2075958251953,151.03480529785156
226.5070037841797,174.17689514160156,152.42799377441406,157.20669555664062
219.88900756835938,169.82659912109375,161.75979614257812,158.49969482421875
220.1667938232422,165.8197021484375,162.6251983642578,161.33889770507812
219.5137939453125,178.24310302734375,165.94320678710938,150.99569702148438
220.76939392089844,177.02490234375,161.9510040283203,147.38330078125
214.74380493164062,171.3385009765625,171.2808074951172,155.07130432128906
223.13589477539062,172.845703125,161.7100067138672,148.00250244140625
217.7532958984375,169.69920349121094,170.4864959716797,153.39390563964844
221.16940307617188,171.07260131835938,166.80650329589844,150.35150146484375
218.77259826660156,165.0847930908203,169.2313995361328,153.3101043701172
226.6605987548828,167.8170928955078,162.3966064453125,148.24310302734375
222.55259704589844,163.71290588378906,171.16909790039062,147.0438995361328
223.20050048828125,162.99830627441406,171.82369995117188,149.57020568847656
224.92019653320312,162.29159545898438,174.53680419921875,150.51150512695312
225.38710021972656,162.5034942626953,174.72900390625,146.42080688476562
224.03469848632812,161.03280639648438,171.73849487304688,144.4152069091797
225.37049865722656,154.4626007080078,173.0749969482422,144.6215057373047
225.60000610351562,147.45050048828125,169.76730346679688,149.80850219726562
229.84609985351562,148.06129455566406,166.7606964111328,145.88400268554688
225.5832061767578,140.9084014892578,168.87109375,152.8137969970703
228.94639587402344,149.15939331054688,162.93919372558594,141.4445037841797
225.581298828125,139.39990234375,161.62359619140625,146.45379638671875
228.90750122070312,143.6636962890625,155.25650024414062,137.69580078125
224.5404052734375,139.46209716796875,156.43299865722656,136.73410034179688
223.86509704589844,143.9915008544922,156.47509765625,133.36619567871094
226.3948974609375,137.8343048095703,151.77139282226562,136.03619384765625
219.0655059814453,138.49200439453125,156.98390197753906,136.0659942626953
224.6240997314453,138.15310668945312,151.09840393066406,129.7180938720703
221.29600524902344,136.30259704589844,154.36619567871094,133.41700744628906
223.2615966796875,136.92950439453125,151.93240356445312,130.06570434570312
218.26950073242188,137.74969482421875,155.23719787597656,130.45260620117188
216.75140380859375,136.0023956298828,152.78880310058594,129.2133026123047
213.79010009765625,130.110595703125,153.28359985351562,134.14199829101562
217.622802734375,135.3791961669922,147.92669677734375,126.85399627685547
219.89169311523438,130.9633026123047,140.73980712890625,128.99029541015625
228.11309814453125,136.5491943359375,128.81149291992188,126.46630096435547
227.86160278320312,140.18679809570312,128.55799865722656,123.14469909667969
229.07110595703125,146.6082000732422,125.47309875488281,114.53009796142578
243.11270141601562,152.5930938720703,109.82129669189453,110.35399627685547
259.318603515625,159.35409545898438,88.59400177001953,103.94580078125
251.1562957763672,163.8354034423828,94.06900024414062,100.03269958496094
269.4247131347656,167.12139892578125,77.11100006103516,97.59290313720703
258.7580871582031,163.27549743652344,87.04979705810547,99.87570190429688
266.3987121582031,166.05709838867188,83.12259674072266,96.20809936523438
268.9739990234375,163.93460083007812,56.530399322509766,94.60279846191406
273.78759765625,161.38319396972656,72.25920104980469,116.34230041503906
282.3450927734375,163.18040466308594,62.38100051879883,117.39289855957031
275.5075988769531,160.34500122070312,64.78410339355469,119.61630249023438
290.5022888183594,159.2158966064453,52.443599700927734,125.71939849853516
290.7515869140625,160.66769409179688,62.80160140991211,122.27899932861328
278.73699951171875,163.69859313964844,75.25460052490234,119.86949920654297
269.5757141113281,167.2200927734375,88.65509796142578,114.1957015991211
282.77801513671875,168.3914031982422,78.1082992553711,116.64299774169922
286.5473937988281,174.25889587402344,68.76069641113281,113.02639770507812
284.09930419921875,167.82730102539062,73.0186996459961,133.72979736328125
273.243408203125,162.87350463867188,82.62319946289062,130.25680541992188
283.7408142089844,161.41259765625,73.86630249023438,126.22450256347656
272.53961181640625,160.92140197753906,92.93669891357422,122.5822982788086
253.3592987060547,158.8061065673828,114.63870239257812,128.15499877929688
265.28790283203125,165.3903045654297,107.94190216064453,118.55339813232422
247.74549865722656,147.44430541992188,132.2886962890625,136.75250244140625
243.2799072265625,145.9832000732422,146.9340057373047,141.83009338378906
238.86399841308594,128.62249755859375,151.9552001953125,157.58399963378906
232.1013946533203,125.24579620361328,160.54029846191406,159.0321044921875
235.83770751953125,125.66310119628906,153.672607421875,149.13580322265625
222.13250732421875,118.90910339355469,167.72149658203125,154.26730346679688
243.7729034423828,113.52860260009766,146.85360717773438,150.95179748535156
252.0677032470703,112.10050201416016,140.63330078125,148.07510375976562
265.17041015625,108.70899963378906,125.99839782714844,142.6721954345703
258.9607849121094,104.81289672851562,129.65480041503906,142.35899353027344
257.1127014160156,103.69349670410156,130.41610717773438,141.404296875
265.330810546875,103.91699981689453,122.29789733886719,139.0177001953125
259.4790954589844,99.34559631347656,128.1551055908203,142.4654998779297
258.0205078125,101.57520294189453,131.14720153808594,138.79879760742188
267.6213073730469,100.92559814453125,120.55290222167969,137.04010009765625
268.3572082519531,98.89790344238281,120.09600067138672,136.75369262695312
266.9010925292969,98.34929656982422,121.64140319824219,137.38870239257812
268.4110107421875,97.90350341796875,118.5988998413086,138.39410400390625
270.7710876464844,94.34310150146484,117.27439880371094,138.66799926757812
270.162109375,95.24349975585938,116.91619873046875,141.52479553222656
271.05511474609375,95.40799713134766,114.20899963378906,140.66639709472656
270.4009094238281,96.12010192871094,112.6583023071289,137.69090270996094
270.8841857910156,95.47090148925781,111.96869659423828,140.4779052734375
269.64898681640625,96.85690307617188,109.56710052490234,138.6654052734375
269.1997985839844,97.2406005859375,109.81559753417969,139.04049682617188
267.1964111328125,96.90129852294922,112.19670104980469,139.86810302734375
271.5382080078125,96.30650329589844,109.38600158691406,137.4243927001953
269.466796875,95.85559844970703,109.21640014648438,135.8740997314453
269.70361328125,94.15640258789062,107.92040252685547,136.97659301757812
269.69439697265625,94.8218994140625,107.19719696044922,137.4156951904297
267.7980041503906,94.63520050048828,106.12940216064453,136.70030212402344
280.9197998046875,93.76570129394531,87.09390258789062,134.2823028564453
268.0719909667969,94.13680267333984,95.32499694824219,137.58909606933594
281.4737854003906,92.16020202636719,78.26830291748047,134.8905029296875
266.5873107910156,89.66059875488281,72.1072998046875,138.24560546875
273.62750244140625,89.76200103759766,64.90019989013672,135.60549926757812
273.4294128417969,87.94339752197266,59.13090133666992,142.82510375976562
275.3232116699219,89.25309753417969,53.78779983520508,141.52040100097656
275.8800964355469,85.69930267333984,54.78150177001953,163.56820678710938
278.2237854003906,82.15570068359375,51.027801513671875,167.585693359375
279.9147033691406,81.74400329589844,38.62269973754883,139.0904998779297
277.8341979980469,74.88269805908203,40.3922004699707,147.30889892578125
276.5635986328125,75.58519744873047,43.84830093383789,148.02330017089844
278.5712890625,74.57350158691406,43.787498474121094,146.720703125
279.5277099609375,75.36979675292969,45.23500061035156,148.80990600585938
274.2838134765625,64.67479705810547,55.18479919433594,158.1199951171875
277.46600341796875,67.77850341796875,58.88650131225586,156.52609252929688
277.6606140136719,76.04519653320312,57.258399963378906,149.9174041748047
279.2793884277344,82.87220001220703,59.83470153808594,144.9521026611328
281.1658935546875,130.96189880371094,62.80350112915039,100.89510345458984
262.13238525390625,96.87239837646484,87.86589813232422,135.139892578125
275.01019287109375,112.51210021972656,82.63870239257812,121.502197265625
208.03770446777344,88.67549896240234,145.4084930419922,141.4488983154297
245.78140258789062,105.32980346679688,118.76480102539062,126.04979705810547
197.51199340820312,86.93360137939453,167.60699462890625,142.79800415039062
274.3153991699219,126.65950012207031,96.24849700927734,102.4573974609375
248.78900146484375,101.17070007324219,127.94100189208984,130.25579833984375
219.2816925048828,102.13700103759766,157.9499969482422,129.35060119628906
219.33059692382812,97.45339965820312,159.92050170898438,131.21800231933594
217.15379333496094,96.29019927978516,159.9832000732422,128.8572998046875
215.6929931640625,101.76139831542969,155.99749755859375,126.68060302734375
209.54800415039062,94.59410095214844,162.5030975341797,129.77279663085938
215.6450958251953,91.82420349121094,146.23300170898438,136.1562957763672
217.94410705566406,114.9092025756836,134.76939392089844,117.43099975585938
199.0648956298828,94.31199645996094,148.55360412597656,139.0341033935547
194.27940368652344,110.02290344238281,138.8560028076172,124.47560119628906
191.4716033935547,107.38990020751953,135.89349365234375,118.22669982910156
189.0924072265625,111.05709838867188,136.7928009033203,114.42459869384766
186.0034942626953,112.15129852294922,134.5742950439453,129.36019897460938
191.59140014648438,124.65039825439453,122.39199829101562,109.17289733886719
180.57870483398438,117.76409912109375,130.75379943847656,132.8791046142578
177.21189880371094,122.68900299072266,127.32170104980469,119.73799896240234
172.63059997558594,125.38490295410156,131.17300415039062,125.97010040283203
169.32249450683594,126.1416015625,129.81759643554688,117.37100219726562
166.7122039794922,128.14559936523438,132.99879455566406,120.9751968383789
163.7097930908203,131.19610595703125,137.4949951171875,120.8396987915039
193.90480041503906,156.4633026123047,111.26619720458984,101.22250366210938
160.4185028076172,149.08290100097656,143.547607421875,109.95960235595703
163.27749633789062,157.1529998779297,143.12179565429688,112.90299987792969
185.72059631347656,180.43629455566406,131.76919555664062,98.20269775390625
172.6239013671875,183.9062957763672,152.14630126953125,115.75039672851562
172.83999633789062,196.39999389648438,158.5424041748047,122.91349792480469
173.64149475097656,204.78660583496094,164.0019073486328,120.64810180664062
183.22329711914062,205.19529724121094,168.7008056640625,117.618896484375
197.2144012451172,205.8101043701172,167.26229858398438,110.01090240478516
211.62559509277344,205.94259643554688,165.8520965576172,99.4207992553711
217.68190002441406,195.76950073242188,176.53819274902344,98.6760025024414
225.20269775390625,179.35350036621094,184.88160705566406,111.97740173339844
235.29229736328125,160.58639526367188,188.36050415039062,124.868896484375
260.47430419921875,142.2050018310547,174.4241943359375,144.3137969970703
266.8664855957031,130.5832061767578,176.92689514160156,154.35069274902344
279.1929016113281,123.86100006103516,164.489501953125,150.32330322265625
291.718505859375,121.28479766845703,156.9156951904297,159.71080017089844
297.1322937011719,124.25350189208984,152.1479949951172,155.62460327148438
302.7838134765625,130.2700958251953,145.90240478515625,158.61610412597656
302.54541015625,137.58380126953125,148.5084991455078,158.47999572753906
294.3396911621094,147.85899353027344,152.66810607910156,158.4586944580078
288.1242980957031,161.21969604492188,156.8426971435547,151.5679931640625
274.3919982910156,178.4001007080078,165.55169677734375,148.51710510253906
258.18218994140625,194.29879760742188,169.99929809570312,136.77789306640625
233.89849853515625,219.09950256347656,172.5572052001953,116.0645980834961
230.0865020751953,241.69580078125,157.806396484375,95.68260192871094
214.7816925048828,249.73939514160156,158.8704071044922,96.7217025756836
191.1175994873047,242.96499633789062,166.42799377441406,114.55259704589844
180.92689514160156,240.60279846191406,160.40980529785156,119.39720153808594
162.4272003173828,238.731201171875,168.14759826660156,118.95500183105469
152.664794921875,237.2501983642578,168.43829345703125,119.16590118408203
146.3372039794922,229.17039489746094,168.92730712890625,129.75830078125
139.92250061035156,230.63360595703125,168.343994140625,127.65979766845703
139.43820190429688,231.2635955810547,168.06919860839844,128.18460083007812
140.43519592285156,232.27020263671875,169.49400329589844,127.10769653320312
143.63470458984375,232.3863067626953,169.41290283203125,124.70709991455078
150.86669921875,239.69320678710938,167.4857940673828,119.0103988647461
159.16029357910156,243.0753936767578,172.452392578125,112.7864990234375
175.21029663085938,243.7012939453125,164.27940368652344,113.2654037475586
198.2873992919922,235.8607940673828,169.1248016357422,119.99320220947266
225.52540588378906,231.4055938720703,165.95030212402344,114.75
245.19590759277344,226.82090759277344,160.9447021484375,95.6781005859375
264.38189697265625,200.05459594726562,169.9626007080078,109.52639770507812
278.7838134765625,154.41909790039062,173.13400268554688,136.76040649414062
304.9797058105469,110.21260070800781,160.76800537109375,158.55479431152344
315.9639892578125,78.51300048828125,163.72940063476562,164.3759002685547
331.12811279296875,47.723899841308594,146.9470977783203,168.5305938720703
344.8468017578125,27.510000228881836,121.7239990234375,161.62030029296875
347.5946044921875,5.390600204467773,111.83719635009766,160.74899291992188
331.6272888183594,0.2680000066757202,134.00750732421875,157.47169494628906
319.3918151855469,1.0843000411987305,149.88589477539062,149.77029418945312
308.7533874511719,0.3946000039577484,158.8928985595703,146.3665008544922
300.0611877441406,1.9239000082015991,163.78819274902344,142.81820678710938
294.82940673828125,0.45980000495910645,159.55169677734375,152.39370727539062
285.9130859375,1.2799999713897705,156.21170043945312,160.9718017578125
275.9276123046875,4.25029993057251,152.91490173339844,167.56219482421875
276.59210205078125,22.901599884033203,135.8345947265625,171.60719299316406
272.7762145996094,49.699100494384766,114.51740264892578,175.15769958496094
217.5592041015625,107.8053970336914,146.9447021484375,151.32510375976562
281.4339904785156,174.22860717773438,62.62670135498047,100.74859619140625
239.70480346679688,141.2908935546875,82.2030029296875,218.7091064453125
247.30909729003906,170.06539916992188,68.4269027709961,132.4053955078125
209.802001953125,220.0377960205078,78.84870147705078,122.04029846191406
184.97669982910156,226.97979736328125,101.2842025756836,131.19329833984375
167.99099731445312,228.65789794921875,112.94329833984375,130.62930297851562
160.10850524902344,224.95269775390625,114.32060241699219,133.41720581054688
155.56199645996094,223.55520629882812,109.01170349121094,135.6300048828125
154.2967071533203,220.47479248046875,97.17350006103516,137.4779052734375
159.8076934814453,222.1114959716797,90.17150115966797,137.3549041748047
162.88229370117188,218.6103973388672,78.61289978027344,139.4376983642578
173.15899658203125,218.27639770507812,60.26459884643555,137.45089721679688
182.5908966064453,217.226806640625,47.43080139160156,138.9095001220703
191.73129272460938,258.60919189453125,40.580299377441406,95.1156005859375
193.65390014648438,273.4027099609375,36.46110153198242,76.50740051269531
192.1761016845703,285.06219482421875,39.62739944458008,72.76090240478516
200.0478973388672,286.8949890136719,30.556699752807617,72.11669921875
191.50660705566406,296.2961120605469,43.25529861450195,63.51559829711914
187.49139404296875,287.2091064453125,51.52050018310547,72.46179962158203
186.877197265625,289.8970947265625,55.476200103759766,70.01589965820312
185.7877960205078,283.64129638671875,60.13460159301758,75.4009017944336
191.51449584960938,285.93310546875,53.3306999206543,73.14119720458984
201.47869873046875,296.3800048828125,45.91320037841797,62.73080062866211
209.48910522460938,282.05499267578125,45.46630096435547,77.24569702148438
219.79910278320312,263.7478942871094,51.85150146484375,94.22039794921875
190.29539489746094,242.37550354003906,95.8635025024414,116.42900085449219
185.2333984375,226.94920349121094,118.7708969116211,131.8350067138672
172.92359924316406,215.5281982421875,147.11219787597656,142.5565948486328
162.79420471191406,200.26229858398438,189.3282928466797,157.24240112304688
149.60769653320312,205.7740936279297,205.9447021484375,152.64419555664062
139.94259643554688,202.10699462890625,213.24220275878906,156.1903076171875
134.80259704589844,202.8618927001953,223.7216033935547,156.58030700683594
131.0576934814453,202.672607421875,233.66319274902344,154.5491943359375
131.57200622558594,215.4257049560547,231.59469604492188,142.52789306640625
131.99330139160156,221.74929809570312,219.73269653320312,135.13360595703125
132.23570251464844,223.72630310058594,212.13150024414062,136.05909729003906
134.19619750976562,230.9364013671875,198.45550537109375,125.67680358886719
131.67909240722656,233.74180603027344,201.25070190429688,124.42680358886719
131.39520263671875,229.2368927001953,188.73599243164062,129.30360412597656
131.77200317382812,232.73739624023438,189.32809448242188,126.4718017578125
134.04119873046875,239.50360107421875,152.1959991455078,120.09590148925781
144.4084014892578,239.94610595703125,121.22550201416016,120.05390167236328
160.59190368652344,252.0260009765625,77.34619903564453,106.63130187988281
183.06849670410156,240.7769012451172,64.06950378417969,117.51830291748047
201.5312042236328,238.98240661621094,52.5906982421875,117.45999908447266
218.39059448242188,248.989501953125,53.59600067138672,109.3958969116211
182.8397979736328,217.80130004882812,103.94409942626953,141.43850708007812
173.5072021484375,222.6746063232422,151.9154052734375,135.8972930908203
165.0124969482422,219.14720153808594,159.05050659179688,138.88150024414062
154.48089599609375,219.9853973388672,171.5771026611328,131.60130310058594
152.06649780273438,219.63609313964844,182.7469024658203,123.32720184326172
146.4748992919922,217.93699645996094,208.37289428710938,120.66999816894531
146.5279998779297,218.01739501953125,214.0319061279297,123.00260162353516
143.68479919433594,213.66110229492188,219.55239868164062,135.58470153808594
147.47740173339844,212.82659912109375,226.28810119628906,139.80979919433594
150.3195037841797,209.22300720214844,228.67269897460938,142.5948944091797
151.33140563964844,207.6112060546875,234.9503936767578,144.81280517578125
153.53610229492188,196.25779724121094,235.10440063476562,153.1678924560547
159.08380126953125,190.5424041748047,237.20620727539062,159.4008026123047
162.61839294433594,176.6555938720703,242.49090576171875,169.90699768066406
167.82479858398438,178.7261962890625,233.22940063476562,143.35400390625
174.57949829101562,175.46449279785156,235.64149475097656,131.12159729003906
171.1436004638672,168.34860229492188,243.23550415039062,140.40870666503906
176.44740295410156,157.8325958251953,244.11090087890625,136.60980224609375
181.4311981201172,142.92239379882812,243.53680419921875,143.6719970703125
181.1667938232422,129.7342987060547,251.68569946289062,148.90899658203125
180.19500732421875,124.67430114746094,258.8200988769531,155.4387969970703
165.26150512695312,112.35559844970703,270.3945007324219,160.18980407714844
162.01730346679688,106.91390228271484,276.4067077636719,166.15859985351562
147.85110473632812,106.66480255126953,285.352294921875,178.77479553222656
136.08059692382812,114.5365982055664,293.0097961425781,186.81109619140625
116.75749969482422,124.5615005493164,301.7301940917969,190.7061004638672
90.12460327148438,135.10789489746094,317.9212951660156,196.72470092773438
86.96160125732422,158.95530700683594,320.65899658203125,197.83450317382812
63.279598236083984,187.26890563964844,323.639404296875,169.90879821777344
