1
422.5498046875,52.83679962158203,165.65249633789062,302.806396484375
436.6957092285156,54.08769989013672,152.53439331054688,305.91229248046875
431.7904968261719,52.47330093383789,151.35690307617188,303.060791015625
427.75909423828125,52.258201599121094,164.14039611816406,302.2370910644531
434.9039001464844,54.82440185546875,150.7772979736328,301.2331848144531
426.2119140625,52.07809829711914,159.45140075683594,302.92059326171875
435.0220947265625,54.60820007324219,151.58560180664062,302.6084899902344
415.956787109375,52.50400161743164,166.12669372558594,303.1394958496094
421.2762145996094,54.32529830932617,168.22239685058594,304.5201110839844
431.4761047363281,54.2401008605957,159.4261932373047,304.2785949707031
430.893798828125,53.58060073852539,148.54600524902344,305.3514099121094
434.5790100097656,55.20880126953125,158.92759704589844,300.4211120605469
433.8743896484375,54.10540008544922,146.64280700683594,301.6174011230469
437.4825134277344,54.75680160522461,151.51629638671875,302.22918701171875
432.05621337890625,53.85340118408203,150.26910400390625,301.8193054199219
434.6365966796875,52.926998138427734,149.5906982421875,305.76251220703125
436.21099853515625,53.187801361083984,144.0825958251953,301.8326110839844
435.2439880371094,53.375301361083984,143.4470977783203,303.6534118652344
436.1224060058594,51.7932014465332,151.1345977783203,304.4565124511719
436.718505859375,52.8047981262207,143.9506072998047,302.12109375
431.3828125,55.70220184326172,152.1051025390625,303.9236145019531
435.8109130859375,52.42380142211914,145.25540161132812,304.3160095214844
434.5611877441406,55.75019836425781,147.9792938232422,299.510498046875
430.9598083496094,53.90489959716797,156.9967041015625,302.7759094238281
436.30029296875,55.004600524902344,141.7760009765625,300.43719482421875
434.0201110839844,54.1072998046875,154.2541046142578,304.4397888183594
433.4858093261719,51.74489974975586,145.32040405273438,303.1448974609375
432.1329040527344,52.74140167236328,157.0634002685547,306.7084045410156
433.7734069824219,54.92839813232422,146.0543975830078,302.9364929199219
432.5892028808594,53.43080139160156,152.20289611816406,303.88519287109375
434.1322021484375,51.22869873046875,145.04820251464844,303.20819091796875
431.8056945800781,51.72679901123047,155.57009887695312,307.8113098144531
431.2644958496094,51.59669876098633,156.83689880371094,305.5389099121094
437.785400390625,55.03900146484375,151.11000061035156,301.1885070800781
439.6117858886719,50.22549819946289,148.77630615234375,305.0848083496094
440.37860107421875,51.97600173950195,151.19320678710938,304.7243957519531
441.1846923828125,54.46900177001953,145.13720703125,299.6492004394531
439.9176025390625,51.723201751708984,147.3455047607422,306.6087951660156
438.3797912597656,49.762699127197266,146.1884002685547,306.42181396484375
437.1543884277344,52.28229904174805,151.83580017089844,304.7210998535156
438.46209716796875,52.61309814453125,151.00140380859375,301.298095703125
439.53790283203125,53.5098991394043,155.06539916992188,302.6332092285156
439.8648986816406,54.4010009765625,153.60009765625,300.25439453125
441.7560119628906,54.967899322509766,143.51710510253906,298.4862060546875
439.6958923339844,50.85599899291992,160.35879516601562,307.8345031738281
443.5857849121094,53.572898864746094,134.54139709472656,304.677001953125
441.0148010253906,54.644798278808594,128.33799743652344,302.20489501953125
439.6913146972656,53.231300354003906,161.3957977294922,303.8550109863281
441.4562072753906,53.91019821166992,168.2781982421875,304.6039123535156
438.22918701171875,51.56449890136719,161.9813995361328,308.43548583984375
436.9057922363281,53.11159896850586,180.71730041503906,305.2319030761719
427.3396911621094,50.96699905395508,195.99380493164062,308.0932922363281
429.7933044433594,51.78889846801758,193.2404022216797,305.58489990234375
428.5022888183594,54.52289962768555,195.75070190429688,302.4997863769531
432.4831848144531,51.829498291015625,187.94580078125,304.9421081542969
431.41259765625,52.86920166015625,190.50860595703125,304.3392028808594
427.59600830078125,54.312400817871094,192.52169799804688,302.2139892578125
434.5165100097656,53.231998443603516,180.5196990966797,302.4574890136719
428.0351867675781,53.14569854736328,188.82240295410156,304.7817077636719
432.6940002441406,54.37419891357422,182.42919921875,301.94659423828125
434.9130859375,51.38199996948242,182.70730590820312,308.010009765625
429.26959228515625,55.02989959716797,187.47900390625,301.28240966796875
431.4786071777344,55.31629943847656,183.2342071533203,300.93560791015625
432.3471984863281,52.43330001831055,178.30239868164062,305.04949951171875
436.5166931152344,53.096900939941406,174.64280700683594,304.89599609375
429.6366882324219,50.161598205566406,169.60740661621094,307.48968505859375
432.5516052246094,53.1953010559082,176.32110595703125,304.4372863769531
432.4031066894531,53.934600830078125,180.6591033935547,303.272705078125
429.5346984863281,50.87900161743164,184.04820251464844,309.1210021972656
428.668701171875,54.1786994934082,186.4759979248047,301.9551086425781
438.66619873046875,49.075199127197266,148.65989685058594,305.8620910644531
438.98651123046875,49.560001373291016,171.9196014404297,305.38690185546875
439.6568908691406,48.11970138549805,140.44760131835938,310.4176025390625
440.97698974609375,47.885501861572266,168.11390686035156,311.5730895996094
439.38739013671875,48.96179962158203,143.0334930419922,309.5447082519531
440.1841125488281,49.10749816894531,165.78109741210938,307.2471008300781
438.20709228515625,46.6859016418457,175.27549743652344,313.3140869140625
435.23028564453125,51.360599517822266,159.45620727539062,305.5755920410156
438.8348083496094,53.572601318359375,176.2393035888672,302.76519775390625
435.3893127441406,49.149200439453125,164.57769775390625,307.55621337890625
433.7225036621094,50.71780014038086,180.61700439453125,307.2810974121094
435.8648986816406,47.47370147705078,177.53790283203125,311.7792053222656
432.6601867675781,50.70909881591797,184.01100158691406,306.5910949707031
432.4352111816406,53.905799865722656,180.4344940185547,300.0075988769531
433.5693054199219,52.21670150756836,178.58509826660156,304.9385070800781
432.2381896972656,52.69380187988281,186.0,305.9007873535156
433.9794921875,55.14609909057617,184.0653076171875,301.4856872558594
434.9172058105469,52.16360092163086,184.7801055908203,306.0797119140625
438.7970886230469,54.98939895629883,178.341796875,301.7781066894531
439.0758972167969,51.11349868774414,175.05760192871094,306.2868957519531
439.8291015625,53.40700149536133,175.8179931640625,303.4679870605469
441.59698486328125,51.4567985534668,169.65589904785156,306.28948974609375
441.3952941894531,52.83219909667969,160.77890014648438,306.8731994628906
442.1528015136719,55.86629867553711,164.8448944091797,302.06060791015625
440.77520751953125,56.375099182128906,163.83450317382812,301.5769958496094
438.7607116699219,55.48550033569336,167.46690368652344,301.8409118652344
439.1466979980469,55.44369888305664,164.61289978027344,302.9642028808594
437.6839904785156,55.80690002441406,165.33349609375,303.14569091796875
437.6496887207031,57.24470138549805,156.5908966064453,301.0155944824219
435.02850341796875,59.38740158081055,149.22109985351562,299.0
430.272705078125,61.72050094604492,152.8444061279297,293.6719970703125
420.8846130371094,60.65840148925781,163.51150512695312,295.4695129394531
418.2182922363281,60.0536994934082,161.85589599609375,297.3019104003906
415.712890625,57.59579849243164,162.24789428710938,299.39111328125
417.2659912109375,60.86439895629883,163.1916961669922,297.3623046875
408.9266052246094,58.1952018737793,171.50379943847656,299.39788818359375
412.38739013671875,59.925201416015625,171.6342010498047,297.86151123046875
415.0869140625,59.12009811401367,166.88819885253906,298.5181884765625
411.8666076660156,60.588199615478516,172.87210083007812,297.94140625
420.1856994628906,57.37220001220703,166.95030212402344,301.3327941894531
418.0647888183594,57.3036994934082,172.7012939453125,302.40789794921875
415.364990234375,55.285701751708984,182.08360290527344,303.6152038574219
416.1033020019531,53.55690002441406,184.37899780273438,303.0015869140625
405.32330322265625,54.375999450683594,200.30239868164062,303.9764099121094
395.4447021484375,54.36470031738281,212.6136932373047,305.49810791015625
391.4585876464844,52.84590148925781,221.43380737304688,303.1664123535156
393.72430419921875,49.73630142211914,226.9886932373047,306.0205993652344
392.5736999511719,49.555999755859375,223.77999877929688,306.82708740234375
386.84210205078125,48.49530029296875,232.05169677734375,308.31768798828125
403.15618896484375,46.40169906616211,201.0471954345703,312.3203125
372.2703857421875,51.79759979248047,239.65310668945312,305.80560302734375
388.201904296875,45.66109848022461,217.66769409179688,312.03021240234375
379.2644958496094,46.276798248291016,222.57640075683594,312.43560791015625
404.818115234375,44.81380081176758,190.9770965576172,310.79071044921875
406.7275085449219,47.62099838256836,172.62060546875,308.1203918457031
405.85260009765625,47.07830047607422,177.02479553222656,311.3995056152344
405.4632873535156,48.956199645996094,175.3466033935547,307.8546142578125
409.9106140136719,49.08169937133789,171.143798828125,310.9183044433594
411.7455139160156,48.28580093383789,166.610107421875,310.64898681640625
414.3434143066406,50.156898498535156,158.69830322265625,309.3605041503906
417.1119079589844,50.23619842529297,153.07449340820312,309.4627990722656
417.7966003417969,49.80329895019531,152.8242950439453,310.1966857910156
418.0801086425781,47.695701599121094,154.22940063476562,311.4977111816406
418.9639892578125,47.50529861450195,155.41510009765625,312.326904296875
419.84930419921875,47.730098724365234,162.51119995117188,310.7773132324219
409.7132873535156,47.69499969482422,179.49029541015625,312.30499267578125
415.7897033691406,49.60179901123047,179.90260314941406,310.398193359375
409.6129150390625,47.63249969482422,188.41940307617188,311.3421936035156
403.3236083984375,49.879600524902344,205.89430236816406,306.0674133300781
394.49700927734375,48.45349884033203,223.239501953125,309.4162902832031
393.2925109863281,48.22249984741211,234.53970336914062,309.9278869628906
396.86700439453125,47.341800689697266,228.59910583496094,309.53948974609375
390.0177917480469,48.28710174560547,239.21890258789062,308.9241027832031
391.8063049316406,48.89870071411133,236.7545928955078,307.8075866699219
392.56549072265625,53.1515998840332,241.34779357910156,301.45458984375
391.8086853027344,49.863800048828125,240.5063018798828,306.86920166015625
397.0173034667969,49.57379913330078,236.9613037109375,307.840087890625
401.6099853515625,48.031898498535156,223.45120239257812,308.71038818359375
402.3218994140625,51.2140998840332,228.73350524902344,304.8299865722656
405.9142150878906,56.338199615478516,225.33970642089844,301.09051513671875
414.1034851074219,57.465301513671875,199.54530334472656,301.4939880371094
417.2450866699219,55.26150131225586,213.2147979736328,301.91461181640625
418.5339050292969,53.40660095214844,212.66090393066406,306.5934143066406
280.1307067871094,103.1218032836914,107.91840362548828,202.15989685058594
275.9523010253906,47.297698974609375,143.2406005859375,302.75250244140625
313.9075012207031,47.547000885009766,254.1085968017578,299.59381103515625
398.6271057128906,50.05979919433594,202.9842987060547,307.660400390625
397.8086853027344,47.597999572753906,230.4832000732422,311.5775146484375
403.4096984863281,49.786598205566406,213.41090393066406,310.2134094238281
390.1632080078125,47.13650131225586,233.20339965820312,310.8583068847656
286.71661376953125,106.40460205078125,133.4987030029297,206.26499938964844
273.6366882324219,35.49509811401367,138.7196044921875,318.1189880371094
294.1919860839844,71.4115982055664,130.56039428710938,240.43130493164062
289.868408203125,36.35660171508789,172.8842010498047,310.9224853515625
327.9556884765625,107.58760070800781,123.68289947509766,232.01629638671875
292.8175048828125,28.334199905395508,178.6907958984375,324.2593078613281
304.7095031738281,103.08699798583984,140.5543975830078,252.1343994140625
314.68231201171875,27.686800003051758,129.69610595703125,320.5531921386719
322.0845031738281,24.47170066833496,184.19639587402344,331.87451171875
318.559814453125,38.83940124511719,143.46409606933594,318.4744873046875
322.69659423828125,25.07550048828125,186.75489807128906,327.8631896972656
329.5022888183594,26.262300491333008,140.48069763183594,328.360595703125
332.1288146972656,30.152099609375,152.8159942626953,324.6148986816406
345.99798583984375,29.830799102783203,147.4199981689453,325.9977111816406
347.6054992675781,32.77470016479492,146.66050720214844,323.04559326171875
356.393798828125,30.236900329589844,142.85330200195312,323.591796875
366.6813049316406,27.840499877929688,140.07310485839844,323.6531066894531
372.0733947753906,28.978300094604492,137.77630615234375,326.9797058105469
377.8652038574219,25.89699935913086,140.98199462890625,326.6261901855469
383.61669921875,26.187999725341797,139.4084930419922,326.1885070800781
380.61151123046875,24.409099578857422,151.7476043701172,331.5631103515625
392.6055908203125,22.293699264526367,142.65060424804688,333.51348876953125
394.2226867675781,22.332000732421875,151.36410522460938,330.71099853515625
402.17401123046875,21.278200149536133,145.35000610351562,334.3028869628906
408.1091003417969,21.831300735473633,141.88800048828125,332.9455871582031
408.97918701171875,21.53809928894043,155.268798828125,333.6408996582031
415.1191101074219,19.337099075317383,150.78399658203125,334.1700134277344
418.8743896484375,19.694799423217773,156.20199584960938,335.0008850097656
416.9212951660156,24.4689998626709,163.83230590820312,329.4902038574219
412.4757995605469,24.80299949645996,180.8867950439453,330.55279541015625
410.70489501953125,23.661399841308594,199.04200744628906,331.531494140625
409.2095031738281,21.787500381469727,213.560302734375,335.2221984863281
402.3236999511719,26.787399291992188,224.95030212402344,328.0215148925781
401.53289794921875,22.354700088500977,231.33340454101562,334.9997863769531
398.0661926269531,21.143299102783203,234.07119750976562,335.52569580078125
397.2544860839844,19.13610076904297,238.3070068359375,338.776611328125
402.5664978027344,16.80069923400879,233.01229858398438,342.7508850097656
408.2716979980469,19.796300888061523,231.1374969482422,338.14678955078125
411.48760986328125,20.743900299072266,228.5124053955078,335.9997863769531
415.5487976074219,21.157699584960938,224.45120239257812,335.7732849121094
412.6842041015625,11.196999549865723,227.3157958984375,346.097412109375
409.05059814453125,14.335000038146973,229.60260009765625,342.98388671875
425.822998046875,26.40839958190918,209.0052032470703,331.1856994628906
443.5906066894531,15.0649995803833,191.08470153808594,340.4211120605469
474.67498779296875,28.045799255371094,162.2115020751953,324.9562072753906
420.901611328125,25.40690040588379,200.18389892578125,329.5159912109375
413.5918884277344,42.347801208496094,213.89259338378906,315.81610107421875
408.5087890625,50.60969924926758,144.7458953857422,306.4656066894531
417.6109924316406,50.35559844970703,134.27310180664062,304.1803894042969
408.6991882324219,51.59320068359375,145.5496063232422,300.93389892578125
407.4180908203125,51.59280014038086,145.72320556640625,303.981201171875
405.8821105957031,51.106201171875,149.8780975341797,301.1387939453125
394.8057861328125,52.71369934082031,158.12210083007812,299.58270263671875
395.41510009765625,53.306400299072266,159.71119689941406,299.7914123535156
384.97320556640625,56.15660095214844,174.0146026611328,297.4721984863281
387.2771911621094,53.73139953613281,171.50669860839844,302.4784851074219
385.6910095214844,54.26750183105469,175.9311065673828,302.9425048828125
385.3434143066406,54.80350112915039,175.8220977783203,301.4903869628906
398.5089111328125,56.4557991027832,162.18080139160156,299.9682922363281
396.5007019042969,56.23789978027344,164.595703125,302.4005126953125
395.04449462890625,56.95429992675781,166.5128936767578,300.54400634765625
397.6742858886719,57.87969970703125,164.76060485839844,298.4649963378906
409.4682922363281,57.01459884643555,154.77870178222656,299.34710693359375
411.5364990234375,58.61520004272461,157.28379821777344,297.9100036621094
414.96148681640625,58.79890060424805,155.04620361328125,297.7453918457031
420.93438720703125,60.77199935913086,150.34429931640625,293.9184875488281
422.4202880859375,61.49420166015625,149.32769775390625,292.6365966796875
425.681396484375,60.83649826049805,144.26890563964844,295.4501037597656
435.08099365234375,59.2317008972168,139.13409423828125,295.9661865234375
433.9009094238281,63.14339828491211,138.26229858398438,292.37908935546875
436.21209716796875,62.26499938964844,140.72450256347656,294.1965026855469
440.9479064941406,60.833900451660156,133.9949951171875,293.16668701171875
438.6366882324219,62.40230178833008,134.47669982910156,291.73699951171875
443.0614013671875,61.125701904296875,132.76229858398438,293.9731140136719
439.43719482421875,61.69960021972656,129.181396484375,294.0314025878906
442.4482116699219,62.63050079345703,132.5211944580078,290.8760070800781
438.8399963378906,63.104801177978516,129.0908966064453,291.85308837890625
438.2627868652344,64.08059692382812,136.08200073242188,289.34820556640625
439.8319091796875,61.98030090332031,134.11109924316406,291.702392578125
432.5617980957031,65.1082992553711,136.460693359375,289.07080078125
436.9527893066406,64.06700134277344,136.55670166015625,291.17529296875
434.9320983886719,62.270999908447266,131.57569885253906,292.03448486328125
434.4750061035156,62.73830032348633,137.5460968017578,290.6158142089844
428.5909118652344,64.1083984375,140.1717071533203,289.81451416015625
430.2076110839844,62.53730010986328,131.9062957763672,291.2351989746094
427.56781005859375,63.4817008972168,138.51699829101562,290.6304016113281
425.4454040527344,61.57709884643555,140.77349853515625,293.6174011230469
419.8306884765625,57.6505012512207,144.70449829101562,297.24169921875
419.40679931640625,55.3931999206543,143.65240478515625,298.65460205078125
420.2231140136719,53.245399475097656,142.80599975585938,302.3125915527344
418.4955139160156,53.83399963378906,142.8647003173828,301.4664001464844
418.0627136230469,52.58060073852539,144.01539611816406,303.0611877441406
418.0939025878906,52.65729904174805,141.15350341796875,302.3424072265625
416.3367919921875,50.3588981628418,140.25450134277344,305.8724060058594
416.2214050292969,49.874698638916016,138.57290649414062,305.3846130371094
415.36260986328125,49.10430145263672,138.7064971923828,305.9845886230469
412.58221435546875,50.657501220703125,139.11129760742188,304.0815124511719
408.0880126953125,51.295101165771484,141.92320251464844,304.2633972167969
407.15460205078125,52.272701263427734,140.1027069091797,303.5386047363281
403.9375,49.732398986816406,144.89480590820312,306.4927978515625
404.0177917480469,49.402000427246094,143.9384002685547,308.3074951171875
402.4765930175781,48.39649963378906,145.88279724121094,305.76409912109375
399.60089111328125,47.636199951171875,145.4752960205078,309.2544860839844
394.9200134277344,48.68579864501953,148.57240295410156,304.8240051269531
391.18829345703125,49.32529830932617,150.3354949951172,305.51568603515625
399.96728515625,50.08890151977539,140.1125030517578,303.4819030761719
398.58319091796875,52.42919921875,142.2373046875,301.38580322265625
398.2673034667969,49.736900329589844,142.39649963378906,303.18798828125
393.89691162109375,50.6531982421875,146.33140563964844,304.3017883300781
386.7131042480469,50.93349838256836,152.3470001220703,304.6664123535156
383.3475036621094,49.83290100097656,156.6761016845703,307.96661376953125
385.4515075683594,50.698299407958984,154.02850341796875,304.71661376953125
378.5965881347656,45.74530029296875,159.76609802246094,307.8970031738281
376.0487976074219,45.55550003051758,160.53819274902344,307.7922058105469
368.19879150390625,44.93470001220703,164.19850158691406,308.5346984863281
384.5893859863281,44.366798400878906,145.06869506835938,309.46240234375
388.8197021484375,42.91310119628906,144.23719787597656,310.6792907714844
381.16571044921875,40.48210144042969,147.4394989013672,314.1953125
381.8157043457031,41.71500015258789,149.08050537109375,313.218505859375
383.9827880859375,39.76139831542969,140.05479431152344,316.0563049316406
387.2120056152344,38.53839874267578,136.593505859375,315.0169982910156
379.4988098144531,38.31420135498047,148.06900024414062,316.0758972167969
370.302001953125,33.59149932861328,153.1511993408203,322.0513000488281
363.12811279296875,32.784000396728516,166.50120544433594,321.80169677734375
351.2674865722656,28.99690055847168,178.80050659179688,322.2004089355469
356.2290954589844,28.43869972229004,170.9199981689453,322.3684997558594
377.23260498046875,25.460800170898438,153.1309051513672,325.77850341796875
378.8725891113281,24.37179946899414,150.87939453125,329.12109375
376.5331115722656,23.565099716186523,154.0507049560547,331.54119873046875
371.4005126953125,23.3518009185791,160.41110229492188,332.19268798828125
356.6000061035156,18.249500274658203,174.84779357910156,335.8888854980469
358.926513671875,18.657100677490234,174.12350463867188,332.26519775390625
365.2576904296875,16.365100860595703,167.6553955078125,337.94830322265625
359.78350830078125,16.099700927734375,172.9467010498047,336.343994140625
368.9110107421875,13.347800254821777,161.16299438476562,339.4549865722656
366.8992004394531,14.04889965057373,162.9759063720703,337.1357116699219
361.5213928222656,14.049699783325195,167.67520141601562,336.4075012207031
360.25048828125,14.202199935913086,166.1750030517578,338.81170654296875
361.99859619140625,12.949999809265137,164.67950439453125,338.03118896484375
365.7919006347656,14.868200302124023,158.8798065185547,336.4761047363281
364.41571044921875,10.623299598693848,157.36390686035156,341.4252014160156
366.6846008300781,14.613699913024902,152.36830139160156,336.1589050292969
317.30560302734375,9.308899879455566,197.5030975341797,344.29180908203125
290.9895935058594,12.217599868774414,221.33009338378906,341.2604064941406
257.56878662109375,14.6943998336792,247.63389587402344,335.8179016113281
253.48330688476562,20.422300338745117,244.93629455566406,332.2106018066406
265.8417053222656,16.29010009765625,238.76510620117188,340.5152893066406
261.89581298828125,16.954599380493164,237.5655059814453,340.4283142089844
239.443603515625,25.551700592041016,212.5345001220703,332.6733093261719
285.7756042480469,17.21139907836914,211.9062042236328,339.3623962402344
289.3205871582031,15.689900398254395,209.05279541015625,340.92529296875
312.23590087890625,20.902000427246094,183.40899658203125,332.6745910644531
285.6841125488281,15.618300437927246,209.6118927001953,339.5260009765625
331.9039001464844,16.521799087524414,164.33700561523438,337.5528869628906
279.7878112792969,9.929400444030762,209.972900390625,342.5660095214844
274.73089599609375,17.766199111938477,211.4582061767578,337.7084045410156
228.77420043945312,38.36750030517578,253.16940307617188,316.37921142578125
258.7943115234375,17.190399169921875,226.2572021484375,337.2489929199219
292.24090576171875,17.17970085144043,189.78219604492188,336.0412902832031
283.37200927734375,16.698200225830078,200.02330017089844,336.89849853515625
248.752197265625,20.392900466918945,231.78759765625,334.24310302734375
205.02549743652344,162.05369567871094,167.79010009765625,191.6833953857422
237.706298828125,32.2495002746582,235.87750244140625,327.0835876464844
232.8813018798828,29.829599380493164,234.49749755859375,327.4017028808594
249.91610717773438,30.920000076293945,218.6571044921875,326.047607421875
266.9664001464844,39.30550003051758,201.8668975830078,319.62548828125
245.76930236816406,48.14469909667969,216.73719787597656,308.1971130371094
228.71359252929688,48.68669891357422,236.76699829101562,311.31329345703125
234.53329467773438,51.397701263427734,230.83949279785156,308.602294921875
233.47900390625,55.79119873046875,228.0550994873047,303.91009521484375
247.0509033203125,61.28879928588867,215.92520141601562,296.339111328125
247.97030639648438,64.877197265625,215.97940063476562,295.122802734375
255.56930541992188,68.46600341796875,208.02760314941406,291.53399658203125
255.30230712890625,71.43910217285156,210.75140380859375,288.5609130859375
267.58160400390625,72.74490356445312,202.4445037841797,287.2550964355469
275.2289123535156,71.918701171875,201.0428924560547,288.0173034667969
273.0668029785156,71.65489959716797,202.8361053466797,287.3992004394531
274.2416076660156,72.0634994506836,199.6260986328125,287.0409851074219
275.31939697265625,69.78369903564453,197.56260681152344,290.21630859375
270.4187927246094,66.58350372314453,207.7769012451172,293.4164123535156
268.82940673828125,64.13849639892578,203.44960021972656,295.20098876953125
265.9338073730469,64.3656005859375,210.58590698242188,295.6343994140625
257.4287109375,53.7130012512207,221.98590087890625,305.6534118652344
254.4604034423828,47.11000061035156,226.71600341796875,311.98480224609375
249.33619689941406,43.17720031738281,230.58099365234375,315.18609619140625
249.31759643554688,38.574501037597656,231.41079711914062,319.7939147949219
256.1328125,36.81460189819336,228.7982940673828,320.9236145019531
258.9339904785156,35.734500885009766,231.2906036376953,323.85870361328125
264.8175964355469,32.3036994934082,229.52200317382812,323.9794006347656
266.4529113769531,29.818500518798828,230.22979736328125,328.723388671875
261.4804992675781,30.138399124145508,240.61619567871094,327.75250244140625
281.5657043457031,27.540599822998047,224.82000732421875,330.4761047363281
280.1325988769531,27.750999450683594,236.85879516601562,330.34698486328125
293.81060791015625,25.9330997467041,226.95030212402344,330.89691162109375
290.43170166015625,22.940099716186523,235.15989685058594,334.9999084472656
289.85791015625,24.00670051574707,237.87359619140625,335.9932861328125
303.4294128417969,19.027599334716797,236.1367950439453,338.7294921875
318.2262878417969,20.001699447631836,216.0467987060547,338.9180908203125
322.8504943847656,18.802600860595703,216.70350646972656,337.4588928222656
332.614501953125,18.794200897216797,210.15040588378906,336.7015075683594
335.1636047363281,20.952699661254883,207.43359375,333.22601318359375
344.8067932128906,19.595800399780273,200.70840454101562,334.26629638671875
355.62310791015625,21.87220001220703,191.9174041748047,331.75421142578125
351.58270263671875,18.598100662231445,201.2332000732422,338.1755065917969
356.56439208984375,17.15730094909668,194.243896484375,338.360595703125
363.39300537109375,19.33639907836914,188.3341064453125,336.6203918457031
368.6560974121094,19.987499237060547,184.8090057373047,335.4408874511719
373.08209228515625,17.880699157714844,179.4573974609375,337.48431396484375
382.9880065917969,17.64889907836914,170.60110473632812,338.4161071777344
384.99481201171875,23.885299682617188,164.87100219726562,326.63580322265625
381.0627136230469,24.72640037536621,172.42149353027344,327.7018127441406
379.08441162109375,25.73740005493164,171.0207977294922,325.95989990234375
389.2578125,22.239599227905273,161.2270965576172,331.87890625
378.9674987792969,25.173900604248047,168.97900390625,328.7421875
378.2372131347656,23.537700653076172,169.13980102539062,328.58428955078125
385.05029296875,25.051700592041016,160.31979370117188,330.5682067871094
377.3612976074219,26.04199981689453,166.73460388183594,327.26580810546875
382.4801940917969,28.974000930786133,160.64599609375,326.2550048828125
384.92138671875,26.344600677490234,156.18209838867188,327.66839599609375
383.0191955566406,26.389299392700195,156.40390014648438,328.70770263671875
388.7135925292969,29.212299346923828,151.78419494628906,328.44061279296875
383.6398010253906,30.644500732421875,154.71490478515625,325.3570861816406
385.4941101074219,30.581899642944336,151.65179443359375,323.2398986816406
388.15008544921875,31.390199661254883,145.32229614257812,323.62811279296875
389.4075012207031,34.615299224853516,142.89480590820312,320.239013671875
385.4366149902344,32.678001403808594,147.8260955810547,320.7654113769531
386.5990905761719,31.58919906616211,149.0028076171875,323.60369873046875
387.7535095214844,32.573299407958984,142.54739379882812,321.5899963378906
386.7228088378906,33.14759826660156,143.88429260253906,317.7148132324219
383.6925964355469,35.41550064086914,147.8365020751953,317.2898864746094
384.7744140625,34.38800048828125,147.17449951171875,318.8396911621094
386.1376953125,34.88249969482422,150.4626007080078,317.85211181640625
382.3663024902344,33.38130187988281,156.9456024169922,316.59991455078125
377.0152893066406,33.237300872802734,168.3092041015625,321.9684143066406
378.51251220703125,33.45050048828125,168.31239318847656,325.2633056640625
372.9573974609375,31.51300048828125,181.69509887695312,320.5364990234375
370.7807922363281,33.526100158691406,191.25860595703125,326.1588134765625
373.0380859375,34.03820037841797,190.5294952392578,321.49359130859375
371.00628662109375,31.922500610351562,182.40040588378906,323.09490966796875
370.9202880859375,35.19240188598633,187.08889770507812,318.4453125
371.2315979003906,34.28889846801758,186.93260192871094,321.4195861816406
373.6256103515625,34.62929916381836,182.6887969970703,323.8841857910156
385.53240966796875,34.36410140991211,177.26559448242188,320.8970947265625
384.7994079589844,34.47779846191406,178.89480590820312,324.00439453125
390.1206970214844,35.0099983215332,183.5146026611328,321.798095703125
389.9820861816406,48.68560028076172,227.92630004882812,311.31439208984375
382.341796875,35.1156005859375,179.20970153808594,317.3714904785156
394.389892578125,35.51530075073242,162.33349609375,322.7062072753906
405.6742858886719,37.5447998046875,143.56520080566406,317.3398132324219
411.6167907714844,34.82709884643555,128.6230926513672,324.0674133300781
414.73260498046875,37.871299743652344,132.26620483398438,319.7748107910156
421.1023864746094,40.24290084838867,122.66230010986328,315.6263122558594
424.51568603515625,37.03369903564453,176.38330078125,321.802490234375
475.9031066894531,24.888500213623047,164.02200317382812,330.3564147949219
414.7567138671875,32.06010055541992,154.95919799804688,321.4070129394531
443.8399963378906,22.64859962463379,187.08749389648438,330.47821044921875
443.6773986816406,19.709299087524414,163.31649780273438,332.82281494140625
455.20849609375,10.468299865722656,181.96749877929688,340.0033874511719
456.90478515625,15.100500106811523,179.98440551757812,337.3269958496094
430.9726867675781,20.209299087524414,193.94020080566406,333.02850341796875
448.0580139160156,15.58530044555664,188.27220153808594,341.2330017089844
441.965087890625,13.461799621582031,193.21090698242188,342.82818603515625
435.087890625,13.374799728393555,201.45379638671875,346.40618896484375
430.9732971191406,13.073399543762207,205.37179565429688,346.2567138671875
426.68231201171875,13.849499702453613,210.51840209960938,342.1900939941406
409.2074890136719,13.791000366210938,221.71209716796875,342.5273132324219
383.1748962402344,10.031299591064453,222.87350463867188,347.7406005859375
387.71649169921875,8.66819953918457,226.4102020263672,346.42559814453125
371.5567932128906,12.440199851989746,209.7978973388672,343.39190673828125
361.2601013183594,13.170900344848633,223.49560546875,342.8658142089844
338.8337097167969,13.12279987335205,240.6656951904297,340.3110046386719
347.06439208984375,12.017200469970703,221.2993927001953,340.63848876953125
334.7493896484375,13.037300109863281,243.95150756835938,338.2001953125
320.8576965332031,12.844900131225586,215.75790405273438,338.9873962402344
341.9551086425781,14.642000198364258,174.19400024414062,341.21160888671875
309.07830810546875,14.998100280761719,198.61749267578125,336.9234924316406
326.05670166015625,22.60140037536621,165.0771026611328,331.40948486328125
313.8284912109375,17.075599670410156,168.59410095214844,335.622314453125
307.7325134277344,14.330599784851074,165.9405059814453,339.5226135253906
289.9396057128906,11.467599868774414,177.74769592285156,341.8257141113281
298.7243957519531,13.968799591064453,162.9420928955078,338.5260925292969
286.5205078125,12.928000450134277,169.4459991455078,340.4685974121094
284.4382019042969,11.650799751281738,165.50039672851562,342.364013671875
270.4049072265625,12.440299987792969,169.631103515625,342.53741455078125
265.1484069824219,14.116900444030762,164.29110717773438,339.52508544921875
262.65740966796875,10.98859977722168,158.64779663085938,345.5376892089844
262.40240478515625,13.922200202941895,153.6051025390625,341.57379150390625
266.09161376953125,16.845199584960938,141.53860473632812,338.0950927734375
250.55470275878906,17.617700576782227,156.23590087890625,334.44891357421875
251.05819702148438,16.967899322509766,150.70249938964844,338.7721862792969
250.3549041748047,18.842199325561523,152.8260040283203,335.53759765625
251.9539031982422,16.09269905090332,148.7010040283203,339.0434875488281
253.1313934326172,18.83989906311035,150.12530517578125,335.1986083984375
254.26229858398438,18.9158992767334,144.24989318847656,335.9219055175781
254.14649963378906,19.771799087524414,147.74090576171875,335.0035095214844
252.07269287109375,21.440099716186523,144.10940551757812,331.4283142089844
251.0554962158203,20.107999801635742,143.17120361328125,333.91461181640625
245.37890625,19.154600143432617,151.05409240722656,333.960693359375
242.45919799804688,20.637300491333008,150.61419677734375,334.3085021972656
236.25379943847656,20.801599502563477,177.8218994140625,335.3835144042969
236.9075927734375,17.445899963378906,154.74929809570312,338.868896484375
239.14109802246094,20.13319969177246,170.60910034179688,335.48760986328125
227.533203125,19.65180015563965,164.09210205078125,336.2311096191406
227.83599853515625,17.83099937438965,164.6551971435547,337.9010925292969
218.98739624023438,21.66790008544922,172.3740997314453,333.0317077636719
218.2700958251953,20.735700607299805,171.08070373535156,334.614013671875
219.97760009765625,23.54360008239746,167.41799926757812,330.5047912597656
219.1466064453125,24.55970001220703,167.6811065673828,331.9237060546875
222.93209838867188,21.822799682617188,163.8542938232422,333.6091003417969
220.2301025390625,22.235000610351562,164.3509979248047,335.24951171875
221.3594970703125,22.41659927368164,162.38279724121094,332.56658935546875
220.46910095214844,25.262800216674805,162.00369262695312,329.7052001953125
220.3845977783203,24.635799407958984,162.89849853515625,331.747802734375
222.20289611816406,24.16349983215332,160.56739807128906,330.6328125
209.5153045654297,26.475299835205078,172.38499450683594,328.3377990722656
207.8166961669922,27.52560043334961,174.72760009765625,328.7156982421875
199.87269592285156,27.30340003967285,178.3916015625,328.90179443359375
198.8177032470703,27.989500045776367,181.1204071044922,329.5754089355469
186.57290649414062,29.066200256347656,192.96380615234375,325.9703063964844
192.1654052734375,30.565500259399414,183.71319580078125,323.34228515625
181.18190002441406,31.9862003326416,193.8459014892578,322.1693115234375
161.5095977783203,31.15220069885254,210.9884033203125,323.34039306640625
176.32980346679688,32.0172004699707,192.90460205078125,326.0179138183594
158.61940002441406,30.954599380493164,216.664306640625,326.36859130859375
183.2313995361328,32.47880172729492,191.80880737304688,325.08489990234375
168.04769897460938,27.824199676513672,207.81900024414062,330.4627990722656
166.39129638671875,31.297000885009766,208.17489624023438,324.8398132324219
164.20989990234375,30.77549934387207,209.00160217285156,329.0646057128906
163.9886016845703,29.909799575805664,210.61520385742188,328.7608947753906
168.71080017089844,27.498300552368164,204.9019012451172,331.1780090332031
193.57260131835938,28.68440055847168,182.0186004638672,330.2016906738281
185.43760681152344,28.097400665283203,192.1215057373047,331.19189453125
189.2362060546875,28.19029998779297,185.48809814453125,329.8150939941406
185.05140686035156,24.823200225830078,193.64520263671875,333.918701171875
173.1298065185547,27.291099548339844,203.16659545898438,328.44580078125
154.74290466308594,24.020999908447266,214.60890197753906,327.19378662109375
180.86199951171875,26.124500274658203,191.72689819335938,327.01361083984375
187.0153045654297,23.917400360107422,185.6450958251953,326.9486999511719
169.29879760742188,22.028400421142578,195.95440673828125,332.39599609375
172.1475067138672,22.1737003326416,194.6414031982422,330.2027893066406
173.08340454101562,22.902799606323242,196.4416961669922,330.0412902832031
210.9687957763672,26.15239906311035,170.20260620117188,321.1719970703125
169.12109375,22.79789924621582,185.47900390625,331.081298828125
188.8905029296875,24.02199935913086,166.87649536132812,333.7138977050781
174.90879821777344,23.444400787353516,178.95620727539062,329.95989990234375
191.79310607910156,27.97209930419922,161.28660583496094,324.889404296875
196.98390197753906,25.637800216674805,153.27650451660156,325.38720703125
200.00210571289062,24.40530014038086,149.42080688476562,329.5470886230469
198.45509338378906,26.117599487304688,150.35650634765625,328.1675109863281
214.8157958984375,25.712299346923828,128.97940063476562,327.5150146484375
184.4449005126953,25.94099998474121,151.37420654296875,329.54180908203125
206.75100708007812,23.20400047302246,133.8621063232422,327.2716064453125
189.02450561523438,23.115699768066406,145.12249755859375,333.83538818359375
200.76150512695312,21.73240089416504,137.84730529785156,328.9368896484375
194.22520446777344,24.260499954223633,139.88250732421875,331.74169921875
201.2095947265625,22.21109962463379,137.1959991455078,331.69781494140625
191.4676971435547,23.14259910583496,142.70689392089844,332.7685852050781
189.9425048828125,22.40220069885254,145.29550170898438,329.15008544921875
175.2030029296875,22.396900177001953,159.1580047607422,330.89569091796875
186.72779846191406,18.70050048828125,147.8585968017578,336.989013671875
187.60769653320312,18.630800247192383,140.72430419921875,334.0447998046875
171.21560668945312,21.507999420166016,164.34280395507812,333.51690673828125
163.4636993408203,19.162099838256836,165.46749877929688,336.18450927734375
162.66619873046875,21.257699966430664,170.49009704589844,333.4388122558594
197.5570068359375,25.787900924682617,183.82460021972656,325.2139892578125
137.97760009765625,25.554100036621094,211.08140563964844,332.8380126953125
161.6645050048828,19.74220085144043,158.625,335.3297119140625
179.86830139160156,24.72330093383789,154.26150512695312,329.6897888183594
179.46800231933594,20.992700576782227,143.66600036621094,332.42401123046875
166.1470947265625,18.175600051879883,156.3251953125,336.95269775390625
151.50259399414062,18.51959991455078,171.1717987060547,337.6684875488281
147.58189392089844,21.8262996673584,171.64320373535156,333.73431396484375
423.01458740234375,41.78129959106445,127.48210144042969,315.2456970214844
416.5581970214844,40.038299560546875,130.13369750976562,319.9617004394531
141.5373992919922,19.395299911499023,185.7436065673828,337.1697082519531
133.59730529785156,17.869800567626953,195.6721954345703,336.614990234375
146.57460021972656,18.563199996948242,184.79319763183594,339.3695983886719
150.9759979248047,20.341299057006836,174.9613037109375,333.1990966796875
157.3677978515625,18.20669937133789,187.17469787597656,337.3326110839844
160.6804962158203,16.23900032043457,172.59959411621094,339.081298828125
166.96119689941406,16.837499618530273,183.9842071533203,338.1238098144531
173.43190002441406,15.739999771118164,182.22239685058594,341.28021240234375
187.1082000732422,17.640899658203125,164.3925018310547,340.2785949707031
176.58470153808594,17.603900909423828,174.60899353027344,339.82611083984375
191.6508026123047,17.505399703979492,158.927001953125,337.5766906738281
182.17449951171875,18.88319969177246,168.0290985107422,339.6659851074219
173.41549682617188,17.67840003967285,175.24989318847656,339.9840087890625
172.86720275878906,15.604499816894531,172.92979431152344,341.40948486328125
175.78590393066406,13.5447998046875,169.0648956298828,344.0386047363281
176.86729431152344,18.049800872802734,162.73269653320312,337.6588134765625
169.13009643554688,16.886600494384766,164.07179260253906,339.1684875488281
165.96139526367188,20.8346004486084,165.7375030517578,334.6776123046875
163.96820068359375,18.57859992980957,169.62649536132812,338.10528564453125
161.78419494628906,19.586000442504883,170.87550354003906,335.6340026855469
165.5791015625,21.26289939880371,168.54299926757812,334.13690185546875
167.29150390625,22.666900634765625,166.4925994873047,331.65850830078125
169.77879333496094,23.57229995727539,164.62530517578125,332.6990051269531
173.21749877929688,25.443099975585938,161.84640502929688,331.40020751953125
182.3572998046875,26.271900177001953,149.0092010498047,328.90069580078125
190.62840270996094,29.561199188232422,135.0467987060547,323.9833068847656
198.1450958251953,33.139198303222656,126.55049896240234,323.8254089355469
201.04820251464844,32.704498291015625,123.39080047607422,324.0557861328125
204.11050415039062,33.01179885864258,119.29010009765625,325.83990478515625
204.94720458984375,33.73970031738281,120.50370025634766,323.6736145019531
212.3455047607422,33.935001373291016,113.57099914550781,323.6512145996094
212.8022003173828,34.0890007019043,119.072998046875,323.26080322265625
216.44219970703125,35.31589889526367,114.26850128173828,323.0087890625
215.6553955078125,36.427101135253906,120.55339813232422,320.019287109375
204.51600646972656,35.236698150634766,132.61090087890625,322.0036926269531
201.08560180664062,33.21870040893555,134.2895965576172,323.2842102050781
204.1331024169922,35.52159881591797,132.87669372558594,319.0342102050781
203.139404296875,34.74800109863281,131.5303955078125,323.2493896484375
211.8845977783203,33.64929962158203,124.35050201416016,321.85540771484375
207.34019470214844,36.89120101928711,127.67669677734375,320.47198486328125
215.30580139160156,33.762298583984375,119.08760070800781,324.4612121582031
214.62969970703125,32.98270034790039,120.52639770507812,326.28759765625
214.80029296875,31.996400833129883,116.56079864501953,326.24798583984375
214.74639892578125,32.549198150634766,116.58830261230469,324.9642028808594
214.02789306640625,34.14590072631836,113.14199829101562,323.0378112792969
215.38429260253906,31.25349998474121,109.37300109863281,327.42950439453125
211.2274932861328,33.831199645996094,108.90129852294922,325.818603515625
211.0615997314453,32.66740036010742,105.6884994506836,324.4552917480469
205.68080139160156,34.60770034790039,110.70700073242188,323.715087890625
201.63560485839844,33.398799896240234,111.68679809570312,323.6850891113281
197.98519897460938,33.182899475097656,111.60140228271484,323.40289306640625
195.27130126953125,33.26250076293945,112.25399780273438,321.97100830078125
191.4918975830078,31.835899353027344,114.80509948730469,325.6182861328125
192.2769012451172,32.09339904785156,113.31749725341797,323.462890625
188.6757049560547,28.896299362182617,113.54979705810547,327.05810546875
188.18240356445312,30.049800872802734,113.67510223388672,325.9783020019531
186.6405029296875,30.15570068359375,114.39990234375,326.0127868652344
185.4019012451172,28.899499893188477,112.89959716796875,327.40899658203125
185.53819274902344,29.008499145507812,112.21389770507812,324.9794921875
185.00889587402344,29.407699584960938,110.35060119628906,325.5138854980469
184.6071014404297,29.279600143432617,113.19200134277344,324.2289123535156
183.710205078125,28.048500061035156,109.27459716796875,326.2882995605469
182.8437957763672,30.14229965209961,112.6438980102539,325.92059326171875
178.75050354003906,31.032800674438477,115.93399810791016,322.4873046875
181.05230712890625,29.01810073852539,113.92120361328125,326.006591796875
180.5926055908203,27.61989974975586,114.5365982055664,326.28399658203125
181.93280029296875,30.19070053100586,111.78929901123047,325.591796875
180.7581024169922,30.104999542236328,115.75520324707031,325.45361328125
180.80230712890625,29.933000564575195,116.5145034790039,325.9324035644531
182.1201934814453,29.597200393676758,114.68209838867188,328.0220947265625
183.631103515625,29.933500289916992,116.47830200195312,327.9624938964844
185.5290069580078,29.71269989013672,113.86949920654297,325.2890930175781
188.5364990234375,31.361400604248047,110.3009033203125,326.5089111328125
186.42759704589844,32.720401763916016,114.46410369873047,322.6628112792969
188.63079833984375,32.91450119018555,114.34140014648438,325.0845031738281
189.2447967529297,33.87730026245117,111.58180236816406,324.80218505859375
192.6300048828125,35.49100112915039,110.61360168457031,323.2804870605469
197.05780029296875,35.60129928588867,106.24400329589844,321.4413146972656
200.4105987548828,37.59349822998047,103.13790130615234,317.2098083496094
201.03160095214844,35.125999450683594,102.6510009765625,321.1781921386719
202.33889770507812,35.983299255371094,103.03980255126953,320.4320068359375
206.68260192871094,37.86750030517578,101.19889831542969,317.3536071777344
204.78370666503906,38.72140121459961,101.84110260009766,317.72900390625
207.87159729003906,39.54090118408203,102.09960174560547,316.3464050292969
206.9246063232422,41.20029830932617,104.3311996459961,314.26141357421875
212.5576934814453,44.11240005493164,101.06490325927734,313.7001037597656
219.76719665527344,43.22639846801758,95.82109832763672,313.4364929199219
221.90879821777344,43.54710006713867,92.5239028930664,310.0989990234375
223.94659423828125,44.072601318359375,95.54319763183594,310.3629150390625
224.7028045654297,45.61240005493164,96.2428970336914,309.1492004394531
223.9700927734375,46.865299224853516,101.7791976928711,308.30609130859375
224.29080200195312,47.07899856567383,99.84329986572266,308.9111022949219
220.80990600585938,47.85350036621094,105.04219818115234,307.9292907714844
229.1407012939453,47.830101013183594,101.87110137939453,308.8629150390625
227.35560607910156,48.474300384521484,102.45670318603516,307.181396484375
229.46229553222656,48.23929977416992,103.60679626464844,307.7178039550781
232.42529296875,48.26559829711914,103.26370239257812,305.97369384765625
230.6815948486328,49.07310104370117,105.10279846191406,307.05029296875
233.64669799804688,50.22819900512695,101.15689849853516,305.6863098144531
235.3883056640625,50.58580017089844,102.53459930419922,305.4407043457031
229.21420288085938,51.86280059814453,112.61640167236328,303.3503112792969
235.10169982910156,49.13399887084961,107.67659759521484,304.235107421875
234.94549560546875,49.691898345947266,107.67659759521484,303.3765869140625
233.714599609375,50.705501556396484,109.9677963256836,303.60260009765625
226.59750366210938,51.484500885009766,119.56120300292969,301.9164123535156
229.88369750976562,50.43659973144531,118.57479858398438,303.0318908691406
245.860595703125,49.32080078125,105.09380340576172,295.7956848144531
244.97239685058594,52.28850173950195,107.67720031738281,299.4397888183594
251.43519592285156,50.963401794433594,101.42220306396484,287.7528991699219
256.14739990234375,52.902198791503906,99.18609619140625,288.3031921386719
265.4540100097656,54.500701904296875,93.44760131835938,266.6592102050781
256.9956970214844,54.022098541259766,103.49199676513672,273.6377868652344
266.8829040527344,53.48310089111328,93.68240356445312,274.8203125
251.1490020751953,54.773101806640625,112.52580261230469,269.31719970703125
273.18609619140625,58.69839859008789,92.5259017944336,258.2539978027344
260.3110046386719,57.95970153808594,109.75689697265625,266.0470886230469
275.79620361328125,58.0348014831543,96.67610168457031,271.1307067871094
270.8550109863281,55.51259994506836,102.83580017089844,270.031005859375
279.0426940917969,57.216800689697266,95.16089630126953,269.26348876953125
284.8241882324219,57.57830047607422,91.09619903564453,278.1953125
281.43231201171875,56.23910140991211,100.21910095214844,271.1379089355469
296.3013000488281,58.45709991455078,86.50070190429688,266.3877868652344
297.081787109375,56.869300842285156,89.65879821777344,276.8775939941406
300.7290954589844,57.17100143432617,85.89469909667969,272.0519104003906
303.2110900878906,57.402000427246094,91.36160278320312,282.80450439453125
316.9154968261719,54.61840057373047,133.3332977294922,291.6825866699219
409.37249755859375,39.24489974975586,154.8636932373047,319.3741149902344
403.1216125488281,40.247100830078125,162.66110229492188,316.15789794921875
402.3507995605469,45.155799865722656,160.9582061767578,311.0987854003906
401.1546936035156,38.121299743652344,159.53160095214844,317.8240051269531
398.2945861816406,42.92850112915039,161.8061981201172,311.4306945800781
395.55389404296875,39.3114013671875,165.51199340820312,315.7615966796875
398.5065002441406,39.273799896240234,159.58970642089844,316.9599914550781
398.6773986816406,40.67839813232422,159.39540100097656,313.7356872558594
399.3882141113281,41.586299896240234,155.70179748535156,317.0625
398.7438049316406,40.45140075683594,153.06930541992188,316.2703857421875
402.3799133300781,40.93299865722656,151.32009887695312,317.8597106933594
403.05999755859375,39.06999969482422,148.31979370117188,317.92010498046875
397.75299072265625,38.26219940185547,153.04769897460938,317.31201171875
401.3669128417969,42.456600189208984,153.1719970703125,313.3512878417969
401.2419128417969,38.94670104980469,152.58949279785156,316.7174072265625
402.364990234375,44.377601623535156,151.7615966796875,310.8110046386719
400.345703125,40.444801330566406,152.69189453125,315.15509033203125
401.32159423828125,38.87929916381836,149.89309692382812,315.985107421875
403.7221984863281,44.030601501464844,153.67739868164062,315.9693908691406
401.09820556640625,42.351600646972656,155.7216033935547,311.0271911621094
407.10699462890625,50.61539840698242,155.15550231933594,304.29278564453125
400.12188720703125,44.29629898071289,161.5052032470703,309.5810852050781
401.0989074707031,49.42890167236328,164.35699462890625,304.28131103515625
404.9789123535156,52.239498138427734,164.51080322265625,302.4143981933594
409.7767028808594,45.688201904296875,159.8968048095703,311.0736999511719
406.6741027832031,51.71110153198242,167.41310119628906,303.2381896972656
414.4153137207031,50.03990173339844,160.82659912109375,308.5198974609375
416.5708923339844,49.97760009765625,144.0677947998047,308.1853942871094
420.92401123046875,49.55659866333008,148.42080688476562,306.4649963378906
419.0752868652344,51.740501403808594,149.7196044921875,304.38580322265625
414.80029296875,48.80889892578125,151.14779663085938,308.5127868652344
424.89410400390625,50.61149978637695,145.851806640625,306.1807861328125
421.4378967285156,48.88880157470703,141.84230041503906,306.4610900878906
427.9317932128906,51.292301177978516,139.1916961669922,305.0401916503906
426.6852111816406,52.87099838256836,140.44349670410156,304.1455078125
426.27520751953125,51.327999114990234,145.67990112304688,307.6184997558594
429.6578063964844,52.17580032348633,137.37240600585938,305.3544006347656
421.4682922363281,53.05229949951172,148.30690002441406,303.58819580078125
429.3406066894531,53.23649978637695,144.2864990234375,304.0567932128906
424.68341064453125,54.179298400878906,142.65769958496094,300.4007873535156
420.9320983886719,54.09339904785156,147.37350463867188,303.1636047363281
424.4460144042969,55.76100158691406,138.26690673828125,301.7596130371094
424.489990234375,57.68669891357422,147.69189453125,299.5205993652344
423.6151123046875,54.627899169921875,143.54620361328125,302.0483093261719
419.1188049316406,54.29050064086914,149.78419494628906,299.539794921875
419.73388671875,53.526100158691406,151.79969787597656,301.55999755859375
416.9208068847656,53.33259963989258,151.03770446777344,304.9674987792969
420.42340087890625,55.90359878540039,151.26910400390625,298.3866882324219
422.9762878417969,52.40599822998047,146.25860595703125,303.519287109375
425.16650390625,52.386600494384766,146.30990600585938,302.3611145019531
424.4710998535156,52.863800048828125,148.90640258789062,300.8494873046875
426.2477111816406,53.698001861572266,141.8656005859375,300.260986328125
429.3581848144531,54.066200256347656,148.18539428710938,301.1664123535156
429.502685546875,54.22819900512695,150.2061004638672,301.5791931152344
429.1499938964844,53.46799850463867,151.5885009765625,302.79510498046875
430.78741455078125,52.333099365234375,146.31109619140625,302.5263977050781
429.5141906738281,54.08760070800781,150.05520629882812,299.53729248046875
430.45880126953125,51.189300537109375,147.79969787597656,305.8612976074219
430.3399963378906,50.60499954223633,143.6782989501953,305.74951171875
427.6742858886719,53.74209976196289,143.82020568847656,303.10308837890625
425.32989501953125,52.694698333740234,144.6383056640625,302.3974914550781
425.7502136230469,53.38560104370117,144.31680297851562,304.85540771484375
428.6029968261719,53.61399841308594,139.743896484375,302.75750732421875
430.3380126953125,54.76350021362305,137.47300720214844,302.4352111816406
426.9627990722656,56.048500061035156,140.89219665527344,301.17620849609375
425.8131103515625,55.59590148925781,147.43069458007812,298.92138671875
427.0398864746094,54.72840118408203,143.71609497070312,300.3118896484375
426.1969909667969,53.2338981628418,146.51480102539062,304.4410095214844
430.76300048828125,55.492801666259766,143.23660278320312,300.7518005371094
425.6910095214844,55.56919860839844,148.34649658203125,299.8800964355469
422.22430419921875,57.38079833984375,150.82020568847656,299.1758117675781
428.9892883300781,57.16379928588867,141.9694061279297,295.9010009765625
430.5101013183594,57.7781982421875,149.8031005859375,299.23028564453125
429.1466064453125,53.55839920043945,147.414306640625,301.7130126953125
426.69268798828125,52.132301330566406,150.80850219726562,305.1451110839844
428.1805114746094,53.60200119018555,147.06170654296875,301.2568054199219
423.8734130859375,51.97529983520508,148.85130310058594,302.94610595703125
426.2943115234375,54.87990188598633,141.72860717773438,299.99810791015625
424.8074951171875,52.627498626708984,144.351806640625,305.1773986816406
427.19061279296875,55.63710021972656,133.08180236816406,299.9367980957031
425.0235900878906,53.71900177001953,140.61680603027344,301.2362060546875
426.60791015625,52.11980056762695,138.30450439453125,305.360595703125
427.276611328125,51.97060012817383,135.18649291992188,305.7879943847656
423.5708923339844,52.839900970458984,140.9232940673828,302.59478759765625
425.0293884277344,51.360599517822266,144.4813995361328,306.2710876464844
425.17181396484375,52.15909957885742,177.70230102539062,303.6716003417969
427.3019104003906,48.878700256347656,147.4167938232422,308.0509033203125
426.1318054199219,52.107200622558594,141.97970581054688,303.8741149902344
426.9480895996094,50.41130065917969,139.13710021972656,307.5692138671875
422.6366882324219,50.378299713134766,142.8634033203125,306.5260009765625
427.59588623046875,51.29209899902344,137.87570190429688,304.7879943847656
428.9823913574219,54.215599060058594,134.83360290527344,301.76458740234375
428.5898132324219,53.714298248291016,133.16329956054688,304.5248107910156
426.8684997558594,51.96120071411133,133.5988006591797,305.4934997558594
426.51470947265625,53.45109939575195,135.85159301757812,304.3038024902344
428.89019775390625,52.9385986328125,132.841796875,303.7278137207031
425.9739074707031,52.6781005859375,134.19639587402344,303.6328125
424.42291259765625,52.922401428222656,134.39990234375,304.247314453125
425.1419982910156,52.074798583984375,136.1865997314453,304.1348876953125
426.8080139160156,53.5786018371582,138.87570190429688,303.00628662109375
424.1671142578125,54.128700256347656,142.16079711914062,303.1659851074219
425.7309875488281,51.04669952392578,138.43800354003906,305.19171142578125
427.3360900878906,49.433101654052734,138.00030517578125,307.0021057128906
426.19500732421875,48.9297981262207,144.6219940185547,306.2930908203125
422.6922912597656,52.001800537109375,142.66189575195312,305.51568603515625
422.3023986816406,49.537498474121094,148.54400634765625,305.13128662109375
412.9502868652344,50.19940185546875,154.97779846191406,304.3710021972656
402.97320556640625,50.19020080566406,169.86129760742188,302.86700439453125
399.65069580078125,47.15999984741211,170.99380493164062,310.95458984375
389.5768127441406,48.834598541259766,180.96119689941406,308.2936096191406
412.5132141113281,51.66400146484375,155.06910705566406,303.1205139160156
410.0852966308594,49.59080123901367,166.15859985351562,304.7611083984375
391.34051513671875,48.03329849243164,181.31759643554688,308.5777893066406
396.0718994140625,50.80609893798828,179.44920349121094,305.9005126953125
359.4743957519531,49.81399917602539,215.30140686035156,306.5997009277344
404.40789794921875,47.51839828491211,163.9925994873047,310.944091796875
360.2474060058594,49.308101654052734,208.6197052001953,308.44659423828125
396.4269104003906,51.665199279785156,166.68829345703125,304.2041015625
363.3819885253906,50.88349914550781,201.1407012939453,308.51348876953125
382.7633972167969,51.95289993286133,184.88099670410156,305.06610107421875
372.127197265625,50.93960189819336,202.26319885253906,308.198486328125
388.7336120605469,48.96770095825195,180.4355010986328,307.4303894042969
365.6351013183594,50.14630126953125,201.19850158691406,305.268310546875
386.8111877441406,51.39929962158203,179.0316925048828,304.75390625
417.7738037109375,50.0004997253418,151.76409912109375,306.8315124511719
410.45330810546875,50.33110046386719,144.2646026611328,306.748291015625
372.430908203125,50.16120147705078,194.0167999267578,304.8406066894531
379.630615234375,52.99140167236328,183.9468994140625,302.4825134277344
375.8407897949219,51.84939956665039,191.31170654296875,306.8725891113281
377.5674133300781,52.958499908447266,183.47470092773438,303.2543029785156
382.80859375,51.09040069580078,178.76600646972656,306.32330322265625
396.8169860839844,50.67509841918945,162.6092987060547,305.6617126464844
386.4381103515625,47.30849838256836,166.81849670410156,309.9327087402344
387.95819091796875,51.632999420166016,164.32330322265625,306.1365966796875
399.0032043457031,51.78369903564453,151.7675018310547,303.6601867675781
398.327392578125,53.79140090942383,152.79559326171875,303.12689208984375
402.37750244140625,53.01789855957031,147.9739990234375,303.07818603515625
399.1924133300781,50.51689910888672,152.96670532226562,305.49249267578125
412.6745910644531,51.319400787353516,139.7722930908203,302.4444885253906
415.00628662109375,49.248199462890625,136.4409942626953,307.4512023925781
418.58648681640625,48.93960189819336,132.46910095214844,308.1697998046875
419.94989013671875,51.13180160522461,131.07769775390625,302.7401123046875
421.68548583984375,51.46120071411133,130.19720458984375,304.4201965332031
422.14208984375,53.67900085449219,127.64550018310547,304.252197265625
419.95318603515625,51.87590026855469,136.92630004882812,304.1361999511719
418.8660888671875,51.137001037597656,139.12750244140625,305.940185546875
419.4413146972656,50.875701904296875,137.7006072998047,307.0552062988281
410.5675048828125,52.22169876098633,153.3079071044922,304.83819580078125
410.5859069824219,51.44380187988281,155.5301055908203,305.3475036621094
387.7040100097656,47.944000244140625,187.6387939453125,308.91448974609375
343.0188903808594,46.4546012878418,241.58790588378906,310.5773010253906
379.4017028808594,46.10459899902344,210.0854949951172,311.04559326171875
366.9071044921875,44.48469924926758,229.4597930908203,312.1908874511719
401.09539794921875,39.512001037597656,190.0146026611328,316.03271484375
396.12689208984375,47.67850112915039,193.7698974609375,309.806884765625
342.5658874511719,42.962398529052734,266.1632995605469,313.1543884277344
353.8424987792969,38.13349914550781,257.17059326171875,319.1846008300781
357.08599853515625,36.19960021972656,264.4331970214844,321.44610595703125
401.1669006347656,26.826200485229492,207.62730407714844,330.32940673828125
373.16119384765625,40.61090087890625,199.14199829101562,315.3669128417969
357.2903137207031,42.57350158691406,224.2086944580078,313.31201171875
383.81890869140625,41.55979919433594,193.7001953125,318.1850891113281
403.43798828125,42.716400146484375,171.4591064453125,315.651611328125
381.5541076660156,42.285400390625,180.31649780273438,315.3760070800781
402.5382080078125,42.00809860229492,162.61610412597656,313.69989013671875
398.4873962402344,40.38010025024414,169.28680419921875,316.5622863769531
396.6650085449219,39.73780059814453,162.88099670410156,319.53851318359375
381.1618957519531,38.826698303222656,183.8975067138672,319.3247985839844
393.1982116699219,41.82569885253906,165.37210083007812,314.6481018066406
400.4075012207031,38.20119857788086,160.93739318847656,318.90850830078125
399.243896484375,37.384700775146484,160.63470458984375,319.064208984375
401.6423034667969,35.0547981262207,153.97059631347656,321.31658935546875
397.7825927734375,36.40829849243164,174.24710083007812,320.89849853515625
381.2605895996094,38.15399932861328,205.64480590820312,320.1453857421875
380.4349060058594,36.843101501464844,219.6992950439453,319.9162902832031
387.3200988769531,39.84040069580078,221.74899291992188,315.5519104003906
394.0058898925781,37.93259811401367,232.70790100097656,317.156494140625
403.76959228515625,36.19770050048828,217.08810424804688,318.8880920410156
388.1907043457031,37.572601318359375,239.49639892578125,318.7695007324219
395.3682861328125,37.620201110839844,200.7241973876953,317.2615966796875
394.62249755859375,42.864898681640625,225.35299682617188,312.1017150878906
392.03619384765625,36.26070022583008,245.7877960205078,321.8179016113281
392.42730712890625,35.812198638916016,141.3441925048828,318.74749755859375
389.68060302734375,47.155601501464844,141.8050994873047,309.6571044921875
386.3287048339844,45.64189910888672,156.5518035888672,314.35809326171875
386.22711181640625,43.416900634765625,147.893798828125,313.8851013183594
372.0986022949219,43.58409881591797,170.2209930419922,314.6897888183594
386.45269775390625,45.902099609375,137.8878936767578,313.6881103515625
387.8651123046875,46.31890106201172,118.60479736328125,311.6064147949219
