1
70.73320007324219,0.757099986076355,96.73040008544922,49.85350036621094
71.7238998413086,0.4821999967098236,96.47850036621094,55.213600158691406
73.32029724121094,0.64410001039505,96.12629699707031,60.28200149536133
74.93109893798828,1.3342000246047974,96.21219635009766,61.816200256347656
76.8677978515625,1.7786999940872192,95.97899627685547,63.44810104370117
80.71119689941406,2.741300106048584,94.79419708251953,63.897499084472656
84.82360076904297,2.318700075149536,93.33820343017578,63.88880157470703
89.09950256347656,3.481600046157837,91.122802734375,62.095401763916016
93.52940368652344,4.840099811553955,89.20120239257812,60.38309860229492
97.65859985351562,5.4253997802734375,88.36689758300781,59.34230041503906
102.39659881591797,6.588399887084961,86.71099853515625,58.08209991455078
106.98490142822266,7.686699867248535,84.74749755859375,57.06460189819336
111.4979019165039,9.80519962310791,83.11920166015625,55.91960144042969
115.32980346679688,13.496600151062012,81.95899963378906,54.75090026855469
120.01360321044922,15.866399765014648,80.81749725341797,53.758201599121094
123.55359649658203,18.518400192260742,80.26119995117188,53.576900482177734
126.74459838867188,21.777799606323242,79.6072998046875,52.534000396728516
129.34280395507812,24.53860092163086,78.36190032958984,51.960201263427734
131.7528076171875,27.297700881958008,78.0177001953125,51.8400993347168
135.4591064453125,30.742000579833984,76.8093032836914,51.2849006652832
137.70989990234375,33.66360092163086,76.58450317382812,50.22359848022461
140.414306640625,35.97489929199219,75.95079803466797,49.78419876098633
144.5323028564453,37.84880065917969,75.28939819335938,49.7760009765625
147.24209594726562,41.39189910888672,74.49800109863281,48.43479919433594
149.970703125,43.08209991455078,74.28739929199219,48.346500396728516
154.00100708007812,45.162200927734375,72.62419891357422,48.631500244140625
157.58819580078125,47.062801361083984,72.60350036621094,48.313899993896484
161.8612060546875,48.47890090942383,71.05889892578125,46.60860061645508
165.06509399414062,50.73460006713867,70.63480377197266,46.933799743652344
169.46640014648438,51.729801177978516,70.40840148925781,46.13880157470703
173.40890502929688,54.076499938964844,69.43910217285156,44.94139862060547
177.78030395507812,55.28120040893555,70.2968978881836,44.0458984375
184.0283966064453,56.66550064086914,68.71299743652344,44.32509994506836
188.3769989013672,59.16310119628906,66.82029724121094,43.30540084838867
193.49220275878906,59.65119934082031,67.04859924316406,42.68040084838867
199.14720153808594,60.187801361083984,66.73419952392578,42.38750076293945
204.91229248046875,60.77109909057617,65.8156967163086,42.20159912109375
210.76539611816406,62.287601470947266,64.40969848632812,41.80540084838867
215.5625,62.93230056762695,63.57389831542969,41.11539840698242
220.8054962158203,63.724998474121094,62.656898498535156,40.02790069580078
225.7946014404297,64.28720092773438,62.235599517822266,39.57640075683594
231.25250244140625,64.39600372314453,63.86940002441406,38.44540023803711
236.408203125,64.50789642333984,60.06990051269531,38.744300842285156
242.36959838867188,65.9719009399414,61.05590057373047,37.443599700927734
247.7783966064453,64.06880187988281,59.793399810791016,38.14149856567383
252.51719665527344,64.01029968261719,59.65610122680664,37.938499450683594
258.466796875,63.937198638916016,60.04010009765625,37.78879928588867
264.8930969238281,62.900299072265625,59.608001708984375,38.286399841308594
270.8258972167969,62.40060043334961,57.26839828491211,37.71910095214844
277.039794921875,62.762001037597656,60.19409942626953,37.23740005493164
283.276611328125,62.22520065307617,55.513301849365234,37.05659866333008
288.664794921875,61.7234992980957,58.27539825439453,36.345298767089844
294.29278564453125,61.224300384521484,55.730899810791016,36.627601623535156
299.1416931152344,59.7588005065918,55.2489013671875,36.7859001159668
304.0111999511719,59.24869918823242,56.35020065307617,36.25189971923828
308.08221435546875,59.035400390625,54.216800689697266,35.94839859008789
312.20721435546875,58.83359909057617,54.79750061035156,35.4463996887207
316.65740966796875,59.69620132446289,54.962799072265625,34.69459915161133
320.71539306640625,58.42449951171875,53.583099365234375,35.12310028076172
323.90618896484375,59.1172981262207,54.042701721191406,34.318599700927734
328.0732116699219,58.270301818847656,55.34000015258789,34.845001220703125
330.4139099121094,58.201900482177734,52.905799865722656,35.175899505615234
333.3359069824219,59.715301513671875,53.90599822998047,33.916500091552734
335.2327880859375,59.240501403808594,52.88059997558594,34.40879821777344
336.9552917480469,60.17639923095703,52.097900390625,34.66379928588867
337.9115905761719,60.40010070800781,52.088600158691406,34.96969985961914
338.4493103027344,63.128299713134766,52.13330078125,34.33219909667969
337.4230041503906,63.48160171508789,52.53609848022461,35.04249954223633
337.135986328125,64.34200286865234,52.55009841918945,34.76679992675781
336.9425048828125,64.74710083007812,52.470001220703125,35.10540008544922
335.88800048828125,64.864501953125,53.16569900512695,34.84199905395508
334.34051513671875,65.26100158691406,53.25080108642578,34.559600830078125
332.4429016113281,65.82669830322266,53.03670120239258,33.817298889160156
329.8761901855469,66.43389892578125,53.40530014038086,34.36180114746094
326.15948486328125,67.23739624023438,54.50389862060547,34.89059829711914
324.0444030761719,68.42849731445312,54.33700180053711,35.66469955444336
320.6882019042969,69.54509735107422,55.3827018737793,35.766300201416016
317.71929931640625,70.41950225830078,56.16460037231445,36.27479934692383
315.33990478515625,71.89199829101562,56.45859909057617,36.620601654052734
312.220703125,74.143798828125,57.165199279785156,36.10089874267578
309.9476013183594,76.15280151367188,57.110599517822266,35.76409912109375
307.87310791015625,77.5875015258789,57.04439926147461,35.65829849243164
305.79998779296875,80.72250366210938,57.20050048828125,35.10689926147461
304.439697265625,83.10820007324219,57.50230026245117,35.385799407958984
302.1012878417969,85.07129669189453,58.03139877319336,35.00510025024414
300.6736145019531,86.20909881591797,58.14580154418945,35.22840118408203
299.3160095214844,87.67230224609375,58.217098236083984,34.789798736572266
298.35919189453125,88.23410034179688,58.22809982299805,35.28020095825195
297.4494934082031,90.55970001220703,57.90769958496094,34.90829849243164
296.309814453125,91.29090118408203,58.34769821166992,34.980899810791016
295.03021240234375,92.29830169677734,58.24589920043945,35.22489929199219
294.1055908203125,92.8572006225586,58.270198822021484,34.448001861572266
293.1893005371094,93.91390228271484,58.000301361083984,34.45220184326172
291.75140380859375,94.27680206298828,58.36130142211914,34.690101623535156
290.8794860839844,95.37870025634766,58.165000915527344,34.573001861572266
290.26849365234375,96.1968994140625,58.33369827270508,34.3927001953125
290.71490478515625,96.8147964477539,57.67100143432617,34.71160125732422
289.8421936035156,96.63590240478516,57.605098724365234,35.0546989440918
288.68359375,97.82260131835938,57.743499755859375,34.71229934692383
287.7102966308594,98.80570220947266,57.35319900512695,33.9546012878418
287.3501892089844,99.01840209960938,57.3484001159668,34.3406982421875
286.6684875488281,99.1229019165039,57.13199996948242,34.754798889160156
285.5310974121094,98.0260009765625,57.84400177001953,35.28160095214844
284.6716003417969,97.96959686279297,58.646400451660156,35.80379867553711
284.2929992675781,97.26499938964844,59.24470138549805,36.06880187988281
284.05029296875,96.40560150146484,59.93470001220703,36.24580001831055
282.69000244140625,97.1093978881836,60.58259963989258,35.24980163574219
283.3070983886719,97.06340026855469,59.52159881591797,34.95539855957031
282.1878967285156,96.57649993896484,60.27130126953125,34.965599060058594
282.3821105957031,95.32520294189453,60.264400482177734,35.90549850463867
281.548095703125,94.77110290527344,60.541900634765625,35.7244987487793
280.9836120605469,94.87550354003906,60.47959899902344,35.58190155029297
279.8753967285156,93.99510192871094,60.72610092163086,35.1172981262207
278.55059814453125,93.90519714355469,59.9005012512207,34.815799713134766
277.2945861816406,91.90470123291016,60.72840118408203,34.8911018371582
276.1841125488281,90.33570098876953,60.67110061645508,35.2843017578125
274.3310852050781,88.99720001220703,60.555999755859375,34.55889892578125
273.27679443359375,86.48870086669922,61.30720138549805,35.0447998046875
271.9931945800781,86.56950378417969,60.19559860229492,33.51129913330078
271.3387145996094,85.31790161132812,60.7041015625,33.293800354003906
270.3555908203125,83.6084976196289,60.57550048828125,33.63249969482422
269.7460021972656,82.99600219726562,60.77320098876953,33.8119010925293
269.0903015136719,82.6541976928711,60.920501708984375,34.390499114990234
268.1907958984375,83.00980377197266,61.010501861572266,34.10329818725586
268.2589111328125,82.62860107421875,61.09360122680664,34.426300048828125
267.38128662109375,83.08360290527344,61.620201110839844,34.457000732421875
267.369384765625,83.72029876708984,61.34749984741211,34.06529998779297
267.3570861816406,83.3759994506836,61.47010040283203,34.9734001159668
268.2475891113281,83.62190246582031,61.250701904296875,34.72610092163086
268.9490051269531,84.9446029663086,60.31520080566406,33.96620178222656
268.5528869628906,85.13610076904297,61.11119842529297,33.987701416015625
268.08929443359375,84.38960266113281,60.870601654052734,34.811100006103516
269.0180969238281,85.06839752197266,60.79999923706055,34.4807014465332
269.59869384765625,84.85359954833984,60.508201599121094,35.12630081176758
269.393798828125,84.5708999633789,60.89080047607422,35.138999938964844
268.4529113769531,84.60970306396484,61.350399017333984,35.52349853515625
268.76959228515625,84.52189636230469,60.809200286865234,35.49660110473633
269.0249938964844,84.9541015625,61.168701171875,35.411598205566406
268.9883117675781,84.33219909667969,60.97560119628906,36.15299987792969
268.9607849121094,85.26570129394531,61.310298919677734,35.034400939941406
268.2161865234375,84.1415023803711,61.10419845581055,36.05970001220703
267.3981018066406,85.01349639892578,61.529701232910156,35.556800842285156
266.9237060546875,84.45980072021484,61.65190124511719,36.627601623535156
265.74859619140625,85.81089782714844,63.08539962768555,35.86880111694336
263.0539855957031,86.50630187988281,64.94850158691406,36.36199951171875
261.1971130371094,87.68329620361328,65.69400024414062,37.832801818847656
257.86871337890625,88.59339904785156,68.23139953613281,39.57120132446289
255.1927032470703,91.70110321044922,69.71880340576172,41.66569900512695
254.0605010986328,93.70950317382812,69.0625,42.82699966430664
251.6956024169922,98.19309997558594,69.70079803466797,44.24769973754883
251.39340209960938,102.74040222167969,69.7333984375,46.607601165771484
251.522705078125,107.92259979248047,67.4386978149414,50.36370086669922
252.4980926513672,114.23619842529297,66.21160125732422,53.154300689697266
254.4344024658203,119.31690216064453,62.85169982910156,56.43899917602539
258.80841064453125,126.03260040283203,59.2489013671875,56.43220138549805
261.7272033691406,133.48939514160156,56.29690170288086,54.2952995300293
263.5661926269531,139.5601043701172,55.54090118408203,52.63399887084961
266.6781921386719,149.9423065185547,52.78260040283203,48.52840042114258
270.1532897949219,152.98989868164062,51.150001525878906,51.281898498535156
274.48809814453125,160.14999389648438,47.361000061035156,46.24020004272461
277.5058898925781,165.65769958496094,44.475101470947266,40.916900634765625
277.92529296875,169.35879516601562,43.752498626708984,38.93239974975586
277.1405029296875,175.19039916992188,43.889198303222656,34.24089813232422
277.7608947753906,176.04660034179688,42.92559814453125,34.148101806640625
277.0526123046875,177.94650268554688,42.770198822021484,32.28779983520508
276.3284912109375,178.36480712890625,43.11029815673828,31.86400032043457
276.18231201171875,179.13929748535156,44.27289962768555,31.466400146484375
276.01910400390625,179.50889587402344,42.97060012817383,31.126399993896484
274.98541259765625,180.71710205078125,43.1952018737793,29.553800582885742
275.13861083984375,182.15719604492188,43.05870056152344,29.159400939941406
274.32611083984375,180.5106964111328,42.760101318359375,30.36479949951172
275.7936096191406,181.1199951171875,42.316898345947266,30.388099670410156
274.57379150390625,181.27139282226562,44.214599609375,31.2091007232666
274.4374084472656,182.38819885253906,45.48109817504883,31.072999954223633
273.0472106933594,182.9542999267578,47.37329864501953,31.304399490356445
273.4541015625,185.722900390625,50.868099212646484,30.968399047851562
275.23760986328125,184.627197265625,46.73740005493164,30.005399703979492
275.57550048828125,185.70570373535156,43.91419982910156,28.603900909423828
275.13720703125,182.67930603027344,43.372798919677734,31.494300842285156
275.3310852050781,182.24180603027344,42.64339828491211,31.694700241088867
275.41949462890625,180.34979248046875,41.81520080566406,33.251399993896484
276.8091125488281,175.73440551757812,41.15959930419922,37.10490036010742
275.60089111328125,174.57510375976562,42.00170135498047,38.23460006713867
275.1216125488281,174.47410583496094,42.64289855957031,37.82099914550781
275.1116027832031,174.03329467773438,42.47639846801758,38.34450149536133
275.6131896972656,174.37030029296875,43.549198150634766,38.14039993286133
276.2669982910156,174.02059936523438,42.08789825439453,39.353599548339844
276.676513671875,177.3896026611328,41.354000091552734,35.52669906616211
277.09228515625,176.87049865722656,40.443599700927734,36.489498138427734
277.3110046386719,176.38510131835938,39.64619827270508,36.99150085449219
275.80279541015625,175.73260498046875,40.78229904174805,38.32720184326172
273.4873962402344,174.7122039794922,42.18330001831055,44.93989944458008
268.244384765625,176.92059326171875,46.02299880981445,42.4989013671875
261.37811279296875,186.63119506835938,46.3650016784668,34.410099029541016
253.59120178222656,184.61050415039062,46.9536018371582,39.22829818725586
246.60279846191406,179.1571044921875,48.33760070800781,51.2327995300293
238.83799743652344,176.39109802246094,46.3849983215332,53.28850173950195
233.13589477539062,169.56399536132812,48.67319869995117,62.050498962402344
229.56919860839844,178.4470977783203,48.32360076904297,52.98630142211914
223.8603973388672,177.55450439453125,49.27370071411133,56.48659896850586
218.931396484375,177.99180603027344,51.431400299072266,55.26129913330078
212.8596954345703,181.3450927734375,53.156898498535156,53.7781982421875
210.73779296875,183.0301055908203,53.58359909057617,56.099300384521484
207.2563018798828,182.6988983154297,55.644798278808594,58.634700775146484
207.3262939453125,185.3686065673828,54.47209930419922,55.90919876098633
207.572998046875,186.15109252929688,53.643699645996094,56.712501525878906
207.11959838867188,186.62159729003906,53.92359924316406,57.95100021362305
206.67669677734375,185.41709899902344,54.65359878540039,58.52629852294922
206.0238037109375,186.8592071533203,54.79389953613281,56.38410186767578
206.78590393066406,185.29949951171875,54.268001556396484,57.55080032348633
205.5959014892578,185.00140380859375,56.18880081176758,58.608699798583984
205.32049560546875,184.79750061035156,56.09550094604492,57.45220184326172
205.0426025390625,180.79080200195312,56.83769989013672,60.33140182495117
202.64219665527344,182.8863983154297,59.28630065917969,57.144901275634766
198.02029418945312,178.61990356445312,62.7681999206543,60.417701721191406
193.85450744628906,177.84739685058594,66.05349731445312,58.368900299072266
195.2490997314453,177.4259033203125,64.20130157470703,58.99470138549805
188.7760009765625,175.3896026611328,69.13829803466797,58.58509826660156
181.44540405273438,170.00259399414062,74.98310089111328,62.60599899291992
176.20370483398438,161.331298828125,80.72959899902344,69.2384033203125
168.806396484375,158.8583984375,85.78299713134766,69.71410369873047
162.49180603027344,155.45669555664062,89.25350189208984,69.22679901123047
154.30250549316406,151.28689575195312,95.90499877929688,70.12539672851562
154.7711944580078,148.8459014892578,93.57820129394531,71.50019836425781
152.6674041748047,147.24659729003906,95.05619812011719,70.1166000366211
152.02960205078125,145.94180297851562,96.36080169677734,69.94149780273438
151.41079711914062,146.26080322265625,96.77770233154297,69.30130004882812
150.74130249023438,145.216796875,98.54180145263672,69.63009643554688
151.46609497070312,145.6820068359375,98.7291030883789,68.96869659423828
150.62010192871094,145.92300415039062,100.83390045166016,68.4126968383789
148.95860290527344,148.9409942626953,101.75420379638672,64.74949645996094
151.22320556640625,151.77940368652344,100.41179656982422,61.78239822387695
150.41090393066406,151.64630126953125,103.34629821777344,63.394798278808594
150.239501953125,152.97610473632812,104.42579650878906,64.86759948730469
153.73829650878906,153.377197265625,103.84970092773438,65.47820281982422
157.1367950439453,152.95640563964844,101.75409698486328,64.69660186767578
158.9647979736328,151.67250061035156,101.5188980102539,61.402099609375
163.0001983642578,149.95480346679688,99.86830139160156,55.342201232910156
166.19960021972656,145.1970977783203,99.5718002319336,49.504600524902344
170.5615997314453,139.593994140625,98.87020111083984,45.05690002441406
173.4053955078125,127.11589813232422,99.4541015625,48.685001373291016
176.77239990234375,113.5863037109375,98.41600036621094,57.48590087890625
180.47720336914062,100.4281005859375,99.50450134277344,66.28450012207031
182.25559997558594,93.61640167236328,99.88130187988281,72.1677017211914
183.7104034423828,90.81220245361328,101.35710144042969,75.45999908447266
185.1475067138672,92.89430236816406,100.87809753417969,75.43689727783203
189.7852020263672,100.10579681396484,95.8052978515625,72.74259948730469
187.89630126953125,107.79789733886719,93.54239654541016,72.0363998413086
186.66650390625,113.11849975585938,95.16349792480469,73.88150024414062
188.24989318847656,119.30879974365234,93.81189727783203,73.37670135498047
190.54119873046875,127.19640350341797,92.11759948730469,69.36289978027344
188.43980407714844,133.7342071533203,94.20490264892578,65.78790283203125
190.15130615234375,135.5594940185547,93.63770294189453,65.95800018310547
192.1479949951172,134.14320373535156,90.97470092773438,70.33830261230469
194.7198944091797,131.1728057861328,86.40519714355469,75.3197021484375
200.30850219726562,125.57610321044922,79.51499938964844,81.49410247802734
202.0428009033203,120.52449798583984,77.65080261230469,86.65599822998047
204.0200958251953,118.2677001953125,76.53500366210938,90.95189666748047
205.25509643554688,117.04530334472656,75.87570190429688,91.80030059814453
209.10169982910156,119.04280090332031,72.15660095214844,94.50569915771484
212.82150268554688,120.91510009765625,69.03880310058594,93.99829864501953
216.01759338378906,123.19539642333984,67.07659912109375,95.50440216064453
219.2180938720703,125.22669982910156,64.15119934082031,95.28500366210938
221.8881072998047,127.4937973022461,61.78219985961914,94.64600372314453
224.2332000732422,127.66320037841797,59.4906005859375,94.78569793701172
228.09230041503906,128.65440368652344,56.57109832763672,93.31880187988281
229.0924072265625,129.33389282226562,55.21780014038086,92.1177978515625
231.7720947265625,130.48899841308594,53.03120040893555,91.41069793701172
234.798095703125,130.34579467773438,49.84000015258789,91.53720092773438
236.87249755859375,130.61219787597656,49.972198486328125,92.20449829101562
236.75819396972656,131.22450256347656,50.69850158691406,91.58650207519531
236.8043975830078,131.47689819335938,49.97999954223633,93.14530181884766
238.92379760742188,133.08380126953125,49.15890121459961,95.64859771728516
239.22259521484375,134.48800659179688,50.022098541259766,98.52749633789062
240.1259002685547,136.81219482421875,50.77170181274414,99.84490203857422
239.2028045654297,142.0312042236328,56.927799224853516,97.66649627685547
238.7958984375,146.1092071533203,58.59130096435547,95.2218017578125
238.0653076171875,150.61070251464844,60.26530075073242,94.31919860839844
237.23170471191406,154.4683074951172,62.940399169921875,91.4854965209961
238.60079956054688,161.56399536132812,61.99729919433594,82.16699981689453
240.87969970703125,166.13450622558594,58.50600051879883,65.96050262451172
243.09210205078125,170.25599670410156,56.24409866333008,69.34700012207031
241.9698944091797,175.635498046875,55.83259963989258,70.78600311279297
243.30340576171875,180.5334014892578,52.83810043334961,65.63600158691406
241.3740997314453,183.36090087890625,54.037601470947266,63.5797004699707
241.60899353027344,183.18710327148438,52.20009994506836,60.9114990234375
257.1958923339844,185.43649291992188,34.875999450683594,50.41809844970703
255.70880126953125,187.37010192871094,36.43960189819336,51.825199127197266
256.09649658203125,189.2252960205078,35.629798889160156,50.53390121459961
252.7993927001953,189.9362030029297,34.510799407958984,53.336299896240234
253.27279663085938,189.27679443359375,35.246498107910156,52.056400299072266
249.7624969482422,191.27239990234375,38.076900482177734,50.13589859008789
248.99710083007812,191.33770751953125,37.9276008605957,48.6599006652832
246.91659545898438,191.48300170898438,39.33140182495117,48.11790084838867
245.60350036621094,191.59730529785156,39.80759811401367,48.173099517822266
244.1826934814453,191.2366943359375,39.02349853515625,47.703800201416016
244.6636962890625,190.64720153808594,39.955101013183594,47.9197998046875
241.24989318847656,188.718994140625,42.48310089111328,47.99250030517578
241.87620544433594,188.30130004882812,42.438499450683594,46.786800384521484
240.7178955078125,185.56480407714844,41.76179885864258,43.9208984375
241.11129760742188,183.19140625,40.591800689697266,44.20289993286133
240.87559509277344,182.1009063720703,41.11249923706055,44.77220153808594
237.45680236816406,179.42100524902344,44.32749938964844,44.60749816894531
235.32589721679688,177.7812957763672,45.204898834228516,43.40230178833008
234.65029907226562,176.29730224609375,45.31449890136719,45.23910140991211
233.46310424804688,172.22850036621094,46.89739990234375,72.22509765625
232.18519592285156,168.4593048095703,50.227901458740234,79.71289825439453
230.21969604492188,165.63209533691406,54.20330047607422,83.83460235595703
225.5417022705078,162.97689819335938,61.18050003051758,84.29959869384766
218.589599609375,160.67750549316406,71.96720123291016,90.1095962524414
213.32530212402344,156.8917999267578,81.66339874267578,98.2218017578125
207.81849670410156,156.86180114746094,90.36229705810547,95.62950134277344
202.77040100097656,160.4803009033203,95.95980072021484,89.72139739990234
200.58230590820312,164.47349548339844,96.85970306396484,84.40840148925781
199.17990112304688,169.71029663085938,96.1709976196289,77.08270263671875
197.4571990966797,177.8970947265625,97.23729705810547,65.62750244140625
198.1132049560547,186.1186065673828,99.41000366210938,56.15589904785156
198.89990234375,193.36239624023438,98.96630096435547,48.20100021362305
199.93260192871094,196.03309631347656,103.0376968383789,46.77439880371094
203.689697265625,200.00979614257812,101.30359649658203,45.897701263427734
205.71189880371094,198.55320739746094,98.32270050048828,46.42530059814453
210.52699279785156,201.88839721679688,94.4219970703125,41.00519943237305
213.4416961669922,202.57980346679688,91.03359985351562,41.894500732421875
215.38609313964844,203.0509033203125,94.84329986572266,44.089298248291016
218.67050170898438,206.2626953125,90.05049896240234,40.273399353027344
221.43380737304688,206.3668975830078,93.24919891357422,46.77170181274414
226.60009765625,208.56419372558594,87.43099975585938,45.0620002746582
232.44020080566406,207.7987060546875,84.32869720458984,49.81779861450195
233.55990600585938,205.05450439453125,81.09339904785156,56.057098388671875
235.55470275878906,204.24879455566406,83.79419708251953,59.50979995727539
238.17160034179688,207.33389282226562,82.51830291748047,66.17369842529297
238.94979858398438,208.48500061035156,85.71810150146484,61.32059860229492
237.59930419921875,210.75830078125,89.25469970703125,57.54069900512695
233.57029724121094,214.27980041503906,95.82839965820312,52.548099517822266
229.20579528808594,217.76280212402344,101.9386978149414,48.95119857788086
225.95970153808594,230.15069580078125,110.54720306396484,39.013301849365234
226.42050170898438,231.05870056152344,110.3822021484375,38.21609878540039
224.88720703125,242.70779418945312,112.59249877929688,32.497798919677734
225.48770141601562,242.50790405273438,113.29570007324219,32.568599700927734
227.57029724121094,248.10040283203125,111.09159851074219,33.93339920043945
229.40310668945312,247.4792938232422,110.08350372314453,40.165000915527344
231.88150024414062,250.23609924316406,110.4135971069336,37.20940017700195
232.74270629882812,253.26589965820312,111.60890197753906,35.424598693847656
233.8262939453125,257.0159912109375,111.01629638671875,33.525901794433594
235.1697998046875,256.6791076660156,111.96859741210938,36.43439865112305
234.83509826660156,254.73190307617188,111.34649658203125,37.498199462890625
234.15199279785156,252.50770568847656,110.2916030883789,38.27870178222656
234.2501983642578,247.66319274902344,112.94400024414062,38.71630096435547
236.49310302734375,243.6439971923828,111.35919952392578,36.00210189819336
238.61270141601562,242.86880493164062,113.50360107421875,37.20750045776367
240.15679931640625,248.46499633789062,110.6500015258789,31.83099937438965
240.84210205078125,253.289794921875,109.47380065917969,28.398000717163086
239.7949981689453,257.9906005859375,112.75450134277344,21.960100173950195
241.59170532226562,256.4755859375,90.48899841308594,17.917999267578125
241.13600158691406,241.28219604492188,97.35299682617188,39.24209976196289
240.52110290527344,228.7902069091797,96.27100372314453,53.27830123901367
239.2021026611328,218.44920349121094,92.83329772949219,57.95439910888672
236.24400329589844,214.14529418945312,96.33100128173828,54.622798919677734
233.7509002685547,208.06289672851562,93.19940185546875,53.130401611328125
235.49139404296875,201.385498046875,86.70559692382812,55.915199279785156
235.84320068359375,194.4615020751953,85.31880187988281,56.4828987121582
233.95269775390625,191.7333984375,83.88780212402344,56.0791015625
231.2404022216797,193.89259338378906,87.910400390625,56.532901763916016
227.64280700683594,202.05979919433594,94.25749969482422,52.44219970703125
220.97279357910156,216.13119506835938,101.30079650878906,36.710601806640625
219.82159423828125,226.341796875,104.40350341796875,30.827899932861328
219.5720977783203,230.83590698242188,104.38169860839844,29.376800537109375
219.48179626464844,233.28970336914062,103.75659942626953,31.629600524902344
219.75469970703125,235.39219665527344,104.5011978149414,31.605300903320312
220.1147003173828,236.37049865722656,103.00559997558594,27.29129981994629
219.05419921875,232.7324981689453,102.3311996459961,30.08049964904785
219.42630004882812,227.456298828125,102.18049621582031,30.635000228881836
218.11480712890625,217.8997039794922,102.6156005859375,26.697500228881836
234.5731964111328,210.87139892578125,77.42970275878906,21.47610092163086
215.8061065673828,188.99440002441406,82.54630279541016,24.395000457763672
217.55740356445312,176.36180114746094,107.24240112304688,31.42919921875
218.21949768066406,157.28700256347656,104.83709716796875,50.795501708984375
221.28379821777344,153.05189514160156,97.90190124511719,62.4359016418457
227.75079345703125,159.625,89.27189636230469,60.83140182495117
233.51699829101562,175.82659912109375,81.77020263671875,50.38159942626953
234.2115020751953,190.6519012451172,85.86720275878906,44.85530090332031
234.08779907226562,201.24180603027344,92.03880310058594,41.68330001831055
235.4503936767578,208.15249633789062,94.6187973022461,46.224998474121094
237.72039794921875,212.57150268554688,91.0353012084961,52.17770004272461
237.56390380859375,214.49229431152344,91.56089782714844,51.528900146484375
235.7364044189453,215.73989868164062,97.40019989013672,50.12480163574219
234.19859313964844,215.114501953125,97.83820343017578,47.25419998168945
230.90029907226562,214.53550720214844,98.95880126953125,39.87120056152344
230.4781951904297,213.87240600585938,99.22869873046875,28.761499404907227
229.90280151367188,209.29150390625,100.56659698486328,27.725000381469727
230.32989501953125,205.34910583496094,105.00150299072266,28.39229965209961
232.17080688476562,200.6365966796875,103.63330078125,30.262800216674805
236.1741943359375,197.2938995361328,96.99739837646484,32.26380157470703
243.3551025390625,197.6165008544922,90.72109985351562,33.32659912109375
257.57281494140625,196.94500732421875,91.46040344238281,35.85070037841797
266.0589904785156,202.14779663085938,74.52660369873047,37.397701263427734
266.4949035644531,207.89939880371094,73.81849670410156,38.77080154418945
262.3489990234375,216.05999755859375,78.89129638671875,39.73749923706055
260.9630126953125,224.04080200195312,80.70590209960938,40.25389862060547
259.4632873535156,222.65130615234375,86.62629699707031,44.24679946899414
257.8258056640625,225.9835968017578,87.01229858398438,41.40299987792969
260.05511474609375,229.19920349121094,88.73030090332031,42.95029830932617
261.9551086425781,232.7200927734375,87.9854965209961,45.1963996887207
273.3338928222656,236.90829467773438,79.15730285644531,45.47629928588867
278.1370849609375,239.10299682617188,73.35009765625,44.59989929199219
280.3846130371094,245.0919952392578,86.97049713134766,42.518001556396484
281.4892883300781,247.6186981201172,76.99859619140625,41.94499969482422
281.3324890136719,247.40390014648438,70.94999694824219,41.882198333740234
278.8360900878906,246.46539306640625,71.20680236816406,38.17340087890625
279.698486328125,242.6190948486328,69.75199890136719,40.27730178833008
283.1227111816406,238.01429748535156,73.55699920654297,42.39569854736328
282.5535888671875,237.35870361328125,80.07140350341797,40.71039962768555
284.56768798828125,236.59410095214844,77.71279907226562,39.78499984741211
