1
258.0690002441406,228.5699005126953,68.96420288085938,51.22010040283203
258.6166076660156,230.3022003173828,70.00279998779297,50.07619857788086
258.7650146484375,232.591796875,70.52349853515625,48.82469940185547
257.6507873535156,234.5821990966797,69.39540100097656,47.38010025024414
259.027099609375,237.45840454101562,69.63490295410156,43.950801849365234
259.2171936035156,238.41839599609375,63.97710037231445,44.93579864501953
258.89520263671875,239.6934051513672,65.61609649658203,43.725799560546875
259.9812927246094,240.2238006591797,64.65470123291016,42.77920150756836
260.8652038574219,240.868896484375,63.20330047607422,41.9635009765625
263.11029052734375,242.3115997314453,61.62350082397461,41.84600067138672
264.0090026855469,242.96800231933594,58.8031005859375,41.45289993286133
265.4129943847656,243.48410034179688,58.53049850463867,40.49599838256836
266.7901916503906,245.1197967529297,58.33890151977539,39.67829895019531
268.6601867675781,246.21800231933594,58.13029861450195,37.860198974609375
267.90521240234375,246.3769989013672,60.05799865722656,37.94260025024414
271.6117858886719,247.34390258789062,57.56520080566406,36.84130096435547
271.68170166015625,247.69110107421875,59.6781005859375,36.34159851074219
274.17950439453125,248.07080078125,58.626800537109375,35.97050094604492
276.55859375,247.85159301757812,58.40230178833008,35.55030059814453
278.3487854003906,247.40480041503906,58.13159942626953,35.41859817504883
280.6754150390625,247.02110290527344,58.66460037231445,35.760398864746094
282.9952087402344,246.72329711914062,58.29949951171875,36.46860122680664
284.6252136230469,246.8939971923828,58.42729949951172,36.869598388671875
287.8941955566406,246.66220092773438,57.706600189208984,37.087799072265625
289.6662902832031,246.43389892578125,58.143798828125,37.359901428222656
292.9497985839844,245.53579711914062,57.340599060058594,37.58359909057617
294.3905944824219,246.27560424804688,57.81869888305664,37.44240188598633
297.2225036621094,246.23599243164062,58.27939987182617,37.00870132446289
299.9432067871094,245.61529541015625,58.57899856567383,37.252498626708984
301.5968933105469,245.9293975830078,58.537601470947266,36.464900970458984
304.5658874511719,245.72860717773438,59.09040069580078,36.4109992980957
305.97808837890625,245.95599365234375,60.516300201416016,36.26689910888672
308.29168701171875,246.69020080566406,60.623199462890625,37.64139938354492
309.8544921875,246.59620666503906,60.319698333740234,36.339500427246094
312.6715087890625,247.03269958496094,60.229400634765625,37.146400451660156
314.38641357421875,247.69119262695312,60.259300231933594,36.66830062866211
316.9151916503906,248.16690063476562,60.114601135253906,37.342899322509766
318.92340087890625,248.86929321289062,59.78239822387695,37.53820037841797
320.53228759765625,248.99609375,60.08890151977539,38.10279846191406
322.1164855957031,250.10980224609375,61.4994010925293,37.83530044555664
324.6001892089844,249.94740295410156,61.083900451660156,38.75379943847656
325.68359375,250.38929748535156,61.004398345947266,39.92470169067383
328.6673889160156,251.3784942626953,60.347900390625,41.38010025024414
329.64410400390625,252.3820037841797,60.59049987792969,39.15660095214844
332.1676025390625,252.66419982910156,61.24679946899414,41.32229995727539
332.6835021972656,253.61599731445312,61.45589828491211,40.980899810791016
334.74261474609375,253.2581024169922,60.689701080322266,45.553199768066406
336.84051513671875,254.04159545898438,58.88610076904297,41.67729949951172
337.6684875488281,255.93980407714844,60.826698303222656,43.83679962158203
339.75860595703125,256.966796875,60.20589828491211,42.048099517822266
341.5046081542969,257.5751953125,61.702598571777344,42.57040023803711
342.5390930175781,257.87969970703125,66.05449676513672,39.56230163574219
343.45111083984375,259.5281066894531,60.8921012878418,42.20819854736328
345.76190185546875,259.777587890625,61.6338996887207,40.07460021972656
346.0430908203125,260.8828125,62.707298278808594,41.84669876098633
347.885986328125,259.4036865234375,60.93330001831055,41.82849884033203
350.235107421875,260.9674987792969,60.417301177978516,42.41310119628906
350.58099365234375,258.8638000488281,60.82509994506836,43.16350173950195
353.8197021484375,260.75030517578125,60.05889892578125,44.13589859008789
353.4652099609375,260.25860595703125,61.910099029541016,44.66120147705078
355.4024963378906,262.0466003417969,61.34859848022461,43.42279815673828
355.523193359375,265.6426086425781,62.81520080566406,39.71200180053711
356.5382995605469,266.6058044433594,63.70289993286133,40.78310012817383
357.3902893066406,263.0867919921875,62.8291015625,45.085201263427734
360.356201171875,265.00421142578125,62.07099914550781,43.51300048828125
359.69769287109375,263.3280029296875,64.21769714355469,45.18109893798828
360.6643981933594,264.212890625,65.2698974609375,45.122501373291016
360.7078857421875,262.6759033203125,67.58940124511719,46.28839874267578
361.1400146484375,264.0398864746094,67.3302993774414,45.06010055541992
364.58349609375,264.65618896484375,70.66829681396484,44.26100158691406
366.16448974609375,267.0660095214844,68.04149627685547,40.02090072631836
367.97821044921875,266.114013671875,70.62689971923828,41.34230041503906
368.493408203125,267.4877014160156,71.66829681396484,39.878299713134766
369.9963073730469,267.6965026855469,71.07479858398438,40.14569854736328
370.7008972167969,267.49420166015625,70.37519836425781,39.93349838256836
372.2059020996094,267.36151123046875,69.4574966430664,40.74909973144531
372.255615234375,267.9136047363281,70.02639770507812,40.11750030517578
373.2549133300781,267.88299560546875,68.71829986572266,40.50920104980469
373.3460998535156,267.28131103515625,67.7957992553711,40.68280029296875
373.7278137207031,266.1940002441406,67.44080352783203,41.85960006713867
374.75628662109375,265.64410400390625,65.84259796142578,41.46220016479492
374.2524108886719,266.2283935546875,66.99340057373047,40.234798431396484
374.3324890136719,265.99029541015625,66.1572036743164,40.147701263427734
374.4773864746094,264.1318054199219,66.3042984008789,40.184200286865234
375.0802001953125,263.9186096191406,65.59210205078125,39.46260070800781
374.77081298828125,263.1412048339844,65.59500122070312,39.466400146484375
374.63409423828125,262.65289306640625,65.25700378417969,39.568199157714844
375.09710693359375,262.1925964355469,65.73429870605469,38.75130081176758
374.1372985839844,259.5369873046875,66.15619659423828,40.72549819946289
373.6780090332031,258.7807922363281,67.168701171875,40.489498138427734
372.89300537109375,257.8750915527344,67.035400390625,40.798099517822266
372.7889099121094,257.9812927246094,67.70919799804688,39.95589828491211
372.1361083984375,256.81768798828125,68.06610107421875,40.81100082397461
370.90960693359375,254.97329711914062,68.85250091552734,40.814300537109375
371.26300048828125,253.7633056640625,68.16719818115234,41.489498138427734
370.4128112792969,253.27059936523438,69.23780059814453,41.2234992980957
370.4049072265625,252.63609313964844,69.29669952392578,41.423099517822266
370.0281066894531,251.2957000732422,69.9541015625,42.05889892578125
369.9847106933594,251.59230041503906,69.94860076904297,41.87310028076172
364.8575134277344,250.30450439453125,75.91850280761719,43.375701904296875
369.3877868652344,249.59039306640625,70.30770111083984,44.16699981689453
364.2887878417969,248.45809936523438,76.45539855957031,44.569801330566406
373.10369873046875,248.8199005126953,67.5636978149414,43.40679931640625
371.6297912597656,247.39089965820312,70.81800079345703,43.285701751708984
374.7203063964844,246.70779418945312,68.372802734375,43.1531982421875
375.9327087402344,247.18820190429688,68.6323013305664,42.38209915161133
377.9129943847656,246.06210327148438,68.4469985961914,42.820499420166016
377.6333923339844,245.5644073486328,69.91339874267578,41.734100341796875
380.6300964355469,245.45269775390625,69.20320129394531,40.21379852294922
381.3472900390625,244.40969848632812,69.2874984741211,41.87900161743164
382.8648986816406,244.96670532226562,68.15460205078125,41.648101806640625
383.46099853515625,245.19720458984375,69.08820343017578,41.41109848022461
384.5828857421875,245.29379272460938,69.0198974609375,41.826900482177734
385.248291015625,244.7277069091797,69.04810333251953,42.58729934692383
388.21728515625,244.5072021484375,68.16999816894531,42.22269821166992
387.3160095214844,243.48519897460938,69.79949951171875,43.40330123901367
390.489013671875,242.70179748535156,68.57250213623047,43.780799865722656
392.6868896484375,242.49549865722656,67.1990966796875,42.68090057373047
394.7085876464844,242.91470336914062,66.88420104980469,42.14799880981445
395.5906982421875,242.1553955078125,67.3676986694336,42.10459899902344
398.889404296875,241.6260986328125,66.33100128173828,41.4807014465332
399.04058837890625,241.51409912109375,67.34239959716797,40.73680114746094
399.9920959472656,240.51100158691406,67.3489990234375,40.391700744628906
402.2723083496094,240.4777069091797,66.42569732666016,40.227901458740234
402.8544006347656,239.4344940185547,66.71009826660156,39.97119903564453
403.8503112792969,238.789306640625,66.20010375976562,39.710601806640625
405.16558837890625,238.01409912109375,65.98719787597656,40.37699890136719
407.2777099609375,238.31509399414062,64.95950317382812,40.809898376464844
408.3544921875,238.04190063476562,65.05480194091797,41.552101135253906
410.5745849609375,238.94180297851562,63.67100143432617,39.910701751708984
411.9039001464844,238.92469787597656,63.391998291015625,39.87919998168945
411.69000244140625,239.29150390625,64.10160064697266,39.52909851074219
413.0622863769531,239.57879638671875,63.59640121459961,39.19609832763672
413.4193115234375,239.9409942626953,63.89860153198242,38.74610137939453
415.3179931640625,240.4373016357422,62.93539810180664,38.24129867553711
415.57989501953125,239.95379638671875,63.18600082397461,39.312599182128906
415.3005065917969,239.57449340820312,63.250099182128906,39.5984992980957
416.49749755859375,240.1876983642578,62.097900390625,39.169898986816406
415.0810852050781,239.4333038330078,63.446998596191406,39.82099914550781
416.2056884765625,240.839599609375,61.7239990234375,40.0702018737793
415.3893127441406,240.781494140625,62.106998443603516,40.716400146484375
417.0101013183594,240.80679321289062,60.924198150634766,40.5161018371582
415.8882141113281,240.62210083007812,61.98509979248047,39.338401794433594
415.8750915527344,242.44839477539062,60.937599182128906,38.790000915527344
416.61669921875,242.31410217285156,60.0364990234375,38.97880172729492
415.9497985839844,243.34140014648438,61.24089813232422,37.64189910888672
416.7637939453125,243.64419555664062,60.36259841918945,37.52439880371094
417.38641357421875,244.4084014892578,59.144100189208984,37.41849899291992
417.3617858886719,244.17730712890625,59.007598876953125,37.79169845581055
417.16241455078125,243.9001007080078,58.758399963378906,38.389801025390625
416.0224914550781,245.11849975585938,59.58940124511719,37.73379898071289
416.5426940917969,245.21609497070312,58.70750045776367,38.2140007019043
416.0783996582031,245.28309631347656,59.88309860229492,38.65679931640625
415.6654968261719,245.26119995117188,58.91510009765625,38.688499450683594
416.0343017578125,245.22439575195312,58.17490005493164,39.13330078125
415.4613952636719,245.50950622558594,58.84960174560547,39.28689956665039
416.23419189453125,246.031494140625,57.007999420166016,38.715301513671875
414.8371887207031,246.5186004638672,57.949798583984375,39.099098205566406
415.2880859375,246.20700073242188,57.23630142211914,38.99020004272461
415.3611145019531,246.5865020751953,56.144901275634766,39.871700286865234
415.33880615234375,245.1907958984375,54.714698791503906,40.51219940185547
414.2709045410156,245.88319396972656,56.33369827270508,40.760101318359375
413.96661376953125,246.0261993408203,56.69900131225586,41.02159881591797
413.2467041015625,245.95919799804688,54.709800720214844,41.057498931884766
412.214599609375,246.0583953857422,55.26900100708008,41.7869987487793
412.18060302734375,245.82980346679688,53.54050064086914,42.3473014831543
411.601806640625,245.38619995117188,53.143001556396484,42.25090026855469
410.71148681640625,246.09359741210938,53.10660171508789,42.00630187988281
409.48980712890625,246.43299865722656,54.253700256347656,42.504798889160156
408.8750915527344,247.247802734375,53.642799377441406,42.96179962158203
408.5011901855469,248.29769897460938,53.16130065917969,42.440399169921875
407.3080139160156,248.67379760742188,52.78860092163086,42.35279846191406
405.7735900878906,249.197998046875,53.49489974975586,43.1260986328125
406.17529296875,251.6260986328125,50.54610061645508,42.319400787353516
405.8861999511719,250.5782928466797,51.922698974609375,44.02690124511719
406.1625061035156,250.8820037841797,49.0161018371582,43.94540023803711
407.20721435546875,252.3292999267578,47.474700927734375,43.66790008544922
409.3949890136719,252.79049682617188,47.11479949951172,43.54240036010742
410.93780517578125,253.11770629882812,47.54650115966797,43.605098724365234
412.9985046386719,253.8166046142578,47.319698333740234,44.812400817871094
414.9753112792969,253.360595703125,47.3385009765625,45.882598876953125
416.7622985839844,253.8887939453125,47.08359909057617,46.10240173339844
417.8576965332031,255.61129760742188,48.56520080566406,46.355201721191406
418.994384765625,257.33709716796875,49.740699768066406,44.677398681640625
421.2008972167969,257.92529296875,48.97529983520508,45.5546989440918
422.6431884765625,258.2685852050781,48.2578010559082,46.00619888305664
424.5458984375,255.10079956054688,48.356998443603516,49.79650115966797
425.8915100097656,260.5502014160156,48.79560089111328,44.46260070800781
427.6554870605469,259.4103088378906,48.59379959106445,46.34360122680664
429.6971130371094,261.1658020019531,49.678001403808594,44.982200622558594
432.1202087402344,263.6440124511719,48.5984992980957,42.97600173950195
435.8569030761719,264.806884765625,49.277801513671875,44.436100006103516
438.4547119140625,266.8960876464844,51.03390121459961,44.35490036010742
441.0271911621094,267.5086975097656,52.52539825439453,44.537899017333984
443.56781005859375,269.17718505859375,54.90959930419922,44.22949981689453
445.7943115234375,270.5398864746094,55.039100646972656,44.17279815673828
447.9710998535156,270.0216979980469,55.13959884643555,43.95840072631836
450.0805969238281,271.1236877441406,53.999900817871094,42.806800842285156
450.5093994140625,272.5627136230469,53.952598571777344,42.699501037597656
451.72540283203125,272.5848083496094,53.654998779296875,42.27090072631836
451.3310852050781,272.89849853515625,53.858299255371094,42.20600128173828
451.3642883300781,271.85040283203125,54.447601318359375,42.342098236083984
451.6671142578125,271.1991882324219,54.23929977416992,42.7588996887207
451.8445129394531,271.8330078125,53.808799743652344,42.56570053100586
451.4132995605469,272.0705871582031,53.61149978637695,42.01969909667969
451.4234924316406,272.3810119628906,53.44340133666992,41.81480026245117
451.1404113769531,273.34051513671875,53.00130081176758,41.354698181152344
449.4866943359375,272.3411865234375,53.760398864746094,41.91360092163086
448.9021911621094,272.73431396484375,54.368099212646484,42.31909942626953
448.4287109375,271.66351318359375,54.026798248291016,42.725399017333984
448.18499755859375,271.64068603515625,53.50199890136719,42.66059875488281
448.35650634765625,271.6658020019531,53.79520034790039,43.3568000793457
449.08880615234375,270.7825012207031,53.517398834228516,44.45029830932617
448.8982849121094,269.01690673828125,54.27109909057617,45.574798583984375
449.41790771484375,269.8414001464844,55.09469985961914,45.173301696777344
451.0210876464844,268.5360107421875,54.2849006652832,45.262901306152344
450.2522888183594,268.22900390625,55.46649932861328,44.31529998779297
451.9554138183594,267.29998779296875,54.67599868774414,45.18000030517578
450.6246032714844,267.690185546875,54.85169982910156,44.7692985534668
449.7510986328125,266.08929443359375,55.949100494384766,44.561500549316406
449.0535888671875,265.9006042480469,55.369998931884766,44.64820098876953
447.6730041503906,262.2959899902344,56.1963996887207,46.302799224853516
445.4818115234375,266.57818603515625,57.42789840698242,43.32429885864258
443.244384765625,264.980712890625,57.52519989013672,44.095001220703125
440.252685546875,268.6817932128906,57.175201416015625,41.816898345947266
437.4338073730469,269.9573974609375,57.96080017089844,38.86750030517578
433.9884033203125,269.4818115234375,58.29199981689453,39.51620101928711
431.2589111328125,268.89581298828125,56.92430114746094,38.619300842285156
427.2974853515625,268.2508850097656,56.90639877319336,36.62879943847656
426.2987060546875,263.74169921875,58.048500061035156,37.98740005493164
424.4619140625,260.37890625,57.194000244140625,36.61669921875
423.3594055175781,254.0384979248047,57.27009963989258,36.688899993896484
421.91180419921875,249.5673065185547,56.48889923095703,37.99209976196289
421.2637939453125,244.2667999267578,56.31290054321289,37.64789962768555
420.56719970703125,238.93350219726562,55.386600494384766,38.05590057373047
421.2195129394531,236.77520751953125,55.600399017333984,36.38090133666992
420.4226989746094,234.17489624023438,57.56439971923828,36.91619873046875
421.00970458984375,233.3072967529297,56.559200286865234,35.76530075073242
423.6435852050781,231.47720336914062,55.00550079345703,35.837501525878906
424.8262023925781,226.78160095214844,54.61259841918945,40.63140106201172
424.30828857421875,225.6999969482422,55.4817008972168,40.81829833984375
426.2672119140625,226.8018035888672,54.42179870605469,39.61640167236328
427.0533142089844,227.25889587402344,57.84040069580078,40.01169967651367
430.65069580078125,228.02609252929688,56.31209945678711,39.35770034790039
432.1881103515625,229.65699768066406,54.59590148925781,37.43320083618164
433.9977111816406,225.75950622558594,52.7666015625,40.89289855957031
439.5270080566406,221.8813018798828,48.43090057373047,43.08100128173828
440.3865966796875,218.94810485839844,49.01250076293945,44.539798736572266
459.247802734375,218.8043975830078,29.83530044555664,29.69540023803711
463.4630126953125,220.3361053466797,26.34160041809082,26.28569984436035
464.17529296875,221.83639526367188,24.155500411987305,25.440200805664062
455.32611083984375,219.90220642089844,35.66640090942383,27.777299880981445
451.8861083984375,219.8262939453125,36.579498291015625,30.399200439453125
450.2284851074219,219.71910095214844,40.67580032348633,32.77619934082031
448.23541259765625,218.63980102539062,42.950199127197266,34.29560089111328
446.52081298828125,217.9040069580078,45.625999450683594,35.67720031738281
448.0223083496094,217.7292022705078,44.62910079956055,35.757598876953125
447.6162109375,216.9322967529297,43.44459915161133,35.51250076293945
448.306884765625,217.1042938232422,42.44020080566406,34.006500244140625
447.0971984863281,217.3262939453125,42.35390090942383,33.92250061035156
449.1564025878906,216.96910095214844,42.391700744628906,32.837398529052734
448.6570129394531,217.4174041748047,43.20859909057617,31.331300735473633
449.1966857910156,216.94619750976562,42.366798400878906,29.98259925842285
449.80859375,217.0653076171875,42.04869842529297,29.9507999420166
449.7164001464844,216.68679809570312,40.82160186767578,28.268999099731445
450.0376892089844,216.25709533691406,42.071800231933594,27.966400146484375
450.2401123046875,216.08140563964844,41.70109939575195,28.29199981689453
450.51031494140625,216.14810180664062,40.67620086669922,27.29290008544922
450.6498107910156,215.65269470214844,40.772701263427734,26.46980094909668
451.6426086425781,215.410400390625,39.30390167236328,26.32550048828125
451.25079345703125,215.64190673828125,40.33110046386719,26.815799713134766
452.3851013183594,215.46800231933594,41.253501892089844,25.600099563598633
452.20361328125,216.0904998779297,40.438201904296875,27.589799880981445
451.6877136230469,216.3251953125,39.84120178222656,25.27090072631836
453.9584045410156,216.6654052734375,37.87179946899414,25.245800018310547
448.7502136230469,217.26060485839844,43.496498107910156,28.189300537109375
449.6427917480469,216.90289306640625,44.95280075073242,29.158100128173828
444.1787109375,217.34390258789062,51.637001037597656,36.20930099487305
447.2076110839844,217.59210205078125,49.4213981628418,36.411800384521484
445.31201171875,218.2344970703125,49.9452018737793,38.98310089111328
445.6520080566406,218.02169799804688,50.83140182495117,35.999698638916016
442.9242858886719,218.19940185546875,53.62540054321289,33.9807014465332
441.0368957519531,217.84559631347656,55.70709991455078,37.31529998779297
440.95831298828125,216.841796875,56.22930145263672,38.98749923706055
435.0079040527344,217.3144073486328,61.602699279785156,37.4473991394043
472.65631103515625,198.70069885253906,42.283199310302734,40.5890998840332
437.5813903808594,216.68609619140625,57.919498443603516,40.264801025390625
438.8312072753906,215.6302032470703,57.47370147705078,39.895301818847656
439.4161071777344,215.0583038330078,56.201698303222656,39.942100524902344
439.28839111328125,214.3917999267578,56.66429901123047,40.67250061035156
439.8652038574219,213.50140380859375,55.980201721191406,42.15890121459961
440.9996032714844,210.22799682617188,55.575801849365234,41.54669952392578
441.1488952636719,210.5637969970703,55.65660095214844,40.82170104980469
441.43170166015625,207.1658935546875,53.82379913330078,42.2588996887207
441.4566955566406,206.8184051513672,53.4010009765625,41.30870056152344
442.5314025878906,206.85800170898438,51.73419952392578,40.0890998840332
443.465087890625,207.93780517578125,50.70280075073242,37.86830139160156
442.58758544921875,206.62460327148438,52.12289810180664,38.25809860229492
443.1438903808594,209.05270385742188,51.79140090942383,35.5343017578125
442.5133056640625,207.89739990234375,52.684898376464844,36.444698333740234
442.3310852050781,209.2227020263672,53.46329879760742,34.522098541259766
442.756103515625,207.43539428710938,53.019798278808594,36.134498596191406
442.556884765625,205.80130004882812,53.751800537109375,35.55580139160156
443.3316955566406,206.71640014648438,52.830101013183594,34.66469955444336
443.4189147949219,206.88270568847656,53.02330017089844,33.90039825439453
444.1177062988281,207.08309936523438,53.184600830078125,33.270599365234375
445.86260986328125,207.9040069580078,52.38159942626953,32.38600158691406
446.13128662109375,206.52720642089844,52.51810073852539,33.83769989013672
448.47430419921875,206.60760498046875,52.52000045776367,33.35200119018555
448.8664855957031,206.6486053466797,54.17399978637695,35.29130172729492
450.9289855957031,206.1916961669922,53.259498596191406,35.27669906616211
451.1434020996094,205.4219970703125,52.60820007324219,36.011199951171875
451.6903076171875,205.26319885253906,53.45429992675781,37.33679962158203
451.9508972167969,204.37930297851562,52.78969955444336,37.865699768066406
452.4400939941406,203.3717041015625,52.44729995727539,38.274200439453125
451.57220458984375,200.8489990234375,52.410400390625,40.05910110473633
451.6159973144531,205.8032989501953,51.79410171508789,34.897701263427734
450.5232849121094,206.3968048095703,52.849300384521484,33.968101501464844
450.3385009765625,206.82620239257812,52.26139831542969,33.005401611328125
448.4543151855469,206.19949340820312,53.1869010925293,32.07809829711914
448.3384094238281,205.44329833984375,52.00429916381836,31.70050048828125
445.3669128417969,203.34890747070312,53.35350036621094,34.109100341796875
443.92608642578125,201.4040985107422,53.469600677490234,34.715999603271484
443.2369079589844,201.1103973388672,53.027198791503906,32.53269958496094
442.0130920410156,200.2353973388672,52.44499969482422,32.10559844970703
439.1465148925781,200.2259979248047,53.557899475097656,31.744600296020508
437.7582092285156,198.6949005126953,54.61000061035156,32.73500061035156
435.8811950683594,198.90029907226562,54.44139862060547,32.751399993896484
433.8161926269531,198.18080139160156,54.94169998168945,32.76490020751953
432.9101867675781,198.10260009765625,55.827301025390625,32.30759811401367
432.23760986328125,197.7532958984375,55.152801513671875,32.64189910888672
431.4883117675781,197.74859619140625,55.62189865112305,32.36050033569336
431.3539123535156,197.0749053955078,55.351200103759766,32.6526985168457
430.1319885253906,196.47869873046875,55.992401123046875,33.21480178833008
429.7616882324219,195.6864013671875,56.38750076293945,33.268001556396484
430.2550964355469,197.8491973876953,55.24620056152344,31.34119987487793
430.4804992675781,194.99879455566406,54.585601806640625,33.96030044555664
430.89630126953125,197.17300415039062,54.46480178833008,31.50749969482422
429.412109375,193.62179565429688,55.692501068115234,34.43339920043945
430.3638916015625,196.59109497070312,54.8827018737793,31.216299057006836
428.8252868652344,194.13150024414062,56.200199127197266,33.893798828125
430.3002014160156,194.33509826660156,55.504798889160156,33.07149887084961
430.02288818359375,195.86630249023438,55.541099548339844,31.527099609375
429.6393127441406,192.83230590820312,55.83530044555664,34.52170181274414
430.0784912109375,196.65789794921875,55.487998962402344,31.203699111938477
430.5679016113281,194.01280212402344,55.3650016784668,33.4723014831543
430.7449951171875,195.6230010986328,55.434200286865234,31.574800491333008
431.2998962402344,194.57449340820312,55.192501068115234,32.53139877319336
431.22698974609375,193.0679931640625,55.7036018371582,33.5724983215332
431.002685546875,193.89329528808594,56.22249984741211,33.100399017333984
431.2622985839844,192.74099731445312,55.89350128173828,33.460601806640625
431.6091003417969,192.64259338378906,56.01679992675781,33.17729949951172
431.9952087402344,191.8769073486328,55.96480178833008,33.82059860229492
432.35150146484375,193.1226043701172,56.42070007324219,33.33539962768555
431.62890625,191.0695037841797,56.055301666259766,34.7953987121582
432.2959899902344,192.6905059814453,56.362998962402344,32.760398864746094
432.7366943359375,192.2386016845703,56.67660140991211,33.2843017578125
433.0898132324219,192.01260375976562,56.205501556396484,33.10139846801758
433.0840148925781,191.48410034179688,55.71699905395508,33.8046989440918
433.1889953613281,192.36810302734375,56.27299880981445,33.18769836425781
433.6123962402344,191.43710327148438,55.55670166015625,34.047698974609375
434.09521484375,191.50559997558594,56.3572998046875,33.714599609375
434.4283142089844,190.5135955810547,56.08980178833008,34.89799880981445
434.662109375,191.11349487304688,56.559600830078125,33.66170120239258
435.6073913574219,191.1280059814453,57.50310134887695,33.2666015625
436.2145080566406,190.07870483398438,56.58039855957031,33.317100524902344
436.6585998535156,189.947998046875,55.85609817504883,32.33769989013672
436.52178955078125,189.2404022216797,57.98040008544922,32.56039810180664
437.3222961425781,188.44430541992188,56.537498474121094,33.972999572753906
437.9678039550781,188.8325958251953,56.53160095214844,34.38869857788086
437.68109130859375,187.8748016357422,57.8744010925293,34.354801177978516
438.625,187.29910278320312,57.467201232910156,35.31570053100586
439.16339111328125,187.85499572753906,58.43830108642578,36.00830078125
440.0976867675781,188.27239990234375,58.2661018371582,34.57109832763672
440.8280029296875,188.07200622558594,58.2401008605957,34.99330139160156
441.59759521484375,186.77789306640625,58.02259826660156,37.64550018310547
441.96209716796875,189.12660217285156,57.13560104370117,35.65729904174805
442.2062072753906,190.1154022216797,56.57720184326172,36.17559814453125
442.6191101074219,190.7993927001953,55.8760986328125,34.31439971923828
442.6393127441406,191.2366943359375,54.97480010986328,34.152000427246094
442.8846130371094,192.735595703125,56.24420166015625,33.58599853515625
443.5509948730469,191.72549438476562,54.472599029541016,34.09109878540039
443.595703125,192.56939697265625,55.514400482177734,35.16379928588867
442.74261474609375,191.60400390625,54.7577018737793,34.729698181152344
442.70721435546875,193.94090270996094,54.6505012512207,35.3567008972168
442.785888671875,193.0767059326172,54.45560073852539,34.68579864501953
442.2846984863281,194.95140075683594,55.21179962158203,34.24679946899414
441.8045959472656,194.49899291992188,55.030399322509766,34.30080032348633
443.1650085449219,193.69259643554688,54.30649948120117,35.302398681640625
443.1228942871094,193.9842987060547,54.24700164794922,36.11920166015625
442.48870849609375,193.8892059326172,54.855098724365234,36.50859832763672
441.9530029296875,193.37759399414062,54.9193000793457,37.459598541259766
444.45660400390625,194.3822021484375,53.035099029541016,36.558799743652344
444.9267883300781,194.19430541992188,52.9286003112793,35.839500427246094
443.15899658203125,192.49789428710938,54.290401458740234,37.07939910888672
444.5465087890625,192.1136016845703,53.554901123046875,36.74789810180664
443.843994140625,192.35479736328125,54.439300537109375,36.58810043334961
443.4715881347656,191.89370727539062,53.836700439453125,36.55759811401367
443.96038818359375,192.03199768066406,54.21799850463867,36.96929931640625
445.29449462890625,192.13720703125,52.17879867553711,36.30970001220703
443.6890869140625,191.24029541015625,53.507598876953125,37.36130142211914
445.1257019042969,192.7301025390625,51.85919952392578,36.7505989074707
442.7735900878906,191.1569061279297,53.016300201416016,37.32350158691406
446.0935974121094,191.96339416503906,50.2338981628418,37.36399841308594
446.7681884765625,191.48069763183594,49.61650085449219,38.06159973144531
445.9366149902344,191.6031036376953,49.283599853515625,36.589298248291016
445.35418701171875,191.2292022705078,49.630001068115234,37.80659866333008
447.87200927734375,191.29710388183594,47.7327995300293,37.95429992675781
449.3590087890625,191.3249053955078,46.38140106201172,37.94670104980469
447.0682067871094,191.0155029296875,47.750301361083984,38.784698486328125
454.943115234375,191.41180419921875,40.86349868774414,37.153099060058594
449.8149108886719,191.00900268554688,45.380401611328125,36.6416015625
449.1288146972656,191.19940185546875,45.090999603271484,37.32040023803711
448.6000061035156,191.33450317382812,46.01850128173828,38.316001892089844
449.67340087890625,191.26840209960938,44.289398193359375,38.72570037841797
450.3138122558594,190.91029357910156,43.13140106201172,37.59130096435547
450.42529296875,190.6427001953125,42.56269836425781,38.298301696777344
450.8388977050781,190.54400634765625,41.545501708984375,36.577598571777344
450.5519104003906,189.93539428710938,40.92620086669922,36.79180145263672
450.2033996582031,188.92689514160156,41.125701904296875,39.65169906616211
451.82220458984375,188.2198944091797,38.97650146484375,37.446998596191406
449.752685546875,188.47360229492188,40.71229934692383,38.84830093383789
453.4619140625,188.03819274902344,37.11940002441406,39.65230178833008
450.8370056152344,187.72459411621094,38.63399887084961,40.727500915527344
452.62030029296875,187.2239990234375,35.82149887084961,38.549400329589844
452.4556884765625,187.29429626464844,35.90599822998047,40.760398864746094
453.7156982421875,186.7689971923828,34.38029861450195,41.74509811401367
454.04791259765625,187.08819580078125,32.83340072631836,40.86389923095703
454.159912109375,185.43739318847656,32.07899856567383,43.06010055541992
455.8057861328125,185.2187042236328,30.072799682617188,41.79600143432617
455.4070129394531,180.0576934814453,29.429899215698242,47.694400787353516
457.24090576171875,181.67529296875,27.13599967956543,45.559200286865234
459.0397033691406,183.9134979248047,25.454099655151367,42.60749816894531
459.3960876464844,184.13710021972656,26.02120018005371,42.774898529052734
461.0762939453125,183.99560546875,25.66069984436035,42.43519973754883
460.3800964355469,185.0959930419922,26.769800186157227,41.521400451660156
459.72491455078125,184.19639587402344,27.756200790405273,43.315799713134766
459.25531005859375,185.14410400390625,28.450700759887695,42.428199768066406
459.01251220703125,183.877197265625,28.65399932861328,44.469600677490234
458.23748779296875,183.71240234375,29.394899368286133,43.49610137939453
457.9176940917969,185.08619689941406,29.684600830078125,42.801300048828125
458.3656005859375,183.8206024169922,29.505300521850586,43.53310012817383
457.65570068359375,183.27490234375,29.844999313354492,43.287498474121094
456.94049072265625,184.93499755859375,29.937599182128906,42.05459976196289
457.630615234375,183.6269989013672,29.696199417114258,43.42150115966797
457.8280029296875,184.48460388183594,30.286699295043945,42.75590133666992
456.8030090332031,184.2801971435547,31.140499114990234,43.182098388671875
456.5903015136719,184.47860717773438,31.678300857543945,45.0547981262207
456.7997131347656,182.71640014648438,32.3047981262207,46.49150085449219
455.7950134277344,182.08309936523438,33.591800689697266,49.5369987487793
455.15478515625,181.7487030029297,34.845298767089844,48.463401794433594
454.9533996582031,182.80679321289062,35.07720184326172,48.285499572753906
454.9573974609375,180.73410034179688,35.29999923706055,50.32339859008789
454.23858642578125,178.94320678710938,35.95370101928711,49.848899841308594
453.2738952636719,180.9636993408203,36.68669891357422,47.336700439453125
451.7607116699219,179.33470153808594,38.18330001831055,49.2317008972168
451.61639404296875,182.4705047607422,38.900299072265625,44.170101165771484
450.67559814453125,181.53729248046875,40.21699905395508,44.47200012207031
449.6994934082031,179.8437957763672,41.1151008605957,47.074501037597656
449.9024963378906,181.41070556640625,42.34709930419922,47.61349868774414
450.2627868652344,180.75230407714844,42.023101806640625,45.826900482177734
449.22320556640625,180.61410522460938,43.63180160522461,45.305599212646484
449.07708740234375,182.1909942626953,44.29209899902344,45.365299224853516
448.69140625,181.66110229492188,43.8213996887207,44.33810043334961
448.9471130371094,183.31959533691406,45.83829879760742,44.237998962402344
449.0263977050781,183.03810119628906,44.559898376464844,42.90140151977539
447.8218078613281,183.21189880371094,46.917301177978516,42.23400115966797
447.4580993652344,182.53480529785156,46.37369918823242,43.3130989074707
447.5351867675781,181.91909790039062,48.40890121459961,43.556400299072266
446.4566955566406,181.28399658203125,48.458499908447266,43.61840057373047
446.714599609375,181.66299438476562,47.193599700927734,43.97949981689453
447.5845031738281,181.41490173339844,48.624000549316406,44.32699966430664
446.8904113769531,180.56610107421875,45.71689987182617,44.100101470947266
446.8948974609375,181.7899932861328,46.418800354003906,42.878501892089844
446.2181091308594,182.06419372558594,47.04059982299805,41.774898529052734
445.6557922363281,181.923095703125,50.32320022583008,42.0890998840332
446.5215148925781,182.49159240722656,48.329200744628906,42.09389877319336
445.697998046875,181.94619750976562,51.31529998779297,41.791099548339844
445.6693115234375,181.94529724121094,52.89580154418945,41.001800537109375
444.9858093261719,182.19400024414062,52.04759979248047,40.73210144042969
444.2970886230469,181.38360595703125,54.47520065307617,41.5796012878418
445.05938720703125,181.14810180664062,56.21200180053711,41.2963981628418
444.568115234375,181.78759765625,54.37630081176758,40.970001220703125
444.5574951171875,180.57040405273438,56.89360046386719,41.499900817871094
444.2055969238281,180.6407012939453,55.641700744628906,41.96080017089844
443.99200439453125,180.2104034423828,57.482398986816406,41.780601501464844
444.4377136230469,180.95899963378906,57.66389846801758,40.809200286865234
444.59271240234375,181.18130493164062,56.457698822021484,40.74589920043945
444.337890625,180.48570251464844,57.20209884643555,41.227298736572266
444.9856872558594,180.32620239257812,56.92770004272461,41.08530044555664
445.573486328125,181.1938018798828,56.27000045776367,40.25189971923828
444.630615234375,180.92539978027344,56.596099853515625,40.62089920043945
444.7698974609375,181.3242950439453,56.52199935913086,40.72719955444336
445.2398986816406,179.76339721679688,56.639801025390625,41.564998626708984
445.1151123046875,180.99960327148438,56.506099700927734,40.429100036621094
445.4700927734375,181.39889526367188,56.374698638916016,40.22949981689453
446.8761901855469,182.17520141601562,55.42430114746094,38.51959991455078
444.9403991699219,176.29229736328125,56.685001373291016,44.668399810791016
446.94000244140625,181.18960571289062,56.47829818725586,39.505699157714844
445.87908935546875,182.04330444335938,57.142398834228516,38.93040084838867
447.1426086425781,181.9501953125,56.485198974609375,39.31589889526367
446.5098876953125,180.17100524902344,56.93149948120117,40.40330123901367
448.11090087890625,181.28790283203125,55.037200927734375,40.098899841308594
447.2311096191406,181.69329833984375,55.97840118408203,39.42380142211914
446.7174987792969,182.15530395507812,57.328800201416016,39.3942985534668
447.0834045410156,182.0,56.9197998046875,39.73889923095703
447.6274108886719,181.7655029296875,56.479000091552734,39.90169906616211
447.5957946777344,179.7655029296875,57.1068000793457,41.14580154418945
447.6997985839844,182.5395050048828,56.41400146484375,39.510799407958984
448.5260925292969,181.6779022216797,56.92399978637695,39.791900634765625
448.9985046386719,182.32460021972656,56.567901611328125,38.89310073852539
448.3091125488281,180.61500549316406,57.956199645996094,40.229801177978516
448.3086853027344,181.4907989501953,56.86399841308594,39.31909942626953
448.1767883300781,182.60159301757812,56.174800872802734,38.85110092163086
448.0574035644531,181.56410217285156,56.736698150634766,39.31230163574219
448.252685546875,181.16900634765625,56.21419906616211,39.184200286865234
448.2720031738281,177.5281982421875,56.12089920043945,43.113399505615234
448.7626037597656,181.71090698242188,55.416900634765625,38.37580108642578
449.22601318359375,181.0175018310547,55.98400115966797,39.801700592041016
449.2860107421875,182.06570434570312,55.650901794433594,38.44929885864258
449.65771484375,180.79849243164062,55.549598693847656,39.74769973754883
450.1199951171875,178.6999053955078,55.50630187988281,41.031700134277344
450.1343994140625,180.8148956298828,54.867401123046875,38.691200256347656
450.10321044921875,179.59649658203125,56.04990005493164,39.3036994934082
449.935302734375,181.7194061279297,54.993499755859375,38.88100051879883
449.8970947265625,181.62100219726562,56.1713981628418,37.636199951171875
449.9831848144531,180.02439880371094,55.094200134277344,39.56840133666992
450.2040100097656,179.9665985107422,54.93629837036133,38.87839889526367
450.77349853515625,180.52200317382812,55.58919906616211,37.912498474121094
450.22918701171875,180.18389892578125,55.25590133666992,38.95790100097656
451.0195007324219,180.85629272460938,54.88869857788086,37.32460021972656
451.1783142089844,180.5758056640625,55.36069869995117,37.213199615478516
449.7715148925781,179.2998046875,55.58570098876953,39.97169876098633
450.6083984375,178.51809692382812,55.891700744628906,39.68980026245117
450.8023986816406,180.35189819335938,55.0619010925293,38.69200134277344
450.9534912109375,182.0426025390625,55.71670150756836,36.88959884643555
451.30059814453125,182.08970642089844,54.78089904785156,37.1953010559082
451.4023132324219,182.36729431152344,55.02050018310547,36.70759963989258
451.322998046875,181.92599487304688,55.186100006103516,36.77320098876953
451.5564880371094,181.42160034179688,54.906898498535156,36.86130142211914
451.093994140625,180.9053955078125,54.662498474121094,37.7322998046875
451.55059814453125,180.13209533691406,54.71289825439453,37.92959976196289
451.6675109863281,180.2534942626953,54.50590133666992,37.298099517822266
451.80859375,180.9304962158203,53.71739959716797,37.34709930419922
450.6742858886719,180.2808074951172,54.246498107910156,37.073299407958984
450.62701416015625,180.3114013671875,55.04800033569336,37.9208984375
450.12811279296875,179.38760375976562,54.719200134277344,38.827598571777344
450.25201416015625,180.15150451660156,55.44240188598633,38.9109992980957
450.4346008300781,179.62539672851562,55.67179870605469,38.762298583984375
450.1911926269531,180.50469970703125,55.730899810791016,38.74290084838867
450.2460021972656,180.43479919433594,55.70610046386719,38.430301666259766
449.91558837890625,180.61380004882812,56.5015983581543,38.839599609375
449.9184875488281,180.5684051513672,56.6880989074707,39.06520080566406
449.95159912109375,180.6425018310547,56.167598724365234,38.93629837036133
449.19281005859375,180.69590759277344,57.33829879760742,39.55979919433594
450.1881103515625,180.9333038330078,56.68280029296875,39.88100051879883
449.81109619140625,181.73719787597656,56.35860061645508,40.30590057373047
450.75,182.33909606933594,55.95280075073242,39.6265983581543
449.6029968261719,182.3311004638672,56.73680114746094,38.623600006103516
449.9242858886719,182.59939575195312,55.170501708984375,38.865299224853516
449.2903137207031,183.34950256347656,55.22209930419922,38.9656982421875
448.0096130371094,178.97959899902344,55.77239990234375,43.394100189208984
450.5325927734375,183.24859619140625,53.77909851074219,39.6609001159668
447.6482849121094,181.4499969482422,56.18560028076172,40.0817985534668
446.4497985839844,177.59629821777344,55.66640090942383,46.224998474121094
449.6336975097656,183.173095703125,53.97800064086914,39.40079879760742
447.62811279296875,179.0323028564453,55.514801025390625,43.73899841308594
449.6164855957031,181.61349487304688,53.548500061035156,39.682498931884766
447.7666931152344,181.89300537109375,54.74290084838867,40.252601623535156
448.03851318359375,181.8311004638672,54.980499267578125,39.58430099487305
447.4674072265625,181.4965057373047,55.576698303222656,39.37030029296875
447.3546142578125,181.80340576171875,56.23249816894531,39.43989944458008
447.7018127441406,181.51019287109375,55.78340148925781,39.105098724365234
447.4648132324219,181.79469299316406,55.94850158691406,38.50790023803711
447.9140930175781,181.46009826660156,55.95899963378906,40.9650993347168
447.5433044433594,181.11050415039062,55.384700775146484,40.37419891357422
446.9364013671875,182.2987060546875,56.06890106201172,41.48590087890625
448.7239074707031,181.0222930908203,54.04520034790039,40.96099853515625
446.7615051269531,179.22569274902344,55.584598541259766,44.59000015258789
449.88018798828125,183.97259521484375,52.5635986328125,39.105899810791016
448.0224914550781,181.57029724121094,55.20429992675781,42.06460189819336
450.8817138671875,183.7382049560547,52.25619888305664,41.28779983520508
448.9529113769531,183.28590393066406,54.29840087890625,42.58060073852539
451.5101013183594,184.08030700683594,51.57379913330078,43.014801025390625
449.4028015136719,183.16920471191406,54.07699966430664,42.38520050048828
454.11529541015625,184.83619689941406,49.975101470947266,41.80609893798828
451.2840881347656,184.08779907226562,52.257598876953125,43.0723991394043
453.8887023925781,184.14630126953125,50.90380096435547,42.95600128173828
453.1299133300781,184.29209899902344,51.70869827270508,42.82149887084961
455.3160095214844,185.1179962158203,50.088199615478516,45.53779983520508
452.0107116699219,185.64649963378906,53.71849822998047,44.38710021972656
454.94378662109375,186.18040466308594,49.61009979248047,43.24140167236328
456.0953063964844,186.00079345703125,47.551300048828125,46.849998474121094
456.31671142578125,186.152099609375,47.57509994506836,45.711299896240234
457.1643981933594,187.54319763183594,45.58440017700195,43.23109817504883
457.23529052734375,187.73399353027344,44.70009994506836,42.770999908447266
459.1084899902344,187.67050170898438,42.87519836425781,41.07749938964844
457.04779052734375,189.4342041015625,43.49829864501953,44.11520004272461
459.4464111328125,188.77679443359375,42.53269958496094,45.6781005859375
461.3699951171875,190.4741973876953,39.7661018371582,42.359100341796875
459.47869873046875,191.02740478515625,40.981998443603516,43.04389953613281
461.67401123046875,190.27679443359375,38.644500732421875,41.52939987182617
462.5538024902344,190.17100524902344,37.12099838256836,39.19499969482422
461.12249755859375,191.43179321289062,37.17250061035156,40.801998138427734
461.0174865722656,190.6291046142578,37.43239974975586,41.14569854736328
461.20599365234375,190.3883056640625,37.5989990234375,41.14580154418945
461.3070983886719,189.9365997314453,37.41550064086914,41.4192008972168
461.6654052734375,189.80050659179688,36.499000549316406,41.42110061645508
461.67999267578125,190.0045928955078,36.4197998046875,41.090999603271484
462.7279052734375,190.22329711914062,35.61880111694336,40.811500549316406
461.3287048339844,188.01300048828125,36.2943000793457,45.07490158081055
463.3799133300781,188.83380126953125,33.56230163574219,41.172401428222656
463.4081115722656,189.47540283203125,32.398399353027344,40.07550048828125
463.71649169921875,185.97349548339844,31.97410011291504,42.79600143432617
464.9569091796875,187.75999450683594,29.316999435424805,40.71870040893555
467.54949951171875,187.54100036621094,27.276100158691406,41.54240036010742
468.13800048828125,186.82000732421875,26.77739906311035,42.486900329589844
469.531005859375,185.88400268554688,25.80769920349121,41.327301025390625
466.9844970703125,185.673095703125,29.520999908447266,41.307098388671875
470.1180114746094,185.4501953125,26.47010040283203,43.127201080322266
471.3908996582031,185.14309692382812,26.8799991607666,42.897098541259766
471.88751220703125,187.75889587402344,27.14189910888672,40.45859909057617
471.9685974121094,188.02049255371094,27.683000564575195,41.2218017578125
471.70831298828125,187.7425994873047,28.714799880981445,43.43299865722656
471.08648681640625,189.67689514160156,30.130699157714844,44.57709884643555
471.2287902832031,188.97799682617188,29.94809913635254,42.03810119628906
471.3211975097656,188.8739013671875,30.72089958190918,41.293701171875
470.40179443359375,188.91650390625,32.95199966430664,45.595298767089844
469.4291076660156,188.72579956054688,33.98149871826172,45.540401458740234
469.11761474609375,190.21290588378906,34.91550064086914,46.572200775146484
466.8125,190.2277069091797,36.98270034790039,42.100399017333984
466.7195129394531,191.2758026123047,38.117698669433594,45.3400993347168
465.1705017089844,190.08740234375,39.332801818847656,43.21110153198242
463.9518127441406,190.06900024414062,40.992401123046875,42.719200134277344
464.83819580078125,190.61480712890625,41.54999923706055,42.6880989074707
465.0828857421875,190.4329071044922,41.85530090332031,41.32809829711914
464.377685546875,190.53829956054688,41.804500579833984,40.207401275634766
463.6756896972656,190.3885955810547,43.93389892578125,41.23509979248047
463.14581298828125,190.1728973388672,44.61330032348633,40.49639892578125
462.1462097167969,188.9866943359375,46.513999938964844,43.53300094604492
461.71490478515625,188.06680297851562,46.69380187988281,45.08089828491211
460.6413879394531,187.3824005126953,47.41809844970703,45.788299560546875
459.1333923339844,186.80859375,49.445701599121094,47.61880111694336
459.62701416015625,187.2082061767578,48.88570022583008,48.834800720214844
459.4989929199219,186.16029357910156,50.39659881591797,48.281700134277344
457.68438720703125,187.28810119628906,51.19110107421875,46.75899887084961
456.2008056640625,186.15919494628906,53.32789993286133,45.6172981262207
453.7786865234375,186.12229919433594,53.25910186767578,44.24660110473633
450.6990051269531,186.2606964111328,55.93709945678711,41.61389923095703
448.023193359375,186.31979370117188,62.12120056152344,40.041500091552734
447.3976135253906,187.50379943847656,60.3297004699707,39.20220184326172
445.07489013671875,186.80020141601562,63.789798736572266,39.25529861450195
447.6507873535156,187.17999267578125,60.865299224853516,38.819801330566406
446.15960693359375,187.46719360351562,60.62110137939453,39.30509948730469
445.3373107910156,187.8000946044922,62.948001861572266,39.35319900512695
444.206298828125,188.44419860839844,62.16849899291992,39.49020004272461
444.6470947265625,187.91639709472656,61.83169937133789,39.40729904174805
443.0851135253906,188.26919555664062,62.809898376464844,38.78089904785156
445.093505859375,189.1262969970703,60.672401428222656,37.598201751708984
444.9894104003906,189.99429321289062,60.65230178833008,37.476600646972656
445.097412109375,190.77969360351562,60.109100341796875,36.68080139160156
444.94439697265625,190.74600219726562,60.836700439453125,36.745399475097656
446.98699951171875,190.95269775390625,58.91960144042969,36.14550018310547
444.6415100097656,190.1177978515625,61.26620101928711,36.8932991027832
445.3804931640625,190.70399475097656,61.20479965209961,36.4541015625
447.3517150878906,191.42210388183594,60.099300384521484,36.25699996948242
447.6997985839844,190.7333984375,60.02170181274414,36.84260177612305
448.3540954589844,190.3450927734375,60.210899353027344,37.26369857788086
447.81390380859375,190.5522003173828,61.846099853515625,37.16740036010742
448.3330078125,190.98440551757812,61.122501373291016,36.77370071411133
447.7171936035156,190.62989807128906,62.0901985168457,38.3494987487793
448.3193054199219,190.19630432128906,62.01179885864258,37.86629867553711
448.9248046875,190.39199829101562,61.57899856567383,38.11140060424805
449.10101318359375,189.93350219726562,61.26179885864258,39.99250030517578
449.78179931640625,189.947998046875,60.586700439453125,40.59450149536133
450.48529052734375,190.2541046142578,59.957698822021484,40.108699798583984
451.1778869628906,190.06190490722656,60.25080108642578,40.436798095703125
451.4530944824219,191.69760131835938,60.706600189208984,39.39939880371094
452.4079895019531,191.60780334472656,58.95500183105469,39.70109939575195
452.6142883300781,192.97369384765625,58.86140060424805,38.2943000793457
453.689208984375,192.7884063720703,58.10029983520508,38.32709884643555
454.7319030761719,193.04249572753906,57.51409912109375,38.00360107421875
455.9219970703125,193.02169799804688,57.07709884643555,37.644901275634766
455.973388671875,192.36399841308594,56.907501220703125,38.09920120239258
455.13360595703125,194.86109924316406,57.55329895019531,35.965999603271484
455.5089111328125,192.2747039794922,57.7421989440918,38.55500030517578
455.4148864746094,196.16319274902344,57.72719955444336,35.50809860229492
455.8799133300781,192.79910278320312,57.964698791503906,38.66889953613281
455.677490234375,196.3925018310547,58.0635986328125,35.567298889160156
455.8005065917969,193.9770050048828,57.54460144042969,36.81840133666992
455.4299011230469,193.74110412597656,58.41379928588867,36.925899505615234
455.1705017089844,195.07269287109375,58.00809860229492,35.88970184326172
454.8905944824219,191.70030212402344,57.929100036621094,37.79249954223633
454.4908142089844,194.68980407714844,58.21549987792969,35.35530090332031
454.152099609375,194.16290283203125,58.037899017333984,35.829498291015625
453.940185546875,191.3260955810547,57.833499908447266,38.5619010925293
453.3432922363281,194.2191925048828,59.21649932861328,36.74330139160156
453.0968017578125,193.0177001953125,59.44960021972656,37.133399963378906
452.1153869628906,194.32260131835938,59.301998138427734,35.67770004272461
451.8445129394531,194.43719482421875,58.75339889526367,35.691200256347656
451.72589111328125,193.8668975830078,59.11940002441406,37.34989929199219
450.8382873535156,194.80999755859375,59.87540054321289,35.12929916381836
449.4248962402344,194.98330688476562,60.4297981262207,36.52560043334961
448.3056945800781,193.99290466308594,60.851200103759766,36.849098205566406
448.0277099609375,193.82949829101562,60.868499755859375,39.363399505615234
447.6506042480469,193.41749572753906,61.007301330566406,38.42179870605469
446.8013916015625,193.9803924560547,61.08150100708008,38.092098236083984
445.7251892089844,192.73699951171875,61.12730026245117,39.2672004699707
444.9429016113281,196.3220977783203,62.04050064086914,37.00239944458008
444.23870849609375,193.60040283203125,61.74079895019531,38.667701721191406
443.7289123535156,195.4427947998047,62.120201110839844,36.70869827270508
442.8257141113281,193.31520080566406,61.924800872802734,38.69490051269531
442.3778991699219,193.96339416503906,61.32780075073242,38.02479934692383
441.5224914550781,195.8834991455078,62.29180145263672,37.0166015625
441.0140075683594,192.9257049560547,62.55329895019531,39.36989974975586
439.90850830078125,195.3076934814453,62.8385009765625,38.024898529052734
439.7500915527344,194.60459899902344,63.322601318359375,38.397499084472656
439.07440185546875,195.06930541992188,62.890201568603516,37.11759948730469
437.4844055175781,191.8701934814453,63.4822998046875,39.65420150756836
437.4577941894531,196.3665008544922,62.88740158081055,36.5984001159668
437.06610107421875,192.05050659179688,61.96799850463867,39.97700119018555
436.201904296875,193.52520751953125,64.04440307617188,39.42290115356445
435.8297119140625,191.11929321289062,63.1338005065918,40.97079849243164
435.58551025390625,194.43600463867188,64.22270202636719,37.54779815673828
435.12091064453125,191.36520385742188,63.66279983520508,40.22420120239258
434.712890625,194.73680114746094,63.62379837036133,36.76940155029297
433.8337097167969,191.63729858398438,63.47700119018555,39.47520065307617
433.51611328125,191.99729919433594,64.39019775390625,40.347599029541016
432.9519958496094,191.34429931640625,63.81909942626953,39.79240036010742
432.45050048828125,192.80320739746094,63.450801849365234,38.722900390625
432.210693359375,190.07220458984375,62.83810043334961,39.48979949951172
431.15130615234375,191.90609741210938,63.247798919677734,36.76350021362305
432.0072021484375,191.50559997558594,61.275901794433594,36.527400970458984
431.1932067871094,191.16180419921875,60.9010009765625,35.882301330566406
431.15380859375,190.58180236816406,61.47710037231445,36.840999603271484
430.7846984863281,190.50489807128906,61.25389862060547,35.67279815673828
430.4861145019531,191.0605926513672,60.92150115966797,35.299598693847656
429.51971435546875,190.427001953125,61.1880989074707,35.85660171508789
429.7637023925781,190.6519012451172,60.21730041503906,35.78960037231445
428.4540100097656,189.44349670410156,60.837398529052734,36.21419906616211
428.2814025878906,189.02110290527344,60.21149826049805,36.221500396728516
427.9325866699219,189.345703125,59.4109001159668,35.67720031738281
427.79119873046875,189.3090057373047,59.387901306152344,34.8114013671875
427.7025146484375,188.90350341796875,59.3671989440918,34.464298248291016
426.87921142578125,188.88690185546875,59.10689926147461,33.703800201416016
426.7969055175781,189.17860412597656,58.7859001159668,34.02299880981445
426.0956115722656,188.2252960205078,59.094600677490234,34.26580047607422
425.5752868652344,189.49940490722656,59.0802001953125,33.62670135498047
425.4599914550781,188.11549377441406,59.253299713134766,34.47269821166992
425.16229248046875,188.0200958251953,59.111900329589844,34.63209915161133
425.375,188.2816925048828,59.446998596191406,34.656700134277344
425.4184875488281,186.87669372558594,58.81529998779297,35.700199127197266
424.48150634765625,188.27740478515625,59.291099548339844,34.74380111694336
425.1299133300781,187.56509399414062,59.26359939575195,34.601200103759766
424.73431396484375,188.32699584960938,58.79290008544922,34.963600158691406
425.1921081542969,187.58909606933594,58.82550048828125,35.0004997253418
424.83319091796875,188.5500030517578,58.57170104980469,35.05189895629883
425.19549560546875,188.1656951904297,58.86859893798828,34.65439987182617
425.7401123046875,188.08839416503906,58.71229934692383,34.38740158081055
426.20440673828125,189.23699951171875,58.334800720214844,34.1172981262207
425.9967956542969,188.21890258789062,58.89590072631836,34.94850158691406
426.6733093261719,188.18240356445312,58.52539825439453,35.255401611328125
426.8009948730469,188.17970275878906,58.71950149536133,35.178199768066406
427.29071044921875,188.235595703125,58.692100524902344,35.089900970458984
427.389892578125,187.7061004638672,58.22460174560547,35.51539993286133
427.9020080566406,189.2364044189453,58.047000885009766,35.34130096435547
428.1994934082031,187.97259521484375,58.40250015258789,35.49399948120117
428.6221923828125,188.79849243164062,58.46200180053711,34.76649856567383
429.3800964355469,187.52029418945312,58.442298889160156,35.5900993347168
429.34320068359375,188.33399963378906,58.764801025390625,34.88930130004883
429.148193359375,187.4427947998047,58.77299880981445,35.325599670410156
429.7510070800781,188.0240020751953,58.64619827270508,34.602699279785156
430.01580810546875,188.1616973876953,58.60940170288086,34.789398193359375
430.4296875,187.81480407714844,58.547401428222656,35.238800048828125
430.5509948730469,188.94410705566406,59.0536003112793,34.8401985168457
430.9194030761719,188.11680603027344,59.365699768066406,35.484798431396484
431.0010986328125,187.39559936523438,58.693599700927734,35.9989013671875
431.6611022949219,188.7863006591797,60.025001525878906,35.11709976196289
431.9285888671875,187.75369262695312,58.98099899291992,35.91699981689453
432.3606872558594,188.52780151367188,59.211700439453125,35.08760070800781
433.26019287109375,186.5863037109375,59.53810119628906,37.12139892578125
432.5144958496094,187.47610473632812,59.875301361083984,36.14030075073242
433.6806945800781,187.89700317382812,60.41230010986328,36.21670150756836
434.1773986816406,187.5677032470703,60.187400817871094,37.122798919677734
435.5520935058594,187.95440673828125,60.05339813232422,36.91279983520508
435.9307861328125,186.9654998779297,60.2067985534668,37.410301208496094
436.65948486328125,187.6833953857422,59.47050094604492,36.63740158081055
437.59759521484375,187.09979248046875,59.022098541259766,37.068199157714844
438.36419677734375,187.91209411621094,59.484500885009766,36.68149948120117
438.88031005859375,187.02420043945312,59.47370147705078,37.45500183105469
439.76348876953125,188.35650634765625,59.69960021972656,37.201900482177734
440.343505859375,188.91360473632812,59.93539810180664,37.007301330566406
440.8373107910156,187.7615966796875,59.4025993347168,37.66210174560547
440.815185546875,188.37109375,59.931400299072266,36.81660079956055
442.2432861328125,188.80960083007812,59.23400115966797,37.192901611328125
442.4267883300781,189.64630126953125,59.81129837036133,36.66830062866211
444.4010925292969,188.17860412597656,58.25019836425781,37.752899169921875
443.27490234375,189.42080688476562,59.676700592041016,36.383399963378906
444.0945129394531,189.25909423828125,59.565101623535156,36.9989013671875
445.4200134277344,188.04379272460938,59.341800689697266,38.360801696777344
444.310791015625,189.0749969482422,60.98139953613281,36.61029815673828
446.6227111816406,189.59320068359375,59.94300079345703,36.722900390625
445.54400634765625,188.82989501953125,61.43370056152344,37.15409851074219
447.7326965332031,189.9375,59.95719909667969,36.779598236083984
446.660400390625,190.19960021972656,61.55120086669922,35.725799560546875
448.53460693359375,189.11329650878906,61.452301025390625,37.5275993347168
447.71209716796875,189.6569061279297,62.55289840698242,36.95709991455078
450.356689453125,187.91140747070312,60.743499755859375,38.2578010559082
450.4690856933594,187.3173065185547,61.288700103759766,38.24340057373047
451.3699035644531,189.90249633789062,61.1864013671875,36.67430114746094
452.3265075683594,188.99229431152344,60.249698638916016,37.18190002441406
453.7536926269531,187.4990997314453,59.40510177612305,38.42839813232422
454.7767028808594,188.71029663085938,59.87179946899414,37.043800354003906
454.9718017578125,188.85870361328125,59.88719940185547,36.94200134277344
455.8923034667969,188.64019775390625,59.98080062866211,37.888999938964844
456.9825134277344,189.77890014648438,60.43040084838867,36.397499084472656
457.1796875,188.94979858398438,60.336700439453125,37.55509948730469
458.02398681640625,189.7635040283203,60.02790069580078,37.65409851074219
458.4101867675781,189.4884033203125,59.79090118408203,37.80929946899414
459.7070007324219,188.92469787597656,59.50360107421875,38.31340026855469
460.61090087890625,189.59230041503906,60.26789855957031,37.589698791503906
461.94769287109375,189.9842987060547,60.00579833984375,37.462501525878906
462.5404968261719,190.8582000732422,59.6796989440918,36.99720001220703
463.9068908691406,190.96929931640625,59.88600158691406,37.449100494384766
463.9193115234375,191.03390502929688,59.80039978027344,37.049800872802734
465.5061950683594,191.0717010498047,58.93960189819336,37.543701171875
466.1885986328125,192.2313995361328,59.107601165771484,36.60260009765625
466.2598876953125,191.80459594726562,59.48889923095703,36.59510040283203
466.597412109375,191.3341064453125,59.27080154418945,36.850101470947266
467.2585144042969,191.7425994873047,58.91749954223633,37.63850021362305
468.83648681640625,191.96429443359375,58.360198974609375,36.91910171508789
469.2012023925781,192.49110412597656,58.86330032348633,36.46229934692383
469.4494934082031,191.3446044921875,58.880401611328125,37.489498138427734
470.17950439453125,192.75059509277344,59.09870147705078,36.26020050048828
470.8429870605469,191.05670166015625,58.854698181152344,38.15449905395508
472.6372985839844,192.3166961669922,58.8656005859375,36.555999755859375
473.00579833984375,191.6732940673828,58.798301696777344,37.4827995300293
473.9706115722656,192.83770751953125,58.73939895629883,36.23970031738281
474.3841857910156,192.85850524902344,58.84090042114258,36.43949890136719
475.1211853027344,192.47279357910156,58.53900146484375,36.979400634765625
475.92840576171875,193.177001953125,58.672698974609375,36.24810028076172
476.2466125488281,192.3426971435547,58.91339874267578,36.25239944458008
476.8870849609375,192.93240356445312,59.12089920043945,35.810699462890625
477.5028991699219,193.60940551757812,59.12179946899414,35.49300003051758
478.7156982421875,193.70440673828125,58.50510025024414,35.30459976196289
478.93670654296875,193.7899932861328,59.02000045776367,35.53799819946289
480.47369384765625,192.69869995117188,58.177101135253906,35.66630172729492
480.11090087890625,194.0413055419922,58.36589813232422,34.690799713134766
480.83599853515625,194.639892578125,58.41350173950195,35.41279983520508
480.7721862792969,194.87060546875,58.26139831542969,34.90639877319336
481.59600830078125,193.8802032470703,58.47710037231445,35.151100158691406
481.4010925292969,195.12820434570312,57.96120071411133,34.530799865722656
481.2466125488281,194.3538055419922,58.30609893798828,35.147098541259766
481.9652099609375,194.19400024414062,58.332000732421875,34.94860076904297
481.3258056640625,194.86830139160156,58.2047004699707,34.507198333740234
481.63909912109375,194.53179931640625,58.125999450683594,35.16019821166992
481.4451904296875,193.6927032470703,57.92770004272461,35.379798889160156
480.835693359375,194.59719848632812,58.3650016784668,34.90620040893555
480.03759765625,192.97520446777344,58.292301177978516,35.554901123046875
479.8590087890625,193.9075927734375,58.28120040893555,35.22740173339844
479.5447998046875,192.76589965820312,58.792701721191406,36.5093994140625
479.25250244140625,193.2366943359375,58.684200286865234,36.302799224853516
478.81781005859375,192.4261932373047,58.86119842529297,36.46009826660156
478.8121032714844,192.37989807128906,58.557701110839844,37.58599853515625
478.4507141113281,193.07310485839844,58.555999755859375,36.4807014465332
478.0220031738281,192.47000122070312,59.19580078125,36.70830154418945
477.84051513671875,193.24940490722656,58.63479995727539,36.34479904174805
477.2665100097656,192.335693359375,58.350101470947266,37.0359001159668
477.47979736328125,192.13720703125,58.371498107910156,37.52220153808594
475.9690856933594,192.56350708007812,59.17530059814453,37.28739929199219
475.83990478515625,192.7135009765625,58.77259826660156,37.75870132446289
475.635498046875,192.6352996826172,58.800201416015625,37.67530059814453
475.2915954589844,192.24949645996094,58.4193000793457,37.836299896240234
474.9617919921875,191.83059692382812,59.07310104370117,38.106201171875
475.1138000488281,192.20849609375,58.97819900512695,37.850399017333984
474.36590576171875,191.66259765625,59.144901275634766,38.072200775146484
473.5714111328125,192.25619506835938,59.4364013671875,37.49610137939453
473.6881103515625,191.5500030517578,58.384300231933594,38.02119827270508
473.78961181640625,192.2761993408203,58.88119888305664,37.82440185546875
472.9208984375,191.2700958251953,58.724300384521484,38.26139831542969
472.8944091796875,192.3905029296875,58.76430130004883,37.90359878540039
471.76971435546875,191.7707061767578,59.44850158691406,37.80970001220703
472.2395935058594,191.67640686035156,58.694698333740234,37.62189865112305
470.86090087890625,192.6313934326172,59.476898193359375,37.60580062866211
470.5126037597656,192.69129943847656,59.76409912109375,37.24509811401367
470.618896484375,191.1616973876953,59.08639907836914,38.212501525878906
470.1217041015625,191.87159729003906,59.22850036621094,36.98849868774414
469.5282897949219,192.39810180664062,59.46929931640625,36.812801361083984
469.7388000488281,191.51699829101562,59.0635986328125,37.62070083618164
468.9385986328125,191.8303985595703,58.97650146484375,37.184600830078125
469.14581298828125,192.46009826660156,58.949501037597656,36.821998596191406
468.67449951171875,192.45289611816406,59.316001892089844,36.81650161743164
467.3153991699219,191.99490356445312,59.054901123046875,37.2484016418457
467.4681091308594,191.02000427246094,58.733299255371094,37.309600830078125
467.0057067871094,191.79080200195312,58.44490051269531,36.7234001159668
466.24420166015625,191.92909240722656,59.688201904296875,37.27880096435547
465.4224853515625,191.8101043701172,59.289100646972656,37.233699798583984
465.0379943847656,192.7071990966797,59.34429931640625,36.68040084838867
464.6224060058594,191.28370666503906,59.483001708984375,37.31809997558594
463.83880615234375,192.84109497070312,59.221900939941406,36.7218017578125
463.3049011230469,191.7310028076172,59.082000732421875,37.174598693847656
461.97088623046875,192.5299072265625,59.809898376464844,37.280799865722656
462.4176940917969,191.9425048828125,58.85200119018555,37.05870056152344
461.4137878417969,192.43580627441406,59.313201904296875,37.452999114990234
459.6451110839844,192.4324951171875,59.35350036621094,37.15570068359375
460.2015075683594,192.86459350585938,59.17570114135742,36.999698638916016
458.7153015136719,192.9075927734375,58.94940185546875,38.139801025390625
458.514892578125,192.92539978027344,59.24800109863281,37.26129913330078
457.693115234375,191.8719940185547,59.13999938964844,38.1697998046875
456.4382019042969,193.6143035888672,59.177799224853516,37.55220031738281
455.034912109375,192.43690490722656,59.93090057373047,38.367000579833984
454.5906982421875,192.9761962890625,60.21549987792969,37.570098876953125
454.00390625,193.472900390625,59.66809844970703,37.577301025390625
452.4963073730469,192.94700622558594,59.64310073852539,38.662498474121094
451.40289306640625,192.77999877929688,60.09870147705078,38.24100112915039
451.0733947753906,193.98410034179688,59.80220031738281,37.56850051879883
449.4283142089844,193.82269287109375,60.15879821777344,37.63240051269531
448.36248779296875,194.1029052734375,60.169898986816406,37.85260009765625
447.477294921875,194.02789306640625,59.91659927368164,37.73160171508789
446.65948486328125,195.62550354003906,59.21229934692383,36.45320129394531
446.67041015625,195.5489959716797,58.606300354003906,36.37459945678711
445.868408203125,195.5970001220703,58.765201568603516,36.926300048828125
443.83349609375,194.99240112304688,59.715599060058594,37.29999923706055
443.9862976074219,195.56280517578125,58.85100173950195,37.52040100097656
443.1098937988281,197.06910705566406,59.213600158691406,37.08789825439453
441.7226867675781,195.0102996826172,59.64400100708008,38.234500885009766
440.9440002441406,198.26409912109375,58.98210144042969,35.67620086669922
441.29058837890625,197.2613067626953,59.34389877319336,36.33190155029297
440.5716857910156,198.57240295410156,58.09040069580078,35.567100524902344
439.2414855957031,198.0019989013672,59.716400146484375,35.993499755859375
439.3357849121094,197.9774932861328,58.82279968261719,35.98540115356445
438.5379943847656,199.95120239257812,59.265098571777344,34.70280075073242
438.4468994140625,198.5626983642578,59.45709991455078,36.20289993286133
437.52899169921875,198.52259826660156,60.074501037597656,36.119300842285156
437.9032897949219,198.53219604492188,59.25960159301758,36.179901123046875
437.16778564453125,197.67210388183594,59.36800003051758,36.72909927368164
437.6778869628906,198.14280700683594,59.44269943237305,36.077701568603516
437.5011901855469,199.5762939453125,59.57820129394531,35.017799377441406
437.224609375,198.20660400390625,60.00510025024414,36.472198486328125
437.00518798828125,200.10009765625,59.895198822021484,35.53670120239258
437.1596984863281,199.26699829101562,60.09830093383789,36.24150085449219
437.05780029296875,199.11129760742188,59.713401794433594,36.32440185546875
437.89581298828125,199.01060485839844,59.37139892578125,36.10089874267578
437.4544982910156,199.2333984375,59.147701263427734,36.151798248291016
437.03228759765625,199.31390380859375,59.992401123046875,36.09049987792969
437.55621337890625,198.55979919433594,59.21860122680664,36.6150016784668
437.7666931152344,200.37750244140625,59.437801361083984,35.136600494384766
438.377685546875,199.77099609375,59.26110076904297,36.107200622558594
438.8652038574219,198.39990234375,59.59280014038086,37.28839874267578
438.99090576171875,199.7415008544922,59.13159942626953,35.22169876098633
439.3035888671875,199.22779846191406,59.83150100708008,36.47370147705078
439.5820007324219,199.74180603027344,58.88570022583008,35.509300231933594
440.01470947265625,199.2371063232422,58.86370086669922,36.06589889526367
440.1326904296875,199.6273956298828,59.58620071411133,35.33679962158203
440.7290954589844,199.95590209960938,59.4833984375,36.26210021972656
441.3486022949219,198.1768035888672,59.94499969482422,38.036598205566406
441.1664123535156,199.5644989013672,59.708499908447266,36.512901306152344
440.7815856933594,200.72869873046875,59.67190170288086,35.37620162963867
441.6325988769531,200.36289978027344,58.762901306152344,35.61159896850586
442.0740051269531,199.74130249023438,58.564701080322266,35.98310089111328
442.6054992675781,200.2418975830078,59.12649917602539,35.628700256347656
442.75531005859375,200.42010498046875,59.085601806640625,35.52170181274414
443.1687927246094,201.05810546875,59.122798919677734,35.645599365234375
443.16400146484375,199.97940063476562,59.30950164794922,36.20539855957031
443.5281982421875,200.85989379882812,59.159698486328125,35.457000732421875
444.2090148925781,198.62120056152344,59.405601501464844,37.4031982421875
444.45928955078125,201.3153076171875,59.73099899291992,35.71080017089844
444.46630859375,200.31539916992188,60.729000091552734,36.170501708984375
444.7532958984375,202.62789916992188,59.55630111694336,34.3286018371582
445.4974060058594,201.12069702148438,59.10129928588867,35.85919952392578
445.2356872558594,200.55470275878906,60.207298278808594,35.76319885253906
445.9786071777344,202.32550048828125,59.7765007019043,34.9474983215332
446.6506042480469,201.08169555664062,59.26139831542969,36.287899017333984
446.59979248046875,202.7259979248047,59.61669921875,34.15489959716797
446.99969482421875,200.98919677734375,58.870399475097656,36.532798767089844
447.3102111816406,202.60350036621094,59.575199127197266,34.55609893798828
447.1715087890625,201.0937957763672,60.12459945678711,35.9546012878418
447.6283874511719,202.9488067626953,58.98149871826172,34.09870147705078
447.6400146484375,201.8249053955078,59.53139877319336,35.4650993347168
447.97039794921875,202.47279357910156,59.30099868774414,34.37879943847656
448.1787109375,203.16229248046875,59.136199951171875,34.661399841308594
447.37109375,203.77430725097656,59.9838981628418,33.987701416015625
447.8888854980469,202.9738006591797,59.646400451660156,35.44559860229492
447.8757019042969,203.3531951904297,59.862998962402344,34.249298095703125
447.97021484375,204.56080627441406,60.18330001831055,34.190799713134766
448.4924011230469,203.04359436035156,60.27899932861328,35.20100021362305
449.0450134277344,204.37759399414062,60.063899993896484,34.590301513671875
448.7481994628906,204.264892578125,59.74879837036133,34.529598236083984
448.3284912109375,203.77679443359375,60.72639846801758,34.672698974609375
449.3229064941406,205.33279418945312,59.69340133666992,33.98619842529297
448.4078063964844,203.85890197753906,61.3588981628418,35.34510040283203
449.4541931152344,205.3433074951172,59.39899826049805,33.971500396728516
450.09478759765625,205.59219360351562,59.53120040893555,33.628501892089844
450.0234069824219,204.82009887695312,60.36920166015625,34.680301666259766
450.1969909667969,205.7458953857422,59.841800689697266,33.65409851074219
450.1736145019531,204.1977996826172,60.37889862060547,35.43190002441406
450.5882873535156,206.2949981689453,59.57680130004883,33.605499267578125
449.5810852050781,205.30299377441406,60.98469924926758,33.84479904174805
450.4984130859375,206.44219970703125,60.21820068359375,33.56719970703125
450.27520751953125,206.42919921875,60.34629821777344,33.615501403808594
450.97540283203125,205.9040069580078,59.809898376464844,33.99769973754883
451.5129089355469,207.26100158691406,59.47710037231445,33.226200103759766
450.4443054199219,206.06370544433594,60.83539962768555,33.8927001953125
450.4408874511719,206.7476043701172,60.20930099487305,33.50529861450195
449.89910888671875,205.30349731445312,60.96609878540039,34.13949966430664
451.05938720703125,206.8134002685547,59.34600067138672,33.50859832763672
450.8251037597656,206.47830200195312,60.29880142211914,34.116600036621094
450.4913024902344,205.7646942138672,60.69049835205078,33.77669906616211
450.95361328125,206.78280639648438,59.46120071411133,33.15010070800781
450.5138854980469,207.12069702148438,59.918701171875,33.537498474121094
451.6171875,205.87869262695312,59.07809829711914,34.18090057373047
451.1453857421875,206.89529418945312,60.0349006652832,33.339900970458984
450.4440002441406,206.43829345703125,60.028900146484375,33.898799896240234
451.0953063964844,206.710693359375,59.640899658203125,34.2244987487793
451.74560546875,206.92140197753906,59.43000030517578,33.94929885864258
451.2217102050781,205.95599365234375,60.1083984375,34.460601806640625
450.785888671875,206.6717987060547,59.46770095825195,33.65140151977539
450.8367919921875,206.4846954345703,59.79349899291992,34.30849838256836
450.06170654296875,206.1051025390625,60.28129959106445,34.71979904174805
450.8417053222656,207.272705078125,59.445098876953125,33.632598876953125
450.0520935058594,206.4886932373047,60.15079879760742,33.79389953613281
450.8706970214844,206.910400390625,59.117401123046875,33.62860107421875
450.8434143066406,207.6826934814453,59.47060012817383,33.83150100708008
449.55499267578125,206.50469970703125,60.69129943847656,34.0630989074707
451.077392578125,206.89329528808594,59.19179916381836,33.42359924316406
450.5372009277344,206.83099365234375,59.47529983520508,33.856201171875
451.58489990234375,207.2917022705078,58.797298431396484,33.81529998779297
450.6947937011719,207.05990600585938,60.10029983520508,34.09479904174805
450.31768798828125,208.00570678710938,59.71039962768555,32.99589920043945
450.4173889160156,206.52560424804688,59.653499603271484,34.17539978027344
450.48699951171875,207.70919799804688,59.55120086669922,33.0890998840332
451.28350830078125,207.77130126953125,58.6614990234375,33.78390121459961
450.23089599609375,208.0460968017578,60.224300384521484,33.508201599121094
451.1117858886719,207.12530517578125,59.19390106201172,34.13719940185547
450.5736999511719,208.63670349121094,59.5452995300293,32.688499450683594
450.2318115234375,208.75619506835938,59.81399917602539,33.34519958496094
449.7432861328125,207.95480346679688,60.03300094604492,34.11349868774414
450.6733093261719,208.31300354003906,59.14889907836914,33.63199996948242
450.0434875488281,207.4553985595703,59.92430114746094,34.335601806640625
451.010009765625,208.05990600585938,59.18439865112305,33.7849006652832
450.7749938964844,208.6865997314453,59.586299896240234,33.62459945678711
449.95098876953125,208.36669921875,60.34700012207031,34.35390090942383
450.3446044921875,208.48219299316406,59.7318000793457,33.59450149536133
450.9565124511719,208.54269409179688,59.055198669433594,33.9656982421875
451.2289123535156,207.5926055908203,59.262298583984375,34.05339813232422
450.52410888671875,207.84689331054688,59.69139862060547,33.90999984741211
451.1368103027344,208.4853973388672,59.255001068115234,33.76679992675781
450.5544128417969,208.3842010498047,59.85449981689453,33.47549819946289
451.79400634765625,208.8468017578125,58.5807991027832,33.4640998840332
450.35308837890625,207.6262969970703,59.954898834228516,34.65679931640625
451.17669677734375,209.4499053955078,59.48680114746094,33.79199981689453
450.5596923828125,209.12710571289062,59.679298400878906,33.080101013183594
451.3409118652344,208.06790161132812,59.2135009765625,33.54199981689453
451.74169921875,209.46139526367188,58.94240188598633,33.349700927734375
450.8590087890625,208.28810119628906,59.88019943237305,33.93040084838867
451.6048889160156,208.48599243164062,58.72999954223633,33.59339904785156
451.0098876953125,208.58070373535156,59.41389846801758,34.519500732421875
450.89208984375,208.5529022216797,59.72779846191406,33.43439865112305
451.32281494140625,208.63710021972656,59.041500091552734,33.002899169921875
451.3841857910156,208.50619506835938,59.233001708984375,33.515201568603516
450.7502136230469,208.3990020751953,59.40169906616211,33.835601806640625
452.07159423828125,209.25230407714844,58.64469909667969,33.536800384521484
451.4368896484375,208.60899353027344,59.51380157470703,33.417301177978516
450.805908203125,208.5511016845703,59.98780059814453,33.29750061035156
451.6769104003906,208.68190002441406,59.00080108642578,33.08290100097656
450.51019287109375,208.50160217285156,60.03160095214844,33.03969955444336
451.9065856933594,208.57369995117188,58.739601135253906,33.26530075073242
450.8782958984375,208.10809326171875,59.7140007019043,33.091400146484375
451.56689453125,207.83999633789062,59.169700622558594,33.844200134277344
451.639404296875,209.18040466308594,59.035400390625,32.98569869995117
451.31201171875,208.81170654296875,59.18479919433594,33.67020034790039
452.3218994140625,208.7384033203125,58.6348991394043,33.482200622558594
451.1231994628906,209.04469299316406,59.778900146484375,33.70899963378906
452.0338134765625,208.7812042236328,58.67409896850586,32.94219970703125
451.885498046875,209.0509033203125,59.417701721191406,33.53419876098633
451.2161865234375,208.9730987548828,60.018798828125,33.37189865112305
452.2795104980469,208.49459838867188,58.71500015258789,33.241798400878906
451.8053894042969,208.49049377441406,59.38240051269531,33.047698974609375
452.8210144042969,209.35159301757812,58.604698181152344,32.866600036621094
451.86041259765625,208.1284942626953,59.385799407958984,33.633399963378906
452.67730712890625,209.39950561523438,58.855098724365234,33.18840026855469
451.29071044921875,209.62130737304688,59.910400390625,32.720298767089844
452.3641052246094,208.77540588378906,59.10240173339844,32.99580001831055
452.47650146484375,208.73829650878906,59.01729965209961,32.6875
452.2893981933594,208.68710327148438,58.85430145263672,33.14870071411133
452.26019287109375,208.602294921875,58.95909881591797,32.97460174560547
452.27520751953125,208.46180725097656,59.07490158081055,33.23059844970703
452.0950012207031,208.51040649414062,59.18349838256836,33.042301177978516
452.38690185546875,207.44309997558594,59.419498443603516,33.88600158691406
452.9245910644531,209.0471954345703,59.08250045776367,33.52980041503906
451.85931396484375,208.1741943359375,60.196998596191406,33.49919891357422
452.6152038574219,208.2812957763672,58.99549865722656,33.8317985534668
451.4088134765625,207.7801971435547,60.1515998840332,33.30950164794922
453.360595703125,209.37060546875,58.79330062866211,33.34320068359375
451.52520751953125,208.2006072998047,60.3400993347168,33.35649871826172
452.3298034667969,208.1132049560547,58.862701416015625,33.637901306152344
452.6278076171875,208.18370056152344,58.75659942626953,33.25040054321289
451.5101013183594,208.69760131835938,60.05289840698242,32.942501068115234
451.9895935058594,208.4217987060547,59.04750061035156,33.39739990234375
452.0769958496094,208.33470153808594,59.036800384521484,33.27470016479492
452.4844055175781,208.2053985595703,58.724098205566406,33.25310134887695
453.4248962402344,208.15989685058594,58.74549865722656,33.8916015625
452.72088623046875,208.2740936279297,59.33679962158203,32.93539810180664
452.4422912597656,208.61289978027344,59.388099670410156,33.60499954223633
452.09759521484375,208.89849853515625,59.186500549316406,32.993499755859375
452.9544982910156,207.743896484375,58.73910140991211,33.911399841308594
452.606689453125,209.10079956054688,59.20800018310547,32.73350143432617
452.3279113769531,208.5583953857422,58.895999908447266,32.95589828491211
453.37530517578125,208.46279907226562,58.55759811401367,33.515899658203125
452.3013916015625,209.52670288085938,59.5806999206543,32.6609001159668
452.70721435546875,209.57049560546875,58.63990020751953,33.33829879760742
452.3794860839844,209.42120361328125,59.0177001953125,33.52410125732422
452.9820861816406,210.6761016845703,58.81949996948242,32.60499954223633
453.2550048828125,210.173095703125,58.89889907836914,33.03850173950195
452.6776123046875,210.8159942626953,59.787899017333984,33.43479919433594
453.1711120605469,210.48680114746094,58.95790100097656,34.50630187988281
453.3450927734375,211.5218048095703,59.40660095214844,33.22949981689453
453.2997131347656,211.37649536132812,59.133399963378906,33.67399978637695
453.5024108886719,211.07699584960938,59.30590057373047,33.850399017333984
453.5166015625,211.7906036376953,59.31669998168945,33.044898986816406
453.62188720703125,211.8094024658203,58.97650146484375,33.4567985534668
453.6766052246094,211.09500122070312,58.7401008605957,33.604000091552734
453.81439208984375,211.20379638671875,58.6265983581543,33.9193000793457
453.2579040527344,211.6851043701172,59.2765007019043,32.90650177001953
453.93328857421875,211.05780029296875,58.95069885253906,33.59130096435547
454.1659851074219,211.68240356445312,58.82630157470703,32.96500015258789
453.7449035644531,211.53329467773438,58.9197998046875,33.221500396728516
453.3984069824219,211.7375030517578,59.044700622558594,32.974998474121094
454.1424865722656,211.52130126953125,58.818199157714844,33.42729949951172
453.2528991699219,212.1759033203125,59.13249969482422,33.13199996948242
453.43011474609375,211.7545928955078,58.68360137939453,33.875099182128906
453.7054138183594,212.1616973876953,58.98830032348633,33.05379867553711
453.3037109375,212.52569580078125,59.05799865722656,32.882999420166016
453.69769287109375,212.48390197753906,59.1510009765625,33.54999923706055
452.9436950683594,212.26849365234375,59.80270004272461,32.80590057373047
453.2253112792969,211.98260498046875,59.097198486328125,33.17679977416992
453.327392578125,211.51409912109375,58.662601470947266,34.18149948120117
452.9234924316406,211.5948028564453,59.38880157470703,33.797401428222656
453.2633972167969,213.07220458984375,59.08789825439453,32.42150115966797
453.24420166015625,212.15570068359375,59.082801818847656,33.43450164794922
453.10400390625,211.78199768066406,58.97809982299805,33.68220138549805
453.2090148925781,211.48980712890625,59.25849914550781,34.323001861572266
453.3133850097656,211.67190551757812,59.190799713134766,33.54069900512695
453.6802978515625,211.44619750976562,58.8026008605957,33.43360137939453
453.6947021484375,211.77540588378906,58.734500885009766,33.071998596191406
453.1665954589844,211.19509887695312,59.17720031738281,33.8577995300293
452.9236145019531,211.53089904785156,59.68000030517578,33.404998779296875
453.4739074707031,210.7165069580078,58.95830154418945,34.160499572753906
453.3328857421875,211.0491943359375,59.17580032348633,33.50600051879883
453.9513854980469,211.88259887695312,58.91080093383789,33.11349868774414
