1
492.3337097167969,211.976806640625,85.9480972290039,117.26480102539062
492.55010986328125,212.6197967529297,86.53929901123047,116.87699890136719
490.5362854003906,211.5709991455078,88.71240234375,117.46179962158203
489.7190856933594,213.5299072265625,90.29499816894531,114.60859680175781
489.893310546875,214.57839965820312,91.0541000366211,113.2802963256836
487.4888000488281,212.10989379882812,93.53070068359375,114.51429748535156
486.8822021484375,213.12159729003906,95.29209899902344,113.34729766845703
485.17889404296875,211.16830444335938,96.76360321044922,112.82830047607422
483.8245849609375,210.9738006591797,98.79209899902344,110.8187026977539
483.4814147949219,211.4053955078125,100.01239776611328,108.87359619140625
482.33319091796875,208.30409240722656,102.10150146484375,110.04840087890625
480.4656982421875,208.38780212402344,104.02690124511719,108.67980194091797
482.8392028808594,207.6343994140625,103.6438980102539,107.6323013305664
483.75360107421875,205.71029663085938,103.0634994506836,109.16490173339844
487.526611328125,206.37649536132812,99.9260025024414,107.9542007446289
488.56298828125,205.470703125,100.21150207519531,108.1083984375
490.9088134765625,205.58819580078125,97.80509948730469,106.98780059814453
492.1820983886719,205.69619750976562,96.42790222167969,106.47589874267578
495.5118103027344,204.7458038330078,94.40290069580078,107.58360290527344
497.3335876464844,206.70970153808594,92.1510009765625,104.48310089111328
499.1554870605469,207.1273956298828,91.11299896240234,105.2228012084961
504.40521240234375,206.7738037109375,86.4219970703125,104.47830200195312
508.2923889160156,207.25070190429688,83.6084976196289,103.42160034179688
509.66119384765625,207.7884063720703,83.05439758300781,105.7760009765625
514.5067138671875,206.85009765625,79.0790023803711,106.2166976928711
519.1193237304688,207.76849365234375,74.1719970703125,107.22039794921875
522.1085815429688,206.41380310058594,71.59880065917969,108.86100006103516
526.2730712890625,208.32159423828125,67.15670013427734,107.61180114746094
529.3358154296875,203.5364990234375,64.41850280761719,112.10089874267578
530.227294921875,203.82989501953125,62.49089813232422,112.13269805908203
532.17626953125,208.67430114746094,61.64250183105469,107.96920013427734
527.4661254882812,186.14559936523438,66.62300109863281,130.31149291992188
529.1403198242188,190.077392578125,64.87879943847656,127.03060150146484
532.4743041992188,196.18479919433594,60.125301361083984,121.88739776611328
532.9534912109375,207.6529998779297,59.57469940185547,110.97509765625
530.642578125,205.0377960205078,61.09920120239258,113.36810302734375
529.9407958984375,203.83419799804688,62.063201904296875,114.71369934082031
528.097412109375,208.7100067138672,63.6880989074707,111.04319763183594
530.2077026367188,211.61309814453125,61.52149963378906,107.90440368652344
531.498291015625,214.1772003173828,60.87779998779297,105.54340362548828
532.164794921875,210.48260498046875,60.86690139770508,110.24839782714844
531.8449096679688,211.0196990966797,60.134300231933594,108.9031982421875
530.621826171875,213.01809692382812,61.76390075683594,107.26020050048828
530.1646728515625,207.27540588378906,61.83150100708008,113.30419921875
528.7905883789062,211.24949645996094,63.15679931640625,109.13369750976562
531.4747924804688,211.11090087890625,60.90399932861328,109.98580169677734
532.322021484375,214.18319702148438,60.12419891357422,106.67410278320312
518.7147216796875,206.70469665527344,72.97530364990234,114.05870056152344
527.4459228515625,210.9857940673828,64.22709655761719,109.54309844970703
529.8792114257812,213.16259765625,60.413700103759766,106.72989654541016
529.1655883789062,197.7303009033203,61.269100189208984,121.51969909667969
525.8649291992188,210.59390258789062,63.221500396728516,110.00530242919922
528.6875,214.0861053466797,60.20159912109375,106.36380004882812
527.6798706054688,210.44090270996094,60.27410125732422,109.8208999633789
523.722412109375,201.976806640625,62.51179885864258,119.19930267333984
522.0549926757812,212.51809692382812,62.46160125732422,108.00140380859375
522.4163818359375,220.88079833984375,61.468299865722656,100.59860229492188
522.1787109375,213.61090087890625,60.59170150756836,107.56009674072266
517.9238891601562,211.19630432128906,63.4202995300293,109.83380126953125
517.380126953125,208.3773956298828,61.70209884643555,113.21820068359375
514.8214721679688,214.12559509277344,62.84519958496094,107.43890380859375
516.2548828125,208.96319580078125,60.65409851074219,111.90769958496094
512.2786254882812,209.09030151367188,62.77750015258789,110.93939971923828
512.45751953125,209.6177978515625,62.493499755859375,110.35189819335938
510.0484924316406,215.30520629882812,64.72450256347656,105.58000183105469
506.6062927246094,210.54989624023438,66.33719635009766,109.66210174560547
504.71539306640625,210.8867950439453,66.1884994506836,110.28199768066406
498.4457092285156,211.34530639648438,70.92440032958984,108.87960052490234
496.91290283203125,211.76870727539062,72.24819946289062,107.5813980102539
490.1748962402344,213.33230590820312,78.15499877929688,106.18209838867188
488.2207946777344,213.7989959716797,79.72039794921875,104.46849822998047
484.31329345703125,214.88119506835938,83.6583023071289,103.56600189208984
480.15850830078125,214.29049682617188,86.26110076904297,105.23370361328125
480.60888671875,214.61219787597656,85.19329833984375,106.0186996459961
474.7225036621094,214.1916046142578,88.21170043945312,106.23739624023438
476.4012145996094,213.6822052001953,86.24810028076172,107.18379974365234
473.4573974609375,210.84230041503906,86.61599731445312,109.81749725341797
472.423095703125,211.86500549316406,85.88289642333984,108.58080291748047
471.3349914550781,210.37539672851562,84.31289672851562,111.12539672851562
469.79150390625,210.85409545898438,83.54830169677734,110.0386962890625
467.32861328125,209.05599975585938,83.39520263671875,109.41549682617188
463.65618896484375,207.95199584960938,85.05570220947266,109.93170166015625
462.7123107910156,209.8975067138672,85.47239685058594,106.84020233154297
463.13720703125,207.63980102539062,82.19229888916016,110.28839874267578
458.46820068359375,208.21580505371094,83.64689636230469,108.91960144042969
461.49359130859375,207.0128936767578,80.68080139160156,109.54139709472656
462.5599060058594,205.90640258789062,75.99479675292969,109.7301025390625
461.2445983886719,206.88099670410156,75.26580047607422,106.61180114746094
460.8245849609375,205.4315948486328,76.11170196533203,104.9397964477539
460.8998107910156,202.81719970703125,74.94619750976562,107.06289672851562
431.22479248046875,201.02220153808594,104.12370300292969,106.56939697265625
393.2723083496094,191.55520629882812,142.07470703125,111.93170166015625
396.90618896484375,197.32330322265625,136.20570373535156,112.07869720458984
444.706298828125,190.44039916992188,95.76280212402344,111.493896484375
441.25360107421875,184.2501983642578,95.87129974365234,117.9832992553711
404.6001892089844,180.1475067138672,124.76840209960938,116.68360137939453
401.88800048828125,181.67649841308594,136.79910278320312,109.95330047607422
425.0210876464844,183.23280334472656,114.3604965209961,114.27619934082031
391.0787048339844,174.9127960205078,140.4322052001953,114.72200012207031
453.9352111816406,177.36390686035156,80.63279724121094,115.13159942626953
398.6836853027344,174.06350708007812,133.98199462890625,112.52839660644531
406.306396484375,176.0789031982422,131.2458038330078,108.26860046386719
435.0286865234375,179.26400756835938,106.0354995727539,109.7843017578125
415.7702941894531,178.94479370117188,117.9397964477539,107.05740356445312
444.7962951660156,176.70660400390625,96.22470092773438,112.89569854736328
440.4541015625,174.81309509277344,100.90139770507812,112.74659729003906
426.65478515625,175.22740173339844,115.8324966430664,112.06009674072266
436.0201110839844,183.96420288085938,105.01709747314453,101.85150146484375
430.7887878417969,175.32229614257812,111.21690368652344,111.68910217285156
444.6618957519531,173.11399841308594,98.88359832763672,110.0896987915039
434.4425048828125,171.4864044189453,106.38590240478516,113.9999008178711
451.606201171875,175.20449829101562,91.96240234375,111.77359771728516
438.3201904296875,174.6737060546875,102.4302978515625,108.02649688720703
449.16900634765625,175.29359436035156,96.3218994140625,108.69270324707031
450.47320556640625,176.5738067626953,94.56500244140625,110.1072006225586
452.74920654296875,176.40069580078125,92.2427978515625,107.88970184326172
446.0578918457031,174.71119689941406,99.1083984375,110.25240325927734
452.68389892578125,176.21060180664062,93.72509765625,107.13590240478516
441.1328125,177.38720703125,103.92130279541016,107.80329895019531
446.9903869628906,176.10780334472656,101.85099792480469,109.06490325927734
440.3294982910156,174.97320556640625,107.42859649658203,110.61710357666016
446.5526123046875,175.6894989013672,102.42880249023438,111.2760009765625
440.2929992675781,174.88290405273438,107.65630340576172,108.556396484375
449.8042907714844,174.88270568847656,101.1781997680664,107.04540252685547
437.3857116699219,175.14990234375,110.74829864501953,107.8844985961914
450.29998779296875,175.55589294433594,101.05680084228516,105.5343017578125
470.3363037109375,178.28419494628906,79.08769989013672,106.21920013427734
469.79669189453125,174.73060607910156,80.72959899902344,108.4573974609375
472.32879638671875,175.31820678710938,79.05020141601562,109.82270050048828
473.5397033691406,173.04519653320312,78.49579620361328,107.72769927978516
477.3529968261719,174.49899291992188,75.47820281982422,107.54660034179688
478.5018005371094,175.2886962890625,74.29759979248047,107.3584976196289
479.22711181640625,175.2010955810547,74.72460174560547,105.36100006103516
480.4285888671875,174.38900756835938,74.43589782714844,106.0552978515625
481.20489501953125,174.0334930419922,72.53469848632812,106.65840148925781
482.68951416015625,174.1875,73.77459716796875,105.01000213623047
485.8456115722656,173.19549560546875,70.23979949951172,106.03720092773438
486.9648132324219,174.09390258789062,69.3406982421875,107.01290130615234
490.2565002441406,175.06460571289062,68.24639892578125,105.35810089111328
492.1416015625,176.38699340820312,69.63510131835938,104.07510375976562
495.5638122558594,177.80189514160156,69.05110168457031,103.15260314941406
496.87548828125,180.6251983642578,70.11190032958984,99.2114028930664
498.3258056640625,181.5489959716797,71.62460327148438,100.7311019897461
502.7662048339844,184.03199768066406,69.71720123291016,98.1239013671875
506.46051025390625,186.6125946044922,69.92659759521484,96.93270111083984
508.6083068847656,189.85589599609375,70.47989654541016,96.70500183105469
509.631591796875,190.4864959716797,71.22260284423828,97.37539672851562
510.1058044433594,193.8240966796875,71.75090026855469,96.92990112304688
511.0722961425781,197.90939331054688,70.86160278320312,95.7384033203125
508.63299560546875,199.1396942138672,72.26589965820312,96.5333023071289
510.7401123046875,201.1988983154297,69.62650299072266,97.31590270996094
508.360107421875,197.81399536132812,68.57990264892578,102.06839752197266
506.1343078613281,202.43580627441406,70.908203125,97.7468032836914
502.2200012207031,199.3997039794922,71.62570190429688,99.29679870605469
502.0643005371094,201.32290649414062,72.43900299072266,96.58090209960938
500.0317077636719,197.77330017089844,72.61399841308594,99.581298828125
501.7568054199219,198.2978973388672,71.13610076904297,98.2874984741211
496.47808837890625,198.2386016845703,74.12799835205078,97.22350311279297
496.101806640625,198.447998046875,73.80069732666016,98.38069915771484
493.33819580078125,198.27980041503906,74.39129638671875,99.07759857177734
490.84820556640625,198.24270629882812,74.33480072021484,97.04530334472656
491.9012145996094,200.73939514160156,72.1415023803711,95.49579620361328
489.647705078125,201.55580139160156,72.32830047607422,95.1968002319336
488.4397888183594,202.24319458007812,70.85479736328125,95.95269775390625
486.548095703125,201.77760314941406,70.6041030883789,97.28669738769531
485.8783874511719,201.74090576171875,68.00789642333984,98.05850219726562
484.3830871582031,203.22189331054688,68.06159973144531,97.69259643554688
481.9299011230469,201.55149841308594,68.51370239257812,100.0988998413086
482.1044921875,201.41549682617188,66.94950103759766,100.6791000366211
479.43060302734375,203.3282012939453,67.85399627685547,100.27469635009766
477.9023132324219,203.49679565429688,67.60859680175781,99.9114990234375
475.12359619140625,202.83299255371094,67.33429718017578,99.87020111083984
475.0177917480469,202.6284942626953,66.47419738769531,101.71700286865234
470.25311279296875,201.34210205078125,66.93070220947266,100.87989807128906
471.31109619140625,203.24839782714844,65.35530090332031,99.16510009765625
469.08599853515625,201.7982940673828,66.0740966796875,100.0907974243164
467.33819580078125,203.2404022216797,66.29419708251953,98.76640319824219
466.4966125488281,203.7397003173828,65.60430145263672,97.7083969116211
464.4447021484375,204.0843048095703,65.1969985961914,99.15190124511719
463.1559143066406,204.1551055908203,62.98619842529297,99.3865966796875
462.07220458984375,206.72470092773438,63.37200164794922,96.91649627685547
459.7344055175781,203.94349670410156,62.299198150634766,96.9717025756836
461.0087890625,204.75149536132812,60.95370101928711,96.90299987792969
459.8682861328125,204.7064971923828,59.95130157470703,95.96009826660156
458.8183898925781,205.75860595703125,59.38529968261719,93.7136001586914
458.6568908691406,207.05470275878906,61.3921012878418,92.74659729003906
458.656005859375,207.82310485839844,59.392799377441406,91.9092025756836
458.6012878417969,207.68179321289062,59.38010025024414,89.5167007446289
458.1853942871094,209.7301025390625,59.15299987792969,88.63020324707031
457.9736022949219,210.06539916992188,57.30189895629883,88.01000213623047
458.11309814453125,206.78970336914062,59.1068000793457,91.44049835205078
458.7477111816406,212.0762939453125,56.86669921875,86.21260070800781
458.29229736328125,212.75559997558594,56.25130081176758,87.06580352783203
461.4609069824219,211.1490020751953,53.94879913330078,88.5790023803711
459.3223876953125,214.57460021972656,54.788299560546875,85.8917007446289
462.2041015625,214.35220336914062,53.314998626708984,86.99420166015625
461.85089111328125,215.6352996826172,53.60649871826172,85.84200286865234
459.962890625,212.99330139160156,54.20539855957031,88.447998046875
461.8389892578125,216.2252960205078,52.531700134277344,84.80789947509766
460.5880126953125,212.86669921875,53.63309860229492,88.96800231933594
462.623291015625,213.4846954345703,52.244998931884766,83.95680236816406
461.96728515625,211.65330505371094,54.207801818847656,85.85679626464844
461.78619384765625,212.93820190429688,52.78150177001953,81.908203125
464.44268798828125,211.5771026611328,52.7046012878418,83.59449768066406
462.723388671875,212.07620239257812,52.855098724365234,83.43990325927734
465.4648132324219,212.63900756835938,51.32899856567383,80.64910125732422
462.04339599609375,210.3553924560547,54.109798431396484,83.91999816894531
465.881591796875,213.5222930908203,51.81549835205078,78.94249725341797
462.1494140625,209.98939514160156,55.02669906616211,83.7051010131836
465.0616149902344,213.7415008544922,51.595401763916016,76.4197006225586
463.3681945800781,210.9752960205078,55.093101501464844,81.47760009765625
464.46630859375,214.0699005126953,53.069698333740234,76.49449920654297
465.1199035644531,213.17669677734375,52.756900787353516,78.35659790039062
466.1023864746094,215.0688018798828,50.901100158691406,77.39530181884766
462.9737854003906,213.41650390625,54.356998443603516,78.5470962524414
464.4440002441406,215.4799041748047,52.85919952392578,76.2394027709961
462.5360107421875,215.8549041748047,52.725101470947266,76.60350036621094
463.9779052734375,218.73910522460938,49.419498443603516,72.82620239257812
460.20489501953125,215.30250549316406,51.06129837036133,78.00260162353516
461.8918151855469,223.19239807128906,47.096099853515625,69.75409698486328
458.49969482421875,218.67860412597656,47.625701904296875,75.49079895019531
460.66259765625,225.58799743652344,46.12950134277344,71.44670104980469
454.40509033203125,219.84930419921875,49.03229904174805,75.12069702148438
457.32159423828125,223.3972930908203,47.11869812011719,72.0519027709961
451.58599853515625,222.57919311523438,48.8036003112793,74.67130279541016
454.5296936035156,234.5854949951172,45.48509979248047,64.2656021118164
447.38970947265625,227.5363006591797,47.68450164794922,70.46849822998047
452.8465881347656,238.202392578125,44.55070114135742,62.013099670410156
444.6816101074219,229.73089599609375,44.90420150756836,66.10919952392578
442.86859130859375,224.85400390625,55.187599182128906,82.94049835205078
438.1153869628906,231.8820037841797,54.089900970458984,74.63980102539062
446.6482849121094,242.1968994140625,40.390098571777344,56.63209915161133
441.3275146484375,224.52980041503906,48.894500732421875,71.17070007324219
436.46868896484375,238.08929443359375,47.0364990234375,60.03730010986328
437.9578857421875,239.6865997314453,48.918701171875,55.60639953613281
429.0994873046875,244.34860229492188,55.609500885009766,57.919498443603516
437.6867980957031,236.66229248046875,44.4822998046875,56.05329895019531
437.7815856933594,237.49949645996094,44.09410095214844,54.77370071411133
431.16448974609375,225.860107421875,51.70920181274414,70.41929626464844
439.1911926269531,236.71519470214844,39.635799407958984,52.965599060058594
436.58660888671875,239.9886932373047,43.709800720214844,51.17259979248047
437.2142028808594,237.6468048095703,42.28630065917969,54.10639953613281
434.43310546875,239.66690063476562,44.622398376464844,51.503299713134766
433.901611328125,245.3970947265625,44.156700134277344,45.877498626708984
433.65740966796875,225.36680603027344,45.762901306152344,63.03900146484375
437.8114013671875,237.49429321289062,36.047698974609375,51.95240020751953
435.8236083984375,233.9248046875,41.691898345947266,56.450599670410156
435.8135070800781,238.01220703125,40.80580139160156,51.707801818847656
434.12420654296875,240.1425018310547,44.33190155029297,51.25170135498047
433.712890625,239.19630432128906,41.112098693847656,52.518699645996094
436.2524108886719,234.69859313964844,40.60710144042969,56.380001068115234
434.58660888671875,225.75430297851562,40.90079879760742,64.74410247802734
438.0769958496094,227.4073944091797,43.86119842529297,74.37979888916016
427.66571044921875,227.56199645996094,54.760101318359375,73.4490966796875
434.3810119628906,226.3957061767578,47.95800018310547,76.76959991455078
434.4342956542969,229.25840759277344,43.03409957885742,68.08399963378906
437.244384765625,230.0290069580078,39.61370086669922,59.662498474121094
434.3810119628906,228.46620178222656,44.08000183105469,62.454498291015625
434.58538818359375,226.5854034423828,45.744998931884766,65.83380126953125
436.8539123535156,230.7135009765625,38.797000885009766,55.70920181274414
435.9455871582031,224.74969482421875,44.41669845581055,61.70800018310547
436.9476013183594,230.393798828125,40.25960159301758,55.124000549316406
434.7582092285156,226.81219482421875,42.006900787353516,58.590599060058594
436.63629150390625,223.82510375976562,42.301300048828125,60.50320053100586
437.74200439453125,230.4918975830078,39.42879867553711,54.1599006652832
434.97198486328125,226.7165985107422,40.48189926147461,57.1703987121582
435.9576110839844,227.2816925048828,39.37459945678711,56.168399810791016
436.12249755859375,225.67190551757812,40.88420104980469,57.55160140991211
435.0849914550781,230.87879943847656,39.11349868774414,51.862098693847656
433.3091125488281,227.37339782714844,42.96649932861328,55.81650161743164
434.34271240234375,227.47459411621094,39.78379821777344,56.50320053100586
433.9342041015625,225.71839904785156,39.53950119018555,57.28609848022461
435.8059997558594,238.34469604492188,36.55659866333008,44.81629943847656
431.03369140625,238.5402069091797,41.10850143432617,44.93320083618164
429.2998962402344,236.093994140625,42.24599838256836,48.39179992675781
431.21649169921875,232.45050048828125,41.42580032348633,52.0005989074707
425.15179443359375,228.27589416503906,46.798099517822266,57.601898193359375
433.08319091796875,247.14149475097656,32.537601470947266,38.08430099487305
427.593994140625,234.7917022705078,37.512001037597656,50.22930145263672
429.1379089355469,245.44039916992188,40.257999420166016,47.541099548339844
421.39111328125,231.37730407714844,45.19020080566406,60.22359848022461
428.847412109375,248.7808074951172,39.22949981689453,46.27790069580078
423.1311950683594,243.66709899902344,34.99100112915039,44.48910140991211
420.15948486328125,247.1154022216797,33.936500549316406,37.84600067138672
419.3584899902344,230.19149780273438,36.44670104980469,55.03010177612305
407.5917053222656,246.84010314941406,49.779998779296875,52.76139831542969
410.8692932128906,223.1125030517578,49.52330017089844,68.21299743652344
419.15899658203125,243.35769653320312,35.17279815673828,43.50090026855469
416.3851013183594,212.048095703125,35.907100677490234,76.11109924316406
417.65570068359375,233.64320373535156,39.135501861572266,57.511600494384766
415.77349853515625,244.76429748535156,35.158599853515625,39.90760040283203
418.7406005859375,243.25120544433594,32.195701599121094,37.97570037841797
418.05340576171875,246.8345947265625,31.26289939880371,37.22629928588867
418.22601318359375,231.21319580078125,31.745800018310547,50.41659927368164
409.4158935546875,234.43099975585938,44.601200103759766,59.447898864746094
415.77911376953125,230.44630432128906,31.221399307250977,53.285499572753906
406.6068115234375,222.98410034179688,49.5432014465332,69.04550170898438
415.0455017089844,240.77520751953125,31.378999710083008,45.9208984375
408.6886901855469,233.45620727539062,39.43119812011719,55.10599899291992
408.8656921386719,230.59750366210938,41.23910140991211,53.894901275634766
408.25579833984375,227.74440002441406,37.96189880371094,55.8828010559082
407.4089050292969,225.8603973388672,47.02239990234375,66.41290283203125
415.9223937988281,245.86729431152344,29.131200790405273,38.75429916381836
406.5213928222656,228.58360290527344,43.59579849243164,54.5260009765625
402.43109130859375,230.12620544433594,57.40549850463867,63.75709915161133
407.53448486328125,235.206298828125,51.569000244140625,58.916099548339844
405.98699951171875,227.59649658203125,55.712799072265625,67.64119720458984
413.13128662109375,233.71690368652344,47.56230163574219,62.286598205566406
407.31658935546875,225.9927978515625,51.80270004272461,68.06939697265625
413.14691162109375,231.95700073242188,44.80039978027344,60.52199935913086
408.6966857910156,226.460205078125,52.84579849243164,67.78579711914062
410.1824035644531,230.6322021484375,50.868900299072266,63.931800842285156
407.5791931152344,227.39889526367188,52.59669876098633,65.63379669189453
411.931884765625,232.54319763183594,47.94150161743164,58.997100830078125
411.49371337890625,226.29409790039062,49.73740005493164,64.63279724121094
413.8414001464844,231.48590087890625,46.158199310302734,60.33290100097656
415.0860900878906,227.38650512695312,45.6864013671875,61.84809875488281
420.51959228515625,233.93910217285156,40.91360092163086,54.351600646972656
424.948486328125,231.48129272460938,35.01789855957031,49.79249954223633
428.2410888671875,227.2126007080078,33.38610076904297,56.50080108642578
426.6462097167969,244.3697967529297,31.09600067138672,33.786800384521484
423.98760986328125,231.66050720214844,35.41619873046875,46.52579879760742
428.91241455078125,228.46009826660156,31.55660057067871,49.2932014465332
424.3229064941406,228.94529724121094,35.19369888305664,47.20439910888672
428.1437072753906,231.90220642089844,31.407800674438477,43.37710189819336
424.5393981933594,230.81300354003906,35.13359832763672,43.73099899291992
426.86920166015625,229.54750061035156,32.695499420166016,46.00680160522461
425.5747985839844,228.98800659179688,33.95029830932617,46.00749969482422
426.3002014160156,233.90249633789062,32.59270095825195,42.34109878540039
424.2117919921875,232.87680053710938,34.22760009765625,42.414798736572266
424.2726135253906,229.46929931640625,33.46770095825195,45.55440139770508
425.1047058105469,231.58230590820312,32.5786018371582,44.19390106201172
425.3290100097656,229.06619262695312,31.903499603271484,47.664798736572266
424.49859619140625,227.83599853515625,31.834299087524414,51.42359924316406
425.7096862792969,229.6719970703125,29.90959930419922,48.85710144042969
424.6615905761719,229.8300018310547,30.89539909362793,49.27690124511719
422.8465881347656,229.47970581054688,31.452899932861328,48.555599212646484
425.0860900878906,230.60690307617188,29.326000213623047,49.640201568603516
424.814208984375,230.23609924316406,30.10379981994629,48.75590133666992
423.15771484375,229.9069061279297,30.623899459838867,48.45790100097656
422.6289978027344,229.87770080566406,31.3976993560791,49.365501403808594
423.2596130371094,233.44520568847656,29.34939956665039,44.47209930419922
423.9137878417969,234.81109619140625,30.53339958190918,45.41699981689453
422.2616882324219,242.52090454101562,29.331100463867188,35.78139877319336
420.7112121582031,244.147705078125,32.136600494384766,34.96609878540039
423.5179138183594,237.73379516601562,31.03230094909668,39.863399505615234
423.8819885253906,237.60800170898438,30.58609962463379,40.46440124511719
423.7893981933594,236.35659790039062,30.771699905395508,41.72439956665039
423.79400634765625,235.92160034179688,31.758800506591797,41.94839859008789
424.0848083496094,237.17080688476562,30.503299713134766,40.19350051879883
426.21038818359375,232.61790466308594,29.163700103759766,43.2489013671875
426.5946960449219,232.3052978515625,29.25,43.569000244140625
425.4071044921875,232.15589904785156,29.5846004486084,43.144100189208984
427.3398132324219,233.5216064453125,27.728700637817383,42.343299865722656
429.32470703125,231.05369567871094,25.65530014038086,43.554901123046875
430.1921081542969,235.79640197753906,23.9950008392334,38.80440139770508
430.393798828125,235.07479858398438,22.607500076293945,38.69409942626953
430.0804138183594,232.8000946044922,22.65850067138672,41.056400299072266
430.14691162109375,234.05679321289062,21.469499588012695,39.57529830932617
430.9963073730469,235.1114959716797,20.931699752807617,38.772300720214844
430.368408203125,233.82369995117188,21.211700439453125,39.85219955444336
431.12139892578125,235.95530700683594,19.583599090576172,37.516998291015625
430.63189697265625,239.36480712890625,19.348800659179688,33.9093017578125
429.96630859375,232.85189819335938,18.42840003967285,40.031700134277344
