1
436.3456115722656,103.0531997680664,79.33979797363281,118.46980285644531
439.9081115722656,105.55719757080078,77.1948013305664,116.64559936523438
440.16448974609375,107.23970031738281,79.09459686279297,117.41829681396484
443.1426086425781,111.23290252685547,77.36019897460938,116.2969970703125
446.30841064453125,112.63899993896484,77.27850341796875,117.20379638671875
448.5430908203125,112.03130340576172,76.54779815673828,117.79450225830078
449.1875,109.25540161132812,74.95339965820312,117.26390075683594
449.8393859863281,109.34429931640625,74.17440032958984,115.38079833984375
450.41949462890625,110.81410217285156,74.80750274658203,105.10199737548828
450.3995056152344,113.70210266113281,73.3021011352539,79.58080291748047
451.97869873046875,113.12470245361328,73.1061019897461,73.34329986572266
453.07598876953125,111.60189819335938,72.872802734375,82.37249755859375
451.3529052734375,113.50859832763672,72.20929718017578,63.89690017700195
453.8122863769531,110.13770294189453,73.27259826660156,76.33820343017578
453.66229248046875,112.71189880371094,74.32060241699219,69.20390319824219
453.1498107910156,111.12789916992188,73.88269805908203,60.22359848022461
454.0138854980469,110.28800201416016,73.38059997558594,69.08499908447266
454.9635009765625,109.99250030517578,72.63400268554688,78.19960021972656
454.8866882324219,105.35130310058594,75.50640106201172,99.83789825439453
453.0365905761719,101.28469848632812,79.36740112304688,116.01329803466797
453.5404052734375,98.92960357666016,81.00769805908203,114.27230072021484
455.2546081542969,96.81719970703125,80.78500366210938,114.58159637451172
456.3810119628906,94.90480041503906,82.62629699707031,116.84760284423828
455.8453063964844,91.95379638671875,84.39540100097656,117.57599639892578
456.27410888671875,89.9717025756836,87.777099609375,117.40709686279297
457.4974060058594,89.43679809570312,88.99479675292969,116.8051986694336
457.09588623046875,86.84980010986328,90.07270050048828,118.38179779052734
455.651611328125,85.95870208740234,93.85669708251953,118.4822006225586
454.3471984863281,86.94760131835938,96.81890106201172,117.62079620361328
454.7886047363281,88.20279693603516,98.92240142822266,117.09490203857422
454.67950439453125,87.79109954833984,99.59329986572266,118.19229888916016
454.5021057128906,85.10269927978516,101.6531982421875,120.45860290527344
456.0611877441406,84.45700073242188,102.19139862060547,120.14749908447266
455.1908874511719,81.01640319824219,104.23660278320312,119.97650146484375
455.3981018066406,77.9542007446289,104.52790069580078,120.74009704589844
457.32598876953125,77.60690307617188,99.86060333251953,118.92729949951172
457.50689697265625,68.16799926757812,102.65550231933594,127.43090057373047
457.4884033203125,72.47109985351562,103.11199951171875,123.40080261230469
460.4779968261719,72.83560180664062,95.0425033569336,122.56759643554688
457.69219970703125,68.21219635009766,105.12640380859375,126.52909851074219
456.7090148925781,74.279296875,98.52110290527344,120.54460144042969
452.0465087890625,76.7240982055664,112.44120025634766,120.80680084228516
454.1402893066406,77.31600189208984,100.57350158691406,120.1427001953125
451.0060119628906,78.87740325927734,106.52529907226562,123.57659912109375
451.6626892089844,78.96849822998047,97.39689636230469,122.1875991821289
447.73779296875,76.18479919433594,101.27400207519531,125.89409637451172
446.52081298828125,79.30020141601562,99.87030029296875,121.31300354003906
442.6256103515625,80.71170043945312,101.88079833984375,120.36630249023438
441.8147888183594,80.65809631347656,100.05719757080078,119.64550018310547
438.9049072265625,78.79750061035156,103.78669738769531,120.47209930419922
438.7679138183594,81.80680084228516,103.24040222167969,115.61139678955078
438.7478942871094,80.2499008178711,101.78610229492188,115.19090270996094
436.2041015625,79.49669647216797,105.1875,115.82060241699219
438.9186096191406,80.19139862060547,99.9800033569336,115.56649780273438
437.2477111816406,78.64689636230469,101.59700012207031,116.8988037109375
435.9407043457031,79.76210021972656,102.08429718017578,115.92729949951172
429.97198486328125,81.53849792480469,108.3938980102539,114.4718017578125
432.85101318359375,82.38349914550781,102.73999786376953,114.78839874267578
429.9787902832031,84.04080200195312,103.02960205078125,114.09770202636719
431.2336120605469,85.53350067138672,98.58509826660156,114.10530090332031
427.5094909667969,86.05280303955078,100.75340270996094,113.88480377197266
430.9612121582031,87.38390350341797,96.87010192871094,111.21720123291016
431.6589050292969,86.81770324707031,96.62779998779297,112.64219665527344
431.1419982910156,86.57230377197266,97.56510162353516,114.32230377197266
432.31201171875,86.81680297851562,96.28399658203125,114.30010223388672
433.6813049316406,86.07749938964844,94.66519927978516,115.06559753417969
431.8841857910156,85.9375,94.9010009765625,114.40399932861328
431.8724060058594,84.7197036743164,94.87239837646484,113.56880187988281
432.864501953125,83.33149719238281,94.15260314941406,114.03209686279297
432.3841857910156,82.59960174560547,93.1697006225586,115.21389770507812
430.97869873046875,83.45369720458984,95.53450012207031,113.84329986572266
426.0303039550781,85.00789642333984,99.2301025390625,112.62049865722656
428.822509765625,83.88330078125,96.03589630126953,112.58489990234375
427.8221130371094,80.59860229492188,94.84110260009766,115.5645980834961
428.9187927246094,82.79679870605469,94.9208984375,112.99150085449219
430.6449890136719,83.66929626464844,94.50309753417969,112.17160034179688
435.62200927734375,84.44429779052734,89.0697021484375,112.3239974975586
439.88861083984375,84.1666030883789,84.4645004272461,112.89610290527344
441.8133850097656,82.35800170898438,82.96959686279297,115.06729888916016
443.80609130859375,83.27639770507812,81.3134994506836,115.7217025756836
445.22589111328125,83.00810241699219,79.39900207519531,116.09639739990234
445.493896484375,83.29810333251953,78.60759735107422,116.56009674072266
444.1253967285156,83.27369689941406,78.03350067138672,115.62319946289062
443.44940185546875,82.48500061035156,76.92780303955078,115.05599975585938
444.2829895019531,81.72509765625,75.5105972290039,113.77790069580078
444.41729736328125,82.5280990600586,75.63600158691406,111.56379699707031
444.7309875488281,84.19550323486328,77.69319915771484,109.7334976196289
445.644287109375,88.93720245361328,76.5916976928711,107.006103515625
447.54168701171875,86.89720153808594,79.23480224609375,110.33350372314453
447.57159423828125,90.76219940185547,78.52729797363281,108.24819946289062
448.98541259765625,93.24729919433594,80.7323989868164,108.18190002441406
451.1007995605469,92.6677017211914,80.15789794921875,109.12789916992188
450.8981018066406,92.42160034179688,83.87660217285156,109.03230285644531
451.3118896484375,93.35199737548828,86.28109741210938,108.62059783935547
452.2060852050781,92.20929718017578,85.9397964477539,109.50499725341797
450.84271240234375,93.0447998046875,85.66590118408203,108.125
450.0975036621094,93.43000030517578,89.88880157470703,101.9999008178711
449.62908935546875,95.72149658203125,93.87670135498047,107.3041000366211
447.8346862792969,95.20379638671875,95.60340118408203,94.5916976928711
447.9534912109375,97.65059661865234,96.35469818115234,99.18160247802734
447.5903015136719,98.60150146484375,99.2074966430664,100.73100280761719
448.4327087402344,98.68219757080078,97.4354019165039,98.02739715576172
448.4682922363281,100.23750305175781,92.54540252685547,102.345703125
444.9136047363281,98.0968017578125,100.98139953613281,94.61090087890625
445.37860107421875,100.08769989013672,101.68119812011719,98.77490234375
445.1968994140625,99.21769714355469,101.89409637451172,96.65229797363281
446.4939880371094,100.78500366210938,100.22579956054688,102.60679626464844
445.7359924316406,100.19650268554688,102.21749877929688,104.64459991455078
444.6885070800781,99.12899780273438,102.27330017089844,107.46019744873047
444.01019287109375,100.4011001586914,103.5154037475586,107.26260375976562
442.4320068359375,101.05169677734375,106.65059661865234,109.09089660644531
444.114990234375,99.82749938964844,103.98380279541016,112.10780334472656
443.3734130859375,99.77960205078125,103.49859619140625,112.6675033569336
442.2430114746094,100.16339874267578,104.79440307617188,110.71620178222656
441.85260009765625,100.46479797363281,105.49240112304688,111.6720962524414
441.1872863769531,99.79070281982422,105.53780364990234,111.64340209960938
441.1982116699219,101.8552017211914,107.25309753417969,112.20790100097656
439.2572937011719,101.78269958496094,105.60150146484375,116.05840301513672
437.5692138671875,103.26920318603516,108.6937026977539,114.14569854736328
437.4580078125,106.341796875,113.09639739990234,113.48069763183594
440.9773864746094,109.51280212402344,114.37069702148438,115.21179962158203
443.9894104003906,111.79900360107422,107.19029998779297,112.91739654541016
448.639892578125,111.68209838867188,93.35169982910156,115.93820190429688
446.5202941894531,105.6854019165039,91.66780090332031,118.92649841308594
444.9193115234375,99.23629760742188,90.07270050048828,120.72660064697266
442.98150634765625,98.29769897460938,89.05560302734375,117.41940307617188
440.7904052734375,89.75330352783203,87.58509826660156,121.25430297851562
441.1004943847656,93.94490051269531,85.40380096435547,112.99659729003906
439.1877136230469,92.46890258789062,83.42289733886719,115.16600036621094
439.2314147949219,93.72699737548828,81.28019714355469,115.4303970336914
435.97540283203125,96.75409698486328,81.86119842529297,116.01280212402344
431.8504943847656,99.4636001586914,81.77030181884766,116.4218978881836
426.326904296875,103.720703125,82.1321029663086,115.47000122070312
419.2261962890625,106.16449737548828,80.06009674072266,118.98829650878906
413.6935119628906,105.10790252685547,77.79149627685547,122.23930358886719
406.8288879394531,105.9176025390625,78.52449798583984,121.24510192871094
395.465087890625,107.78410339355469,81.49189758300781,121.11150360107422
390.00750732421875,107.56109619140625,77.08159637451172,121.52880096435547
378.85369873046875,106.0614013671875,81.91609954833984,124.40850067138672
366.9283142089844,105.29319763183594,86.88839721679688,125.4364013671875
356.0828857421875,107.75360107421875,87.4092025756836,123.431396484375
340.5091857910156,108.93150329589844,92.30359649658203,124.9979019165039
323.8207092285156,111.27629852294922,101.47769927978516,128.86000061035156
313.7652893066406,112.13349914550781,101.79679870605469,127.99369812011719
306.33990478515625,114.93830108642578,106.78009796142578,122.00289916992188
302.4190979003906,114.41539764404297,102.3927993774414,122.6812973022461
293.3302001953125,113.50589752197266,109.33709716796875,122.3573989868164
290.1773986816406,110.92890167236328,107.37079620361328,123.80290222167969
285.529296875,107.01329803466797,106.95809936523438,121.36160278320312
278.7203063964844,98.75910186767578,116.23410034179688,121.0645980834961
277.9482116699219,91.56520080566406,115.13700103759766,118.99710083007812
279.1888122558594,84.91349792480469,108.49510192871094,118.40399932861328
280.66900634765625,78.81320190429688,100.94779968261719,115.03610229492188
277.589599609375,73.48509979248047,101.60870361328125,114.29570007324219
276.84149169921875,66.56629943847656,105.63700103759766,114.28569793701172
287.1159973144531,63.667701721191406,92.22699737548828,113.51260375976562
282.7434997558594,58.6327018737793,100.49359893798828,116.09750366210938
276.3705139160156,49.21870040893555,110.07340240478516,118.2083969116211
279.15728759765625,44.76449966430664,106.46700286865234,114.82759857177734
280.1827087402344,35.34870147705078,106.15029907226562,115.97250366210938
285.7196044921875,29.763599395751953,103.40019989013672,113.60540008544922
280.526611328125,17.155500411987305,111.61650085449219,116.1447982788086
284.8789978027344,15.384300231933594,112.2686996459961,110.2697982788086
288.6402893066406,7.97130012512207,113.01409912109375,113.31330108642578
294.093994140625,5.866499900817871,111.6489028930664,112.70980072021484
303.8341064453125,1.2238999605178833,110.49210357666016,112.30780029296875
309.8063049316406,0.0,109.63480377197266,107.31340026855469
333.2685852050781,0.0,92.36360168457031,104.78009796142578
344.61358642578125,0.43799999356269836,91.31390380859375,101.82029724121094
352.4189147949219,0.0,94.69999694824219,97.50479888916016
368.0892028808594,0.0,87.74030303955078,93.96710205078125
377.3504943847656,0.0,87.7499008178711,100.368896484375
392.2232971191406,0.4810999929904938,82.72200012207031,101.09130096435547
402.6654052734375,1.666700005531311,81.02950286865234,109.45500183105469
412.1452941894531,1.1246999502182007,80.59410095214844,119.54049682617188
421.3959045410156,2.0480000972747803,78.3656997680664,122.089599609375
430.25518798828125,3.076900005340576,77.27210235595703,124.39530181884766
435.71490478515625,2.47760009765625,80.2406997680664,125.5114974975586
441.881103515625,4.967299938201904,80.87550354003906,126.95269775390625
446.2311096191406,5.751800060272217,83.86530303955078,130.63340759277344
452.1767883300781,6.053599834442139,83.54399871826172,127.75360107421875
456.6957092285156,9.019100189208984,84.20159912109375,129.5928955078125
462.07708740234375,14.024200439453125,84.0250015258789,127.78959655761719
468.5787048339844,13.584099769592285,83.95960235595703,130.1876983642578
475.2784118652344,16.597000122070312,83.98989868164062,131.90789794921875
482.31280517578125,20.930400848388672,84.13009643554688,129.93919372558594
488.8577880859375,25.36709976196289,83.81880187988281,122.26010131835938
496.5616149902344,27.912399291992188,82.53820037841797,126.52639770507812
501.59991455078125,33.47200012207031,82.79280090332031,123.0448989868164
504.6376037597656,40.699100494384766,82.9884033203125,121.91539764404297
508.5447082519531,41.84120178222656,81.73650360107422,122.89350128173828
510.7738037109375,42.28950119018555,84.19879913330078,124.997802734375
515.0993041992188,45.423301696777344,85.60420227050781,122.96880340576172
515.0645751953125,50.579200744628906,90.44889831542969,118.2677993774414
514.415283203125,48.39950180053711,93.7146987915039,121.25800323486328
512.1260986328125,51.30339813232422,89.97010040283203,118.17440032958984
510.44329833984375,53.777000427246094,93.96630096435547,117.5343017578125
510.65350341796875,57.2932014465332,97.74220275878906,115.70649719238281
510.0350036621094,66.41850280761719,101.87110137939453,107.45939636230469
511.2998046875,63.721900939941406,104.75689697265625,115.85970306396484
509.1424865722656,66.53240203857422,112.61100006103516,112.79389953613281
507.5234069824219,70.96209716796875,114.73639678955078,110.96739959716797
506.6216125488281,77.3906021118164,124.81179809570312,111.00679779052734
507.681884765625,82.59750366210938,115.75360107421875,108.65470123291016
514.0487060546875,90.8833999633789,117.84349822998047,107.58480072021484
516.6290893554688,98.19599914550781,124.19290161132812,105.19129943847656
520.1511840820312,101.9822006225586,119.0093002319336,109.55789947509766
521.7182006835938,111.14009857177734,133.33990478515625,150.2458038330078
538.5042724609375,121.15519714355469,117.17639923095703,143.65780639648438
543.2103881835938,129.33779907226562,111.40550231933594,137.4315948486328
540.5006103515625,138.39830017089844,120.39630126953125,137.7451934814453
540.2033081054688,149.31129455566406,123.74980163574219,136.21490478515625
540.022216796875,157.92210388183594,126.35639953613281,143.03829956054688
532.5697021484375,172.23910522460938,133.3262939453125,143.82020568847656
532.74658203125,184.13479614257812,132.2758026123047,141.5592041015625
531.3112182617188,196.55990600585938,126.2864990234375,140.76719665527344
533.4462890625,208.46279907226562,130.1074981689453,137.47000122070312
540.968017578125,229.40330505371094,119.83470153808594,140.04739379882812
534.5391235351562,235.0625,125.19989776611328,141.05470275878906
536.3930053710938,257.0138854980469,126.91300201416016,121.59190368652344
540.3245239257812,263.13238525390625,120.19110107421875,113.03179931640625
540.6807250976562,278.9165954589844,117.8489990234375,98.89669799804688
514.0977783203125,280.7930908203125,141.85780334472656,96.32279968261719
527.6513061523438,287.0751037597656,105.85489654541016,89.63760375976562
524.955078125,300.55828857421875,121.3772964477539,78.4209976196289
522.7570190429688,306.57000732421875,114.79429626464844,68.92919921875
519.173583984375,314.53070068359375,107.31929779052734,64.57769775390625
517.6123046875,321.4945068359375,108.81990051269531,58.02939987182617
