1
460.5422058105469,234.12159729003906,82.96630096435547,112.59349822998047
460.9533996582031,234.6927947998047,81.76119995117188,111.42109680175781
462.3369140625,235.96400451660156,80.32050323486328,110.71600341796875
462.7626953125,234.61680603027344,80.50389862060547,112.32759857177734
463.0033874511719,235.25070190429688,79.38259887695312,111.39689636230469
464.70660400390625,236.3218994140625,78.67230224609375,110.61060333251953
463.8517150878906,236.19790649414062,76.55069732666016,109.65129852294922
463.1460876464844,235.2819061279297,77.52999877929688,111.07160186767578
462.0010070800781,234.58889770507812,80.00910186767578,112.72219848632812
461.24359130859375,238.55130004882812,78.9457015991211,110.25599670410156
460.3940124511719,238.66200256347656,78.16130065917969,108.76679992675781
459.3382873535156,239.15370178222656,80.5364990234375,108.78990173339844
459.0386047363281,240.22830200195312,82.36029815673828,108.43219757080078
458.6310119628906,247.7801055908203,81.28389739990234,100.46980285644531
458.1600036621094,241.43960571289062,80.85089874267578,106.58300018310547
455.7532043457031,243.84249877929688,80.86759948730469,105.2759017944336
457.4710998535156,242.70010375976562,79.67510223388672,107.41940307617188
454.1964111328125,244.71539306640625,81.92790222167969,105.53929901123047
455.9818115234375,244.87939453125,80.87809753417969,106.26609802246094
454.07269287109375,245.30929565429688,83.63719940185547,104.13629913330078
454.77850341796875,250.37680053710938,84.30989837646484,101.32720184326172
454.85211181640625,247.27940368652344,86.28910064697266,105.08409881591797
454.7007141113281,252.21929931640625,89.6863021850586,100.5342025756836
458.4385986328125,250.78460693359375,83.50399780273438,102.74739837646484
455.21380615234375,249.73309326171875,87.67500305175781,103.47489929199219
457.05718994140625,253.54359436035156,85.78450012207031,100.19090270996094
459.0758056640625,251.86180114746094,82.45439910888672,102.48059844970703
455.67529296875,253.59429931640625,84.40850067138672,102.02799987792969
453.4137878417969,249.97610473632812,85.96050262451172,106.15660095214844
454.5775146484375,254.79449462890625,84.45890045166016,101.3208999633789
455.9903869628906,252.99130249023438,83.1760025024414,104.93949890136719
455.215087890625,254.22390747070312,84.31999969482422,105.4030990600586
454.19610595703125,253.35049438476562,87.65740203857422,105.1260986328125
452.9103088378906,250.5229949951172,89.23650360107422,108.06780242919922
452.4104919433594,252.0518035888672,89.98760223388672,106.5083999633789
453.25439453125,252.61680603027344,91.09809875488281,106.38999938964844
453.09161376953125,249.38119506835938,93.05719757080078,108.466796875
454.12078857421875,250.5572967529297,91.2354965209961,106.70259857177734
453.2539978027344,250.79469299316406,93.26460266113281,107.19560241699219
452.89349365234375,250.90640258789062,95.67720031738281,106.86270141601562
451.7428894042969,248.66529846191406,96.81950378417969,109.31800079345703
453.3182067871094,251.65029907226562,93.45700073242188,106.93599700927734
452.09228515625,250.01199340820312,94.0155029296875,107.95369720458984
452.2416076660156,252.65899658203125,94.44920349121094,105.94439697265625
451.40728759765625,249.6674041748047,95.3844985961914,108.99960327148438
452.27960205078125,253.0489959716797,93.06079864501953,106.6686019897461
450.88299560546875,249.63800048828125,95.21330261230469,109.66290283203125
451.3807067871094,254.26499938964844,92.0906982421875,105.4739990234375
450.4447937011719,251.01109313964844,92.3010025024414,108.44609832763672
449.78289794921875,250.1190948486328,94.7562026977539,109.39800262451172
450.3006896972656,250.2960968017578,96.55500030517578,108.96060180664062
449.91290283203125,249.31649780273438,95.79429626464844,108.80670166015625
448.8106994628906,248.85670471191406,97.80130004882812,109.1270980834961
448.21820068359375,246.21620178222656,100.09159851074219,110.21849822998047
449.9036865234375,245.40980529785156,100.58419799804688,109.15129852294922
449.4932861328125,242.62269592285156,100.51940155029297,111.25879669189453
447.9679870605469,241.3804931640625,103.82550048828125,112.18840026855469
447.0946044921875,241.32989501953125,104.72720336914062,111.53269958496094
448.5859069824219,239.0115966796875,103.82319641113281,111.6969985961914
448.4035949707031,240.66690063476562,104.43219757080078,108.63020324707031
450.1311950683594,238.7386016845703,101.81109619140625,109.74649810791016
445.58331298828125,236.84219360351562,106.57270050048828,112.3595962524414
446.565185546875,236.8760986328125,105.03150177001953,109.63410186767578
445.40948486328125,235.05029296875,106.02130126953125,111.72720336914062
448.0087890625,236.25360107421875,104.3198013305664,109.20259857177734
447.4197082519531,237.3011016845703,104.38410186767578,108.87850189208984
450.2439880371094,233.62460327148438,101.53780364990234,111.552001953125
447.3536071777344,238.34669494628906,105.21109771728516,107.45970153808594
448.41949462890625,234.7454071044922,102.16609954833984,110.33940124511719
446.6412048339844,238.4680938720703,104.92539978027344,107.66739654541016
449.23919677734375,236.7165985107422,100.29550170898438,109.47109985351562
449.87310791015625,236.57449340820312,100.93930053710938,110.46019744873047
446.2538146972656,239.53729248046875,105.10900115966797,108.54229736328125
448.9046936035156,240.5408935546875,98.45189666748047,107.89640045166016
448.349609375,241.3278045654297,98.55780029296875,109.80470275878906
450.30859375,242.1374969482422,95.0416030883789,109.44190216064453
448.59710693359375,244.34979248046875,93.29789733886719,108.3019027709961
451.014892578125,245.9163055419922,92.32389831542969,107.56279754638672
448.2815856933594,247.8966064453125,89.19850158691406,107.3323974609375
452.23480224609375,248.17770385742188,84.48739624023438,107.60870361328125
447.43310546875,247.8280029296875,89.57550048828125,109.32550048828125
448.10791015625,249.63400268554688,85.3114013671875,108.66649627685547
446.7413024902344,245.3430938720703,87.30139923095703,113.63490295410156
446.3431091308594,251.29879760742188,86.07749938964844,107.8290023803711
448.13958740234375,249.14309692382812,82.7113037109375,111.1083984375
448.40399169921875,247.8533935546875,82.37139892578125,112.0447006225586
453.8810119628906,268.3988952636719,76.3511962890625,92.60179901123047
449.2594909667969,257.8279113769531,79.57129669189453,101.97689819335938
451.6590881347656,271.89239501953125,76.26909637451172,89.0177001953125
449.9891052246094,257.4476013183594,77.0177001953125,102.27629852294922
452.6355895996094,273.0437927246094,75.32270050048828,86.4885025024414
449.34710693359375,271.5072937011719,77.0353012084961,87.97160339355469
450.36041259765625,269.3236999511719,76.8405990600586,91.2074966430664
451.57861328125,277.46490478515625,73.63970184326172,83.5165023803711
449.22930908203125,247.1282958984375,77.81770324707031,113.13500213623047
449.52410888671875,248.15460205078125,77.42489624023438,112.86139678955078
449.798095703125,251.43679809570312,76.58930206298828,109.9634017944336
449.980712890625,252.83509826660156,75.80979919433594,109.33940124511719
449.8949890136719,275.6346130371094,75.79660034179688,86.81999969482422
449.0663146972656,272.8252868652344,76.6707992553711,88.6261978149414
449.7034912109375,274.9444885253906,76.80619812011719,87.02179718017578
450.0278015136719,275.3304138183594,75.25050354003906,86.697998046875
448.0339050292969,271.6671142578125,77.87550354003906,90.10820007324219
449.4851989746094,269.4833068847656,76.4561996459961,92.23030090332031
449.2898864746094,259.8923034667969,76.33290100097656,101.17569732666016
450.6028137207031,272.9613952636719,75.23280334472656,90.01260375976562
449.53399658203125,269.7861022949219,75.33059692382812,92.0553970336914
449.552001953125,260.3109130859375,76.93579864501953,101.58760070800781
448.69488525390625,269.48199462890625,76.42310333251953,93.23699951171875
448.1789855957031,258.0963134765625,76.15080261230469,104.36519622802734
448.4988098144531,257.85809326171875,75.92780303955078,104.33910369873047
449.394287109375,258.5986022949219,76.74019622802734,103.35859680175781
448.900390625,257.8865051269531,77.97309875488281,103.9718017578125
448.7235107421875,256.3163146972656,77.74729919433594,105.70480346679688
447.6297912597656,250.49609375,81.2063980102539,110.83560180664062
447.1358947753906,251.4873046875,78.12110137939453,110.53800201416016
446.6221008300781,264.26409912109375,78.95439910888672,97.20040130615234
445.3185119628906,263.6824035644531,77.13240051269531,97.88909912109375
445.5946044921875,258.6507873535156,75.76020050048828,102.3279037475586
445.3113098144531,260.0429992675781,75.72270202636719,102.87670135498047
445.1416015625,259.37078857421875,74.19029998779297,103.22709655761719
444.0382080078125,250.83700561523438,75.47579956054688,111.71820068359375
444.6629943847656,254.80450439453125,74.85440063476562,108.13970184326172
444.9458923339844,263.9285888671875,76.2761001586914,98.78679656982422
445.11309814453125,262.1672058105469,75.73680114746094,99.8510971069336
445.80218505859375,250.2010040283203,75.38520050048828,111.76260375976562
446.80999755859375,254.15089416503906,74.96869659423828,109.0353012084961
447.57281494140625,262.2195129394531,75.01200103759766,99.2323989868164
447.1628112792969,265.5216979980469,74.65149688720703,95.8843994140625
446.7369079589844,257.056884765625,75.50650024414062,104.5176010131836
447.92449951171875,262.10589599609375,75.44129943847656,100.05470275878906
446.7814025878906,251.6719970703125,76.16000366210938,110.53620147705078
447.2264099121094,251.48460388183594,76.82250213623047,109.94290161132812
447.20770263671875,252.7989959716797,79.06439971923828,109.16179656982422
447.4054870605469,251.90260314941406,78.997802734375,109.67479705810547
448.0260925292969,250.14419555664062,79.2123031616211,112.1707992553711
447.7944030761719,247.1479949951172,78.88400268554688,115.40480041503906
449.1065979003906,246.08689880371094,79.49829864501953,115.51580047607422
448.3725891113281,246.3592071533203,82.66629791259766,115.37259674072266
449.7565002441406,249.6165008544922,80.98519897460938,111.7219009399414
448.59649658203125,251.79139709472656,81.51239776611328,109.31719970703125
450.6144104003906,248.49659729003906,79.45149993896484,113.24949645996094
450.056396484375,249.88870239257812,80.81390380859375,111.74859619140625
449.6018981933594,250.35800170898438,80.61620330810547,111.57939910888672
450.3341979980469,249.852294921875,80.04190063476562,111.3551025390625
451.1413879394531,246.51199340820312,78.91560363769531,113.65489959716797
450.05010986328125,248.79409790039062,80.93379974365234,111.67359924316406
450.3528137207031,250.19009399414062,80.30220031738281,111.00479888916016
450.1174011230469,248.8354034423828,80.62300109863281,112.09850311279297
449.5343017578125,249.78070068359375,81.46959686279297,112.095703125
449.9880065917969,249.7436981201172,79.19989776611328,112.36219787597656
448.72021484375,247.88560485839844,79.15170288085938,114.19509887695312
449.5221862792969,253.21839904785156,77.4623031616211,109.13890075683594
449.41400146484375,250.45120239257812,78.53790283203125,111.56289672851562
448.59228515625,248.85470581054688,78.43070220947266,113.21869659423828
449.0195007324219,246.33250427246094,77.53679656982422,115.14929962158203
448.093994140625,249.6573028564453,76.88269805908203,112.01969909667969
447.50860595703125,248.94729614257812,78.3313980102539,111.68949890136719
448.597412109375,246.1562957763672,76.54070281982422,115.11270141601562
448.1484069824219,248.03109741210938,77.63330078125,112.66429901123047
448.5721130371094,245.8332061767578,75.90570068359375,114.80650329589844
447.1343078613281,246.74920654296875,76.99939727783203,115.52469635009766
447.20599365234375,248.37539672851562,76.71880340576172,111.99430084228516
447.94189453125,249.00709533691406,75.92230224609375,111.31719970703125
448.1661071777344,248.37559509277344,76.86119842529297,112.38140106201172
448.1046142578125,249.39649963378906,77.0115966796875,111.47229766845703
449.0527038574219,247.3365936279297,76.81109619140625,113.95800018310547
450.1235046386719,249.18069458007812,76.24729919433594,112.29949951171875
450.27679443359375,247.36439514160156,76.48249816894531,114.05449676513672
450.7547912597656,252.597900390625,77.87680053710938,109.43450164794922
451.04449462890625,248.7147979736328,78.56900024414062,113.51959991455078
453.0898132324219,251.0406036376953,76.0792007446289,111.25420379638672
451.85211181640625,249.96749877929688,77.78849792480469,111.85320281982422
452.02349853515625,247.93649291992188,77.5094985961914,113.90579986572266
453.0799865722656,245.4134979248047,77.83779907226562,116.13130187988281
454.6863098144531,248.1363067626953,78.35820007324219,113.11820220947266
453.5465087890625,246.32980346679688,79.63169860839844,115.7582015991211
454.4504089355469,248.20640563964844,79.37879943847656,112.8584976196289
453.8601989746094,244.64349365234375,80.1417007446289,117.55509948730469
455.8705139160156,247.25439453125,80.28489685058594,114.18119812011719
454.5317077636719,244.41259765625,81.68350219726562,115.9009017944336
456.26080322265625,245.57470703125,81.84950256347656,115.9646987915039
455.726806640625,244.36070251464844,82.81880187988281,115.75160217285156
456.0257873535156,245.91510009765625,81.13040161132812,115.82659912109375
455.1856994628906,245.23170471191406,80.98809814453125,115.06420135498047
454.6383056640625,242.74940490722656,84.73709869384766,117.6051025390625
454.4461975097656,244.57269287109375,85.33930206298828,114.96179962158203
453.09210205078125,240.85879516601562,87.6532974243164,117.60549926757812
454.92510986328125,246.24819946289062,87.0696029663086,112.6947021484375
453.6659851074219,241.35040283203125,89.2322006225586,117.19830322265625
455.5799865722656,243.46119689941406,88.01360321044922,115.08260345458984
454.63128662109375,240.58999633789062,89.72550201416016,117.39109802246094
454.4236145019531,242.30250549316406,90.9739990234375,115.07769775390625
454.9523010253906,239.5863037109375,91.7572021484375,117.37699890136719
454.78369140625,241.42779541015625,93.13749694824219,115.77529907226562
456.0682067871094,240.8361053466797,93.59880065917969,116.08499908447266
456.5439147949219,240.45480346679688,93.9583969116211,116.53579711914062
457.00860595703125,241.28199768066406,94.76260375976562,115.99400329589844
457.57861328125,241.89039611816406,96.78720092773438,115.18900299072266
458.1798095703125,242.1743927001953,97.26969909667969,113.78450012207031
458.0918884277344,240.56149291992188,96.53669738769531,114.00180053710938
458.78179931640625,241.99549865722656,95.17459869384766,112.93090057373047
458.7101135253906,243.39639282226562,95.64420318603516,111.73979949951172
457.9930114746094,244.98069763183594,95.59030151367188,111.70030212402344
458.11871337890625,244.67149353027344,101.91699981689453,111.73760223388672
457.41839599609375,244.2799072265625,95.42510223388672,112.72000122070312
458.0437927246094,245.22230529785156,94.63390350341797,111.31210327148438
458.2077941894531,245.289794921875,89.26740264892578,111.51930236816406
457.58441162109375,245.7624053955078,92.10639953613281,109.6530990600586
456.8109130859375,245.4897003173828,89.56289672851562,109.36080169677734
457.30828857421875,245.06520080566406,86.05509948730469,109.66100311279297
456.77978515625,245.77149963378906,86.65470123291016,109.03260040283203
456.1625061035156,244.71600341796875,85.489501953125,109.25299835205078
456.8763122558594,244.71249389648438,85.14610290527344,108.96019744873047
455.8870849609375,246.25360107421875,84.79039764404297,107.4552993774414
455.2423095703125,245.63369750976562,85.18509674072266,107.32340240478516
455.6976013183594,246.1125030517578,85.7343978881836,106.84950256347656
455.77398681640625,245.66409301757812,85.69439697265625,107.75779724121094
456.0669860839844,245.9315948486328,86.32029724121094,107.57369995117188
456.54779052734375,245.3332061767578,85.71659851074219,108.46790313720703
457.71759033203125,245.76190185546875,84.61329650878906,107.48359680175781
457.59698486328125,245.622802734375,86.61799621582031,108.25749969482422
458.1040954589844,246.61489868164062,84.4823989868164,107.472900390625
459.0150146484375,248.6970977783203,84.21510314941406,106.09629821777344
458.093994140625,248.73500061035156,85.01750183105469,106.08000183105469
458.1588134765625,248.4593963623047,86.63829803466797,106.11250305175781
458.9830017089844,248.2678985595703,84.95659637451172,106.36470031738281
458.84320068359375,249.0511932373047,85.23609924316406,106.38140106201172
458.9656066894531,249.3529052734375,85.98380279541016,106.49690246582031
459.135009765625,251.18089294433594,85.41490173339844,105.0792007446289
459.1260986328125,252.1092987060547,86.20690155029297,104.80570220947266
459.07220458984375,251.0467071533203,86.31990051269531,106.08689880371094
459.0956115722656,250.1024932861328,86.9374008178711,107.05549621582031
458.9252014160156,250.85560607910156,86.20870208740234,106.841796875
459.2267150878906,252.49769592285156,86.13050079345703,106.32060241699219
459.5087890625,252.23770141601562,87.25910186767578,106.0593032836914
459.3765869140625,250.7884979248047,87.47460174560547,107.54399871826172
460.256591796875,251.00450134277344,88.09300231933594,106.73919677734375
460.79620361328125,252.44459533691406,87.02839660644531,106.04440307617188
460.3922119140625,250.87159729003906,86.93820190429688,107.35679626464844
460.9088134765625,252.59190368652344,87.06710052490234,106.44120025634766
460.8945007324219,252.38389587402344,88.01789855957031,106.98210144042969
460.2213134765625,253.51089477539062,87.38079833984375,106.40390014648438
459.7809143066406,254.627197265625,89.25,106.28900146484375
460.19378662109375,256.0452880859375,89.65570068359375,105.44190216064453
459.7868957519531,257.4939880371094,88.50640106201172,105.5425033569336
459.7604064941406,257.3523864746094,89.70439910888672,105.52179718017578
460.15399169921875,257.9714050292969,91.00789642333984,105.08399963378906
461.09161376953125,256.29681396484375,89.0376968383789,106.3270034790039
460.9783020019531,257.9924011230469,91.80950164794922,105.07489776611328
462.4682922363281,257.8757019042969,91.66670227050781,106.25150299072266
461.7384948730469,256.6794128417969,91.57640075683594,106.5103988647461
462.197509765625,258.6684875488281,92.14140319824219,104.63870239257812
462.4118957519531,257.8749084472656,94.55079650878906,106.88169860839844
463.364501953125,258.3439025878906,95.8270034790039,106.44139862060547
463.7438049316406,257.2449035644531,97.79139709472656,108.09329986572266
463.1816101074219,257.6553955078125,96.91500091552734,109.1178970336914
463.8232116699219,257.9805908203125,97.15550231933594,108.33200073242188
464.24688720703125,258.0519104003906,97.731201171875,107.74199676513672
463.6990051269531,258.964111328125,102.32520294189453,108.12750244140625
465.1253967285156,258.8587951660156,100.427001953125,108.95110321044922
464.7333068847656,259.83660888671875,100.49539947509766,108.24659729003906
465.4652099609375,260.3599853515625,100.75279998779297,107.11740112304688
465.6189880371094,260.0552978515625,102.02069854736328,107.53790283203125
465.64990234375,260.75079345703125,102.48400115966797,106.64620208740234
465.7333984375,260.96270751953125,103.20079803466797,106.64800262451172
466.1831970214844,259.6007995605469,102.29070281982422,108.95429992675781
465.4128112792969,258.8905029296875,102.16380310058594,108.40859985351562
465.694091796875,258.4346923828125,103.87139892578125,108.52359771728516
466.2026062011719,257.50250244140625,103.44879913330078,109.77259826660156
466.82379150390625,257.1340026855469,103.0873031616211,109.97789764404297
467.25531005859375,258.0856018066406,103.68260192871094,109.95179748535156
467.868896484375,258.401611328125,101.96649932861328,109.80789947509766
467.3681945800781,259.61981201171875,102.58879852294922,109.30770111083984
467.6532897949219,259.18310546875,100.86519622802734,109.60659790039062
467.19970703125,259.14581298828125,99.83260345458984,110.89700317382812
468.0971984863281,257.947509765625,97.93990325927734,111.26200103759766
467.9092102050781,254.77560424804688,96.12650299072266,114.51110076904297
467.4010009765625,256.23541259765625,94.9303970336914,114.2782974243164
468.54058837890625,256.90478515625,91.32759857177734,112.89119720458984
468.5552062988281,256.72760009765625,88.15190124511719,111.74819946289062
467.91680908203125,255.28329467773438,85.31639862060547,112.11579895019531
467.37579345703125,255.9029998779297,83.28119659423828,111.30950164794922
466.3456115722656,256.9397888183594,82.5208969116211,109.09290313720703
461.4591064453125,256.6005859375,83.45050048828125,110.2676010131836
460.14849853515625,255.90280151367188,82.65019989013672,110.13400268554688
458.7742004394531,255.83290100097656,81.10320281982422,110.6427993774414
455.2362060546875,256.33819580078125,81.64949798583984,110.40850067138672
454.4453125,255.9385986328125,79.26509857177734,110.94029998779297
452.35650634765625,256.66949462890625,79.2771987915039,112.09020233154297
450.49591064453125,256.0664978027344,80.3198013305664,111.53589630126953
448.3341979980469,256.548095703125,80.97370147705078,112.0907974243164
446.031494140625,255.96449279785156,81.86840057373047,111.76950073242188
446.6842041015625,256.15838623046875,79.34190368652344,112.33159637451172
445.8478088378906,256.0791931152344,79.72940063476562,111.7477035522461
444.3431091308594,256.2796936035156,79.95379638671875,110.91169738769531
443.88751220703125,256.12249755859375,79.38870239257812,112.27940368652344
442.9569091796875,255.50430297851562,79.55169677734375,112.658203125
442.3601989746094,254.62440490722656,79.89790344238281,114.4531021118164
441.6014099121094,253.08529663085938,79.7477035522461,114.93199920654297
440.7685852050781,251.91180419921875,79.85199737548828,115.970703125
440.34521484375,252.27110290527344,80.31749725341797,116.20700073242188
438.61529541015625,251.40220642089844,81.31800079345703,115.29450225830078
437.22479248046875,252.70579528808594,81.58899688720703,113.90299987792969
435.2367858886719,252.29269409179688,83.41089630126953,113.47769927978516
433.61700439453125,251.17770385742188,83.5615005493164,114.72740173339844
432.9411926269531,251.339599609375,84.57209777832031,114.45269775390625
431.537109375,251.2635040283203,85.07740020751953,114.3313980102539
429.50140380859375,251.0876007080078,86.09600067138672,114.60009765625
429.6505126953125,250.56089782714844,84.63729858398438,116.07080078125
430.62701416015625,250.8134002685547,84.46510314941406,115.52449798583984
428.7912902832031,250.5760040283203,86.06580352783203,114.72419738769531
428.7334899902344,250.3784942626953,84.82879638671875,115.71990203857422
428.47918701171875,251.23049926757812,85.23699951171875,114.63849639892578
429.57611083984375,250.7906036376953,84.7384033203125,114.86199951171875
428.3063049316406,250.976806640625,85.93699645996094,115.70040130615234
429.7561950683594,251.87930297851562,83.96479797363281,115.35320281982422
427.4648132324219,251.8563995361328,87.03240203857422,114.26470184326172
426.885009765625,252.65989685058594,88.31109619140625,115.443603515625
426.6308898925781,252.68299865722656,89.56670379638672,115.80599975585938
428.360595703125,252.65260314941406,88.79920196533203,115.08560180664062
426.8883056640625,253.9705047607422,88.75640106201172,114.33480072021484
429.11419677734375,254.4770050048828,88.1447982788086,113.94319915771484
427.1614074707031,254.60470581054688,89.15339660644531,113.72329711914062
431.75408935546875,254.6136016845703,85.79900360107422,113.75589752197266
430.1925964355469,257.1310119628906,89.63700103759766,112.4884033203125
432.4884948730469,257.1148986816406,86.99490356445312,112.18890380859375
431.89111328125,255.33399963378906,89.29910278320312,114.86990356445312
431.0050964355469,255.29420471191406,91.73789978027344,114.23490142822266
432.7947082519531,254.06910705566406,91.91020202636719,116.2074966430664
434.1018981933594,254.31430053710938,89.71990203857422,114.93810272216797
435.90789794921875,254.12379455566406,90.52169799804688,115.17369842529297
430.7862854003906,255.23440551757812,93.93489837646484,114.29239654541016
436.14208984375,254.1168975830078,90.339599609375,115.83180236816406
433.94390869140625,254.71820068359375,92.54750061035156,115.57430267333984
436.3392028808594,253.4748992919922,90.65760040283203,116.30850219726562
433.4656066894531,253.6905975341797,92.30290222167969,117.46269989013672
437.8835144042969,254.88699340820312,89.23729705810547,116.02950286865234
435.1108093261719,253.55099487304688,93.20670318603516,118.3062973022461
436.8656005859375,253.89149475097656,91.51100158691406,118.2489013671875
436.1094055175781,253.46009826660156,92.96389770507812,118.0802993774414
435.85540771484375,253.8135986328125,91.89929962158203,118.41570281982422
436.98870849609375,254.56719970703125,91.81950378417969,118.70439910888672
436.91729736328125,254.4095001220703,91.606201171875,118.79730224609375
436.99609375,253.72369384765625,91.50170135498047,120.2842025756836
437.64190673828125,253.6595001220703,91.05339813232422,120.44660186767578
436.5246887207031,253.63189697265625,91.4552993774414,121.69180297851562
438.5415954589844,253.2657012939453,89.30039978027344,121.95279693603516
437.5504150390625,252.95489501953125,89.50080108642578,122.85209655761719
437.73779296875,252.52040100097656,90.27189636230469,123.86019897460938
436.1217041015625,252.29400634765625,91.8583984375,124.54049682617188
437.9801025390625,252.46969604492188,88.76190185546875,124.69950103759766
438.7167053222656,252.8206024169922,88.04180145263672,126.15889739990234
438.8739929199219,253.12710571289062,87.71410369873047,126.44969940185547
439.31060791015625,254.83929443359375,87.29869842529297,126.45690155029297
440.7911071777344,256.2267150878906,86.38310241699219,124.39810180664062
440.34429931640625,256.7510986328125,87.72450256347656,125.4447021484375
439.91180419921875,257.56298828125,89.01219940185547,125.62979888916016
438.8164978027344,257.00689697265625,89.87220001220703,124.97239685058594
439.8252868652344,256.87451171875,88.97799682617188,126.73660278320312
439.7533874511719,256.49560546875,89.11959838867188,125.88520050048828
438.4932861328125,256.2102966308594,91.82679748535156,127.97360229492188
440.42669677734375,255.67080688476562,90.82360076904297,127.51640319824219
440.7861022949219,255.8195037841797,90.12030029296875,127.7042007446289
441.0722961425781,256.94989013671875,90.21289825439453,125.7970962524414
442.36248779296875,256.9364013671875,89.12930297851562,126.29109954833984
443.5351867675781,257.1294860839844,88.73400115966797,124.84089660644531
444.3111877441406,257.03399658203125,88.64140319824219,125.29119873046875
444.7997131347656,256.281005859375,89.49369812011719,126.2562026977539
445.0013122558594,257.80950927734375,90.46430206298828,126.46600341796875
447.30889892578125,256.3948059082031,88.6864013671875,127.61180114746094
446.2601013183594,258.2702941894531,89.8239974975586,127.8364028930664
446.7503967285156,259.39239501953125,90.12259674072266,125.28559875488281
446.818603515625,260.2016906738281,90.31510162353516,126.02690124511719
448.7107849121094,258.452392578125,90.25160217285156,127.36730194091797
447.77301025390625,258.9403991699219,93.2177963256836,128.01210021972656
447.7745056152344,259.3568115234375,93.3927001953125,128.81790161132812
447.6745910644531,262.498291015625,93.947998046875,126.35009765625
446.86871337890625,259.6325988769531,96.64520263671875,129.76319885253906
447.34521484375,261.0361022949219,96.52100372314453,130.002197265625
446.6354064941406,262.65240478515625,98.3010025024414,129.3332977294922
446.83099365234375,263.19049072265625,96.02749633789062,130.3350067138672
446.3114929199219,259.66729736328125,98.50769805908203,135.54649353027344
445.6579895019531,255.75050354003906,98.79100036621094,139.52769470214844
445.439208984375,255.8625946044922,99.69290161132812,139.73060607910156
446.2319030761719,254.1074981689453,98.6854019165039,143.67239379882812
446.3674011230469,256.31439208984375,100.67479705810547,142.48019409179688
445.5845947265625,256.4783020019531,105.60430145263672,142.58929443359375
445.830810546875,261.7875061035156,104.70960235595703,140.82240295410156
445.2532043457031,259.9866027832031,106.72859954833984,144.12319946289062
444.7594909667969,261.7853088378906,104.81990051269531,142.1999053955078
445.2593078613281,259.8662109375,105.8759994506836,145.77110290527344
445.8528137207031,262.58270263671875,104.61080169677734,143.4044952392578
446.18170166015625,257.82958984375,107.0718002319336,148.99119567871094
445.0813903808594,257.9443054199219,109.07230377197266,147.07119750976562
448.5166931152344,253.956298828125,110.572998046875,148.99070739746094
448.5010070800781,257.8797912597656,115.94309997558594,145.5279998779297
449.8406982421875,253.6531982421875,118.00890350341797,147.9075927734375
452.2835998535156,252.0998992919922,118.63739776611328,149.8925018310547
454.2409973144531,250.12289428710938,120.17659759521484,151.81370544433594
455.07830810546875,248.48049926757812,120.1635971069336,154.38609313964844
458.2449035644531,251.71890258789062,119.41059875488281,152.66029357910156
458.47210693359375,252.16209411621094,120.66130065917969,153.2322998046875
457.3565979003906,252.64610290527344,125.94390106201172,154.44309997558594
460.29669189453125,253.9980010986328,128.31219482421875,153.389404296875
460.0314025878906,254.6571044921875,132.60000610351562,155.25669860839844
461.310302734375,252.7364044189453,135.8144073486328,158.277099609375
460.86151123046875,256.8760986328125,140.16250610351562,155.3701934814453
463.7939147949219,258.4773864746094,142.4282989501953,155.522705078125
463.1535949707031,256.2528076171875,146.82969665527344,159.51589965820312
466.6861877441406,252.9219970703125,146.00070190429688,164.8489990234375
468.4779052734375,252.17889404296875,147.10279846191406,167.8197021484375
468.19268798828125,252.8459014892578,150.51629638671875,169.73519897460938
470.3037109375,253.38070678710938,152.85719299316406,171.9947052001953
472.12750244140625,260.0151062011719,152.6522979736328,167.14630126953125
473.2463073730469,260.4372863769531,152.5424041748047,169.73219299316406
472.4096984863281,258.9906005859375,153.89109802246094,174.66000366210938
478.6047058105469,261.54180908203125,148.63600158691406,172.85890197753906
477.71319580078125,261.55511474609375,147.96600341796875,173.1820068359375
479.92510986328125,264.7073059082031,145.3948974609375,170.51010131835938
482.8605041503906,266.73260498046875,140.918701171875,168.4759979248047
485.15789794921875,272.8660888671875,140.31350708007812,163.17489624023438
484.1210021972656,269.2882080078125,142.2122039794922,167.12559509277344
486.089111328125,272.8044128417969,141.11099243164062,162.97850036621094
487.5177917480469,274.8941955566406,141.0570068359375,160.6345977783203
487.9772033691406,267.2221984863281,142.29429626464844,169.1717987060547
490.6449890136719,276.7654113769531,139.89549255371094,160.0330047607422
491.4826965332031,272.18609619140625,144.3887939453125,165.560302734375
491.23968505859375,272.3590087890625,139.23980712890625,165.71080017089844
492.2229919433594,271.94970703125,145.51119995117188,166.30889892578125
493.62811279296875,272.5647888183594,143.3155059814453,164.08299255371094
494.42449951171875,265.6028137207031,139.75160217285156,170.45509338378906
495.5888977050781,266.14599609375,141.13510131835938,168.90780639648438
