1
168.68089294433594,179.55279541015625,107.09629821777344,98.66889953613281
219.08619689941406,173.11709594726562,108.53970336914062,102.1364974975586
237.73789978027344,171.060302734375,111.93270111083984,102.72630310058594
302.31768798828125,162.91720581054688,103.6854019165039,100.8499984741211
325.4273986816406,155.4344024658203,104.26619720458984,101.07099914550781
337.4847106933594,161.48599243164062,104.03299713134766,98.65679931640625
347.52630615234375,188.50540161132812,106.50879669189453,86.00900268554688
345.31390380859375,203.40870666503906,112.39679718017578,81.34010314941406
349.6918029785156,203.1259002685547,108.4448013305664,77.36389923095703
350.1048889160156,221.2073974609375,108.44270324707031,73.9834976196289
342.45098876953125,206.3209991455078,111.90480041503906,82.91829681396484
334.8622131347656,206.65719604492188,111.68720245361328,88.46060180664062
334.1153869628906,210.70790100097656,111.69390106201172,78.47889709472656
355.414306640625,213.0269012451172,107.70359802246094,76.70259857177734
351.82000732421875,212.98330688476562,110.57779693603516,74.97740173339844
354.8276062011719,209.11199951171875,114.62789916992188,80.22820281982422
355.8898010253906,209.46240234375,113.33000183105469,82.82869720458984
358.91241455078125,213.2716064453125,108.91230010986328,71.0114974975586
355.294189453125,214.09930419921875,106.80940246582031,84.1697998046875
349.1239013671875,213.54989624023438,113.27420043945312,84.90399932861328
345.364013671875,212.58560180664062,112.62039947509766,79.23049926757812
349.79620361328125,211.885498046875,105.84700012207031,81.03369903564453
350.006103515625,215.39410400390625,110.2531967163086,73.45909881591797
350.7549133300781,213.58889770507812,111.01260375976562,82.32369995117188
352.6789855957031,214.8282012939453,107.1458969116211,76.17400360107422
352.4021911621094,214.61740112304688,108.03469848632812,75.9822998046875
349.41790771484375,214.3843994140625,109.22209930419922,74.0969009399414
353.84228515625,215.22610473632812,107.37660217285156,74.41629791259766
349.94879150390625,213.8157958984375,110.68669891357422,75.85320281982422
352.7861022949219,214.35870361328125,106.22489929199219,83.36100006103516
348.8721008300781,213.4980926513672,110.04889678955078,83.03610229492188
351.89410400390625,211.92709350585938,106.43599700927734,78.44550323486328
353.77679443359375,212.88729858398438,104.67160034179688,81.14579772949219
353.3357849121094,214.29269409179688,105.80439758300781,75.7125015258789
350.5469055175781,210.98240661621094,108.00460052490234,80.72789764404297
356.9173889160156,212.5341033935547,103.69229888916016,86.91320037841797
355.2088928222656,211.18899536132812,107.03269958496094,88.52909851074219
341.3294982910156,210.7230987548828,122.9219970703125,81.09300231933594
350.6748046875,209.87229919433594,109.3301010131836,81.74909973144531
352.2887878417969,209.15089416503906,109.56629943847656,84.85340118408203
357.40899658203125,208.9635009765625,107.65560150146484,88.40619659423828
361.0346984863281,208.5756072998047,104.8988037109375,89.50800323486328
360.6498107910156,208.2425994873047,107.58509826660156,92.66709899902344
362.343994140625,206.4011993408203,107.33580017089844,96.20659637451172
367.135009765625,209.3079071044922,107.7885971069336,101.43170166015625
369.7025146484375,210.16160583496094,108.84149932861328,94.17659759521484
362.3915100097656,211.11729431152344,119.60549926757812,92.0719985961914
372.9645080566406,213.79930114746094,108.13289642333984,91.82389831542969
369.818115234375,213.29299926757812,111.83470153808594,92.56510162353516
371.9460144042969,212.17759704589844,109.81549835205078,91.57559967041016
370.9305114746094,212.23370361328125,111.53260040283203,93.20780181884766
368.0223083496094,211.7425994873047,113.70780181884766,92.65139770507812
360.4306945800781,211.8603973388672,121.21649932861328,95.57710266113281
364.1329040527344,210.5941925048828,116.79309844970703,93.38469696044922
367.01971435546875,211.18710327148438,111.57150268554688,86.92289733886719
365.1308898925781,210.20989990234375,112.1990966796875,95.04409790039062
365.30230712890625,212.20989990234375,112.40390014648438,84.78479766845703
361.99798583984375,210.28860473632812,111.08450317382812,87.1626968383789
360.5176086425781,209.66419982910156,109.78810119628906,91.89340209960938
359.4570007324219,209.8802032470703,108.18890380859375,82.46630096435547
354.87548828125,211.9152069091797,111.32009887695312,77.91680145263672
356.2056884765625,213.95469665527344,108.10559844970703,77.98290252685547
356.5486145019531,214.48300170898438,109.41190338134766,75.2134017944336
346.85540771484375,215.2407989501953,117.07520294189453,74.9175033569336
352.3284912109375,213.38800048828125,110.1709976196289,78.91280364990234
354.9093933105469,213.7552947998047,106.91850280761719,79.97049713134766
352.7052001953125,212.61019897460938,108.17949676513672,76.80439758300781
352.5592956542969,212.2938995361328,105.93939971923828,76.22760009765625
354.1615905761719,213.54739379882812,102.27670288085938,76.10310363769531
347.3793029785156,212.77169799804688,108.81849670410156,83.19930267333984
350.2406005859375,213.3997039794922,106.27130126953125,77.41349792480469
352.6487121582031,213.3928985595703,103.31909942626953,77.66850280761719
352.36370849609375,213.3441925048828,107.50830078125,83.8572006225586
353.7508850097656,214.38890075683594,108.22959899902344,78.18219757080078
354.58599853515625,214.57359313964844,107.19779968261719,78.10379791259766
352.6686096191406,213.9344024658203,108.94509887695312,80.38040161132812
352.5362854003906,213.70120239257812,110.443603515625,80.10440063476562
351.5657043457031,214.2570037841797,112.73600006103516,81.285400390625
354.9797058105469,215.44720458984375,108.76679992675781,75.50129699707031
351.0118103027344,213.13169860839844,110.86229705810547,77.45390319824219
352.5177001953125,214.1992950439453,108.29180145263672,77.97450256347656
351.9993896484375,214.30540466308594,110.11650085449219,75.14459991455078
352.2615051269531,212.91119384765625,108.22000122070312,87.25450134277344
349.8074951171875,213.9239044189453,108.17420196533203,75.8998031616211
354.0674133300781,214.1873016357422,103.11730194091797,82.52519989013672
345.6911926269531,213.98599243164062,114.03589630126953,79.19429779052734
351.7289123535156,214.0198974609375,106.51589965820312,77.55010223388672
353.8016052246094,213.95150756835938,107.09510040283203,75.58979797363281
354.5633850097656,214.30560302734375,107.39630126953125,79.55059814453125
354.002197265625,213.55929565429688,108.14739990234375,78.27149963378906
349.11749267578125,213.1529998779297,111.41329956054688,82.76200103759766
350.2756042480469,214.46119689941406,108.3511962890625,75.7667007446289
353.9388122558594,212.72019958496094,104.48539733886719,78.38690185546875
346.7580871582031,212.49200439453125,110.41300201416016,79.25150299072266
343.7464904785156,211.38299560546875,108.63960266113281,77.8656005859375
341.5719909667969,210.5847930908203,109.64949798583984,77.33200073242188
341.2192077636719,211.53970336914062,109.8031997680664,84.25769805908203
343.8013000488281,212.8488006591797,105.87069702148438,77.00849914550781
345.6343078613281,212.4040069580078,108.24659729003906,78.81929779052734
349.67449951171875,213.83349609375,109.89459991455078,76.26429748535156
351.4126892089844,213.95849609375,109.8219985961914,75.37670135498047
348.31500244140625,211.26109313964844,115.1260986328125,81.53980255126953
346.2532958984375,212.48989868164062,114.60820007324219,78.70989990234375
348.6982116699219,211.06260681152344,109.37460327148438,81.47879791259766
344.5682067871094,210.1802978515625,111.2522964477539,77.98079681396484
347.20458984375,209.92050170898438,104.81839752197266,82.00640106201172
335.1889953613281,206.73829650878906,117.58619689941406,93.46430206298828
333.9942932128906,207.4145050048828,118.48789978027344,86.75330352783203
