1
261.1611022949219,165.72340393066406,31.870899200439453,64.32649993896484
261.28741455078125,161.95010375976562,32.12969970703125,67.76370239257812
262.7620849609375,164.30690002441406,30.766300201416016,65.29509735107422
262.0328063964844,163.2122039794922,31.347700119018555,65.9572982788086
261.8811950683594,166.23789978027344,31.29050064086914,63.07600021362305
260.3576965332031,164.17860412597656,32.33259963989258,64.27890014648438
261.8255920410156,162.19369506835938,31.96809959411621,65.9291000366211
261.8789978027344,166.3863067626953,31.281999588012695,62.048500061035156
259.4359130859375,167.94580078125,34.26369857788086,60.43230056762695
261.393798828125,168.67999267578125,33.34270095825195,58.97209930419922
259.31689453125,169.4626007080078,35.363399505615234,58.84560012817383
261.1518859863281,169.52459716796875,34.185699462890625,57.342899322509766
261.6162109375,162.256103515625,31.69930076599121,65.5958023071289
261.6177062988281,157.64840698242188,32.40890121459961,68.9625015258789
261.2538146972656,167.0843048095703,31.624900817871094,58.168701171875
262.5776062011719,158.6876983642578,35.32170104980469,66.7157974243164
260.4819030761719,166.95970153808594,33.105098724365234,59.387901306152344
261.6095886230469,168.1103973388672,32.532100677490234,58.29719924926758
262.62689208984375,168.13760375976562,32.97420120239258,58.36370086669922
263.643798828125,168.32000732421875,31.925100326538086,58.678199768066406
263.5440979003906,168.16470336914062,32.082000732421875,57.67610168457031
265.4779052734375,168.36380004882812,31.712200164794922,56.94089889526367
267.8821105957031,167.88169860839844,31.119300842285156,56.671199798583984
269.4827880859375,165.34759521484375,31.765100479125977,59.24129867553711
271.28271484375,163.8238983154297,32.74290084838867,60.274898529052734
273.46630859375,150.9248046875,36.450199127197266,72.52269744873047
273.0635070800781,161.3321075439453,34.46200180053711,62.46120071411133
276.7939147949219,149.3271026611328,35.34000015258789,73.67539978027344
277.3212890625,151.0637969970703,35.29840087890625,70.79399871826172
278.7904052734375,150.018798828125,34.42539978027344,71.4209976196289
280.1094970703125,148.22210693359375,35.77429962158203,69.4843978881836
282.381103515625,145.76559448242188,36.87879943847656,71.1592025756836
285.9165954589844,146.55630493164062,36.15549850463867,68.48999786376953
288.78790283203125,145.1634979248047,34.99720001220703,63.7244987487793
292.994384765625,141.65609741210938,37.83290100097656,65.13600158691406
295.8031005859375,135.1887969970703,43.88930130004883,65.61489868164062
302.7781066894531,130.71270751953125,49.4286994934082,67.89320373535156
319.59600830078125,121.39779663085938,43.35749816894531,69.74449920654297
316.0260009765625,116.55259704589844,54.80120086669922,67.99019622802734
342.8584899902344,113.44349670410156,39.78340148925781,66.65010070800781
353.973388671875,118.50589752197266,38.09040069580078,55.347900390625
366.8832092285156,107.90299987792969,39.90359878540039,64.64540100097656
375.46051025390625,98.99949645996094,43.72439956665039,68.65660095214844
383.497314453125,117.18479919433594,41.88249969482422,48.80550003051758
393.805908203125,122.470703125,39.234798431396484,39.37289810180664
397.9877014160156,92.54979705810547,46.437400817871094,67.05130004882812
405.65350341796875,98.35189819335938,40.201698303222656,61.02170181274414
408.5794982910156,99.73930358886719,38.74409866333008,60.112300872802734
406.9744873046875,96.80780029296875,41.13800048828125,63.51350021362305
407.3584899902344,96.77729797363281,41.32350158691406,64.28849792480469
403.66400146484375,102.65489959716797,40.77199935913086,57.69670104980469
399.9587097167969,101.81849670410156,42.77939987182617,61.26070022583008
395.8677978515625,106.06600189208984,41.79570007324219,48.7952995300293
389.90478515625,108.34329986572266,44.27289962768555,57.98649978637695
388.5434875488281,133.5980987548828,33.23460006713867,41.64739990234375
384.4023132324219,141.6905975341797,28.67169952392578,34.5718994140625
373.40179443359375,152.4615020751953,31.06209945678711,31.595199584960938
362.2878112792969,147.2613067626953,32.94810104370117,43.82279968261719
347.47918701171875,136.9990997314453,39.59700012207031,53.76300048828125
339.15478515625,142.04429626464844,38.84080123901367,54.8213005065918
325.970703125,144.22039794921875,43.60850143432617,52.29050064086914
312.88720703125,148.08090209960938,44.50830078125,57.339500427246094
312.0621032714844,152.65350341796875,35.68550109863281,57.31990051269531
302.4112854003906,151.9521942138672,37.85219955444336,63.54930114746094
298.46929931640625,160.66160583496094,33.33810043334961,61.10219955444336
295.3844909667969,154.87950134277344,32.392398834228516,69.52420043945312
293.5820007324219,167.64959716796875,32.94419860839844,56.82360076904297
293.514404296875,160.53070068359375,33.02479934692383,66.91210174560547
292.401611328125,164.1302947998047,35.64619827270508,63.4901008605957
292.843994140625,163.24510192871094,36.997501373291016,65.82710266113281
293.593505859375,154.8385009765625,36.280601501464844,75.08370208740234
293.30810546875,147.40049743652344,37.424598693847656,80.71099853515625
293.5592956542969,152.0032958984375,35.964500427246094,75.53299713134766
294.8692932128906,149.3878936767578,35.48429870605469,77.63490295410156
294.9396057128906,149.59530639648438,34.32619857788086,77.23500061035156
297.0703125,166.84230041503906,31.776500701904297,60.3047981262207
295.4054870605469,163.87989807128906,33.913299560546875,64.54920196533203
296.84381103515625,167.59609985351562,32.827301025390625,60.89070129394531
294.1802062988281,158.4813995361328,35.383399963378906,69.595703125
295.5380859375,167.82679748535156,33.579898834228516,61.759700775146484
295.2273864746094,165.70379638671875,34.56060028076172,64.22450256347656
296.1488037109375,169.68980407714844,33.92020034790039,60.61349868774414
296.1783142089844,168.4822998046875,33.862701416015625,61.96799850463867
295.19189453125,169.0897979736328,34.20640182495117,61.28919982910156
296.2232971191406,168.01870727539062,33.660301208496094,60.99549865722656
296.7402038574219,168.8603057861328,32.66189956665039,60.62480163574219
296.93438720703125,169.31199645996094,32.770198822021484,60.162200927734375
297.1355895996094,169.67750549316406,32.69179916381836,60.02920150756836
296.22198486328125,168.42669677734375,34.06420135498047,60.160499572753906
295.9305114746094,168.1580047607422,34.20949935913086,60.241798400878906
297.5198974609375,169.52349853515625,32.80139923095703,58.472599029541016
296.2703857421875,168.95770263671875,33.558998107910156,59.482601165771484
295.5624084472656,168.6273956298828,33.72119903564453,60.48609924316406
296.25079345703125,168.91110229492188,33.75790023803711,60.735198974609375
295.5448913574219,169.22059631347656,34.6349983215332,60.26639938354492
296.1482849121094,167.88900756835938,33.690101623535156,60.44449996948242
294.73870849609375,164.7303009033203,35.224998474121094,64.54620361328125
290.9154968261719,161.83079528808594,36.55839920043945,67.61329650878906
256.9533996582031,142.0821990966797,45.56290054321289,98.24759674072266
263.13720703125,131.122802734375,44.424400329589844,105.21810150146484
269.5924987792969,129.21119689941406,49.61650085449219,103.2396011352539
276.1913146972656,128.29510498046875,48.31460189819336,104.11489868164062
283.64898681640625,113.19419860839844,47.27180099487305,117.37660217285156
288.49249267578125,112.41210174560547,50.430599212646484,103.97319793701172
294.1802062988281,107.83409881591797,50.63460159301758,105.91840362548828
299.19488525390625,95.50910186767578,53.12049865722656,110.46119689941406
294.6882019042969,173.58419799804688,33.487098693847656,57.90769958496094
294.2149963378906,170.3302001953125,32.72209930419922,60.29790115356445
293.7001953125,169.3957061767578,34.07749938964844,61.619300842285156
295.101806640625,169.5124053955078,34.97100067138672,60.998600006103516
295.6129150390625,168.42739868164062,33.56370162963867,61.915401458740234
294.0260009765625,168.57550048828125,34.16780090332031,62.397701263427734
295.5845947265625,168.94090270996094,31.536500930786133,62.11750030517578
296.4678955078125,169.62730407714844,30.94580078125,61.29750061035156
296.71649169921875,169.08709716796875,35.74290084838867,61.63050079345703
296.37548828125,168.82510375976562,31.04669952392578,62.225101470947266
296.64080810546875,167.16090393066406,32.036399841308594,63.58140182495117
296.1319885253906,168.47950744628906,30.091100692749023,62.474700927734375
296.6852111816406,166.9709930419922,30.079599380493164,62.89970016479492
296.6181945800781,169.5540008544922,29.112899780273438,61.02399826049805
297.1622009277344,168.95689392089844,29.04520034790039,60.77069854736328
297.9790954589844,168.18080139160156,29.46030044555664,61.90610122680664
296.7001953125,168.32980346679688,29.164100646972656,61.99489974975586
296.651611328125,167.68780517578125,27.79450035095215,62.67639923095703
296.2615966796875,170.57550048828125,28.393299102783203,59.07740020751953
296.2322998046875,169.38479614257812,28.774499893188477,60.61790084838867
294.1968994140625,168.26759338378906,30.825899124145508,61.422000885009766
295.497314453125,168.99240112304688,30.628599166870117,61.418399810791016
297.22589111328125,168.485107421875,27.63610076904297,61.245601654052734
294.0851135253906,167.50669860839844,30.609500885009766,61.604801177978516
296.3742980957031,169.88429260253906,28.63360023498535,60.196800231933594
296.63360595703125,169.8549041748047,28.729999542236328,60.95859909057617
295.8493957519531,167.293701171875,30.329700469970703,63.469398498535156
296.4389953613281,168.74769592285156,28.13360023498535,61.948299407958984
296.72540283203125,168.28489685058594,28.526399612426758,62.2588996887207
298.1791076660156,169.5178985595703,27.985200881958008,60.57550048828125
296.8080139160156,169.35009765625,27.503700256347656,61.48210144042969
296.2408142089844,167.08059692382812,29.00320053100586,62.77119827270508
297.38690185546875,168.22349548339844,28.07740020751953,61.63370132446289
296.5545959472656,169.14920043945312,27.78019905090332,60.49409866333008
297.48651123046875,168.39089965820312,28.82069969177246,62.10329818725586
297.055908203125,171.5717010498047,26.949199676513672,59.13399887084961
296.00628662109375,168.22579956054688,27.2992000579834,62.32469940185547
298.97149658203125,165.8730010986328,25.771299362182617,64.14320373535156
297.4211120605469,170.22479248046875,26.99959945678711,60.5004997253418
297.39471435546875,168.2501983642578,27.28059959411621,62.38740158081055
297.19891357421875,169.66209411621094,28.15180015563965,61.25640106201172
297.005615234375,167.98190307617188,27.235300064086914,62.02479934692383
297.9352111816406,169.5482940673828,26.40329933166504,61.48809814453125
297.8692932128906,167.99839782714844,27.38089942932129,62.383201599121094
295.63970947265625,169.16400146484375,28.326099395751953,61.12070083618164
297.6968078613281,168.54969787597656,27.539600372314453,61.82899856567383
298.2522888183594,170.03179931640625,27.767200469970703,60.861698150634766
297.160400390625,167.9324951171875,26.603200912475586,62.469200134277344
299.7388000488281,167.01519775390625,25.16390037536621,63.85960006713867
296.4971923828125,169.55059814453125,27.074499130249023,60.8109016418457
298.84521484375,168.65089416503906,26.058500289916992,62.06809997558594
297.6380920410156,168.30459594726562,27.390600204467773,62.21620178222656
297.0946960449219,168.4250946044922,28.835500717163086,62.2505989074707
296.84698486328125,167.6260986328125,27.036300659179688,62.329200744628906
299.3313903808594,168.76950073242188,25.53179931640625,61.80059814453125
295.837890625,167.09840393066406,27.87540054321289,63.837100982666016
300.11700439453125,169.54490661621094,26.20240020751953,59.980201721191406
296.025390625,167.4420928955078,29.358699798583984,62.64540100097656
299.4341125488281,168.23770141601562,25.022600173950195,62.35070037841797
296.456787109375,166.61279296875,28.26420021057129,64.4447021484375
