1
82.74569702148438,155.9102020263672,121.75399780273438,126.45819854736328
90.94450378417969,153.64010620117188,110.95149993896484,127.58219909667969
99.96279907226562,151.9571990966797,99.0927963256836,130.9635009765625
113.1769027709961,149.5872039794922,80.19419860839844,130.36619567871094
125.25740051269531,145.8585968017578,62.24150085449219,133.40350341796875
129.7958984375,147.47189331054688,49.984901428222656,130.6553955078125
128.60450744628906,150.20489501953125,50.212100982666016,127.00379943847656
122.85479736328125,150.18409729003906,71.95700073242188,126.78040313720703
115.98680114746094,153.04429626464844,93.18150329589844,123.97489929199219
110.83820343017578,152.18820190429688,110.12120056152344,126.94300079345703
107.5291976928711,160.96139526367188,121.5250015258789,116.54149627685547
105.7322006225586,157.4990997314453,126.14579772949219,119.21050262451172
107.52149963378906,153.70790100097656,127.86509704589844,123.408203125
107.131103515625,153.92239379882812,129.80149841308594,121.62809753417969
106.5864028930664,152.1461944580078,128.09869384765625,124.00489807128906
103.4552993774414,151.79840087890625,128.13150024414062,124.5510025024414
103.58470153808594,152.43569946289062,122.63240051269531,124.57579803466797
106.31909942626953,153.9311065673828,113.4385986328125,122.80149841308594
109.64510345458984,152.31149291992188,98.27870178222656,123.72239685058594
116.79109954833984,154.42820739746094,79.1155014038086,122.97969818115234
122.0011978149414,159.78909301757812,65.98509979248047,118.7853012084961
129.50360107421875,147.99510192871094,57.95289993286133,129.27940368652344
133.40069580078125,148.63819885253906,56.2036018371582,127.73999786376953
132.860107421875,148.79620361328125,62.26139831542969,126.94599914550781
132.21969604492188,146.5493927001953,64.4905014038086,129.99879455566406
124.66819763183594,146.45199584960938,76.3228988647461,129.1938018798828
123.5696029663086,143.87420654296875,78.24410247802734,131.3769989013672
110.3104019165039,143.62130737304688,95.64859771728516,129.98190307617188
97.56549835205078,147.40179443359375,110.943603515625,127.27110290527344
88.53829956054688,148.13009643554688,118.2864990234375,127.84729766845703
78.56919860839844,150.5655975341797,125.96279907226562,126.14600372314453
73.19349670410156,148.79620361328125,130.5023956298828,129.64309692382812
69.6886978149414,149.0507049560547,132.1190948486328,130.8079071044922
69.08529663085938,152.24090576171875,130.69540405273438,127.06670379638672
71.67659759521484,153.1959991455078,126.36109924316406,126.9269027709961
76.20539855957031,154.3708038330078,118.4209976196289,126.53119659423828
84.07990264892578,153.36239624023438,107.64800262451172,125.99690246582031
91.56610107421875,149.8415069580078,92.1094970703125,130.5836944580078
103.9542007446289,146.74940490722656,73.94650268554688,132.27999877929688
112.7354965209961,145.41909790039062,55.20429992675781,132.94769287109375
111.77690124511719,144.8292999267578,50.58720016479492,132.7720947265625
108.53379821777344,146.16360473632812,54.593299865722656,131.14759826660156
101.55449676513672,145.56590270996094,79.76679992675781,133.2528076171875
94.98760223388672,146.2805938720703,100.22309875488281,131.35389709472656
87.49490356445312,156.20899963378906,116.34439849853516,122.21700286865234
84.9739990234375,149.61709594726562,127.05130004882812,128.43380737304688
83.989501953125,152.73069763183594,134.0301971435547,124.41809844970703
83.19329833984375,153.0142059326172,137.1678924560547,123.79530334472656
84.87830352783203,150.49000549316406,135.00909423828125,124.62059783935547
87.23300170898438,149.93600463867188,129.92950439453125,126.96589660644531
86.85369873046875,149.10240173339844,125.00910186767578,128.64100646972656
90.40390014648438,145.9613037109375,115.0071029663086,130.92730712890625
96.26409912109375,142.74899291992188,99.50769805908203,133.97140502929688
103.63719940185547,148.04629516601562,81.19490051269531,130.32000732421875
112.27649688720703,159.67210388183594,69.97930145263672,119.69599914550781
120.68379974365234,145.7816925048828,63.38930130004883,134.2010040283203
126.18910217285156,150.94140625,63.58610153198242,129.5836944580078
128.97630310058594,152.64739990234375,70.29399871826172,129.3220977783203
121.12210083007812,152.94459533691406,84.69979858398438,130.9886016845703
109.08170318603516,154.9759063720703,101.31929779052734,129.85479736328125
97.19609832763672,155.7071990966797,114.49099731445312,129.88160705566406
89.09200286865234,155.31480407714844,120.81340026855469,131.7418975830078
81.47509765625,157.7908935546875,127.92729949951172,131.11309814453125
75.41739654541016,158.6822967529297,132.93930053710938,130.2032012939453
73.40899658203125,159.28280639648438,132.8000030517578,130.32440185546875
73.00640106201172,160.029296875,129.36109924316406,129.08700561523438
75.14550018310547,159.6822052001953,121.78500366210938,128.86349487304688
79.91649627685547,159.74130249023438,110.65339660644531,128.36109924316406
85.67169952392578,158.13450622558594,95.33670043945312,130.6226043701172
92.36540222167969,156.27650451660156,77.72039794921875,129.92160034179688
98.9574966430664,158.37010192871094,60.86050033569336,126.36180114746094
98.49949645996094,158.0507049560547,50.47079849243164,124.92359924316406
91.25740051269531,159.19960021972656,50.89189910888672,121.55609893798828
84.3656997680664,163.82159423828125,66.97979736328125,116.8301010131836
78.4843978881836,161.43919372558594,80.24150085449219,117.61170196533203
72.35399627685547,165.12579345703125,96.08350372314453,113.31420135498047
71.10549926757812,162.40020751953125,104.66300201416016,115.25540161132812
71.26480102539062,166.6988067626953,109.86810302734375,110.10269927978516
74.66919708251953,163.45880126953125,108.20709991455078,110.19100189208984
80.67259979248047,160.70030212402344,105.54650115966797,110.58689880371094
80.57389831542969,157.931396484375,104.33869934082031,110.50450134277344
85.09159851074219,153.677001953125,100.9574966430664,110.97129821777344
90.38240051269531,148.5106964111328,93.88800048828125,110.21369934082031
102.4397964477539,144.8238983154297,81.08509826660156,106.756103515625
114.0634994506836,139.49960327148438,67.22869873046875,106.6312026977539
125.21630096435547,136.0802001953125,57.1427001953125,103.60289764404297
139.0207977294922,128.59609985351562,48.951499938964844,105.5115966796875
150.11900329589844,126.38410186767578,50.16669845581055,103.87169647216797
157.4427032470703,120.2864990234375,48.78269958496094,104.6897964477539
153.27310180664062,116.22769927978516,60.742000579833984,104.2323989868164
149.18429565429688,114.40959930419922,73.09190368652344,103.82029724121094
144.06509399414062,111.41600036621094,80.54219818115234,104.10780334472656
141.66119384765625,111.86389923095703,83.62670135498047,102.10810089111328
138.3488006591797,110.7218017578125,87.93810272216797,101.43350219726562
134.77479553222656,110.88990020751953,89.72239685058594,99.26180267333984
130.4936981201172,109.58450317382812,91.74490356445312,99.6001968383789
126.54409790039062,112.96610260009766,94.04850006103516,95.07540130615234
123.96810150146484,114.23390197753906,86.7582015991211,94.76599884033203
122.16709899902344,117.99130249023438,83.36470031738281,91.15889739990234
126.08200073242188,124.99320220947266,74.99610137939453,84.97429656982422
124.83439636230469,122.81120300292969,63.35060119628906,89.18000030517578
125.95960235595703,122.70690155029297,51.08869934082031,89.68070220947266
118.80619812011719,130.51780700683594,44.5192985534668,82.52850341796875
109.40039825439453,134.3009033203125,39.10100173950195,80.13760375976562
97.76010131835938,127.518798828125,44.332401275634766,86.63880157470703
84.4646987915039,130.7371063232422,56.618900299072266,82.20159912109375
76.25240325927734,125.33460235595703,65.2134017944336,86.48650360107422
65.44120025634766,128.64390563964844,75.15789794921875,80.23619842529297
57.91680145263672,123.12979888916016,80.231201171875,81.54789733886719
54.156700134277344,121.53060150146484,82.40280151367188,79.07170104980469
50.06930160522461,118.25920104980469,83.7759017944336,78.38860321044922
50.7406005859375,113.44869995117188,80.40149688720703,79.51380157470703
49.54990005493164,111.956298828125,76.10060119628906,77.14199829101562
49.505001068115234,108.85690307617188,73.40190124511719,75.83570098876953
49.832000732421875,107.67120361328125,66.16059875488281,73.81559753417969
52.19449996948242,104.16239929199219,58.10409927368164,73.02850341796875
53.304901123046875,99.89820098876953,50.792999267578125,78.07559967041016
58.665000915527344,99.62419891357422,42.380699157714844,75.98739624023438
65.81269836425781,100.9845962524414,34.75299835205078,73.597900390625
68.61160278320312,103.92579650878906,32.913700103759766,70.20659637451172
70.6365966796875,102.6323013305664,36.14080047607422,70.31950378417969
71.54060363769531,102.07469940185547,41.54629898071289,71.20130157470703
66.55500030517578,105.55729675292969,52.36240005493164,68.15229797363281
63.27840042114258,105.82640075683594,59.878299713134766,70.34750366210938
59.36149978637695,107.36969757080078,67.09519958496094,69.99089813232422
55.92559814453125,108.0093994140625,71.51409912109375,72.27909851074219
54.09579849243164,110.0198974609375,73.29039764404297,71.9446029663086
54.26639938354492,110.41020202636719,75.81780242919922,71.60079956054688
56.04159927368164,109.5438003540039,76.48310089111328,72.36599731445312
60.94110107421875,108.01959991455078,73.32209777832031,72.64929962158203
66.79389953613281,108.14749908447266,65.81539916992188,71.73159790039062
74.31600189208984,104.89969635009766,57.187801361083984,72.64009857177734
82.9979019165039,101.38089752197266,46.58620071411133,73.58380126953125
86.73480224609375,101.28739929199219,38.59629821777344,70.16230010986328
89.73719787597656,95.98919677734375,33.310298919677734,70.8687973022461
91.92919921875,93.82569885253906,34.837501525878906,68.73739624023438
92.37370300292969,89.54219818115234,44.37699890136719,68.58290100097656
93.03980255126953,85.8947982788086,55.64550018310547,68.73789978027344
89.5802993774414,87.36139678955078,69.03759765625,62.952999114990234
89.27660369873047,81.13729858398438,76.67449951171875,64.55549621582031
94.09149932861328,77.45449829101562,77.2926025390625,66.36509704589844
97.42919921875,75.21990203857422,78.00789642333984,66.2605972290039
102.06780242919922,73.66220092773438,76.0730972290039,65.993896484375
105.50959777832031,73.20870208740234,72.6874008178711,64.9354019165039
110.26229858398438,73.54640197753906,67.13919830322266,65.62570190429688
111.50959777832031,73.22350311279297,64.92250061035156,66.29440307617188
116.868896484375,73.96070098876953,59.399898529052734,66.83719635009766
115.94940185546875,73.91529846191406,58.972999572753906,67.03240203857422
122.756103515625,74.35990142822266,49.85200119018555,68.89720153808594
128.00509643554688,75.98930358886719,41.22520065307617,67.64299774169922
134.83790588378906,75.36309814453125,36.22779846191406,70.80020141601562
140.55599975585938,75.80660247802734,34.600399017333984,71.42579650878906
144.10659790039062,78.29830169677734,35.4567985534668,69.77490234375
142.3155059814453,80.15640258789062,41.08530044555664,69.0602035522461
133.2675018310547,81.16290283203125,51.569000244140625,69.70559692382812
127.40540313720703,81.29070281982422,58.8484992980957,71.14250183105469
121.39790344238281,83.44869995117188,64.65959930419922,71.0884017944336
115.61009979248047,84.61689758300781,67.69670104980469,72.75150299072266
113.1488037109375,87.82430267333984,70.5344009399414,71.44309997558594
110.49939727783203,89.6155014038086,72.2676010131836,70.73040008544922
107.79820251464844,91.5333023071289,72.29409790039062,70.21379852294922
107.47200012207031,94.40499877929688,71.77999877929688,69.07489776611328
108.32270050048828,94.81610107421875,69.15270233154297,69.24400329589844
109.93270111083984,95.65689849853516,64.80619812011719,70.13469696044922
112.97309875488281,96.63710021972656,57.64580154418945,69.72859954833984
115.66999816894531,95.95390319824219,50.72650146484375,70.66999816894531
119.26480102539062,97.77780151367188,43.915199279785156,70.38800048828125
122.67160034179688,98.935302734375,38.845298767089844,72.07630157470703
123.56700134277344,102.81839752197266,38.96269989013672,70.83080291748047
125.7886962890625,102.2219009399414,37.0536994934082,73.41010284423828
129.9217987060547,103.32279968261719,36.71699905395508,73.84539794921875
129.56320190429688,103.36519622802734,51.41569900512695,73.2948989868164
132.67840576171875,103.595703125,54.89339828491211,73.24870300292969
135.6741943359375,106.85330200195312,61.653499603271484,66.84860229492188
138.1779022216797,105.94329833984375,72.3386001586914,67.19519805908203
142.8896026611328,102.38670349121094,76.7781982421875,68.18289947509766
148.74569702148438,97.97419738769531,81.22840118408203,72.20240020751953
154.81289672851562,98.0647964477539,81.9718017578125,69.05789947509766
160.6278076171875,99.0322036743164,81.68470001220703,69.07250213623047
164.09860229492188,107.4354019165039,81.15260314941406,61.794700622558594
166.80149841308594,113.9552001953125,78.38990020751953,55.22090148925781
170.84530639648438,114.7343978881836,75.38749694824219,56.00450134277344
173.1334991455078,117.43109893798828,71.41580200195312,56.43320083618164
173.75599670410156,113.68370056152344,65.24559783935547,66.64080047607422
175.60650634765625,112.59989929199219,55.706298828125,71.92320251464844
175.38070678710938,114.07119750976562,48.44169998168945,75.32499694824219
172.15440368652344,126.42400360107422,44.21200180053711,67.19319915771484
170.93060302734375,131.29820251464844,39.7234992980957,68.46790313720703
168.8802032470703,141.51119995117188,36.932498931884766,68.1010971069336
162.80140686035156,146.05169677734375,37.054901123046875,71.9198989868164
156.5281982421875,154.64529418945312,35.1968994140625,71.01229858398438
146.37730407714844,162.17660522460938,37.51359939575195,72.94380187988281
134.83880615234375,173.05389404296875,41.06800079345703,70.97129821777344
118.13749694824219,183.99600219726562,51.41849899291992,68.04859924316406
101.5728988647461,191.47560119628906,60.18560028076172,67.6771011352539
85.2865982055664,199.02549743652344,67.13269805908203,68.51399993896484
69.11360168457031,203.30569458007812,73.4916000366211,71.55220031738281
54.46889877319336,204.19320678710938,78.8489990234375,75.643798828125
38.7322998046875,208.00990295410156,81.97470092773438,76.70690155029297
25.32990074157715,211.8863067626953,84.74559783935547,78.25890350341797
10.287099838256836,215.3311004638672,89.6404037475586,79.81929779052734
1.4256999492645264,218.88389587402344,88.38670349121094,78.84660339355469
0.8346999883651733,223.7888946533203,80.60700225830078,78.00479888916016
1.6806999444961548,222.72300720214844,73.0562973022461,80.96170043945312
2.3457000255584717,224.69070434570312,66.94499969482422,84.67900085449219
1.3626999855041504,223.73829650878906,63.68830108642578,92.32679748535156
1.30840003490448,222.5904998779297,61.210201263427734,97.88279724121094
1.895300030708313,226.79299926757812,60.33399963378906,97.55180358886719
1.061900019645691,230.30929565429688,65.66929626464844,100.93160247802734
1.481600046157837,234.0883026123047,75.76010131835938,99.34839630126953
12.82800006866455,233.86109924316406,71.80809783935547,79.12100219726562
9.819199562072754,235.58169555664062,81.21199798583984,101.36419677734375
38.163299560546875,233.3040008544922,68.64759826660156,102.402099609375
61.27360153198242,224.02569580078125,75.19210052490234,105.6583023071289
83.28209686279297,223.91050720214844,76.35800170898438,98.06990051269531
106.56009674072266,222.30670166015625,85.52449798583984,94.64520263671875
130.90550231933594,220.93240356445312,92.03009796142578,90.82869720458984
155.72169494628906,221.4333038330078,96.16560363769531,94.23760223388672
171.364501953125,218.6490020751953,101.76280212402344,93.64720153808594
192.33309936523438,214.7917938232422,102.42389678955078,98.2123031616211
209.2552032470703,210.4011993408203,98.27410125732422,90.6084976196289
218.6356964111328,203.72959899902344,96.55690002441406,83.58930206298828
232.7415008544922,193.6177978515625,85.33280181884766,84.2416000366211
237.67579650878906,185.84730529785156,80.60299682617188,81.29290008544922
241.2469024658203,185.12100219726562,74.4760971069336,76.23709869384766
244.13409423828125,184.2700958251953,69.3489990234375,73.53800201416016
251.468505859375,184.42750549316406,59.27130126953125,69.56890106201172
249.591796875,185.62100219726562,54.877498626708984,65.55680084228516
245.8715057373047,188.63710021972656,51.37269973754883,61.032501220703125
235.01699829101562,186.41510009765625,55.76649856567383,62.96889877319336
223.8325958251953,186.7595977783203,59.068199157714844,66.31289672851562
224.45530700683594,189.1566925048828,49.59769821166992,67.91410064697266
218.64549255371094,187.63180541992188,53.382301330566406,72.77030181884766
213.87840270996094,189.81829833984375,61.36330032348633,72.30780029296875
201.87069702148438,191.9008026123047,80.37020111083984,84.86160278320312
176.31260681152344,202.1761932373047,81.1406021118164,114.87999725341797
164.45449829101562,209.00450134277344,62.463600158691406,76.11969757080078
140.3583984375,213.90289306640625,64.26190185546875,62.360599517822266
122.41130065917969,215.96519470214844,68.51180267333984,62.877498626708984
99.48300170898438,214.52940368652344,76.23619842529297,65.66239929199219
78.32730102539062,214.2924041748047,81.07759857177734,71.56819915771484
59.26490020751953,211.32859802246094,87.32369995117188,74.74980163574219
42.500999450683594,209.5915069580078,90.73529815673828,78.12960052490234
25.258800506591797,206.75999450683594,94.07659912109375,82.94760131835938
8.151300430297852,205.38070678710938,96.8478012084961,84.03589630126953
1.3106000423431396,201.03070068359375,90.4552993774414,89.0447006225586
2.229599952697754,195.44189453125,79.97709655761719,92.7239990234375
2.092099905014038,189.24020385742188,73.08670043945312,96.83399963378906
1.6087000370025635,184.2136993408203,71.9094009399414,99.45980072021484
0.864300012588501,182.4792022705078,74.216796875,99.00759887695312
1.2174999713897705,176.2281036376953,78.71260070800781,102.51699829101562
1.312399983406067,173.91319274902344,83.34049987792969,99.20149993896484
3.386899948120117,172.3769073486328,89.40959930419922,97.72119903564453
14.284700393676758,172.43829345703125,85.981201171875,97.35050201416016
34.27450180053711,181.06199645996094,81.01830291748047,89.34590148925781
58.08369827270508,177.572998046875,89.99150085449219,94.38400268554688
75.95659637451172,175.75750732421875,100.87909698486328,98.65029907226562
99.4468002319336,179.09779357910156,107.53040313720703,94.856201171875
123.73429870605469,177.06089782714844,111.96369934082031,99.07129669189453
145.21710205078125,182.19590759277344,112.9166030883789,98.6227035522461
168.97940063476562,186.26060485839844,109.6072998046875,96.66069793701172
188.55189514160156,189.84100341796875,108.802001953125,98.13980102539062
204.53489685058594,187.39739990234375,106.88960266113281,105.11219787597656
212.0778045654297,202.47869873046875,99.67759704589844,91.17120361328125
220.4835968017578,202.87429809570312,93.59600067138672,93.92569732666016
231.4532012939453,208.3114013671875,82.48490142822266,88.8384017944336
235.49879455566406,218.431396484375,74.21910095214844,77.49040222167969
233.1956024169922,208.60189819335938,72.59230041503906,86.18299865722656
237.93809509277344,219.59649658203125,65.07749938964844,74.04930114746094
234.28329467773438,210.00860595703125,66.57939910888672,83.2969970703125
235.64149475097656,219.5030975341797,57.09489822387695,71.26290130615234
228.15899658203125,212.42689514160156,56.20869827270508,76.418701171875
223.32839965820312,214.51260375976562,52.161800384521484,69.91239929199219
218.4658966064453,216.8177032470703,40.11800003051758,62.71480178833008
212.49380493164062,218.9149932861328,37.50790023803711,55.69260025024414
203.15020751953125,213.73080444335938,31.87929916381836,55.198001861572266
185.25320434570312,203.5482940673828,35.865299224853516,61.32339859008789
166.82009887695312,201.9958953857422,43.424598693847656,59.56549835205078
160.24429321289062,203.53759765625,36.1869010925293,52.22010040283203
139.20899963378906,194.3052978515625,47.769901275634766,60.28730010986328
122.67009735107422,190.81700134277344,50.47610092163086,61.27000045776367
102.4999008178711,188.99639892578125,62.34429931640625,60.687400817871094
84.85340118408203,189.5919952392578,69.31520080566406,58.34149932861328
67.39749908447266,186.84539794921875,73.92610168457031,62.418399810791016
50.96039962768555,183.2559051513672,78.4905014038086,64.83100128173828
37.69419860839844,177.11959838867188,78.7145004272461,71.50650024414062
19.783000946044922,180.70790100097656,86.43409729003906,69.25520324707031
6.177800178527832,176.04930114746094,89.24320220947266,75.89080047607422
0.4569999873638153,173.22860717773438,84.76329803466797,79.69719696044922
1.9688999652862549,170.62899780273438,76.86289978027344,81.24030303955078
1.3235000371932983,167.1553955078125,71.60549926757812,86.36699676513672
1.1445000171661377,166.86839294433594,68.64630126953125,86.92970275878906
1.3581000566482544,161.68960571289062,68.1436996459961,91.9613037109375
1.1282999515533447,157.5301971435547,69.63690185546875,95.23169708251953
1.2776999473571777,150.84359741210938,75.06600189208984,97.13359832763672
6.427299976348877,145.82870483398438,78.13359832763672,98.17870330810547
19.078800201416016,142.50669860839844,81.46089935302734,97.65670013427734
38.588401794433594,143.7996063232422,74.71820068359375,91.83200073242188
62.5526008605957,136.3094940185547,75.07779693603516,91.88469696044922
85.71759796142578,134.69129943847656,79.63809967041016,87.21849822998047
110.84130096435547,132.42340087890625,77.32640075683594,82.26840209960938
130.15350341796875,130.5177001953125,96.25360107421875,80.01339721679688
159.1571044921875,127.9395980834961,96.36489868164062,82.87870025634766
172.4456024169922,131.73989868164062,110.29959869384766,78.45140075683594
197.09300231933594,135.54620361328125,104.65470123291016,78.4719009399414
210.63070678710938,142.29710388183594,103.54100036621094,76.01029968261719
228.08580017089844,146.3533935546875,99.25370025634766,78.4520034790039
233.57150268554688,153.37449645996094,98.42510223388672,79.13690185546875
238.3802032470703,158.17379760742188,97.14730072021484,80.29100036621094
241.32760620117188,164.14149475097656,92.02159881591797,78.7802963256836
246.92120361328125,165.29400634765625,84.55020141601562,81.2405014038086
246.30099487304688,169.68960571289062,77.93930053710938,79.73970031738281
244.45620727539062,171.75929260253906,69.93109893798828,79.81449890136719
240.9969940185547,173.2772979736328,59.82320022583008,79.60600280761719
230.35330200195312,174.93589782714844,57.45280075073242,75.75890350341797
225.07730102539062,179.94500732421875,49.662498474121094,73.46119689941406
221.0084991455078,179.25390625,49.582298278808594,76.1843032836914
210.8031005859375,184.42050170898438,38.21540069580078,62.7338981628418
201.15220642089844,185.07200622558594,33.23360061645508,56.231998443603516
190.3094024658203,181.4438018798828,33.72209930419922,57.57569885253906
175.90530395507812,177.56939697265625,37.223899841308594,60.86249923706055
166.1728973388672,171.2969970703125,37.88359832763672,62.889801025390625
151.41639709472656,165.55760192871094,43.030601501464844,65.07540130615234
135.59129333496094,162.99130249023438,46.37189865112305,65.60710144042969
121.57340240478516,161.9373016357422,50.94160079956055,63.51240158081055
106.67379760742188,161.52940368652344,55.51649856567383,60.331600189208984
89.11029815673828,162.30999755859375,64.71320343017578,59.28689956665039
75.33209991455078,159.75390625,69.73899841308594,63.05220031738281
61.646400451660156,156.2884979248047,75.56099700927734,66.8927001953125
48.566898345947266,154.13999938964844,80.87840270996094,69.35679626464844
37.32170104980469,147.64540100097656,84.26319885253906,78.14569854736328
25.77680015563965,145.66709899902344,90.34239959716797,81.57060241699219
16.396400451660156,140.8240966796875,97.739501953125,87.56289672851562
11.881199836730957,140.85360717773438,100.71389770507812,86.69969940185547
11.175399780273438,139.460693359375,100.41699981689453,87.54949951171875
14.749500274658203,139.38259887695312,98.86699676513672,85.25689697265625
23.717599868774414,137.95790100097656,92.26069641113281,81.3384017944336
36.824100494384766,132.08120727539062,87.05259704589844,82.62860107421875
52.45370101928711,123.5470962524414,79.12789916992188,86.10870361328125
70.79389953613281,115.52519989013672,70.92649841308594,87.62349700927734
91.27400207519531,107.73560333251953,63.44860076904297,87.54840087890625
114.95390319824219,105.26249694824219,57.36880111694336,81.18599700927734
140.03309631347656,101.21749877929688,64.6509017944336,74.82430267333984
158.68930053710938,93.45149993896484,68.79940032958984,73.6322021484375
177.88980102539062,90.1677017211914,82.18260192871094,74.85870361328125
198.28329467773438,94.09559631347656,82.43280029296875,69.42140197753906
211.45590209960938,95.65699768066406,92.40059661865234,68.53230285644531
224.22439575195312,98.26349639892578,98.17160034179688,71.5989990234375
236.21229553222656,104.631103515625,96.03260040283203,70.7958984375
245.87680053710938,107.68299865722656,95.93000030517578,74.23739624023438
254.06629943847656,116.92179870605469,94.03009796142578,74.23049926757812
260.3269958496094,124.82929992675781,88.72889709472656,75.09210205078125
265.668701171875,135.64540100097656,81.720703125,72.30789947509766
262.8750915527344,144.54580688476562,75.06710052490234,72.24739837646484
264.2810974121094,154.89649963378906,66.27850341796875,71.23809814453125
261.3782958984375,164.15460205078125,60.67100143432617,69.02349853515625
257.9169006347656,167.09109497070312,54.3223991394043,73.86100006103516
250.80320739746094,176.2821044921875,48.12009811401367,71.03500366210938
242.89450073242188,177.59429931640625,42.332298278808594,76.04640197753906
226.78880310058594,184.38290405273438,45.430599212646484,72.56719970703125
220.84449768066406,188.57879638671875,40.96849822998047,70.1719970703125
205.6739959716797,193.21299743652344,35.43149948120117,67.3488998413086
189.07839965820312,196.76699829101562,40.89699935913086,63.2952995300293
167.88380432128906,192.24639892578125,49.10810089111328,63.35390090942383
148.97239685058594,192.63519287109375,57.30720138549805,59.9536018371582
127.49549865722656,186.99240112304688,67.32879638671875,64.65760040283203
112.82460021972656,183.23410034179688,67.84510040283203,62.943599700927734
96.13169860839844,180.54429626464844,70.37210083007812,63.442298889160156
81.8292007446289,176.13479614257812,74.78309631347656,65.83309936523438
68.64600372314453,173.33309936523438,78.86419677734375,64.80329895019531
55.32830047607422,168.398193359375,81.1509017944336,66.04720306396484
45.27000045776367,168.6558074951172,82.98030090332031,65.1636962890625
40.30849838256836,166.529296875,81.20169830322266,63.589298248291016
35.1338996887207,166.6772003173828,81.41950225830078,66.06770324707031
31.018299102783203,166.3415985107422,81.3823013305664,65.73580169677734
29.597900390625,167.560302734375,79.62789916992188,68.52619934082031
31.239700317382812,168.4051055908203,75.7322006225586,73.6948013305664
32.361698150634766,170.2135009765625,72.0990982055664,77.20960235595703
36.29600143432617,174.08580017089844,69.24559783935547,83.20189666748047
40.37049865722656,178.95790100097656,66.79280090332031,86.856201171875
43.99369812011719,186.8090057373047,68.4800033569336,87.60810089111328
53.147499084472656,193.38250732421875,70.63690185546875,89.43170166015625
66.75430297851562,197.89320373535156,70.18509674072266,91.83820343017578
84.6050033569336,200.84649658203125,72.71769714355469,92.19210052490234
107.82389831542969,197.3262939453125,73.15969848632812,93.86990356445312
129.12530517578125,191.5614013671875,92.97339630126953,93.38349914550781
156.53509521484375,184.768798828125,89.35430145263672,97.0905990600586
181.95899963378906,179.17019653320312,98.92430114746094,95.16200256347656
183.83380126953125,180.2283935546875,100.47830200195312,88.31999969482422
204.70230102539062,173.72279357910156,101.92569732666016,93.23899841308594
211.6197052001953,173.6280975341797,96.47560119628906,86.41429901123047
232.13540649414062,167.20919799804688,98.89240264892578,81.66560363769531
249.74710083007812,164.2541961669922,93.9563980102539,76.54029846191406
264.29638671875,153.0688934326172,89.8550033569336,79.70390319824219
278.9967041015625,153.24560546875,81.44239807128906,76.12740325927734
290.25738525390625,147.3876953125,76.17739868164062,74.46160125732422
