1
144.88670349121094,105.97820281982422,167.2122039794922,162.33900451660156
138.57530212402344,109.32659912109375,166.08470153808594,159.69630432128906
131.93099975585938,102.79920196533203,164.79730224609375,164.40109252929688
127.67489624023438,99.96479797363281,163.98739624023438,168.351806640625
124.98419952392578,96.72769927978516,168.90179443359375,164.97579956054688
128.1331024169922,92.53820037841797,165.6282958984375,165.63150024414062
131.98240661621094,94.127197265625,163.61160278320312,159.99220275878906
136.77369689941406,90.43060302734375,159.65370178222656,156.16200256347656
139.06829833984375,81.94249725341797,162.90609741210938,158.21229553222656
153.68380737304688,78.07340240478516,156.91270446777344,157.4040069580078
165.58560180664062,71.5177001953125,154.0301055908203,157.8291015625
174.58709716796875,72.76210021972656,154.1490020751953,148.8824005126953
191.20440673828125,68.31780242919922,152.8701934814453,147.60369873046875
235.0258026123047,66.84239959716797,143.2570037841797,138.27259826660156
273.0469055175781,65.4928970336914,135.35879516601562,129.0550994873047
290.82501220703125,67.41130065917969,138.3260955810547,124.32039642333984
325.1202087402344,67.25579833984375,132.49169921875,129.2996063232422
327.9801940917969,69.92970275878906,138.21499633789062,125.6178970336914
364.0028076171875,77.0780029296875,131.5959930419922,126.19869995117188
374.2778015136719,81.13710021972656,131.0010986328125,125.91649627685547
378.29058837890625,85.36640167236328,126.41580200195312,123.87480163574219
378.5963134765625,86.78669738769531,126.1312026977539,123.25129699707031
370.94830322265625,96.42469787597656,124.3030014038086,122.71910095214844
364.6296081542969,99.41629791259766,125.20330047607422,121.32479858398438
327.0714111328125,95.3832015991211,127.85240173339844,126.46099853515625
308.90618896484375,94.78849792480469,121.8667984008789,124.19329833984375
285.02288818359375,89.9656982421875,118.37629699707031,120.4738998413086
226.6416015625,85.34660339355469,124.3843002319336,118.81770324707031
192.68310546875,87.03160095214844,124.49530029296875,114.57599639892578
126.27909851074219,78.65190124511719,124.90889739990234,114.23139953613281
