1
92.2208023071289,125.11150360107422,229.78610229492188,213.7747039794922
90.25569915771484,125.60769653320312,230.41900634765625,210.39320373535156
91.36160278320312,122.25810241699219,221.39869689941406,204.24000549316406
96.92040252685547,119.02629852294922,209.90870666503906,225.94740295410156
96.3302993774414,118.70379638671875,203.69859313964844,205.3636932373047
97.05339813232422,115.76940155029297,214.70440673828125,222.19679260253906
101.44539642333984,115.71209716796875,208.818603515625,234.34539794921875
103.00550079345703,113.88369750976562,206.57249450683594,237.39939880371094
102.09639739990234,110.4574966430664,201.960205078125,243.38059997558594
113.9614028930664,106.85079956054688,186.65750122070312,244.46249389648438
114.74919891357422,103.67949676513672,183.41070556640625,243.98460388183594
122.73100280761719,109.03500366210938,179.7368927001953,240.54139709472656
129.23899841308594,110.25450134277344,169.7958984375,242.60409545898438
124.30159759521484,106.9072036743164,174.49229431152344,243.97109985351562
134.5424041748047,104.88980102539062,166.797607421875,247.68809509277344
138.49769592285156,106.24800109863281,167.1575927734375,243.01739501953125
136.05320739746094,109.48609924316406,168.66819763183594,233.4322052001953
143.96270751953125,106.85759735107422,163.32769775390625,239.0529022216797
140.1053924560547,107.04959869384766,172.93069458007812,238.29800415039062
151.49330139160156,118.0425033569336,162.07589721679688,225.95399475097656
145.77389526367188,125.0105972290039,165.0395965576172,223.05929565429688
143.8347930908203,111.42970275878906,168.45480346679688,241.064697265625
152.4866943359375,122.17880249023438,159.61520385742188,217.48989868164062
153.07839965820312,129.0760955810547,151.03860473632812,195.2617950439453
167.18809509277344,121.31060028076172,161.48199462890625,222.76100158691406
169.10000610351562,124.872802734375,163.91650390625,214.90269470214844
181.08050537109375,147.75070190429688,155.81199645996094,186.51730346679688
194.7404022216797,153.6894989013672,152.518798828125,173.28970336914062
198.85679626464844,146.83059692382812,157.01690673828125,187.23410034179688
199.3437957763672,145.40379333496094,165.23609924316406,187.4340057373047
206.04660034179688,143.03030395507812,163.65870666503906,183.48629760742188
206.78720092773438,149.2873992919922,166.97900390625,181.826904296875
210.035400390625,145.77740478515625,172.9680938720703,187.99639892578125
213.67550659179688,144.4561004638672,169.28179931640625,187.06910705566406
216.05479431152344,139.0825958251953,171.75660705566406,191.08250427246094
217.79649353027344,139.71519470214844,167.7581024169922,188.3614044189453
217.3155059814453,133.17539978027344,165.8350067138672,192.01060485839844
216.1374969482422,127.60209655761719,169.5625,197.81539916992188
215.08299255371094,128.7545928955078,176.13209533691406,192.55299377441406
207.6748046875,127.74250030517578,183.90530395507812,189.60000610351562
199.02980041503906,129.6114044189453,191.4438018798828,180.34979248046875
193.9075927734375,121.48410034179688,201.79429626464844,186.9777069091797
191.96600341796875,116.45939636230469,207.4989013671875,186.97259521484375
191.54629516601562,119.76640319824219,214.1392059326172,175.91920471191406
201.12579345703125,122.4989013671875,207.02780151367188,171.77789306640625
202.06300354003906,114.30950164794922,204.85369873046875,168.58790588378906
197.80630493164062,112.27649688720703,215.0070037841797,167.58889770507812
205.92709350585938,112.83889770507812,209.09609985351562,163.06089782714844
206.36929321289062,112.13099670410156,213.13580322265625,160.7427978515625
210.30320739746094,110.6677017211914,216.8957061767578,157.5720977783203
207.0164031982422,109.44860076904297,215.55589294433594,157.34300231933594
215.64610290527344,110.7970962524414,216.73460388183594,152.71499633789062
220.77279663085938,112.79280090332031,223.9163055419922,151.6147003173828
231.44000244140625,115.0542984008789,220.03500366210938,144.39129638671875
234.11720275878906,119.23310089111328,215.26699829101562,142.80650329589844
241.99330139160156,120.33869934082031,211.0070037841797,138.42250061035156
247.91259765625,124.61959838867188,203.78680419921875,134.32359313964844
236.3686065673828,121.01820373535156,210.7904052734375,136.22720336914062
235.72450256347656,119.28379821777344,209.18890380859375,134.6916961669922
236.6739044189453,121.77780151367188,207.2958984375,130.16200256347656
239.90469360351562,119.64209747314453,202.5251007080078,130.49290466308594
240.1116943359375,117.93080139160156,204.49859619140625,131.1009063720703
241.1136016845703,113.0199966430664,205.30259704589844,131.26429748535156
240.93899536132812,124.40679931640625,206.19720458984375,115.00420379638672
245.51609802246094,122.36070251464844,202.71910095214844,114.6968994140625
245.37640380859375,116.52400207519531,216.2917022705078,115.93350219726562
250.04750061035156,129.45350646972656,204.518798828125,100.78450012207031
245.19239807128906,110.71309661865234,228.73309326171875,113.20059967041016
243.68699645996094,102.70320129394531,226.4438018798828,121.00920104980469
241.2353057861328,108.45149993896484,228.64869689941406,115.50160217285156
244.16969299316406,102.72229766845703,224.21530151367188,118.96199798583984
242.5561981201172,101.93699645996094,225.21209716796875,119.81050109863281
243.72540283203125,98.7676010131836,220.20089721679688,119.25250244140625
243.91650390625,96.3594970703125,214.6627960205078,120.20020294189453
237.88499450683594,96.98970031738281,215.654296875,119.46589660644531
232.32870483398438,96.8855972290039,207.74339294433594,122.48770141601562
233.13360595703125,97.1511001586914,207.55880737304688,123.35310363769531
229.56619262695312,94.57420349121094,210.1623992919922,128.53219604492188
228.0399932861328,91.76789855957031,206.4499053955078,129.9145965576172
226.63729858398438,92.26349639892578,210.81739807128906,132.07080078125
221.36180114746094,76.48619842529297,211.77490234375,143.1136016845703
223.84300231933594,100.34320068359375,209.8052978515625,131.98179626464844
217.34500122070312,80.2490005493164,215.4490966796875,143.26690673828125
221.46499633789062,100.00129699707031,208.38670349121094,128.8406982421875
218.47540283203125,91.88289642333984,210.97509765625,136.42990112304688
217.2061004638672,95.722900390625,210.0146942138672,124.98829650878906
219.2427978515625,99.30460357666016,203.872802734375,126.58460235595703
220.82679748535156,101.42980194091797,201.43690490722656,121.0459976196289
217.98800659179688,103.78559875488281,200.27679443359375,125.80359649658203
220.75270080566406,107.57540130615234,193.97109985351562,110.90760040283203
214.664306640625,102.59359741210938,198.8498992919922,122.16169738769531
214.1488037109375,106.17169952392578,193.76930236816406,117.62020111083984
214.6033935546875,107.82489776611328,191.64309692382812,119.34239959716797
190.63800048828125,87.93360137939453,211.82460021972656,142.64370727539062
193.46240234375,106.75170135498047,199.451904296875,131.62939453125
183.3874053955078,94.88960266113281,202.23089599609375,144.5684051513672
182.18209838867188,104.10990142822266,200.43980407714844,139.07449340820312
176.21099853515625,96.12249755859375,205.78439331054688,153.64990234375
171.52020263671875,100.80989837646484,210.0200958251953,151.40040588378906
181.0720977783203,104.40599822998047,193.47740173339844,150.67469787597656
169.1175994873047,104.88159942626953,204.44459533691406,150.45669555664062
159.36610412597656,105.98609924316406,210.07330322265625,153.8585968017578
167.78109741210938,104.97429656982422,197.41409301757812,155.36160278320312
172.34249877929688,109.74539947509766,188.06759643554688,153.95680236816406
155.61129760742188,110.98880004882812,205.0897979736328,153.47760009765625
165.14410400390625,111.84619903564453,192.98280334472656,153.24839782714844
147.9528045654297,112.86170196533203,209.34359741210938,153.9582977294922
150.71609497070312,112.35549926757812,205.99530029296875,149.9073028564453
156.55880737304688,111.26899719238281,200.43580627441406,148.8968963623047
150.4501953125,106.14019775390625,201.16299438476562,149.04989624023438
144.72500610351562,98.86900329589844,206.59849548339844,159.8907928466797
130.7834014892578,99.55249786376953,217.21339416503906,153.8751983642578
118.48169708251953,93.72589874267578,232.6488037109375,158.5102996826172
110.50090026855469,86.74259948730469,230.1436004638672,160.20579528808594
108.3917007446289,82.1780014038086,229.77870178222656,152.8533935546875
107.19930267333984,77.97429656982422,238.0449981689453,155.5926055908203
99.70649719238281,74.47429656982422,244.12109375,156.53050231933594
101.23040008544922,66.86479949951172,234.08619689941406,158.01319885253906
127.01740264892578,60.867401123046875,214.20509338378906,162.6197052001953
87.18150329589844,50.650699615478516,255.69410705566406,171.54969787597656
101.05110168457031,39.84769821166992,235.45689392089844,178.16940307617188
86.07769775390625,32.093299865722656,254.48309326171875,189.6613006591797
92.57319641113281,32.77220153808594,243.74319458007812,185.62660217285156
75.7531967163086,22.10300064086914,260.4460144042969,198.9351043701172
70.02899932861328,23.83329963684082,260.3728942871094,198.39990234375
65.87049865722656,20.75320053100586,260.127685546875,197.54080200195312
68.04979705810547,17.46109962463379,263.32830810546875,209.17930603027344
64.32730102539062,12.861900329589844,266.03839111328125,204.69180297851562
53.982398986816406,12.587200164794922,271.50360107421875,218.05499267578125
59.37189865112305,14.312000274658203,267.537109375,209.04150390625
54.640899658203125,16.181299209594727,275.177001953125,224.22569274902344
52.22610092163086,18.2908992767334,279.306396484375,213.46029663085938
61.372798919677734,16.48900032043457,267.0632019042969,214.58680725097656
49.88840103149414,21.00860023498535,288.84588623046875,208.63720703125
45.305198669433594,23.73200035095215,289.8893127441406,207.20970153808594
35.99530029296875,25.52120018005371,301.6044921875,203.43099975585938
42.39179992675781,32.54859924316406,295.34259033203125,196.95370483398438
37.902198791503906,36.852500915527344,300.2511901855469,203.41140747070312
40.17210006713867,41.527099609375,299.2098083496094,188.7310028076172
36.752498626708984,50.59700012207031,303.21490478515625,184.60589599609375
36.59980010986328,57.92639923095703,303.37188720703125,178.8939971923828
39.109901428222656,65.45980072021484,301.4419860839844,181.7303009033203
36.854801177978516,67.02960205078125,301.46319580078125,178.6345977783203
39.380699157714844,74.72640228271484,296.74609375,174.07330322265625
39.75899887084961,79.87969970703125,296.39129638671875,169.456298828125
46.23419952392578,83.01519775390625,297.63519287109375,168.30349731445312
52.00239944458008,87.28140258789062,294.3984069824219,166.84129333496094
53.097999572753906,94.13200378417969,292.05120849609375,160.09390258789062
57.90879821777344,98.2489013671875,289.70098876953125,161.6396026611328
61.9276008605957,103.4813003540039,289.87109375,163.6575927734375
68.56610107421875,108.07170104980469,283.3503112792969,161.57179260253906
72.28179931640625,111.22730255126953,283.53369140625,162.5500030517578
81.15969848632812,113.581298828125,275.6918029785156,163.61900329589844
85.34159851074219,114.80069732666016,278.0715026855469,167.55349731445312
90.91809844970703,113.12840270996094,277.42138671875,169.24549865722656
95.7136001586914,111.62519836425781,280.8357849121094,171.3782958984375
99.05010223388672,112.61869812011719,277.39459228515625,170.24850463867188
103.97489929199219,109.00789642333984,284.4927062988281,171.74229431152344
104.66200256347656,110.07520294189453,276.7815856933594,170.94760131835938
107.78359985351562,111.53109741210938,284.7611083984375,168.02479553222656
110.9031982421875,108.93569946289062,288.2930908203125,171.23519897460938
111.44029998779297,107.80280303955078,291.72479248046875,167.7406005859375
118.30670166015625,108.10099792480469,287.0559997558594,166.94900512695312
109.33580017089844,109.1166000366211,296.69219970703125,161.20120239257812
119.92230224609375,107.6771011352539,282.0389099121094,165.0261993408203
114.67169952392578,105.22589874267578,292.2419128417969,165.78070068359375
119.31099700927734,104.1438980102539,287.39599609375,165.66009521484375
120.31990051269531,103.73870086669922,287.40771484375,166.50259399414062
116.78130340576172,102.00370025634766,289.27911376953125,164.5977020263672
112.35990142822266,99.36830139160156,293.1510009765625,169.8916015625
110.78839874267578,94.26249694824219,294.4617919921875,173.13839721679688
105.27839660644531,93.7218017578125,296.54638671875,178.78990173339844
99.59809875488281,87.86650085449219,298.9480895996094,189.2895050048828
94.49600219726562,82.29440307617188,302.3208923339844,200.24420166015625
95.99400329589844,77.27850341796875,299.1780090332031,219.18710327148438
93.37930297851562,72.90579986572266,300.19891357421875,222.48629760742188
91.29920196533203,70.75640106201172,301.93701171875,232.91600036621094
89.5238037109375,61.999298095703125,300.3230895996094,249.0153045654297
73.58650207519531,58.5181999206543,314.06109619140625,259.8362121582031
67.93180084228516,59.903099060058594,304.71649169921875,259.9960021972656
58.27579879760742,55.64289855957031,308.9375915527344,265.8110046386719
54.50529861450195,55.51729965209961,307.1531066894531,272.26080322265625
50.912498474121094,52.4906005859375,301.43939208984375,272.5823059082031
52.4098014831543,46.04679870605469,293.2557067871094,281.8102111816406
55.585899353027344,43.65549850463867,289.2008056640625,283.0780029296875
55.66590118408203,37.01900100708008,277.9236145019531,289.5168151855469
61.55849838256836,36.480098724365234,266.0649108886719,291.14691162109375
62.24020004272461,30.683900833129883,253.86810302734375,297.77880859375
63.52840042114258,29.58370018005371,247.34640502929688,301.1101989746094
62.253700256347656,27.48509979248047,249.65379333496094,304.82598876953125
69.1050033569336,25.68120002746582,229.6356964111328,302.6326904296875
73.68569946289062,27.266199111938477,228.94700622558594,302.5351867675781
79.1011962890625,27.534799575805664,208.6533966064453,298.2239990234375
99.82520294189453,29.274099349975586,187.72720336914062,290.0309143066406
106.39830017089844,35.4922981262207,168.9658966064453,285.5596923828125
95.83209991455078,39.43989944458008,178.5615997314453,278.7575988769531
109.05380249023438,37.65950012207031,154.50770568847656,285.79058837890625
117.48040008544922,40.6692008972168,153.82009887695312,281.32440185546875
116.50450134277344,39.76750183105469,155.6457061767578,284.0736083984375
93.1884994506836,35.090301513671875,192.5977020263672,294.318115234375
92.30950164794922,28.454299926757812,195.523193359375,295.0148010253906
80.45919799804688,22.98040008544922,221.01669311523438,301.2427978515625
91.2509994506836,22.999500274658203,219.16769409179688,302.1448059082031
79.65799713134766,20.500600814819336,239.468994140625,300.0213928222656
69.44149780273438,16.774900436401367,261.20831298828125,301.6684875488281
80.50759887695312,24.17289924621582,255.7989959716797,286.2370910644531
75.24150085449219,23.030500411987305,252.5590057373047,290.5173034667969
78.18160247802734,27.07740020751953,254.22509765625,282.4410095214844
80.07540130615234,29.53420066833496,258.9060974121094,278.2146911621094
78.26609802246094,33.34049987792969,251.37350463867188,271.6300048828125
77.86940002441406,37.10169982910156,257.18548583984375,264.0076904296875
84.32589721679688,46.917198181152344,254.5941925048828,247.96429443359375
79.03410339355469,49.3671989440918,261.4670104980469,238.535400390625
69.38929748535156,57.84339904785156,269.24639892578125,236.466796875
75.00969696044922,63.39509963989258,260.898193359375,221.14669799804688
88.77960205078125,64.23500061035156,247.12969970703125,215.4416961669922
85.70860290527344,62.8202018737793,246.49110412597656,213.1988983154297
90.7614974975586,69.06549835205078,231.82839965820312,204.7823944091797
89.76850128173828,81.08219909667969,232.0113983154297,185.38400268554688
91.21420288085938,81.42430114746094,229.99440002441406,183.53689575195312
88.84729766845703,88.2947006225586,243.1201934814453,176.7458038330078
74.5510025024414,89.85910034179688,250.30239868164062,174.08900451660156
100.80130004882812,96.94989776611328,220.02130126953125,169.68280029296875
71.66819763183594,95.3770980834961,251.731201171875,173.63450622558594
86.9916000366211,102.04810333251953,238.47979736328125,170.39979553222656
72.28250122070312,101.29840087890625,258.1990051269531,170.02059936523438
83.22660064697266,104.5458984375,252.37530517578125,169.08050537109375
96.89099884033203,104.11920166015625,237.8155975341797,175.1352996826172
65.660400390625,108.45120239257812,263.4667053222656,168.49169921875
72.92050170898438,106.98390197753906,262.9685974121094,169.9031982421875
61.194801330566406,100.29720306396484,278.440185546875,175.3970947265625
64.3739013671875,101.59210205078125,268.8923034667969,176.252197265625
64.05770111083984,103.1708984375,271.2455139160156,172.28250122070312
61.577999114990234,98.27510070800781,277.6705017089844,176.23489379882812
59.86909866333008,102.4031982421875,273.423095703125,170.7675018310547
53.88719940185547,106.03839874267578,281.5632019042969,167.881103515625
44.55419921875,110.08760070800781,289.8356018066406,161.0684051513672
40.43550109863281,107.57099914550781,290.57281494140625,158.7368927001953
28.423900604248047,108.04209899902344,289.1590881347656,151.73629760742188
20.45490074157715,111.59410095214844,302.0010986328125,142.4051971435547
14.850700378417969,108.32260131835938,297.5622863769531,137.1387939453125
8.788399696350098,105.6051025390625,298.160888671875,137.5438995361328
0.8094000220298767,104.1427993774414,308.40020751953125,125.5905990600586
0.41850000619888306,103.47810363769531,301.33428955078125,116.67009735107422
1.1902999877929688,102.81739807128906,303.47918701171875,112.4666976928711
0.0,99.40290069580078,294.4530029296875,106.5718994140625
0.0,106.17769622802734,301.31768798828125,99.3656005859375
0.0,101.36949920654297,292.1841125488281,102.97429656982422
0.0,98.93160247802734,293.5220031738281,105.79290008544922
0.0,97.71820068359375,286.59478759765625,107.61229705810547
0.0,101.85089874267578,275.08599853515625,102.39700317382812
0.5670999884605408,103.76850128173828,281.96258544921875,99.3644027709961
0.22050000727176666,104.29519653320312,278.49591064453125,104.4166030883789
0.0,97.87020111083984,282.6748962402344,123.86129760742188
1.6014000177383423,97.65249633789062,280.8381042480469,131.36810302734375
2.330899953842163,95.2238998413086,277.4682922363281,141.76759338378906
0.0,91.95690155029297,291.7113037109375,148.99530029296875
0.0,91.56099700927734,288.8247985839844,154.34829711914062
0.0,88.99620056152344,290.9906921386719,156.25120544433594
0.0,87.90249633789062,285.0185852050781,159.3437042236328
0.8291000127792358,88.85420227050781,301.156494140625,159.6748046875
0.7491000294685364,83.2654037475586,286.4353942871094,164.95770263671875
2.7302000522613525,78.96839904785156,280.48699951171875,167.3112030029297
6.195199966430664,75.1520004272461,284.7486877441406,173.5303955078125
14.109999656677246,73.83540344238281,278.7112121582031,173.40020751953125
18.890600204467773,71.50330352783203,281.8904113769531,173.20889282226562
25.321199417114258,73.55680084228516,290.43060302734375,173.72479248046875
29.879199981689453,77.89869689941406,296.58660888671875,169.11300659179688
40.58580017089844,79.94930267333984,281.897705078125,168.83099365234375
44.45050048828125,79.02850341796875,279.6702880859375,173.3206024169922
53.61899948120117,82.22260284423828,276.12139892578125,177.3278045654297
61.87329864501953,81.5177993774414,267.5790100097656,178.91380310058594
64.36830139160156,88.8655014038086,263.5528869628906,179.13189697265625
74.07730102539062,91.46839904785156,258.33551025390625,180.6177978515625
72.66699981689453,94.44329833984375,260.3822021484375,178.4907989501953
81.589599609375,98.17579650878906,253.15249633789062,178.398193359375
78.26370239257812,97.39520263671875,255.6822052001953,178.2718048095703
83.55680084228516,97.78520202636719,246.09840393066406,179.4394989013672
89.00769805908203,97.93910217285156,239.73109436035156,176.77520751953125
101.60209655761719,98.71160125732422,229.08009338378906,174.95379638671875
107.7333984375,99.05919647216797,223.3887939453125,173.18539428710938
110.22689819335938,96.12539672851562,222.5343017578125,172.1840057373047
117.9896011352539,92.13040161132812,216.6566925048828,171.67140197753906
124.59329986572266,92.1802978515625,212.77859497070312,161.5625
114.69080352783203,90.99320220947266,223.3990020751953,158.74850463867188
123.74089813232422,91.55419921875,211.56590270996094,158.37359619140625
119.09649658203125,94.00019836425781,217.4871063232422,149.672607421875
121.98069763183594,88.22489929199219,209.514404296875,155.88999938964844
122.8584976196289,89.7656021118164,201.09739685058594,154.46780395507812
124.20980072021484,96.28900146484375,201.4864959716797,152.4832000732422
126.30159759521484,93.32340240478516,214.32460021972656,158.33169555664062
124.20249938964844,95.13729858398438,226.5325927734375,165.78570556640625
132.90350341796875,100.23169708251953,212.6533966064453,166.57069396972656
124.49310302734375,98.23970031738281,227.19830322265625,176.46299743652344
124.41999816894531,112.24690246582031,208.90249633789062,163.9832000732422
124.43550109863281,109.0239028930664,209.20399475097656,171.1562957763672
124.8666000366211,117.5177993774414,204.98069763183594,159.40390014648438
123.1759033203125,120.47750091552734,204.32870483398438,154.65719604492188
118.80159759521484,115.17510223388672,209.49899291992188,154.64930725097656
113.37049865722656,117.87539672851562,210.7935028076172,148.07839965820312
117.29060363769531,117.74629974365234,211.54110717773438,145.0590057373047
102.25759887695312,121.54979705810547,222.30239868164062,145.58050537109375
109.61370086669922,121.95439910888672,219.84820556640625,148.7144012451172
134.72329711914062,121.19719696044922,194.11959838867188,146.6916961669922
106.41200256347656,121.13880157470703,219.60110473632812,150.91209411621094
138.9062042236328,123.85179901123047,188.57110595703125,127.50379943847656
113.57779693603516,125.66320037841797,217.62950134277344,145.6844024658203
132.98500061035156,125.970703125,197.4864044189453,130.5991973876953
118.87129974365234,130.2489013671875,212.11599731445312,139.37120056152344
125.2573013305664,129.89849853515625,203.11790466308594,129.466796875
131.60279846191406,131.58729553222656,200.85940551757812,129.72030639648438
123.71939849853516,131.47520446777344,205.86019897460938,135.41990661621094
129.69509887695312,128.15719604492188,205.3079071044922,142.54310607910156
149.835693359375,126.97339630126953,179.09950256347656,129.1020965576172
131.34910583496094,127.73619842529297,202.30389404296875,139.86199951171875
152.16900634765625,128.03439331054688,184.4268035888672,140.64019775390625
139.15029907226562,131.39930725097656,196.0424041748047,138.80870056152344
140.39019775390625,134.302001953125,194.56680297851562,138.57260131835938
142.15460205078125,136.972900390625,197.1103973388672,136.5572052001953
142.71229553222656,140.3468017578125,195.06179809570312,131.64759826660156
146.8686981201172,142.1280975341797,188.3365020751953,123.63089752197266
142.97970581054688,142.8592987060547,193.8137969970703,129.2209014892578
143.5841064453125,145.34979248046875,193.34669494628906,135.26019287109375
139.8498992919922,143.1479949951172,195.03990173339844,131.39810180664062
147.3730010986328,143.60060119628906,186.09449768066406,125.97940063476562
138.79930114746094,141.3531036376953,196.272705078125,130.2928924560547
141.9075927734375,139.5063018798828,192.87930297851562,127.11720275878906
144.86720275878906,138.81460571289062,191.50709533691406,125.66570281982422
146.33340454101562,139.2819061279297,192.12339782714844,120.160400390625
152.88800048828125,139.98179626464844,188.06939697265625,115.89640045166016
155.50970458984375,137.52679443359375,187.69659423828125,116.52519989013672
161.1945037841797,138.8636016845703,183.71409606933594,112.53019714355469
168.1053924560547,140.03070068359375,180.49609375,108.7428970336914
174.09230041503906,139.95030212402344,178.0850067138672,107.74490356445312
179.35690307617188,139.7823028564453,174.489501953125,102.01119995117188
185.452392578125,139.9687957763672,170.26739501953125,97.93689727783203
193.4676055908203,139.12010192871094,168.6204071044922,94.21640014648438
195.985107421875,137.9821014404297,168.53390502929688,93.2947006225586
204.74159240722656,136.48410034179688,160.0782012939453,90.50330352783203
208.92640686035156,134.3867950439453,159.3668975830078,90.63610076904297
213.77520751953125,132.7292022705078,157.65939331054688,91.24210357666016
216.51890563964844,131.92300415039062,157.48550415039062,93.80989837646484
218.0876007080078,131.03709411621094,157.285400390625,96.029296875
219.9010009765625,129.3511962890625,157.5428009033203,97.67160034179688
221.43089294433594,128.0946044921875,159.32569885253906,96.05750274658203
219.59860229492188,126.62460327148438,160.20860290527344,98.45030212402344
222.72970581054688,128.98570251464844,156.15289306640625,97.18720245361328
228.57730102539062,129.24729919433594,150.94309997558594,96.59490203857422
226.4687042236328,130.98890686035156,152.28390502929688,97.18730163574219
227.2924041748047,132.485595703125,150.4300994873047,99.9646987915039
215.6208038330078,132.8271026611328,163.71229553222656,101.1448974609375
205.2342987060547,132.01980590820312,171.8184051513672,99.7042007446289
199.32359313964844,130.6215057373047,178.40280151367188,99.48139953613281
207.2071075439453,131.21200561523438,169.2342987060547,97.87799835205078
199.4857940673828,127.47940063476562,178.16639709472656,104.05370330810547
224.62869262695312,135.4320068359375,152.2301025390625,98.006103515625
243.3446044921875,136.0670928955078,135.26730346679688,95.5542984008789
243.04739379882812,135.62319946289062,140.61509704589844,101.01010131835938
243.59429931640625,133.03770446777344,145.58200073242188,101.94539642333984
259.010498046875,130.71839904785156,132.35679626464844,101.74230194091797
261.10308837890625,131.0657958984375,134.485107421875,106.63860321044922
265.168701171875,130.16290283203125,134.30690002441406,106.48709869384766
274.4209899902344,129.2283935546875,128.2198944091797,107.86000061035156
278.7507019042969,129.6627960205078,126.66300201416016,108.74420166015625
277.6169128417969,131.47360229492188,129.37840270996094,109.76399993896484
287.9827880859375,134.8430938720703,120.21279907226562,104.70549774169922
290.1231994628906,136.51199340820312,121.08180236816406,104.92630004882812
294.13848876953125,139.05709838867188,116.60459899902344,100.93560028076172
295.18310546875,141.97410583496094,117.34449768066406,97.55989837646484
294.8175964355469,145.2635040283203,115.88480377197266,93.76959991455078
312.4598083496094,147.95809936523438,96.97019958496094,89.8926010131836
300.7261047363281,149.5583038330078,106.0593032836914,86.64019775390625
301.14849853515625,150.2288055419922,104.05269622802734,86.84529876708984
300.1954040527344,150.722900390625,102.70580291748047,87.09529876708984
304.7578125,149.78799438476562,93.80870056152344,86.46299743652344
306.214599609375,153.19859313964844,56.78620147705078,82.72650146484375
304.5780944824219,151.10609436035156,57.403499603271484,85.16519927978516
304.94549560546875,149.4550018310547,56.72669982910156,84.7240982055664
305.84039306640625,150.34579467773438,56.06290054321289,84.6572036743164
307.0533142089844,149.0126953125,55.258399963378906,85.50409698486328
308.3489990234375,149.356201171875,52.440101623535156,84.86019897460938
310.4695129394531,146.62510681152344,58.46139907836914,88.19059753417969
310.6299133300781,144.95370483398438,62.35150146484375,95.72599792480469
313.5975036621094,141.24639892578125,54.811100006103516,93.16329956054688
315.4171142578125,140.0518035888672,49.779598236083984,92.35310363769531
316.564208984375,141.33470153808594,52.05550003051758,90.83940124511719
318.00299072265625,139.17140197753906,50.76129913330078,92.04900360107422
318.59649658203125,138.1759033203125,51.298301696777344,95.5531997680664
318.2066955566406,137.85719299316406,49.589599609375,95.4791030883789
319.6983947753906,140.6385040283203,55.47370147705078,92.06159973144531
321.68280029296875,138.6074981689453,54.43280029296875,92.3313980102539
323.6684875488281,138.14920043945312,53.89979934692383,95.13960266113281
316.635498046875,141.46080017089844,62.671600341796875,92.12249755859375
317.1890869140625,137.70150756835938,66.7157974243164,93.83609771728516
308.3481140136719,137.8459014892578,78.40760040283203,106.6011962890625
291.4236145019531,144.04620361328125,92.51629638671875,104.33879852294922
293.2572937011719,142.57350158691406,98.4175033569336,105.46219635009766
290.214111328125,140.28500366210938,104.6449966430664,108.98999786376953
286.5268859863281,138.7888946533203,100.47810363769531,109.58560180664062
268.76959228515625,147.08949279785156,116.86070251464844,99.7334976196289
269.552001953125,140.2841033935547,118.39959716796875,101.54570007324219
276.968994140625,144.5894012451172,115.19730377197266,98.46489715576172
281.3360900878906,146.61619567871094,105.57550048828125,95.4854965209961
272.08331298828125,148.8043975830078,116.84929656982422,93.50129699707031
268.7445983886719,148.82260131835938,117.94770050048828,91.3572006225586
265.79339599609375,150.5196075439453,124.05159759521484,91.7843017578125
261.572998046875,152.3782958984375,128.08949279785156,90.19249725341797
256.9374084472656,152.4542999267578,134.15980529785156,92.1448974609375
253.11300659179688,151.398193359375,139.0500946044922,94.45659637451172
249.14889526367188,150.8701934814453,143.6013946533203,96.28559875488281
243.13319396972656,146.4862060546875,147.4420928955078,101.25340270996094
234.56069946289062,156.57949829101562,164.7332000732422,93.16799926757812
230.91949462890625,151.10409545898438,163.25070190429688,98.76950073242188
227.69639587402344,161.10690307617188,168.02589416503906,89.31880187988281
234.36309814453125,159.29710388183594,160.0926971435547,92.3595962524414
232.87620544433594,161.64370727539062,160.4248046875,90.76909637451172
232.3170928955078,161.11819458007812,162.84539794921875,90.4312973022461
235.80799865722656,159.6403045654297,159.3883056640625,96.2656021118164
236.1558074951172,161.11129760742188,159.97210693359375,91.63909912109375
238.77870178222656,163.30140686035156,158.2032012939453,94.464599609375
238.4971923828125,162.9304962158203,159.75830078125,97.92030334472656
236.281494140625,158.11720275878906,161.9136962890625,104.16999816894531
234.7675018310547,161.4552001953125,165.93919372558594,102.87570190429688
236.0894012451172,159.17010498046875,161.6092071533203,102.36730194091797
235.03700256347656,159.15769958496094,163.11849975585938,108.22139739990234
234.6656036376953,159.8946075439453,161.99009704589844,105.37879943847656
242.2429962158203,160.06309509277344,150.05419921875,103.17379760742188
245.31500244140625,159.86090087890625,147.41510009765625,110.52239990234375
246.20770263671875,158.54100036621094,139.0355987548828,108.48490142822266
246.05880737304688,160.5283966064453,134.92359924316406,105.67919921875
254.78070068359375,164.5718994140625,124.23049926757812,101.35099792480469
259.04449462890625,164.981201171875,114.88970184326172,97.11869812011719
264.1282043457031,165.96690368652344,106.19920349121094,99.88030242919922
272.3384094238281,167.8321990966797,92.9636001586914,96.6781997680664
276.4190979003906,169.38389587402344,84.78050231933594,93.65660095214844
278.92999267578125,178.17550659179688,42.02880096435547,92.78780364990234
287.6228942871094,169.1439971923828,68.5696029663086,96.19750213623047
289.4927978515625,178.40260314941406,45.412498474121094,90.90679931640625
296.1578063964844,180.29930114746094,33.27690124511719,88.4010009765625
301.10888671875,182.02330017089844,39.66469955444336,89.61609649658203
305.7242126464844,184.2364044189453,37.681800842285156,87.31269836425781
310.44781494140625,185.2552947998047,37.100799560546875,88.345703125
314.162109375,185.89280700683594,41.26380157470703,88.13469696044922
315.42779541015625,178.7873992919922,45.734798431396484,92.72000122070312
302.1827087402344,171.9597930908203,62.84830093383789,100.04530334472656
300.39471435546875,178.87229919433594,70.0886001586914,92.58660125732422
298.1759033203125,173.73959350585938,77.18219757080078,96.9583969116211
295.83331298828125,178.35049438476562,85.05049896240234,92.19760131835938
289.1040954589844,178.743896484375,96.07360076904297,91.97859954833984
284.91009521484375,178.2657928466797,101.69760131835938,91.59010314941406
288.52740478515625,178.6186981201172,102.49839782714844,90.02469635009766
274.018798828125,179.7071990966797,115.68620300292969,89.88749694824219
278.4706115722656,176.77859497070312,118.42469787597656,91.9520034790039
257.7898864746094,179.99749755859375,136.58700561523438,89.03269958496094
260.4324951171875,178.8365020751953,137.63980102539062,90.21080017089844
259.06280517578125,179.7626953125,141.072998046875,88.44840240478516
255.47650146484375,180.3408966064453,147.14649963378906,89.80709838867188
252.44859313964844,178.36630249023438,147.351806640625,88.6344985961914
248.4355010986328,178.54010009765625,152.37010192871094,89.12979888916016
236.92689514160156,176.8314971923828,166.57510375976562,89.01380157470703
239.0679931640625,173.34280395507812,163.8881072998047,93.0342025756836
237.77340698242188,171.2675018310547,166.01930236816406,92.5687026977539
234.38099670410156,168.76870727539062,167.76040649414062,91.54730224609375
231.95339965820312,166.68589782714844,169.8448028564453,94.0978012084961
230.85569763183594,164.66470336914062,171.17010498046875,93.27420043945312
232.30819702148438,162.968505859375,168.98370361328125,90.3219985961914
229.48390197753906,159.20069885253906,170.6967010498047,93.10990142822266
226.868896484375,154.93710327148438,173.92320251464844,92.55290222167969
225.6197967529297,152.7218017578125,174.05419921875,91.3563003540039
229.32440185546875,148.59109497070312,170.22999572753906,91.256103515625
228.80889892578125,145.72569274902344,168.62640380859375,92.07579803466797
231.04660034179688,144.08450317382812,167.24899291992188,88.97270202636719
230.1580047607422,140.02960205078125,167.5836944580078,95.25160217285156
232.3466033935547,138.6072998046875,166.17030334472656,90.52050018310547
229.6887969970703,137.08419799804688,169.0117950439453,90.35430145263672
227.96519470214844,134.8354034423828,168.9824981689453,89.28340148925781
227.8444061279297,136.3195037841797,175.576904296875,88.82379913330078
228.17100524902344,131.4907989501953,171.00270080566406,90.65019989013672
227.69650268554688,132.49049377441406,171.10809326171875,88.56629943847656
234.22689819335938,133.89540100097656,164.95159912109375,87.43699645996094
237.85220336914062,139.25970458984375,162.55960083007812,81.27880096435547
225.25149536132812,125.5824966430664,175.68780517578125,95.46479797363281
233.79769897460938,141.38729858398438,167.16729736328125,78.76519775390625
229.65640258789062,137.5236053466797,169.82159423828125,83.5968017578125
237.08090209960938,138.0146942138672,164.81509399414062,82.53469848632812
230.15750122070312,144.72169494628906,172.3052978515625,75.368896484375
235.7552947998047,144.24960327148438,168.50650024414062,78.0739974975586
232.2371063232422,135.48159790039062,170.23350524902344,85.61289978027344
235.1855010986328,146.14019775390625,169.31399536132812,75.67980194091797
237.95509338378906,150.4033966064453,171.58639526367188,71.50479888916016
245.2545928955078,144.15499877929688,160.98880004882812,76.55229949951172
240.1549072265625,150.904296875,168.2624969482422,68.18679809570312
245.31170654296875,148.3455047607422,165.65589904785156,70.95809936523438
242.98489379882812,150.41819763183594,168.6446075439453,66.9011001586914
246.8489990234375,147.02099609375,163.9490966796875,69.847900390625
245.3430938720703,152.69439697265625,167.61810302734375,63.0349006652832
245.8625946044922,148.18580627441406,166.02830505371094,65.82499694824219
242.01010131835938,151.96839904785156,170.79049682617188,60.74480056762695
242.02609252929688,152.16110229492188,172.48190307617188,60.09920120239258
245.54100036621094,152.35189819335938,165.93589782714844,58.94860076904297
244.53939819335938,148.6654052734375,167.24839782714844,62.44269943237305
246.65679931640625,154.0670928955078,162.54139709472656,54.90729904174805
234.83819580078125,144.8251953125,174.1427001953125,63.851898193359375
234.12840270996094,152.61329650878906,179.16360473632812,54.5005989074707
237.02789306640625,151.84030151367188,174.23599243164062,56.343299865722656
238.87049865722656,152.02389526367188,173.0153045654297,53.03010177612305
243.48129272460938,150.5428924560547,169.625,51.696800231933594
236.7852020263672,151.56919860839844,175.6378936767578,47.972198486328125
241.539306640625,153.21600341796875,172.8968048095703,43.43389892578125
240.9040985107422,154.68679809570312,173.52760314941406,43.581298828125
245.73789978027344,153.31280517578125,167.59719848632812,43.48350143432617
243.72720336914062,153.17909240722656,167.55599975585938,42.29560089111328
244.72959899902344,153.90699768066406,165.77220153808594,42.41999816894531
242.39410400390625,152.70480346679688,168.4405975341797,44.018798828125
246.00259399414062,152.37660217285156,164.63890075683594,42.05059814453125
244.0493927001953,154.3242950439453,164.0001983642578,38.29079818725586
244.50489807128906,152.3238067626953,162.96359252929688,40.68159866333008
243.35560607910156,151.0803985595703,162.18919372558594,42.15010070800781
241.572998046875,150.29400634765625,163.6510009765625,42.07939910888672
243.5854034423828,148.9259033203125,161.47970581054688,44.26340103149414
240.77850341796875,145.8979949951172,165.5507049560547,43.917701721191406
243.85369873046875,146.73570251464844,162.60130310058594,40.98080062866211
242.4571075439453,144.15609741210938,164.5933074951172,43.03239822387695
239.9407958984375,141.481201171875,169.22610473632812,46.718299865722656
242.95289611816406,138.1990966796875,168.11749267578125,53.81439971923828
240.9635009765625,133.5186004638672,171.6741943359375,61.9723014831543
241.86419677734375,118.79570007324219,170.9091033935547,80.82879638671875
229.4228973388672,113.20130157470703,183.24319458007812,83.67109680175781
222.67930603027344,112.2947006225586,190.04859924316406,89.77410125732422
240.851806640625,116.99829864501953,174.2700958251953,87.60369873046875
227.23660278320312,110.12830352783203,188.26649475097656,105.51119995117188
241.49609375,119.81559753417969,174.5738983154297,89.7073974609375
243.56260681152344,118.28070068359375,172.23190307617188,104.41899871826172
245.1313934326172,122.48079681396484,169.6302947998047,102.68460083007812
238.50230407714844,120.7979965209961,175.83099365234375,109.85649871826172
244.97210693359375,122.12359619140625,171.5948944091797,113.68009948730469
241.0751953125,128.1894989013672,173.50909423828125,110.65889739990234
240.622802734375,128.90379333496094,174.9114990234375,112.98729705810547
243.26609802246094,125.78900146484375,165.15870666503906,113.65650177001953
243.56219482421875,126.12480163574219,170.57679748535156,110.66339874267578
234.77439880371094,125.69960021972656,174.62049865722656,107.88610076904297
246.67770385742188,124.78730010986328,164.96009826660156,108.0864028930664
244.74290466308594,129.4532012939453,165.67970275878906,102.09549713134766
249.45010375976562,134.18490600585938,161.59339904785156,94.5438003540039
246.92750549316406,131.45689392089844,165.00120544433594,99.17030334472656
248.14100646972656,132.54469299316406,163.42999267578125,98.2313003540039
253.68679809570312,134.89610290527344,159.6082000732422,97.64790344238281
253.5012969970703,135.91270446777344,159.53640747070312,96.78050231933594
253.1717987060547,137.55299377441406,160.4987030029297,95.37190246582031
254.88900756835938,137.77960205078125,161.73519897460938,95.1771011352539
253.8804931640625,139.98390197753906,162.3415069580078,92.96980285644531
253.43080139160156,144.99549865722656,164.20260620117188,88.18699645996094
249.49569702148438,150.05810546875,168.2908935546875,80.80020141601562
250.29080200195312,146.94749450683594,167.11520385742188,82.12889862060547
251.69869995117188,150.94979858398438,166.44259643554688,76.5551986694336
254.6511993408203,152.6862030029297,161.3686065673828,73.41410064697266
254.65359497070312,154.19180297851562,161.5670928955078,71.79409790039062
256.1398010253906,155.10000610351562,159.7998046875,70.02490234375
257.3970947265625,160.25929260253906,159.61509704589844,64.43460083007812
261.02020263671875,164.5699005126953,158.1197052001953,60.34389877319336
261.4307861328125,163.6988983154297,157.37969970703125,61.30070114135742
264.1217041015625,164.89649963378906,155.5601043701172,60.00450134277344
266.34600830078125,168.65859985351562,159.05819702148438,56.53160095214844
265.1890869140625,170.97940063476562,161.78199768066406,53.480499267578125
264.5841064453125,172.15379333496094,162.08279418945312,50.80009841918945
264.4075012207031,176.027099609375,161.7322998046875,45.500701904296875
265.36761474609375,178.8740997314453,162.61329650878906,43.56610107421875
262.8847961425781,181.98959350585938,166.8072967529297,40.108699798583984
262.7107849121094,184.2563934326172,166.97030639648438,38.707401275634766
263.0578918457031,187.0355987548828,165.69650268554688,35.71929931640625
263.6947021484375,189.42320251464844,163.82479858398438,38.520999908447266
259.5812072753906,192.47540283203125,168.17539978027344,37.78950119018555
258.6405944824219,194.6739044189453,170.06410217285156,38.48979949951172
257.9938049316406,196.49330139160156,170.61270141601562,37.972801208496094
260.7773132324219,196.23129272460938,168.6125946044922,41.55030059814453
254.93299865722656,184.04629516601562,173.28640747070312,54.67900085449219
254.0373992919922,194.33999633789062,169.5189971923828,48.10900115966797
253.73629760742188,184.9248046875,170.3325958251953,61.98699951171875
255.77749633789062,191.6531982421875,161.947998046875,53.45309829711914
250.99630737304688,179.8563995361328,169.47360229492188,70.23979949951172
252.45970153808594,188.90199279785156,165.50770568847656,64.55690002441406
248.21710205078125,175.60440063476562,168.5334014892578,78.2396011352539
250.6793975830078,184.02670288085938,166.2740020751953,73.08159637451172
252.9066925048828,171.82460021972656,162.4969940185547,88.91780090332031
248.83599853515625,169.49130249023438,169.61419677734375,97.0999984741211
253.8238067626953,170.0093994140625,166.37680053710938,89.62750244140625
254.02659606933594,166.25430297851562,165.90170288085938,102.81060028076172
259.4079895019531,166.05270385742188,162.43850708007812,97.60749816894531
249.06289672851562,161.48170471191406,173.52349853515625,106.966796875
263.408203125,162.60719299316406,156.37770080566406,103.45159912109375
251.0756072998047,155.7686004638672,171.85220336914062,115.5864028930664
259.2439880371094,159.6553955078125,161.83670043945312,109.94120025634766
250.285400390625,152.30160522460938,172.51480102539062,120.04769897460938
252.93479919433594,155.0522003173828,166.74530029296875,123.1510009765625
246.1300048828125,146.54840087890625,170.95030212402344,129.68310546875
249.6298065185547,148.07139587402344,167.17849731445312,129.7906036376953
249.72630310058594,148.57449340820312,164.03720092773438,125.94439697265625
244.2366943359375,148.7642059326172,170.54530334472656,129.17970275878906
243.36819458007812,144.8990020751953,168.4156036376953,134.1352996826172
240.8177947998047,148.6033935546875,169.548095703125,132.3623046875
237.99969482421875,151.6920928955078,168.427001953125,130.75079345703125
236.2617950439453,150.0175018310547,167.0955047607422,137.20620727539062
234.25619506835938,150.62289428710938,165.63160705566406,135.4221954345703
234.2368927001953,151.63710021972656,165.32009887695312,139.1251983642578
229.46510314941406,150.9656982421875,166.37429809570312,142.4123992919922
230.2996063232422,151.281494140625,162.0937042236328,144.54269409179688
229.45089721679688,150.92539978027344,162.25770568847656,147.40269470214844
229.03640747070312,155.3426055908203,157.6407012939453,144.2895050048828
231.18760681152344,158.59109497070312,153.03359985351562,142.16140747070312
225.7386932373047,159.05760192871094,155.42149353027344,144.0697021484375
225.07269287109375,163.5836944580078,152.8135986328125,143.6584014892578
220.08889770507812,164.4055938720703,154.4420928955078,145.83590698242188
220.44259643554688,164.84860229492188,150.9145050048828,146.64059448242188
217.49490356445312,165.80360412597656,150.32730102539062,147.78909301757812
214.45419311523438,167.15150451660156,151.09939575195312,146.70669555664062
218.20050048828125,165.02490234375,144.17709350585938,149.92489624023438
217.01300048828125,167.54319763183594,141.91949462890625,142.19410705566406
215.5500030517578,166.80709838867188,145.1479034423828,144.11509704589844
213.6884002685547,166.5897979736328,143.8632049560547,144.71240234375
210.99009704589844,166.40640258789062,146.35450744628906,137.88720703125
213.82449340820312,166.85389709472656,139.5471954345703,134.07159423828125
211.1450958251953,166.37570190429688,142.00469970703125,130.71749877929688
212.03790283203125,169.38400268554688,144.08509826660156,128.89869689941406
214.1457061767578,160.3845977783203,141.90750122070312,127.3114013671875
208.81680297851562,165.4477996826172,142.6707000732422,119.57890319824219
211.88009643554688,166.07339477539062,143.88949584960938,125.4198989868164
208.68310546875,164.83790588378906,148.8636016845703,117.68990325927734
213.20570373535156,159.88150024414062,145.36880493164062,122.89900207519531
209.05029296875,157.9575958251953,151.10879516601562,120.13890075683594
209.41940307617188,162.00970458984375,146.96510314941406,120.98539733886719
210.72799682617188,161.95309448242188,148.66729736328125,116.54280090332031
207.01939392089844,162.5677947998047,150.63600158691406,113.50879669189453
213.3253936767578,162.34579467773438,146.404296875,118.52339935302734
208.310302734375,161.37379455566406,150.25050354003906,117.96430206298828
213.43080139160156,160.54049682617188,145.4176025390625,113.48410034179688
209.7720947265625,157.8740997314453,150.40269470214844,118.2509994506836
209.0178985595703,157.49769592285156,149.3990936279297,114.86530303955078
205.27639770507812,151.1468963623047,156.68910217285156,140.35830688476562
205.8679962158203,155.48260498046875,152.2801971435547,120.00689697265625
205.33990478515625,153.02850341796875,156.8549041748047,138.5225067138672
207.46299743652344,155.99380493164062,156.12359619140625,128.05690002441406
207.1721954345703,144.8509063720703,155.49009704589844,141.16250610351562
208.02389526367188,148.19259643554688,153.93850708007812,134.37600708007812
207.7938995361328,144.8105010986328,154.84230041503906,130.43409729003906
203.52969360351562,134.8979034423828,158.52870178222656,142.5074005126953
205.97360229492188,137.51210021972656,150.79859924316406,133.95849609375
204.1887969970703,132.80459594726562,152.80929565429688,135.46420288085938
202.16140747070312,126.91310119628906,151.7593994140625,134.4375
200.57110595703125,125.33560180664062,150.44590759277344,130.102294921875
198.61390686035156,120.78189849853516,152.17880249023438,138.03939819335938
201.5373992919922,130.05140686035156,148.7270965576172,125.8280029296875
199.53460693359375,123.99130249023438,146.1383056640625,131.58889770507812
199.30979919433594,124.93689727783203,146.4846954345703,126.0156021118164
202.03309631347656,133.327392578125,141.7205047607422,116.46420288085938
203.5319061279297,131.68600463867188,141.18040466308594,113.69049835205078
205.91029357910156,130.84930419921875,135.46859741210938,104.05220031738281
206.84759521484375,139.7642059326172,136.5552978515625,94.65470123291016
209.97239685058594,141.54840087890625,128.7200927734375,97.14399719238281
216.49960327148438,144.98919677734375,119.96710205078125,89.36499786376953
220.62750244140625,152.481201171875,96.12190246582031,75.84950256347656
224.80279541015625,159.00900268554688,98.60369873046875,78.96379852294922
227.6282958984375,164.66600036621094,101.556396484375,80.24140167236328
231.2548065185547,172.235595703125,100.18679809570312,77.25070190429688
232.9873046875,176.24830627441406,100.2354965209961,77.30059814453125
235.12969970703125,182.5731964111328,100.64309692382812,75.75990295410156
240.2187042236328,182.62049865722656,98.88880157470703,79.66649627685547
238.66180419921875,181.47439575195312,102.1885986328125,83.39450073242188
241.7967987060547,178.79969787597656,104.55419921875,90.54340362548828
249.03919982910156,191.44740295410156,101.13020324707031,87.08979797363281
236.9250030517578,189.23519897460938,114.39089965820312,91.78679656982422
235.07760620117188,180.16580200195312,120.94280242919922,108.4115982055664
239.7176971435547,184.58279418945312,113.17520141601562,103.81710052490234
236.75599670410156,182.61990356445312,122.50969696044922,107.67279815673828
237.83909606933594,183.9748992919922,120.44319915771484,111.66709899902344
235.65469360351562,183.47279357910156,122.00440216064453,116.13690185546875
234.5279998779297,178.63360595703125,128.52149963378906,122.50019836425781
234.173095703125,182.1741943359375,127.94180297851562,127.12259674072266
230.21099853515625,187.3289031982422,131.76319885253906,125.9791030883789
230.85580444335938,178.3845977783203,133.06320190429688,134.44580078125
231.95790100097656,177.9976043701172,134.22779846191406,137.18380737304688
230.84140014648438,179.49110412597656,134.47360229492188,138.34950256347656
232.7664031982422,180.35580444335938,132.83189392089844,142.5554962158203
231.54220581054688,177.49229431152344,134.78179931640625,145.3114013671875
231.04310607910156,174.5802001953125,136.70989990234375,152.46200561523438
228.86239624023438,176.95799255371094,140.7967987060547,152.38670349121094
226.55520629882812,175.8408966064453,146.04949951171875,152.67550659179688
223.67250061035156,177.3695068359375,149.968505859375,151.55409240722656
226.72720336914062,177.6118927001953,147.90939331054688,149.3845977783203
224.6112060546875,174.80630493164062,153.10459899902344,154.25230407714844
220.69569396972656,177.99000549316406,156.95570373535156,152.06689453125
220.63330078125,180.82679748535156,158.65179443359375,144.81179809570312
225.36050415039062,176.57870483398438,154.56329345703125,149.5093994140625
223.86180114746094,171.69839477539062,156.5363006591797,152.8090057373047
221.4364013671875,171.60890197753906,160.5186004638672,150.39410400390625
222.10499572753906,171.06739807128906,161.5373992919922,151.93040466308594
224.17750549316406,167.4134979248047,158.69439697265625,150.98570251464844
226.081298828125,170.7626953125,159.3970947265625,146.1479949951172
229.25010681152344,165.539794921875,160.80389404296875,151.90679931640625
227.72169494628906,168.29249572753906,162.42019653320312,144.47979736328125
230.64089965820312,163.17019653320312,163.81649780273438,149.5991973876953
227.48289489746094,165.46009826660156,166.964599609375,143.31790161132812
229.42039489746094,161.3574981689453,168.93719482421875,145.514892578125
227.9521026611328,161.2458953857422,167.64520263671875,142.86990356445312
227.06280517578125,156.1273956298828,169.77879333496094,141.94430541992188
227.54910278320312,149.35360717773438,165.75950622558594,147.1199951171875
228.37109375,146.07139587402344,164.90809631347656,150.68260192871094
229.2169952392578,142.39500427246094,162.03359985351562,147.7364959716797
225.74099731445312,146.36019897460938,166.17469787597656,143.2996063232422
228.9875030517578,141.6562957763672,155.1208953857422,142.95989990234375
226.76429748535156,142.3907012939453,157.57449340820312,138.73880004882812
228.04629516601562,144.58779907226562,149.3249969482422,129.85440063476562
223.3813018798828,141.5782012939453,157.1436004638672,137.3144989013672
226.66839599609375,139.50790405273438,150.4886016845703,138.39599609375
223.39329528808594,135.83749389648438,151.06680297851562,138.5417022705078
223.87359619140625,137.18499755859375,151.98379516601562,135.9752960205078
221.90679931640625,139.37930297851562,152.0825958251953,130.99400329589844
223.92190551757812,137.3759002685547,150.51710510253906,129.47610473632812
220.38340759277344,135.7519073486328,152.0229949951172,132.1381072998047
220.39190673828125,134.88360595703125,145.54139709472656,130.8990020751953
219.00889587402344,132.82229614257812,146.60369873046875,133.98629760742188
223.595703125,130.73399353027344,138.4282989501953,136.90499877929688
221.18919372558594,130.7241973876953,138.62759399414062,132.335205078125
229.7299041748047,136.21060180664062,125.50189971923828,127.32109832763672
230.66029357910156,141.410400390625,125.05789947509766,121.92430114746094
232.50450134277344,146.88169860839844,121.92240142822266,112.72799682617188
243.86270141601562,152.43209838867188,105.5062026977539,109.88200378417969
248.08349609375,158.30799865722656,96.29810333251953,103.12920379638672
257.4444885253906,163.28199768066406,86.20490264892578,101.61029815673828
255.4091033935547,168.9987030029297,61.42210006713867,92.88870239257812
263.5451965332031,167.86090087890625,80.40950012207031,94.9729995727539
266.6769104003906,170.28160095214844,56.23460006713867,90.20970153808594
272.2001037597656,167.35169982910156,47.844398498535156,91.839599609375
275.193603515625,164.88609313964844,52.579898834228516,89.83529663085938
282.0574951171875,161.7779998779297,43.29180145263672,94.10220336914062
289.2383117675781,161.1864013671875,45.80540084838867,122.84459686279297
296.46380615234375,165.29029846191406,40.57460021972656,92.52960205078125
291.13140869140625,161.69900512695312,57.854000091552734,124.7073974609375
283.918701171875,163.1761016845703,73.06050109863281,116.93250274658203
292.56439208984375,185.10020446777344,62.78120040893555,91.71859741210938
283.89739990234375,176.35330200195312,74.0250015258789,102.58309936523438
285.410400390625,167.81829833984375,68.36849975585938,89.15969848632812
283.7098083496094,172.70509338378906,71.12799835205078,109.49079895019531
282.9797058105469,163.985107421875,73.67420196533203,116.40799713134766
257.28448486328125,217.25289916992188,92.44539642333984,69.4457015991211
282.1628112792969,168.06739807128906,81.60820007324219,117.78810119628906
272.7543029785156,160.06520080566406,97.17279815673828,125.32479858398438
255.11459350585938,152.72369384765625,116.6272964477539,133.26229858398438
238.13540649414062,145.68209838867188,136.6450958251953,143.52110290527344
244.40480041503906,147.28480529785156,136.87600708007812,143.47650146484375
246.60719299316406,131.14450073242188,139.17959594726562,154.85589599609375
230.0395050048828,125.26820373535156,160.1916046142578,160.6020050048828
239.68240356445312,127.56680297851562,146.1772003173828,144.5428924560547
227.96080017089844,123.38829803466797,160.9969024658203,147.76589965820312
237.84609985351562,119.52680206298828,153.8450927734375,143.48719787597656
236.30810546875,115.7417984008789,151.75059509277344,139.31149291992188
255.49159240722656,111.22380065917969,132.45120239257812,142.23829650878906
255.4365997314453,108.46920013427734,130.04110717773438,139.05039978027344
259.7514953613281,104.94259643554688,125.33509826660156,139.76040649414062
255.72850036621094,103.75479888916016,130.5836944580078,138.0756072998047
261.88739013671875,103.90290069580078,122.62750244140625,136.78250122070312
251.64649963378906,104.00789642333984,131.25790405273438,137.2998046875
264.8476867675781,101.89219665527344,122.13670349121094,136.9792022705078
265.284912109375,102.60289764404297,119.95659637451172,133.87770080566406
262.97869873046875,101.22630310058594,121.2249984741211,136.39419555664062
266.97149658203125,98.45079803466797,117.6229019165039,138.79690551757812
266.0317077636719,95.31700134277344,118.40689849853516,138.97630310058594
271.1719970703125,94.90679931640625,114.68209838867188,139.7196044921875
270.8544006347656,96.72720336914062,111.73100280761719,137.77090454101562
273.58709716796875,97.58670043945312,108.89759826660156,136.40679931640625
270.7489013671875,96.35399627685547,110.13939666748047,138.1269989013672
272.3446044921875,97.61270141601562,105.30490112304688,137.51480102539062
276.08209228515625,98.29989624023438,103.43070220947266,136.94259643554688
276.16571044921875,97.24569702148438,102.06909942626953,138.96620178222656
275.8876953125,96.90689849853516,102.07360076904297,136.54209899902344
273.3797912597656,95.94080352783203,104.80789947509766,137.51100158691406
273.9195861816406,96.8292007446289,103.25520324707031,136.7263946533203
270.0010070800781,94.36489868164062,104.26119995117188,138.35279846191406
268.72198486328125,93.3667984008789,104.60289764404297,141.20860290527344
283.0010986328125,92.97589874267578,83.92359924316406,135.1313018798828
273.56500244140625,91.6801986694336,85.48310089111328,140.35299682617188
286.7001037597656,90.15879821777344,74.87850189208984,138.5863037109375
275.1077880859375,90.28150177001953,64.54730224609375,139.62680053710938
278.022705078125,92.60050201416016,70.21739959716797,137.29879760742188
279.3674011230469,87.08300018310547,52.85900115966797,142.0989990234375
279.5885925292969,91.77770233154297,52.98350143432617,144.86279296875
280.78961181640625,86.72989654541016,43.924198150634766,142.0644073486328
282.19378662109375,83.87349700927734,41.66550064086914,146.44369506835938
279.7532958984375,82.94380187988281,38.654701232910156,142.1427001953125
277.7214050292969,71.15139770507812,40.142799377441406,153.15049743652344
275.9136962890625,78.20919799804688,44.0796012878418,146.21530151367188
278.2101135253906,77.70570373535156,44.291099548339844,145.6237030029297
276.93231201171875,77.60260009765625,45.50230026245117,143.14990234375
283.0516052246094,98.78679656982422,44.6422004699707,120.74369812011719
286.15728759765625,89.23919677734375,45.83660125732422,135.05850219726562
280.27191162109375,88.19999694824219,53.37810134887695,138.6031036376953
283.1318054199219,119.84449768066406,56.756099700927734,110.13079833984375
263.79620361328125,93.85040283203125,76.03910064697266,137.9925994873047
265.6878967285156,104.27210235595703,82.78359985351562,127.58149719238281
264.62811279296875,111.14230346679688,85.5416030883789,119.73300170898438
247.60459899902344,100.71920013427734,102.10690307617188,132.44309997558594
267.27288818359375,129.74549865722656,86.8488998413086,102.48320007324219
249.23779296875,105.08309936523438,114.50489807128906,126.78890228271484
260.8035888671875,113.17849731445312,110.51860046386719,117.68720245361328
240.8529052734375,100.3501968383789,125.81279754638672,128.4748992919922
225.49240112304688,105.94319915771484,148.51119995117188,124.58789825439453
220.81370544433594,106.7655029296875,156.6822052001953,120.95459747314453
225.64419555664062,109.12449645996094,152.39779663085938,115.56050109863281
214.16529846191406,107.1510009765625,157.90980529785156,119.91449737548828
213.9051971435547,107.72470092773438,151.8520965576172,117.93180084228516
208.37789916992188,104.70089721679688,152.0128936767578,125.77040100097656
205.4788055419922,101.99530029296875,144.6634063720703,131.02200317382812
203.4626007080078,100.74649810791016,140.2899932861328,134.8719024658203
196.93479919433594,108.54199981689453,138.79910278320312,126.52330017089844
194.19569396972656,106.09970092773438,134.66360473632812,125.2676010131836
227.3090057373047,127.68000030517578,96.50679779052734,108.33370208740234
189.5836944580078,114.18099975585938,129.99400329589844,123.04440307617188
183.61219787597656,115.30590057373047,128.96429443359375,118.7968978881836
181.05360412597656,118.19599914550781,130.08290100097656,123.50550079345703
176.19769287109375,122.59290313720703,130.39329528808594,122.91580200195312
170.99440002441406,125.97699737548828,132.252197265625,121.09619903564453
167.9781951904297,128.28160095214844,129.5731964111328,114.88279724121094
165.3256072998047,131.32110595703125,136.86500549316406,124.29989624023438
162.23680114746094,133.71949768066406,133.58810424804688,116.43419647216797
160.4073944091797,141.8291015625,139.68980407714844,116.80829620361328
159.40550231933594,150.17430114746094,142.35299682617188,110.97940063476562
162.8607940673828,159.3592071533203,139.10009765625,105.4928970336914
169.7469024658203,171.54029846191406,144.87339782714844,109.32420349121094
173.59230041503906,185.95950317382812,153.220703125,114.83059692382812
174.45030212402344,194.8773956298828,158.1309051513672,123.21489715576172
181.0915985107422,204.37559509277344,157.35850524902344,119.13749694824219
184.6833038330078,207.81700134277344,166.6710968017578,118.02539825439453
199.8394012451172,205.73919677734375,166.75010681152344,112.03379821777344
210.1916046142578,208.1284942626953,165.92930603027344,96.23930358886719
219.66879272460938,197.59750366210938,175.97579956054688,95.08180236816406
229.8509063720703,178.7677001953125,176.98109436035156,110.4364013671875
244.51409912109375,160.2816925048828,179.4062042236328,124.62809753417969
261.99261474609375,142.0229034423828,173.4113006591797,139.9217987060547
274.6997985839844,132.89450073242188,167.3448944091797,148.2711944580078
280.1145935058594,123.31500244140625,163.4174041748047,154.41360473632812
297.36480712890625,122.06220245361328,150.45010375976562,158.07789611816406
303.41558837890625,122.54070281982422,142.86570739746094,160.8686065673828
306.91949462890625,130.9051055908203,140.65750122070312,158.07020568847656
305.1341857910156,139.29769897460938,143.26840209960938,156.86770629882812
296.9595031738281,149.28050231933594,149.55020141601562,154.50900268554688
291.48748779296875,161.9678955078125,152.01150512695312,152.0579071044922
277.25799560546875,179.58299255371094,159.52789306640625,146.00889587402344
260.15380859375,196.4311065673828,166.377197265625,135.25120544433594
237.89779663085938,218.25660705566406,165.65089416503906,110.83689880371094
229.11900329589844,243.29150390625,159.63319396972656,92.4374008178711
218.09120178222656,253.43370056152344,154.70140075683594,93.01110076904297
202.3489990234375,238.3979034423828,152.70199584960938,115.35900115966797
177.66929626464844,240.8332977294922,160.6282958984375,113.31230163574219
163.45509338378906,241.62159729003906,159.89779663085938,114.05149841308594
150.4873046875,236.06619262695312,164.3376007080078,118.82160186767578
144.15550231933594,235.80360412597656,165.5048065185547,121.15850067138672
142.83889770507812,235.06300354003906,155.30859375,123.62960052490234
145.79620361328125,236.7393035888672,155.08360290527344,120.50589752197266
142.85000610351562,235.93789672851562,157.22479248046875,121.6448974609375
146.82159423828125,235.4846954345703,155.86729431152344,121.26399993896484
152.70140075683594,239.0998992919922,155.71620178222656,119.28739929199219
163.99899291992188,244.03720092773438,156.93670654296875,112.94280242919922
180.06199645996094,244.3074951171875,160.14939880371094,111.49700164794922
204.72340393066406,231.4311981201172,154.80349731445312,120.75749969482422
227.5260009765625,231.34669494628906,160.6768035888672,111.65370178222656
249.80130004882812,225.63839721679688,158.8986053466797,93.7738037109375
258.21258544921875,200.7628936767578,171.29989624023438,103.00420379638672
281.4570007324219,154.277099609375,167.62939453125,137.66070556640625
309.1451110839844,112.32879638671875,152.28329467773438,155.30360412597656
321.86248779296875,79.28040313720703,156.7895965576172,161.5836944580078
337.4017028808594,49.777000427246094,137.23489379882812,165.21400451660156
343.4190979003906,27.305099487304688,123.9292984008789,163.74110412597656
347.0067138671875,4.763299942016602,112.6948013305664,163.5030059814453
336.5880126953125,0.0,125.4126968383789,158.48109436035156
325.8797912597656,2.5957000255584717,142.97279357910156,149.9217987060547
315.1781921386719,0.0,152.0334014892578,146.20989990234375
303.5871887207031,0.0,159.82470703125,146.67950439453125
300.4176025390625,0.0,155.1916961669922,153.00140380859375
287.1347961425781,1.2833000421524048,151.39259338378906,163.11790466308594
285.5072021484375,5.073599815368652,144.914306640625,167.2967071533203
281.6754150390625,23.31170082092285,133.43910217285156,169.07589721679688
273.9823913574219,49.1796989440918,110.23049926757812,174.5782012939453
299.5293884277344,167.51629638671875,56.85340118408203,92.69490051269531
267.3581848144531,102.55599975585938,70.345703125,169.52569580078125
249.64340209960938,155.9207000732422,67.00900268554688,144.1439971923828
251.0366973876953,188.02130126953125,50.88600158691406,113.34400177001953
242.4906005859375,233.53280639648438,48.13159942626953,106.51429748535156
206.5041961669922,221.76429748535156,72.86060333251953,58.251800537109375
168.92379760742188,225.44760131835938,108.79959869384766,134.55239868164062
158.7288055419922,227.87680053710938,109.52179718017578,130.77920532226562
156.3927001953125,233.21710205078125,98.60099792480469,126.38919830322266
159.7823028564453,242.61720275878906,90.79740142822266,115.72689819335938
160.83619689941406,223.80499267578125,81.7113037109375,134.97889709472656
166.50030517578125,222.45919799804688,71.76799774169922,135.95150756835938
175.36920166015625,238.93800354003906,58.222198486328125,118.14790344238281
191.40980529785156,247.49749755859375,39.925201416015625,104.74079895019531
195.99859619140625,271.7550048828125,31.469499588012695,69.9011001586914
191.03900146484375,277.5635070800781,37.784000396728516,73.91010284423828
187.4102020263672,291.60791015625,41.9463005065918,66.41239929199219
187.09559631347656,296.7807922363281,43.06039810180664,62.88840103149414
191.20089721679688,297.510498046875,38.246299743652344,61.488399505615234
193.58309936523438,302.6612854003906,37.757598876953125,56.403499603271484
186.27659606933594,294.5172119140625,61.34379959106445,65.47920227050781
183.3166046142578,301.69110107421875,53.70100021362305,57.443199157714844
187.84019470214844,287.997314453125,55.610801696777344,67.79049682617188
201.643798828125,298.7268981933594,44.57149887084961,60.10540008544922
210.8533935546875,282.1697082519531,42.90589904785156,77.30370330810547
220.9501953125,265.8584899902344,49.933101654052734,94.1415023803711
193.0218963623047,243.15530395507812,92.9854965209961,116.8447036743164
184.85450744628906,231.39089965820312,113.50679779052734,128.18409729003906
177.98289489746094,220.7864990234375,145.8126983642578,137.28050231933594
161.74130249023438,209.05349731445312,157.96290588378906,150.94650268554688
151.5196075439453,201.44760131835938,183.55349731445312,155.36830139160156
139.10189819335938,208.05299377441406,203.47940063476562,151.94700622558594
158.9008026123047,193.710205078125,195.57620239257812,161.35389709472656
133.9980926513672,202.86090087890625,232.8524932861328,156.40159606933594
132.61940002441406,209.48800659179688,229.70809936523438,149.75650024414062
135.1569061279297,229.4835968017578,216.23129272460938,130.5164031982422
182.8376007080078,223.08900451660156,155.03309631347656,116.25299835205078
129.83180236816406,234.64039611816406,203.33160400390625,120.94170379638672
135.07949829101562,244.76980590820312,182.26690673828125,110.52330017089844
138.1846923828125,245.9091033935547,153.1685028076172,109.17720031738281
145.82130432128906,242.4792938232422,157.66419982910156,115.24610137939453
137.591796875,245.27040100097656,141.23629760742188,114.72959899902344
144.48939514160156,248.88079833984375,106.1780014038086,111.11920166015625
167.5457000732422,250.76199340820312,75.78990173339844,106.44120025634766
185.7913055419922,265.5931091308594,57.427398681640625,93.28679656982422
203.18919372558594,261.6835021972656,50.13880157470703,96.66549682617188
221.11610412597656,256.83660888671875,46.65679931640625,91.1593017578125
230.03660583496094,242.99929809570312,56.91699981689453,101.9374008178711
182.78370666503906,226.18739318847656,124.11689758300781,132.98019409179688
196.11740112304688,230.6416015625,123.92320251464844,120.1803970336914
181.47390747070312,224.74429321289062,142.70379638671875,113.95899963378906
151.24180603027344,221.70159912109375,181.3114013671875,113.88420104980469
148.32359313964844,220.6844024658203,194.8052978515625,117.5344009399414
144.52760314941406,222.84030151367188,207.4636993408203,118.63279724121094
144.67730712890625,221.71189880371094,219.43260192871094,126.99440002441406
194.048095703125,222.9833984375,164.2158966064453,102.6135025024414
150.50660705566406,215.45120239257812,226.44459533691406,134.0406951904297
170.30189514160156,205.8553924560547,216.13519287109375,127.60070037841797
168.58360290527344,190.38699340820312,192.81619262695312,126.97879791259766
168.3363037109375,184.3361053466797,224.404296875,153.09849548339844
167.3997039794922,180.79600524902344,235.60220336914062,138.1186981201172
176.6320037841797,174.5792999267578,237.522705078125,140.0637969970703
175.189697265625,164.793701171875,229.89199829101562,141.35360717773438
179.11709594726562,174.8896026611328,235.78359985351562,121.51390075683594
177.49710083007812,161.30209350585938,246.71780395507812,135.81430053710938
181.69590759277344,146.7386016845703,248.5825958251953,137.19410705566406
180.01669311523438,130.52279663085938,253.32620239257812,143.20419311523438
176.72579956054688,122.716796875,245.00140380859375,146.37620544433594
171.0325927734375,113.41590118408203,261.99639892578125,156.739501953125
156.14120483398438,107.12079620361328,280.15411376953125,169.1887969970703
145.86619567871094,108.27130126953125,281.36810302734375,174.8616943359375
127.33889770507812,116.26490020751953,295.22430419921875,180.12319946289062
112.4375991821289,126.95240020751953,297.7666015625,183.55999755859375
100.19920349121094,137.3690948486328,307.1864929199219,196.0093994140625
69.67060089111328,160.506103515625,339.0581970214844,194.99209594726562
59.72890090942383,194.7958984375,326.19439697265625,162.60330200195312
