1
246.3054962158203,200.1656036376953,343.0458984375,57.889801025390625
247.14669799804688,194.53289794921875,375.5539855957031,66.67489624023438
252.41259765625,195.0218048095703,358.38140869140625,67.18329620361328
245.59750366210938,186.92869567871094,365.4690856933594,78.61940002441406
258.24481201171875,184.1829071044922,367.0069885253906,82.81700134277344
254.79440307617188,167.41310119628906,374.7744140625,102.88749694824219
262.2156982421875,146.76829528808594,369.0588073730469,124.02729797363281
271.0008850097656,138.90609741210938,355.86279296875,130.74859619140625
273.923095703125,129.5688934326172,348.8163146972656,147.7418975830078
274.9230041503906,121.36360168457031,340.3252868652344,148.32460021972656
273.6376953125,116.84100341796875,344.252685546875,147.18380737304688
279.00360107421875,110.31169891357422,335.652099609375,149.57879638671875
283.2846984863281,106.2114028930664,332.19891357421875,152.9438934326172
285.2510070800781,98.21440124511719,327.9612121582031,163.2154998779297
281.4309997558594,87.42279815673828,333.5304870605469,166.19610595703125
288.01031494140625,93.84559631347656,327.4153137207031,160.27589416503906
288.5635986328125,92.42990112304688,318.9707946777344,163.06080627441406
287.5989990234375,84.02259826660156,319.7369079589844,166.95790100097656
290.7267150878906,89.67359924316406,317.49029541015625,165.22889709472656
285.1317138671875,86.6864013671875,320.252197265625,163.60519409179688
288.5639953613281,93.08779907226562,316.3595886230469,157.35400390625
286.5585021972656,91.21309661865234,314.2809143066406,160.05690002441406
285.51910400390625,88.21009826660156,312.9862060546875,163.07449340820312
289.3478088378906,87.1250991821289,313.8316955566406,163.85549926757812
287.1995849609375,85.26840209960938,316.0809020996094,164.29750061035156
286.385498046875,93.22029876708984,318.214111328125,157.30499267578125
285.6708068847656,90.49250030517578,316.98541259765625,162.9615020751953
286.8559875488281,86.306396484375,317.48638916015625,164.39039611816406
286.4764099121094,83.11370086669922,319.3659973144531,172.27760314941406
287.2146911621094,85.30220031738281,325.5133056640625,166.92889404296875
284.489990234375,91.1238021850586,326.4176025390625,166.99989318847656
283.2912902832031,90.36100006103516,319.30169677734375,165.12930297851562
288.16448974609375,87.70570373535156,312.75799560546875,164.89169311523438
281.80609130859375,84.00890350341797,320.5954895019531,166.4362030029297
280.8002014160156,86.92160034179688,330.55621337890625,163.9409942626953
285.2778015136719,85.54049682617188,315.70098876953125,163.86830139160156
282.0014953613281,80.67030334472656,319.1565856933594,168.08250427246094
281.8091125488281,83.60250091552734,319.4302062988281,162.3928985595703
281.2596130371094,76.5780029296875,322.64111328125,169.8292999267578
282.1156005859375,78.42120361328125,320.6181945800781,169.80650329589844
282.6607971191406,80.989501953125,318.7218017578125,166.58470153808594
280.6509094238281,77.2114028930664,321.42889404296875,170.7008056640625
283.3664855957031,78.28199768066406,318.6913146972656,168.96490478515625
282.2995910644531,78.64610290527344,318.477294921875,170.20669555664062
280.5466003417969,76.96649932861328,319.34649658203125,169.5659942626953
286.2908020019531,72.21700286865234,317.78741455078125,174.98129272460938
283.6748962402344,67.75350189208984,318.0481872558594,176.61270141601562
289.5203857421875,69.2332992553711,311.5841979980469,172.32659912109375
282.2095031738281,66.8281021118164,316.2627868652344,177.34649658203125
284.2262878417969,62.52840042114258,318.3971862792969,174.7928924560547
295.4596862792969,64.36969757080078,305.5710144042969,172.30360412597656
283.1796875,61.6599006652832,318.5244140625,172.09019470214844
281.8013000488281,60.58039855957031,329.7821960449219,172.92739868164062
280.0274963378906,52.6973991394043,327.4466857910156,179.98300170898438
285.56500244140625,49.09389877319336,321.6181945800781,178.614501953125
286.2904968261719,46.188899993896484,314.14739990234375,177.86399841308594
275.7565002441406,39.72169876098633,319.64691162109375,181.74020385742188
262.22900390625,32.7244987487793,353.1369934082031,180.74769592285156
254.74490356445312,29.14430046081543,338.55419921875,182.40969848632812
228.2042999267578,37.0536003112793,350.605712890625,173.57730102539062
246.70339965820312,36.72309875488281,334.7508850097656,173.25999450683594
248.6490020751953,32.38759994506836,337.1117858886719,178.8083038330078
298.2958984375,23.73240089416504,282.639404296875,186.7570037841797
300.2038879394531,16.582199096679688,278.8205871582031,189.72569274902344
320.92620849609375,6.322500228881836,251.08839416503906,200.09010314941406
325.48370361328125,2.3099000453948975,245.33090209960938,203.8618927001953
324.5143127441406,1.2491999864578247,243.1269073486328,203.0164031982422
324.83770751953125,0.8202000260353088,241.59750366210938,201.02430725097656
325.11260986328125,0.01940000057220459,235.2805938720703,200.69580078125
320.30828857421875,1.7369999885559082,231.70970153808594,197.2803955078125
324.3301086425781,3.7711000442504883,230.99220275878906,193.83509826660156
320.5368957519531,2.1384999752044678,221.21409606933594,194.96420288085938
316.09381103515625,0.8561000227928162,222.1887969970703,194.4853973388672
316.10528564453125,3.763200044631958,213.99630737304688,195.60189819335938
312.68231201171875,3.140500068664551,212.30709838867188,198.31280517578125
313.66778564453125,3.3649001121520996,209.452392578125,203.4398956298828
314.0566101074219,3.354099988937378,199.46409606933594,204.606201171875
313.6318054199219,4.985499858856201,198.03109741210938,207.4158935546875
313.40301513671875,3.0697999000549316,202.4409942626953,213.060302734375
312.2474060058594,4.024700164794922,202.42030334472656,216.97120666503906
317.6742858886719,6.193299770355225,195.17120361328125,216.30819702148438
324.9012145996094,10.831399917602539,188.64549255371094,216.35459899902344
329.35040283203125,18.70330047607422,186.2967071533203,209.31869506835938
330.3713073730469,20.808700561523438,184.106201171875,209.46359252929688
336.4602966308594,17.966800689697266,182.7001953125,213.8571014404297
343.1910095214844,23.24530029296875,180.57339477539062,210.1262969970703
345.49371337890625,21.106199264526367,175.71580505371094,212.5814971923828
346.4130859375,19.560800552368164,179.06350708007812,216.30599975585938
342.8052062988281,17.228200912475586,186.3372039794922,217.03680419921875
343.9233093261719,16.529399871826172,187.1031036376953,219.46730041503906
346.3338928222656,17.643299102783203,189.28579711914062,218.08050537109375
350.8539123535156,16.87380027770996,182.89930725097656,219.80740356445312
345.5047912597656,20.207700729370117,187.91510009765625,217.16409301757812
346.8121032714844,20.42770004272461,189.93870544433594,217.02830505371094
344.1253967285156,24.076099395751953,189.15969848632812,213.23660278320312
344.52490234375,20.1737003326416,185.11090087890625,217.8000946044922
340.1588134765625,21.772300720214844,188.63119506835938,215.83399963378906
339.05828857421875,24.500600814819336,191.393798828125,216.25669860839844
334.8830871582031,28.050399780273438,186.73699951171875,210.56430053710938
330.96319580078125,30.673599243164062,188.1029052734375,209.27349853515625
331.5992126464844,29.6200008392334,183.4779052734375,211.44000244140625
324.480712890625,37.32899856567383,186.72979736328125,200.835693359375
320.23089599609375,40.471099853515625,185.4801025390625,199.04910278320312
318.8727111816406,49.59379959106445,180.6566925048828,190.798095703125
315.4114074707031,57.96289825439453,176.66329956054688,178.2490997314453
318.12530517578125,58.38740158081055,176.63290405273438,177.3721923828125
317.9939880371094,62.622501373291016,172.7617950439453,168.99159240722656
320.1606140136719,64.31340026855469,171.04220581054688,169.23109436035156
323.7701110839844,65.31220245361328,170.73019409179688,169.22250366210938
330.8070983886719,62.34830093383789,161.53289794921875,167.40260314941406
333.2034912109375,63.8224983215332,159.7397003173828,165.35169982910156
339.94781494140625,62.865501403808594,155.2779998779297,159.20140075683594
344.2532043457031,67.15290069580078,149.21949768066406,155.022705078125
348.2568054199219,67.40570068359375,147.4138946533203,159.60220336914062
349.3645935058594,68.47319793701172,139.9918975830078,146.90589904785156
353.66650390625,70.70649719238281,131.1136932373047,142.51429748535156
359.1355895996094,70.57279968261719,129.34869384765625,147.5695037841797
358.52490234375,70.85859680175781,131.76339721679688,142.74420166015625
354.8111877441406,68.98750305175781,142.27780151367188,146.60870361328125
355.06890869140625,68.3406982421875,148.18670654296875,145.24020385742188
354.91778564453125,67.25250244140625,151.73609924316406,151.572998046875
356.5585021972656,65.91059875488281,151.58099365234375,151.28990173339844
353.21429443359375,63.66339874267578,154.34710693359375,156.60629272460938
350.70819091796875,63.635101318359375,164.58929443359375,157.83529663085938
353.31939697265625,63.66790008544922,160.26890563964844,160.4506072998047
350.0788879394531,61.17279815673828,163.4459991455078,162.43980407714844
353.5564880371094,64.31759643554688,158.72830200195312,159.472900390625
352.0008850097656,60.45909881591797,161.5894012451172,162.47369384765625
356.8815002441406,63.59410095214844,148.41639709472656,156.50860595703125
353.9305114746094,59.260398864746094,153.71029663085938,162.0299072265625
355.7889099121094,63.882198333740234,151.2624053955078,155.73289489746094
354.9607849121094,61.7406005859375,123.93659973144531,153.5511932373047
351.481689453125,65.15740203857422,107.14179992675781,161.7584991455078
357.7862854003906,65.77739715576172,98.21269989013672,149.62660217285156
354.7510986328125,68.91000366210938,96.35009765625,173.69459533691406
340.8507995605469,64.79850006103516,108.96869659423828,179.63270568847656
333.3396911621094,62.26409912109375,114.53130340576172,181.6710968017578
326.4198913574219,65.51629638671875,122.13580322265625,178.99209594726562
324.38580322265625,64.29920196533203,127.14080047607422,179.99920654296875
318.1542053222656,62.342098236083984,132.43629455566406,177.9011993408203
316.9764099121094,61.40599822998047,140.80230712890625,173.72760009765625
313.6893005371094,59.63819885253906,146.5594940185547,175.64840698242188
317.31988525390625,58.319000244140625,140.65249633789062,174.9591064453125
315.72808837890625,54.82160186767578,147.33009338378906,177.23789978027344
306.0636901855469,50.78010177612305,163.49110412597656,185.6636962890625
298.67730712890625,45.39459991455078,173.589599609375,193.7523956298828
290.92120361328125,42.785701751708984,185.5081024169922,201.91220092773438
291.5338134765625,41.65909957885742,186.66650390625,206.0666046142578
289.5609130859375,45.334598541259766,191.3291015625,209.17730712890625
285.9023132324219,42.24150085449219,194.45860290527344,213.23179626464844
287.6325988769531,42.13610076904297,195.55270385742188,211.66690063476562
290.5765075683594,43.497798919677734,190.44239807128906,208.99240112304688
294.7582092285156,40.665000915527344,188.1042022705078,211.35679626464844
290.61810302734375,39.08679962158203,194.00169372558594,214.1020965576172
292.37908935546875,38.31269836425781,193.72430419921875,212.67860412597656
292.9259033203125,36.145999908447266,194.96629333496094,212.1822967529297
300.72021484375,36.3135986328125,187.33709716796875,208.76010131835938
303.36090087890625,33.54990005493164,187.976806640625,201.39219665527344
308.19500732421875,31.350400924682617,187.01150512695312,200.5054931640625
314.14910888671875,31.164499282836914,180.62730407714844,193.40220642089844
316.3699951171875,32.81290054321289,180.21609497070312,172.06260681152344
317.6075134277344,40.247501373291016,180.7720947265625,181.1038055419922
317.7549133300781,48.567901611328125,184.99960327148438,175.0780029296875
314.80859375,62.10380172729492,183.1580047607422,148.55320739746094
318.8713073730469,68.27040100097656,186.60980224609375,145.9517059326172
315.1236877441406,78.28279876708984,189.72039794921875,117.82689666748047
314.99798583984375,99.09239959716797,187.72340393066406,98.54779815673828
315.51910400390625,111.83219909667969,184.14599609375,88.40709686279297
313.4056091308594,126.21920013427734,186.43499755859375,76.6187973022461
308.3276062011719,139.87620544433594,188.997802734375,73.11229705810547
307.1319885253906,142.08920288085938,192.2187042236328,82.85089874267578
313.5600891113281,138.69850158691406,194.62640380859375,99.46499633789062
313.7862854003906,133.03359985351562,184.2696990966797,115.84490203857422
315.0851135253906,126.78690338134766,188.67630004882812,128.01150512695312
320.0184020996094,122.0625,180.8123016357422,128.54110717773438
331.8111877441406,115.95909881591797,173.76210021972656,135.42300415039062
340.1000061035156,102.6050033569336,155.66360473632812,139.00860595703125
349.1709899902344,87.30729675292969,143.63470458984375,174.49130249023438
360.497314453125,75.2479019165039,128.5467987060547,166.11309814453125
383.0079040527344,64.7677993774414,97.49720001220703,198.16990661621094
405.66680908203125,59.10110092163086,63.596500396728516,207.25509643554688
413.17279052734375,50.93220138549805,69.06590270996094,218.98069763183594
403.6274108886719,63.37269973754883,106.193603515625,207.09890747070312
387.0617980957031,59.44380187988281,151.57859802246094,207.2283935546875
379.169189453125,108.77519989013672,159.1304931640625,149.15359497070312
370.1883850097656,90.35469818115234,188.66490173339844,164.65359497070312
367.3934020996094,107.6885986328125,191.8125,141.49159240722656
368.74920654296875,105.65859985351562,185.0023956298828,140.21080017089844
368.67340087890625,107.86289978027344,191.02749633789062,137.8553924560547
369.29449462890625,111.58000183105469,190.7563934326172,135.87460327148438
366.8381042480469,119.30999755859375,189.80130004882812,131.4799041748047
364.8044128417969,114.24980163574219,194.4040069580078,134.84750366210938
358.28399658203125,121.73509979248047,196.44790649414062,125.43710327148438
356.6160888671875,127.2667007446289,190.41819763183594,119.32710266113281
353.55560302734375,134.61390686035156,192.80960083007812,109.3644027709961
352.6545104980469,139.83470153808594,193.07640075683594,98.64019775390625
347.1046142578125,152.07940673828125,183.93089294433594,81.05899810791016
340.9715881347656,163.22149658203125,169.1992950439453,66.60700225830078
339.83538818359375,167.0670928955078,151.91830444335938,54.98500061035156
345.7922058105469,166.4384002685547,141.8083953857422,47.93389892578125
343.84930419921875,157.0092010498047,146.31300354003906,50.43349838256836
354.1636962890625,143.993896484375,135.51539611816406,62.13759994506836
352.38629150390625,134.5531005859375,136.0166015625,76.11430358886719
344.6329040527344,126.94190216064453,136.2581024169922,101.73789978027344
340.160888671875,117.4010009765625,149.04690551757812,115.86370086669922
352.14300537109375,111.27439880371094,159.54339599609375,132.51089477539062
352.3832092285156,103.1958999633789,159.50050354003906,160.19329833984375
366.4070129394531,98.08270263671875,160.33270263671875,172.0303955078125
375.1720886230469,91.38150024414062,124.09290313720703,187.58099365234375
381.3431091308594,90.36979675292969,117.15350341796875,189.7559051513672
391.67559814453125,88.76509857177734,101.89189910888672,189.47000122070312
385.12750244140625,89.50489807128906,102.82319641113281,191.3791961669922
377.92181396484375,95.0553970336914,119.48500061035156,188.61070251464844
365.0889892578125,105.24569702148438,147.2823944091797,181.40890502929688
353.0049133300781,115.1178970336914,165.92489624023438,175.0041961669922
345.434814453125,116.36209869384766,178.69970703125,172.26300048828125
339.15289306640625,119.54879760742188,181.7960968017578,171.90640258789062
340.6907958984375,120.55259704589844,179.61599731445312,174.1510009765625
344.3832092285156,116.43820190429688,180.7371063232422,175.7053985595703
345.125,115.06729888916016,190.52130126953125,179.26919555664062
343.82110595703125,115.0020980834961,207.3592071533203,177.11810302734375
333.6383972167969,112.8551025390625,218.86709594726562,180.9481964111328
340.64898681640625,112.56950378417969,213.09649658203125,178.2613067626953
339.47711181640625,114.9884033203125,215.2384033203125,172.77040100097656
338.37701416015625,118.2822036743164,216.481201171875,168.86099243164062
335.3395080566406,110.79609680175781,219.3988037109375,174.1186065673828
336.9211120605469,115.69670104980469,217.35130310058594,169.8125
332.39959716796875,110.7405014038086,220.90289306640625,173.75360107421875
333.8133850097656,109.99449920654297,217.55799865722656,171.2458038330078
328.747802734375,110.7488021850586,207.7259979248047,160.851806640625
319.4833984375,115.73259735107422,214.13870239257812,144.2657012939453
320.88140869140625,119.69000244140625,200.4008026123047,121.06719970703125
332.60260009765625,123.4718017578125,177.35169982910156,97.62519836425781
334.88018798828125,109.11710357666016,149.32749938964844,104.24490356445312
338.79119873046875,79.11389923095703,145.38009643554688,150.98609924316406
344.4325866699219,71.48380279541016,133.16229248046875,166.5496063232422
345.184814453125,67.62570190429688,119.28520202636719,185.5467071533203
351.3608093261719,62.87739944458008,113.5156021118164,163.94920349121094
360.61761474609375,57.93920135498047,100.57939910888672,176.92250061035156
360.222900390625,47.52579879760742,103.06500244140625,175.63600158691406
359.4692077636719,43.144500732421875,102.64510345458984,172.48609924316406
360.4389953613281,42.10449981689453,97.69219970703125,168.8925018310547
358.443115234375,43.11840057373047,89.52069854736328,161.1717071533203
354.8622131347656,44.18230056762695,87.75360107421875,159.18809509277344
355.2994079589844,44.044498443603516,87.80390167236328,160.7978057861328
353.9366149902344,44.25979995727539,90.72489929199219,156.7510986328125
355.37969970703125,45.64120101928711,86.15899658203125,155.40310668945312
363.805908203125,46.1599006652832,82.7833023071289,154.82640075683594
360.5132141113281,53.85749816894531,83.68879699707031,146.0583953857422
363.6151123046875,55.537498474121094,78.22239685058594,143.55320739746094
368.16729736328125,57.3755989074707,63.65119934082031,141.33949279785156
364.14129638671875,60.76570129394531,61.76409912109375,133.67669677734375
368.0809020996094,62.68149948120117,53.05939865112305,129.02020263671875
364.20928955078125,64.76799774169922,51.07210159301758,126.9928970336914
364.2668151855469,64.10489654541016,45.9203987121582,128.91729736328125
364.2289123535156,65.09829711914062,39.541900634765625,127.9529037475586
363.33160400390625,67.69499969482422,37.077999114990234,127.345703125
354.9845886230469,67.2781982421875,43.83570098876953,126.41940307617188
358.1940002441406,67.8583984375,36.57780075073242,128.95269775390625
348.65521240234375,70.00980377197266,44.76810073852539,125.90160369873047
357.097900390625,67.21869659423828,33.670101165771484,130.1710968017578
352.0877990722656,68.63130187988281,41.560001373291016,125.42250061035156
357.9466857910156,66.97239685058594,32.96989822387695,127.35369873046875
356.8963928222656,66.19450378417969,34.40420150756836,123.93170166015625
353.3622131347656,66.39579772949219,37.192100524902344,120.01519775390625
355.4071960449219,65.04199981689453,32.84749984741211,119.70570373535156
350.9617004394531,66.4561996459961,37.10449981689453,116.04080200195312
351.4562072753906,64.56269836425781,34.439998626708984,116.72899627685547
348.7620849609375,65.65499877929688,34.660400390625,116.36750030517578
349.8468017578125,65.75740051269531,31.189599990844727,114.3323974609375
348.1789855957031,66.28919982910156,31.199100494384766,111.82569885253906
348.03271484375,65.26909637451172,30.397499084472656,112.76020050048828
348.3828125,66.13760375976562,28.43090057373047,113.38369750976562
345.9523010253906,67.0154037475586,30.740699768066406,112.48770141601562
347.6106872558594,68.60870361328125,27.165300369262695,111.3147964477539
344.0661926269531,70.37149810791016,31.175199508666992,108.28469848632812
348.0445861816406,68.32879638671875,25.760700225830078,110.71050262451172
346.7222900390625,73.85379791259766,26.21489906311035,105.93160247802734
345.3544006347656,76.41069793701172,27.3700008392334,102.22139739990234
345.41070556640625,77.40750122070312,26.07159996032715,102.64640045166016
345.0758056640625,80.20899963378906,25.450199127197266,101.8499984741211
344.0271911621094,79.89620208740234,25.561899185180664,99.88919830322266
343.72808837890625,79.543701171875,25.165000915527344,102.0551986694336
342.4480895996094,82.51249694824219,24.00320053100586,98.86270141601562
341.87078857421875,81.21050262451172,23.513999938964844,99.86810302734375
339.2359924316406,80.94000244140625,24.09000015258789,96.93340301513672
336.24591064453125,79.19960021972656,26.60110092163086,97.40579986572266
330.2318115234375,75.2052001953125,26.997400283813477,104.37870025634766
330.7121887207031,71.32849884033203,24.23069953918457,107.74749755859375
326.16729736328125,72.84459686279297,27.33989906311035,107.15119934082031
324.9097900390625,75.52110290527344,28.751300811767578,107.07579803466797
279.5360107421875,84.10070037841797,24.109100341796875,94.99649810791016
252.3874969482422,76.71749877929688,23.52589988708496,107.72260284423828
255.98069763183594,79.33740234375,20.578899383544922,103.01840209960938
249.4759979248047,87.09980010986328,20.133499145507812,92.41230010986328
255.31919860839844,84.28019714355469,23.085599899291992,94.002197265625
250.44070434570312,86.027099609375,19.25279998779297,92.89430236816406
255.77310180664062,87.0730972290039,18.036100387573242,92.20179748535156
248.01829528808594,83.90609741210938,24.039899826049805,96.32389831542969
255.4375,84.5009994506836,16.991500854492188,95.2699966430664
285.60760498046875,73.26719665527344,28.6117000579834,107.25509643554688
285.8117980957031,77.38580322265625,30.922399520874023,103.81420135498047
331.13641357421875,75.4738998413086,26.403799057006836,104.13030242919922
328.70001220703125,72.44319915771484,27.403900146484375,110.67269897460938
314.2629089355469,81.70189666748047,38.024200439453125,98.38079833984375
330.1903991699219,80.80909729003906,27.38170051574707,101.23310089111328
330.6256103515625,77.84950256347656,25.58609962463379,103.49150085449219
333.76190185546875,74.16919708251953,23.522600173950195,108.03489685058594
336.294189453125,75.78990173339844,21.137300491333008,108.0947036743164
335.4866943359375,79.33429718017578,23.1200008392334,108.14990234375
329.8175048828125,70.4979019165039,26.302600860595703,118.08999633789062
329.97491455078125,75.03630065917969,27.56920051574707,112.77670288085938
331.0726013183594,76.83350372314453,24.352100372314453,109.75910186767578
333.9106140136719,76.71209716796875,24.16349983215332,109.3582992553711
335.6054992675781,71.65609741210938,22.311399459838867,113.99330139160156
328.6239013671875,71.81759643554688,25.91309928894043,111.03839874267578
332.0448913574219,76.51499938964844,25.67959976196289,107.37969970703125
330.37811279296875,66.97560119628906,24.893999099731445,114.05500030517578
289.5306091308594,83.6604995727539,68.35009765625,95.74870300292969
302.760009765625,78.49369812011719,35.174198150634766,99.71209716796875
303.8135986328125,80.60590362548828,51.72909927368164,101.64790344238281
302.8049011230469,75.66510009765625,25.34670066833496,102.5635986328125
287.402587890625,85.42420196533203,30.382400512695312,91.80159759521484
254.47999572753906,82.7063980102539,15.535699844360352,99.00479888916016
253.4243927001953,84.89420318603516,22.954500198364258,95.64189910888672
251.2091064453125,88.15730285644531,21.348600387573242,92.68879699707031
259.6689147949219,81.63390350341797,24.477800369262695,98.14820098876953
253.8408966064453,84.16929626464844,16.904199600219727,98.70240020751953
254.73800659179688,83.60900115966797,22.485300064086914,95.44300079345703
248.97300720214844,86.42949676513672,20.434099197387695,92.82050323486328
255.6634979248047,89.39289855957031,17.447500228881836,88.95449829101562
251.63429260253906,87.32379913330078,20.365400314331055,93.61979675292969
261.510009765625,83.31050109863281,24.00909996032715,95.1594009399414
256.0089111328125,80.76959991455078,20.861600875854492,103.20110321044922
253.05990600585938,82.27619934082031,21.964099884033203,98.87169647216797
261.0079040527344,79.5250015258789,28.74839973449707,102.22149658203125
256.7135925292969,78.95780181884766,24.477500915527344,101.3447036743164
265.1632080078125,82.55370330810547,31.508699417114258,99.80709838867188
258.07049560546875,84.84960174560547,31.950700759887695,96.15689849853516
260.5793151855469,64.54350280761719,27.078699111938477,114.21369934082031
262.1344909667969,62.440399169921875,31.055599212646484,118.052001953125
268.5907897949219,63.030799865722656,42.51850128173828,117.58450317382812
260.5887145996094,67.93609619140625,29.104799270629883,110.38169860839844
266.2237854003906,61.89350128173828,40.69649887084961,121.10230255126953
260.0862121582031,68.72010040283203,28.214399337768555,110.26509857177734
263.8273010253906,68.26190185546875,25.650400161743164,111.01529693603516
260.5679931640625,59.82460021972656,24.960100173950195,119.35050201416016
264.5526123046875,59.840301513671875,20.467100143432617,119.86219787597656
265.5674133300781,56.10139846801758,20.276199340820312,125.93309783935547
263.3959045410156,56.66080093383789,19.83139991760254,122.29810333251953
262.16351318359375,61.416500091552734,21.599199295043945,118.62100219726562
261.00531005859375,62.655399322509766,19.968299865722656,118.94709777832031
260.3680114746094,60.660099029541016,21.583599090576172,121.33509826660156
257.9591979980469,59.5166015625,22.2632999420166,121.53970336914062
258.30810546875,60.97529983520508,21.544599533081055,121.58219909667969
257.8756103515625,59.500099182128906,22.902799606323242,123.28500366210938
258.33880615234375,56.88759994506836,23.127300262451172,125.44850158691406
259.83880615234375,57.27790069580078,21.003799438476562,123.99120330810547
261.1706848144531,64.19550323486328,20.101499557495117,118.07450103759766
257.2132873535156,69.79900360107422,22.932300567626953,112.62239837646484
258.610107421875,75.29609680175781,22.33799934387207,108.6344985961914
262.54168701171875,69.94740295410156,20.03380012512207,111.92790222167969
263.57220458984375,71.15969848632812,19.84670066833496,110.13980102539062
266.8109130859375,71.59729766845703,20.894899368286133,112.8927993774414
262.4849853515625,68.03959655761719,25.420299530029297,113.31500244140625
263.43670654296875,68.45159912109375,24.765600204467773,113.36229705810547
266.6712951660156,67.54940032958984,24.504899978637695,114.59860229492188
268.1097106933594,64.96720123291016,23.783899307250977,118.10179901123047
270.04541015625,66.32630157470703,25.28179931640625,118.42179870605469
271.5732116699219,66.2157974243164,26.6835994720459,120.0479965209961
274.86419677734375,63.85609817504883,25.524599075317383,126.23090362548828
275.2037048339844,65.9009017944336,32.83489990234375,127.90460205078125
269.3500061035156,67.16110229492188,45.75199890136719,130.17469787597656
262.6730041503906,66.12889862060547,58.31700134277344,134.697998046875
247.68040466308594,66.6604995727539,82.17530059814453,138.64230346679688
253.0552978515625,70.3104019165039,81.67259979248047,138.606201171875
246.4542999267578,70.64959716796875,98.41410064697266,141.00559997558594
251.2458038330078,77.48529815673828,98.56929779052734,136.74819946289062
248.6634979248047,77.28469848632812,110.55889892578125,142.11810302734375
254.9188995361328,84.07559967041016,110.32270050048828,139.2332000732422
257.91290283203125,86.88269805908203,114.44080352783203,140.98910522460938
260.4259033203125,88.23580169677734,120.33519744873047,144.03219604492188
265.98968505859375,91.42359924316406,123.2760009765625,147.6298065185547
269.91070556640625,94.10749816894531,127.9384994506836,147.96339416503906
273.1151123046875,95.5302963256836,131.11019897460938,148.5124053955078
273.75830078125,100.74250030517578,134.89169311523438,145.34039306640625
273.8185119628906,102.1344985961914,137.3430938720703,143.10159301757812
270.9360046386719,105.55940246582031,139.74510192871094,136.55819702148438
269.28460693359375,108.64929962158203,143.9503936767578,124.13749694824219
268.940185546875,111.80229949951172,144.89019775390625,115.9801025390625
