1
446.41619873046875,161.10549926757812,52.1598014831543,47.580299377441406
448.1138000488281,159.80960083007812,52.15380096435547,51.160701751708984
447.4242858886719,161.7274932861328,51.40079879760742,48.4900016784668
448.85211181640625,161.75909423828125,51.31589889526367,49.308101654052734
448.8810119628906,160.66510009765625,50.07149887084961,50.67210006713867
450.6069030761719,156.02760314941406,48.66939926147461,52.281700134277344
452.0704040527344,155.7653045654297,49.68199920654297,53.12540054321289
453.8594055175781,155.32510375976562,48.70709991455078,53.69820022583008
455.1868896484375,153.95669555664062,45.357601165771484,53.841400146484375
455.16668701171875,155.03819274902344,49.45759963989258,53.1161003112793
455.2344055175781,154.5574951171875,47.13999938964844,52.435298919677734
456.8826904296875,155.48289489746094,46.846500396728516,51.474700927734375
459.034912109375,154.18539428710938,46.58649826049805,52.577999114990234
459.17291259765625,156.79159545898438,45.79520034790039,50.302398681640625
458.3158874511719,155.52459716796875,46.120601654052734,51.04290008544922
456.63409423828125,155.59080505371094,41.13420104980469,50.37860107421875
454.82598876953125,157.1508026123047,42.20320129394531,50.11439895629883
452.6217041015625,159.70840454101562,43.08940124511719,48.83369827270508
449.5353088378906,161.66360473632812,42.09349822998047,48.895198822021484
448.38848876953125,163.35629272460938,44.174400329589844,50.09939956665039
448.9637145996094,163.7429962158203,45.81679916381836,49.68429946899414
455.8868103027344,164.33090209960938,45.81079864501953,47.3401985168457
461.9715881347656,163.1613006591797,45.41310119628906,49.237701416015625
467.593505859375,166.50210571289062,45.04840087890625,49.89699935913086
471.77801513671875,169.5312042236328,47.21289825439453,48.779300689697266
474.2681884765625,164.00599670410156,46.596900939941406,50.04460144042969
475.0945129394531,158.3251953125,45.688201904296875,47.97560119628906
475.0028991699219,154.6282958984375,43.28329849243164,47.92839813232422
471.2755126953125,154.2707061767578,43.48619842529297,47.20399856567383
469.4956970214844,154.94740295410156,42.62379837036133,49.115699768066406
466.1227111816406,157.5196990966797,39.81489944458008,49.370399475097656
462.5519104003906,162.77810668945312,43.1254997253418,49.16889953613281
459.4220886230469,166.21400451660156,43.009700775146484,49.290000915527344
459.3721008300781,168.99940490722656,42.81449890136719,47.97420120239258
456.514892578125,170.35020446777344,42.92409896850586,48.52410125732422
454.8952941894531,171.79660034179688,43.84640121459961,48.012901306152344
453.88299560546875,170.67300415039062,42.804500579833984,49.29690170288086
454.064208984375,171.86639404296875,41.69940185546875,47.43040084838867
453.1830139160156,171.21409606933594,42.583499908447266,47.4380989074707
454.3131103515625,171.5684051513672,41.022098541259766,47.721500396728516
454.83709716796875,172.57470703125,42.96950149536133,47.567100524902344
455.56201171875,171.17880249023438,45.47629928588867,49.42829895019531
458.8064880371094,171.21609497070312,42.46009826660156,49.07429885864258
459.2781066894531,172.5283966064453,44.277099609375,48.4833984375
461.4407958984375,171.31109619140625,42.19029998779297,48.41379928588867
461.9779968261719,170.8939971923828,38.27840042114258,48.0968017578125
463.1007080078125,170.61160278320312,39.27619934082031,48.86579895019531
463.5613098144531,171.49600219726562,47.3125,49.70100021362305
462.76031494140625,171.72799682617188,49.39720153808594,49.64540100097656
463.9464111328125,171.572998046875,48.269901275634766,50.08700180053711
463.102294921875,171.1968994140625,46.55929946899414,50.37099838256836
463.952392578125,170.89410400390625,51.22650146484375,51.132198333740234
463.910888671875,170.82069396972656,48.952701568603516,49.76919937133789
462.9305114746094,169.4416961669922,51.98860168457031,51.407100677490234
455.43719482421875,168.44869995117188,60.37120056152344,52.029701232910156
463.32598876953125,171.8701934814453,56.589599609375,49.66279983520508
464.5465087890625,172.24440002441406,46.69329833984375,48.902198791503906
466.1976013183594,172.05470275878906,44.261600494384766,48.69219970703125
467.9913024902344,172.3157958984375,44.92390060424805,50.55580139160156
460.1950988769531,172.13259887695312,49.04710006713867,50.43339920043945
453.1484069824219,174.543701171875,58.870201110839844,48.85449981689453
443.864501953125,175.80380249023438,66.168701171875,46.97700119018555
436.5851135253906,179.12429809570312,75.83100128173828,45.589698791503906
433.0766906738281,178.9678955078125,78.66210174560547,45.623600006103516
427.3518981933594,181.0157012939453,87.13829803466797,41.808799743652344
423.4231872558594,182.21629333496094,88.97219848632812,41.77750015258789
417.9302062988281,182.4965057373047,94.5376968383789,43.22919845581055
417.8752136230469,183.4561004638672,92.1093978881836,42.365501403808594
415.5799865722656,182.8574981689453,92.83619689941406,40.79059982299805
416.5701904296875,182.5614013671875,91.99700164794922,41.772098541259766
410.14581298828125,183.48410034179688,92.47470092773438,41.01839828491211
410.0143127441406,183.22940063476562,95.96040344238281,42.48469924926758
405.5516052246094,182.5458984375,98.12920379638672,42.526798248291016
325.3594970703125,201.98350524902344,46.5984992980957,71.997802734375
258.8620910644531,203.8321990966797,113.30470275878906,67.502197265625
255.25070190429688,199.00050354003906,123.42649841308594,76.32440185546875
254.4167022705078,196.54150390625,123.1261978149414,78.00740051269531
257.12188720703125,193.77940368652344,124.33039855957031,84.6852035522461
258.7677001953125,195.4040069580078,122.31729888916016,79.02100372314453
261.16241455078125,191.4156951904297,117.81600189208984,82.30149841308594
258.2273864746094,191.45359802246094,123.20770263671875,78.91200256347656
259.3457946777344,192.097900390625,123.0448989868164,77.17140197753906
258.1773986816406,186.52059936523438,128.7834014892578,80.1093978881836
259.7909851074219,187.45570373535156,125.85279846191406,75.65119934082031
258.8153076171875,186.34970092773438,131.69749450683594,76.00060272216797
258.0693054199219,189.54220581054688,123.07520294189453,80.65460205078125
262.0309143066406,190.1201934814453,117.95249938964844,76.32240295410156
238.79209899902344,128.56370544433594,258.4381103515625,151.2563018798828
278.06988525390625,188.07569885253906,120.13050079345703,80.78959655761719
267.4725036621094,194.69859313964844,109.3905029296875,73.45950317382812
266.2633972167969,196.87989807128906,112.0624008178711,74.7405014038086
270.6510009765625,187.69020080566406,111.61650085449219,86.59259796142578
268.1265869140625,198.9239959716797,119.13680267333984,76.37149810791016
279.8901062011719,196.49639892578125,110.8895034790039,79.73030090332031
281.2225036621094,198.2707977294922,113.63629913330078,76.19059753417969
295.3638916015625,197.26319885253906,99.20050048828125,78.17469787597656
306.4128112792969,197.3699951171875,88.22450256347656,80.69750213623047
305.0286865234375,196.25489807128906,90.64409637451172,84.29900360107422
308.5840148925781,198.339599609375,91.12249755859375,82.23760223388672
310.19000244140625,200.4282989501953,95.54940032958984,82.18939971923828
318.9578857421875,206.76950073242188,92.79170227050781,74.38469696044922
322.4772033691406,201.94979858398438,106.09339904785156,82.72640228271484
324.72601318359375,207.32969665527344,118.34190368652344,76.9271011352539
327.27020263671875,207.2113037109375,113.9728012084961,83.25340270996094
328.6841125488281,208.5908966064453,112.59960174560547,76.70559692382812
331.31201171875,207.20559692382812,110.31199645996094,80.25379943847656
337.7676086425781,207.32870483398438,105.21440124511719,82.33460235595703
338.7232971191406,204.993896484375,106.59539794921875,85.0416030883789
335.5111083984375,205.4875030517578,112.44969940185547,84.74479675292969
346.1474914550781,209.78680419921875,106.80970001220703,78.08170318603516
345.8837890625,202.11329650878906,115.7332992553711,85.39900207519531
355.34429931640625,202.86160278320312,116.97640228271484,86.44080352783203
355.6825866699219,203.97459411621094,119.91619873046875,83.92960357666016
367.9486083984375,206.0045928955078,106.46530151367188,78.58190155029297
365.6889953613281,203.85830688476562,108.61229705810547,88.00189971923828
372.8345947265625,203.83700561523438,102.00440216064453,92.25379943847656
376.7264099121094,209.6992950439453,100.75170135498047,89.6593017578125
