1
305.9114074707031,298.3215026855469,61.80099868774414,53.932701110839844
301.2497863769531,297.0918884277344,62.27349853515625,54.796199798583984
296.2453918457031,296.4173889160156,61.47740173339844,56.33100128173828
292.3023986816406,296.2361145019531,58.58509826660156,55.03099822998047
286.98980712890625,292.7934875488281,57.37630081176758,58.481998443603516
283.0950012207031,292.6191101074219,54.042999267578125,59.39780044555664
278.0841064453125,291.8315124511719,50.517601013183594,59.65449905395508
272.93499755859375,286.4176025390625,48.50859832763672,63.672401428222656
268.23431396484375,284.135498046875,45.712398529052734,59.23249816894531
263.2121887207031,282.435791015625,44.142398834228516,67.85810089111328
261.83380126953125,282.8829040527344,43.528900146484375,67.69159698486328
258.185302734375,287.39599609375,43.1150016784668,64.95909881591797
257.47100830078125,287.8674011230469,36.42369842529297,68.71600341796875
256.93218994140625,290.1588134765625,30.82550048828125,65.86940002441406
256.3044128417969,285.9142150878906,24.07390022277832,66.54879760742188
255.57640075683594,294.3236083984375,21.83289909362793,62.12369918823242
255.5238037109375,296.76080322265625,22.236099243164062,60.942901611328125
253.95509338378906,292.3533935546875,21.039400100708008,63.105499267578125
254.75570678710938,291.0762939453125,21.684900283813477,64.61219787597656
252.5655975341797,298.2804870605469,25.12339973449707,57.638301849365234
252.3018035888672,294.681884765625,29.21969985961914,58.48619842529297
252.16830444335938,289.9755859375,32.67689895629883,61.479698181152344
252.1136932373047,291.23541259765625,38.309600830078125,57.79159927368164
253.5319061279297,291.4866027832031,41.921600341796875,55.79710006713867
256.1817932128906,290.9825134277344,45.77259826660156,57.102901458740234
257.4950866699219,291.22491455078125,47.5713996887207,60.48860168457031
258.4359130859375,288.7499084472656,50.22700119018555,60.235198974609375
260.47698974609375,287.0486145019531,53.20389938354492,64.74669647216797
263.6726989746094,285.9378967285156,54.72679901123047,63.5098991394043
267.4728088378906,287.5284118652344,54.8557014465332,60.3390998840332
270.0517883300781,288.2773132324219,57.838600158691406,61.03779983520508
272.222412109375,286.7065124511719,59.05059814453125,63.05720138549805
277.01800537109375,288.38360595703125,57.88090133666992,61.51300048828125
277.8226013183594,285.4241943359375,60.178001403808594,64.4906997680664
279.9706115722656,287.10101318359375,57.204498291015625,62.86349868774414
279.7340087890625,288.6813049316406,60.01350021362305,60.648399353027344
284.185791015625,288.9888916015625,57.99290084838867,60.172298431396484
286.2655944824219,287.856689453125,55.977901458740234,60.84120178222656
288.8212890625,287.6180114746094,53.600799560546875,60.78919982910156
291.04278564453125,287.1720886230469,50.79990005493164,60.45899963378906
292.0752868652344,286.5015869140625,48.16230010986328,64.91529846191406
292.9034118652344,286.1933898925781,41.679298400878906,62.84040069580078
298.1422119140625,284.8915100097656,33.487998962402344,64.92389678955078
300.0185852050781,274.9205017089844,27.712099075317383,74.96810150146484
301.39898681640625,285.0342102050781,22.619600296020508,64.07430267333984
301.1756896972656,284.2904052734375,19.961000442504883,63.69779968261719
295.4233093261719,287.9999084472656,22.97410011291504,60.10449981689453
296.53759765625,283.4750061035156,22.511600494384766,62.44990158081055
291.55029296875,283.6882019042969,26.72599983215332,58.99089813232422
290.3760986328125,282.5221862792969,27.68269920349121,61.59339904785156
285.28961181640625,283.026611328125,33.254600524902344,61.50830078125
279.5924072265625,281.4884033203125,38.26530075073242,59.639198303222656
274.3778076171875,280.4215087890625,42.78369903564453,59.24769973754883
269.202392578125,278.5331115722656,48.55649948120117,63.03020095825195
265.45489501953125,277.12579345703125,52.009700775146484,61.0005989074707
261.8033142089844,274.618408203125,56.439998626708984,67.64330291748047
259.2074890136719,275.0802001953125,57.26340103149414,61.74760055541992
258.95111083984375,273.5950012207031,56.14649963378906,62.86109924316406
257.3669128417969,272.3245849609375,57.433998107910156,63.10879898071289
256.114013671875,273.18701171875,56.032901763916016,61.694801330566406
256.518798828125,272.339599609375,55.90399932861328,61.542301177978516
256.3127136230469,272.94281005859375,54.713401794433594,61.176998138427734
256.73419189453125,271.5443115234375,53.75339889526367,62.26150131225586
258.6575012207031,273.2950134277344,51.73680114746094,62.77009963989258
261.4917907714844,273.0528869628906,48.19020080566406,66.29060363769531
266.8772888183594,273.4637145996094,43.35200119018555,63.86790084838867
269.1236877441406,274.3938903808594,41.17100143432617,63.144798278808594
273.8367004394531,275.98199462890625,37.26369857788086,65.43299865722656
281.8586120605469,273.5422058105469,29.121200561523438,65.24980163574219
286.4158020019531,271.6046142578125,26.000600814819336,66.20649719238281
289.6866149902344,270.639404296875,24.010000228881836,72.12079620361328
292.15679931640625,269.8486022949219,22.19099998474121,72.93150329589844
293.2066955566406,271.0447998046875,22.140300750732422,73.03910064697266
296.09228515625,278.1553039550781,23.543800354003906,63.28879928588867
298.73480224609375,276.86761474609375,27.27400016784668,63.2681999206543
298.2391052246094,281.2301025390625,32.80860137939453,59.98889923095703
300.1206970214844,280.8879089355469,36.78099822998047,59.6343994140625
299.7095031738281,280.6803894042969,43.58549880981445,60.506099700927734
299.5721130371094,280.35479736328125,49.193199157714844,61.385501861572266
301.154296875,279.7427978515625,53.72639846801758,65.6094970703125
302.8645935058594,281.3223876953125,55.805198669433594,63.71149826049805
302.87939453125,282.1922912597656,61.44110107421875,62.64469909667969
304.0762939453125,283.65771484375,63.05220031738281,63.3291015625
305.34698486328125,281.2843933105469,64.98280334472656,66.77690124511719
306.36859130859375,281.47869873046875,66.23619842529297,65.34660339355469
307.5257873535156,282.9313049316406,65.85710144042969,63.78620147705078
308.06988525390625,281.3396911621094,65.3291015625,64.185302734375
309.17510986328125,281.94488525390625,61.23270034790039,61.94110107421875
310.9010925292969,278.98748779296875,57.13529968261719,62.765499114990234
312.51458740234375,277.9584045410156,52.64139938354492,61.9640998840332
312.09039306640625,277.7803039550781,45.58980178833008,59.1057014465332
313.32049560546875,274.7666931152344,37.23429870605469,61.84360122680664
312.09600830078125,268.0718994140625,33.46780014038086,63.10139846801758
311.4645080566406,268.6542053222656,25.65570068359375,60.929298400878906
308.73748779296875,262.9916076660156,21.809799194335938,64.3927001953125
307.1423034667969,260.4971008300781,19.345399856567383,66.24510192871094
302.6617126464844,264.67620849609375,20.604700088500977,58.792598724365234
296.76568603515625,262.3601989746094,24.808399200439453,61.68199920654297
289.91448974609375,263.1159973144531,30.55470085144043,58.79669952392578
281.9314880371094,263.9289855957031,37.16120147705078,60.4827995300293
273.7862854003906,265.34149169921875,41.795501708984375,57.50199890136719
266.62109375,266.2427062988281,49.259700775146484,56.06949996948242
261.05389404296875,267.2012023925781,52.35599899291992,56.50189971923828
255.5034942626953,267.92449951171875,55.57640075683594,59.444698333740234
250.74609375,268.21319580078125,59.2151985168457,61.92179870605469
245.2729949951172,269.625,61.701900482177734,61.301998138427734
242.30160522460938,270.8887939453125,59.625099182128906,61.62070083618164
240.55029296875,272.91668701171875,59.47570037841797,65.37830352783203
240.85459899902344,276.9049072265625,58.80849838256836,64.72270202636719
239.7458953857422,279.6203918457031,55.75790023803711,64.15609741210938
239.2760009765625,280.07830810546875,55.473201751708984,65.87429809570312
241.4073028564453,283.0674133300781,48.37269973754883,73.59819793701172
244.22450256347656,285.01031494140625,45.349098205566406,65.87560272216797
250.2958984375,287.3143005371094,36.46979904174805,68.560302734375
255.92230224609375,288.8066101074219,26.95330047607422,68.41590118408203
258.8247985839844,287.56878662109375,25.97249984741211,70.50409698486328
262.69580078125,289.99969482421875,24.573699951171875,67.15769958496094
266.8822021484375,296.2044982910156,26.03260040283203,59.79100036621094
275.1466064453125,270.6040954589844,51.28739929199219,64.67960357666016
272.15771484375,300.3440856933594,39.189300537109375,56.348201751708984
281.9844055175781,287.5443115234375,32.10559844970703,65.4708023071289
285.5826110839844,304.0895080566406,38.25579833984375,46.81399917602539
288.656494140625,302.5307922363281,46.84320068359375,48.71160125732422
291.051513671875,302.9997863769531,54.87480163574219,51.5723991394043
296.739013671875,304.0646057128906,59.91569900512695,48.75040054321289
299.71148681640625,302.2973937988281,68.35160064697266,50.17539978027344
316.669189453125,303.527587890625,60.45249938964844,47.840301513671875
322.5002136230469,301.1632080078125,63.39690017700195,51.6609992980957
328.8243103027344,299.4161071777344,65.25589752197266,55.977699279785156
335.599609375,297.81689453125,66.26529693603516,54.682098388671875
348.7757873535156,294.2565002441406,57.72719955444336,57.13859939575195
353.3688049316406,292.9519958496094,56.83530044555664,58.16490173339844
364.2325134277344,291.50390625,49.57929992675781,60.21369934082031
369.10888671875,291.5884094238281,45.452999114990234,58.78329849243164
375.9386901855469,291.6824951171875,37.99919891357422,59.578399658203125
380.8080139160156,288.4390869140625,30.14189910888672,62.56370162963867
380.33349609375,285.8840026855469,25.496000289916992,65.0625
377.4115905761719,285.40020751953125,23.7278995513916,62.96739959716797
374.3539123535156,286.2580871582031,23.262100219726562,58.77170181274414
366.81451416015625,285.8601989746094,28.400299072265625,55.074501037597656
357.73968505859375,285.2428894042969,32.952301025390625,51.48849868774414
348.5033874511719,284.54058837890625,36.993099212646484,51.172698974609375
337.3110046386719,282.118408203125,43.07709884643555,49.84749984741211
322.3752136230469,279.5763854980469,49.98040008544922,50.20830154418945
307.8841857910156,275.1863098144531,53.74150085449219,54.393798828125
295.3617858886719,271.3638000488281,55.729000091552734,55.83539962768555
283.7571105957031,267.9953918457031,54.86980056762695,56.82279968261719
272.62701416015625,264.8818054199219,54.59109878540039,60.48809814453125
259.3489074707031,260.6748046875,53.40800094604492,55.52040100097656
250.28469848632812,257.65399169921875,43.14699935913086,55.34080123901367
242.32760620117188,255.3448944091797,36.749000549316406,53.96879959106445
236.5489959716797,250.13999938964844,31.604000091552734,55.667999267578125
229.30430603027344,243.52459716796875,25.428699493408203,47.9557991027832
218.94070434570312,239.79660034179688,24.622900009155273,43.99700164794922
215.8488006591797,240.01780700683594,24.675399780273438,38.3025016784668
205.5074005126953,237.6313018798828,31.560199737548828,48.340301513671875
202.79690551757812,237.4674072265625,33.30910110473633,47.96860122680664
189.35040283203125,237.3249053955078,43.64059829711914,46.36069869995117
182.2696990966797,235.2761993408203,48.645198822021484,45.1879997253418
175.19439697265625,234.87510681152344,52.85049819946289,44.59339904785156
171.72560119628906,234.10580444335938,55.99620056152344,44.44020080566406
169.58689880371094,235.56500244140625,57.53150177001953,43.733001708984375
171.2655029296875,237.48170471191406,57.30390167236328,41.661399841308594
173.41690063476562,241.6508026123047,57.332698822021484,41.08549880981445
178.65170288085938,245.61019897460938,55.936100006103516,44.217098236083984
189.69979858398438,252.78619384765625,50.544898986816406,44.00640106201172
193.37229919433594,260.8837890625,54.844398498535156,48.26860046386719
222.40260314941406,269.8346862792969,29.71660041809082,44.34280014038086
231.9114990234375,280.01470947265625,33.176700592041016,37.37699890136719
241.99859619140625,282.5627136230469,29.56920051574707,69.40799713134766
256.2289123535156,283.6343994140625,26.835100173950195,74.26709747314453
293.5574951171875,309.4173889160156,27.397499084472656,44.53340148925781
318.0701904296875,311.6274108886719,30.849000930786133,39.05009841918945
346.6625061035156,313.7427978515625,29.245399475097656,37.22420120239258
369.11810302734375,311.385009765625,42.984100341796875,41.7400016784668
396.8670959472656,308.40020751953125,41.6598014831543,45.6609992980957
427.6335144042969,301.5740051269531,63.97560119628906,52.85649871826172
450.341796875,262.0907897949219,46.175498962402344,90.02799987792969
467.0307922363281,289.6659851074219,99.87090301513672,60.96099853515625
470.84210205078125,263.7904968261719,115.3656997680664,78.12249755859375
508.32958984375,261.1055908203125,109.07150268554688,66.90229797363281
529.1412963867188,253.2498016357422,91.89739990234375,65.91539764404297
546.7321166992188,245.1029052734375,82.86009979248047,63.265899658203125
557.2327880859375,237.80349731445312,79.63849639892578,60.40959930419922
564.5200805664062,233.94610595703125,72.57520294189453,58.26599884033203
570.0452880859375,231.29840087890625,66.78410339355469,54.10169982910156
571.9022216796875,230.52720642089844,64.26580047607422,52.58399963378906
570.5070190429688,234.13429260253906,67.02860260009766,51.249298095703125
568.5294799804688,238.0041046142578,68.63159942626953,51.74340057373047
561.3975830078125,241.52090454101562,71.01950073242188,58.8848991394043
550.4224243164062,285.7178955078125,72.74040222167969,59.93550109863281
530.6826782226562,260.0007019042969,63.59450149536133,79.43579864501953
505.25531005859375,262.6556091308594,63.55979919433594,80.17880249023438
487.0754089355469,266.81768798828125,57.60279846191406,85.33789825439453
447.714111328125,283.7593994140625,67.87920379638672,67.56919860839844
433.77459716796875,286.9827880859375,61.87730026245117,67.08309936523438
394.7113952636719,295.49371337890625,71.81690216064453,58.87950134277344
359.6742858886719,299.2508850097656,70.55139923095703,53.87879943847656
337.1888122558594,299.97589111328125,62.381900787353516,52.2156982421875
315.256591796875,295.639404296875,51.35860061645508,52.6078987121582
296.5752868652344,292.53790283203125,47.883399963378906,54.342201232910156
289.0745849609375,282.7273864746094,26.147199630737305,53.99599838256836
261.6200866699219,281.33709716796875,32.52199935913086,40.00640106201172
251.31430053710938,270.09478759765625,30.059999465942383,42.92070007324219
253.66029357910156,272.2648010253906,104.28959655761719,58.53900146484375
228.7006072998047,247.21470642089844,23.058500289916992,32.7489013671875
212.8115997314453,237.62449645996094,29.053600311279297,38.89139938354492
200.3206024169922,231.92979431152344,35.4734992980957,38.675498962402344
188.25570678710938,226.35360717773438,41.317298889160156,40.39179992675781
181.40789794921875,219.6862030029297,43.792999267578125,45.063499450683594
175.17469787597656,217.03759765625,46.94879913330078,47.56679916381836
170.8769073486328,215.4197998046875,47.72710037231445,49.37889862060547
169.1002960205078,215.7263946533203,46.93629837036133,51.58259963989258
168.55320739746094,217.84970092773438,47.49729919433594,56.55099868774414
170.3509063720703,222.20260620117188,47.5703010559082,57.8380012512207
173.3885040283203,228.19180297851562,49.089698791503906,61.78860092163086
179.56539916992188,234.4138946533203,48.02000045776367,64.49120330810547
188.76809692382812,245.1938018798828,45.689701080322266,66.46510314941406
201.4365997314453,257.0805969238281,43.06480026245117,60.70479965209961
218.38589477539062,269.82720947265625,43.79610061645508,59.662498474121094
236.1103057861328,282.00738525390625,36.67580032348633,68.1344985961914
257.49688720703125,292.20489501953125,43.674800872802734,65.94539642333984
283.4849853515625,307.0154113769531,36.55839920043945,45.47589874267578
304.569091796875,308.447998046875,41.317501068115234,48.89059829711914
339.9512939453125,315.7074890136719,33.097999572753906,40.62459945678711
373.3306884765625,318.5111999511719,31.7268009185791,33.48630142211914
398.4325866699219,317.4961853027344,38.537899017333984,40.1432991027832
439.2835998535156,312.0981140136719,46.569000244140625,44.20970153808594
460.3633117675781,305.1174011230469,70.3511962890625,51.3109016418457
488.8736877441406,289.2807922363281,71.87030029296875,68.4446029663086
510.29168701171875,282.3953857421875,80.94879913330078,72.25389862060547
529.0457763671875,266.7626037597656,88.50270080566406,88.44609832763672
544.8743896484375,260.44110107421875,87.47669982910156,94.14360046386719
572.0938110351562,244.24679565429688,61.457698822021484,93.92420196533203
581.514892578125,238.32310485839844,54.360801696777344,91.0530014038086
591.0385131835938,233.56849670410156,44.55160140991211,87.03700256347656
595.6198120117188,229.7158966064453,43.11309814453125,83.51789855957031
593.673095703125,229.9290008544922,44.05820083618164,80.43820190429688
590.910888671875,229.31570434570312,47.16239929199219,81.25659942626953
580.9061279296875,233.3730010986328,56.468299865722656,82.90640258789062
573.6192016601562,238.2530975341797,64.01280212402344,80.49810028076172
557.4072875976562,243.60299682617188,69.28389739990234,80.93399810791016
538.3134155273438,254.20010375976562,71.98750305175781,77.2865982055664
526.4567260742188,264.1535949707031,56.71820068359375,74.12960052490234
503.2922058105469,273.3507080078125,52.33430099487305,69.14769744873047
483.4307861328125,273.0011901855469,37.92610168457031,70.05470275878906
465.8323059082031,262.46881103515625,34.46670150756836,89.10590362548828
422.7008972167969,290.2007141113281,42.7322998046875,68.03150177001953
382.15509033203125,285.8175964355469,44.44169998168945,64.27059936523438
353.96099853515625,286.8882141113281,47.67290115356445,59.596099853515625
320.0025939941406,282.70880126953125,55.55759811401367,60.778499603271484
290.8728942871094,277.5982971191406,60.70859909057617,64.17900085449219
264.14691162109375,270.14599609375,60.389801025390625,64.99980163574219
238.9091033935547,262.6470031738281,65.9281997680664,64.78099822998047
220.172607421875,252.90139770507812,59.00490188598633,64.06719970703125
203.05799865722656,245.05580139160156,61.159698486328125,65.87310028076172
189.3096923828125,236.72799682617188,54.53350067138672,65.6626968383789
182.99949645996094,228.97470092773438,46.85810089111328,63.20429992675781
176.56759643554688,223.00869750976562,43.135501861572266,63.378700256347656
170.87109375,218.12570190429688,43.099098205566406,60.32429885864258
168.3155975341797,214.49220275878906,42.27989959716797,62.165199279785156
166.8654022216797,211.7969970703125,41.27980041503906,61.73889923095703
165.7716064453125,211.52789306640625,40.85919952392578,61.56489944458008
167.1197052001953,213.47279357910156,39.880699157714844,60.90769958496094
170.94540405273438,215.5565948486328,38.34560012817383,60.75659942626953
176.4866943359375,219.5836944580078,37.346900939941406,60.17850112915039
182.95970153808594,224.92889404296875,37.54290008544922,60.3130989074707
190.88330078125,233.13609313964844,39.389400482177734,58.187198638916016
207.08819580078125,239.47300720214844,36.98469924926758,59.971099853515625
226.05149841308594,247.9019012451172,29.86910057067871,56.6260986328125
241.77780151367188,254.735595703125,34.16400146484375,57.858299255371094
260.885498046875,259.5975036621094,32.71480178833008,56.09239959716797
283.2406921386719,264.2782897949219,33.98320007324219,46.9635009765625
307.8263854980469,267.6881103515625,23.957199096679688,61.40919876098633
329.5340881347656,271.1523132324219,27.659400939941406,61.49729919433594
353.1131896972656,267.5957946777344,32.560298919677734,63.829498291015625
376.989990234375,267.8653869628906,33.6239013671875,62.517799377441406
378.58709716796875,269.1438903808594,36.14030075073242,62.256099700927734
398.9563903808594,269.04339599609375,42.475799560546875,58.903499603271484
415.16510009765625,257.48809814453125,59.730899810791016,65.16960144042969
440.01910400390625,250.3802032470703,51.856300354003906,69.81009674072266
462.1957092285156,247.4862060546875,52.552799224853516,74.16729736328125
482.67059326171875,243.40660095214844,59.77539825439453,72.26799774169922
502.268798828125,235.92909240722656,74.80329895019531,81.74140167236328
486.5747985839844,270.1502990722656,108.0885009765625,87.11589813232422
525.2788696289062,226.5749969482422,66.27860260009766,120.43340301513672
542.1931762695312,218.92379760742188,60.19200134277344,76.29290008544922
547.47802734375,218.08859252929688,61.54209899902344,74.05729675292969
551.6218872070312,214.968994140625,57.577701568603516,75.04979705810547
551.5164794921875,212.61610412597656,55.80649948120117,76.20429992675781
545.861572265625,211.1750946044922,58.1265983581543,79.67630004882812
535.8948974609375,211.44219970703125,62.47570037841797,80.57559967041016
515.1567993164062,212.39649963378906,70.98930358886719,74.5593032836914
501.2666015625,212.0615997314453,68.18280029296875,76.11910247802734
480.3116149902344,213.835205078125,69.03009796142578,73.4728012084961
462.1737060546875,215.88580322265625,67.76959991455078,75.97949981689453
444.3210144042969,218.60169982910156,62.491600036621094,71.57659912109375
411.110107421875,221.8643035888672,74.25250244140625,75.77639770507812
374.4627990722656,225.35459899902344,87.74210357666016,79.12159729003906
350.6866149902344,229.20509338378906,90.1249008178711,76.88819885253906
331.2878112792969,235.6118927001953,87.44159698486328,73.69619750976562
311.78369140625,241.9488983154297,77.60859680175781,67.44660186767578
284.12640380859375,246.79299926757812,79.89749908447266,62.5525016784668
279.3388977050781,249.47369384765625,60.24620056152344,56.714500427246094
258.54620361328125,253.5612030029297,63.4807014465332,54.54719924926758
239.72630310058594,255.3979949951172,67.1897964477539,54.84049987792969
232.01319885253906,253.464599609375,55.91270065307617,56.25230026245117
221.44369506835938,253.88690185546875,54.05590057373047,55.060699462890625
208.03460693359375,250.98480224609375,53.82400131225586,57.97779846191406
198.69239807128906,248.8311004638672,52.66510009765625,61.42359924316406
192.86270141601562,245.82290649414062,55.00960159301758,60.92290115356445
189.25599670410156,247.0738983154297,55.78390121459961,59.28450012207031
187.0305938720703,247.18460083007812,51.31589889526367,57.29560089111328
186.3820037841797,245.64779663085938,49.08599853515625,56.53049850463867
187.2707977294922,244.9936065673828,48.493900299072266,56.84809875488281
189.4875946044922,243.86720275878906,45.99330139160156,57.454498291015625
192.6602020263672,242.122802734375,43.740501403808594,59.28799819946289
196.70199584960938,241.5897979736328,41.24570083618164,64.27079772949219
203.64700317382812,242.19540405273438,38.99409866333008,67.54460144042969
208.54319763183594,242.38760375976562,37.74530029296875,70.37149810791016
217.2790985107422,245.9029998779297,33.67150115966797,71.4175033569336
222.71170043945312,246.56610107421875,33.90909957885742,73.40499877929688
229.08580017089844,249.37969970703125,32.38819885253906,74.6603012084961
236.53199768066406,250.1387939453125,31.992000579833984,74.98809814453125
241.01870727539062,250.67269897460938,29.25309944152832,74.06439971923828
246.59730529785156,254.39259338378906,29.82550048828125,72.60440063476562
252.6116943359375,252.58920288085938,27.3302001953125,73.9041976928711
259.18939208984375,251.12069702148438,24.348899841308594,73.99009704589844
261.3854064941406,253.0059051513672,26.97559928894043,73.54640197753906
267.1642150878906,250.06610107421875,22.946300506591797,74.55490112304688
268.8070983886719,249.7012939453125,22.326000213623047,75.04930114746094
270.7618103027344,250.54469299316406,21.628000259399414,73.86830139160156
270.00250244140625,251.0399932861328,24.240100860595703,74.76249694824219
266.8215026855469,249.23880004882812,28.426300048828125,76.25270080566406
264.8172912597656,248.2053985595703,32.34590148925781,74.82219696044922
263.964111328125,248.87669372558594,35.7406005859375,74.5020980834961
261.9591979980469,249.60910034179688,37.614498138427734,70.9666976928711
259.7973937988281,249.98660278320312,41.870399475097656,69.17659759521484
257.5198974609375,248.3343048095703,44.86709976196289,69.43769836425781
254.12100219726562,248.089599609375,48.450599670410156,68.57039642333984
252.78309631347656,245.90530395507812,50.8588981628418,67.73040008544922
247.8903045654297,243.90440368652344,56.111698150634766,69.33219909667969
246.29580688476562,242.3007049560547,57.40039825439453,68.74970245361328
245.45970153808594,241.12840270996094,58.80160140991211,70.81300354003906
244.1342010498047,245.60569763183594,61.00149917602539,66.91220092773438
242.4853057861328,242.68380737304688,60.55149841308594,69.7509994506836
240.3292999267578,241.8852996826172,62.757999420166016,69.51750183105469
238.3292999267578,242.99180603027344,64.50260162353516,68.86599731445312
236.43930053710938,241.94110107421875,65.79019927978516,69.16619873046875
235.27059936523438,242.33299255371094,68.47799682617188,68.26419830322266
