1
366.2641906738281,239.36830139160156,33.20719909667969,44.866798400878906
366.7510070800781,238.7866973876953,32.35150146484375,45.074798583984375
366.7580871582031,237.99380493164062,32.2307014465332,45.224700927734375
366.8215026855469,237.4595947265625,32.687198638916016,46.58169937133789
366.7152099609375,236.96080017089844,31.557100296020508,46.6260986328125
368.9346008300781,236.66220092773438,30.02359962463379,47.13650131225586
368.519287109375,235.34190368652344,30.06369972229004,48.387001037597656
368.50390625,235.22549438476562,27.997299194335938,49.0625
368.6361083984375,235.73899841308594,25.690099716186523,48.707298278808594
369.2367858886719,235.36279296875,24.893999099731445,49.0547981262207
369.2088928222656,234.97459411621094,24.37660026550293,49.062198638916016
369.6759033203125,234.94900512695312,23.969200134277344,49.291900634765625
369.3075866699219,234.410400390625,24.66819953918457,49.721900939941406
369.10791015625,234.77239990234375,25.401599884033203,49.695899963378906
369.05059814453125,235.0782012939453,25.89109992980957,49.73500061035156
368.5815124511719,235.11520385742188,26.707599639892578,49.62480163574219
368.6372985839844,234.87789916992188,26.691999435424805,50.11589813232422
369.1669006347656,235.5926971435547,26.663299560546875,50.05120086669922
369.4679870605469,234.5615997314453,26.20479965209961,50.692901611328125
369.11358642578125,234.2812957763672,26.691499710083008,50.82509994506836
370.5491027832031,233.75979614257812,26.524599075317383,50.80670166015625
370.62451171875,232.63400268554688,26.715200424194336,51.41630172729492
370.7774963378906,231.8813018798828,27.40220069885254,51.6254997253418
369.9046936035156,231.74090576171875,29.050800323486328,51.84109878540039
369.9721984863281,230.62789916992188,30.757200241088867,52.376800537109375
369.064697265625,230.12069702148438,28.286100387573242,52.90909957885742
370.0325927734375,230.489501953125,27.167999267578125,52.81610107421875
370.0596008300781,230.09689331054688,25.071500778198242,53.29010009765625
370.7934875488281,230.7772979736328,24.650100708007812,53.324100494384766
371.3804931640625,231.32569885253906,24.08060073852539,52.814701080322266
370.1148986816406,231.18209838867188,25.500600814819336,53.90950012207031
372.3536071777344,230.8699951171875,23.991500854492188,52.75469970703125
371.85809326171875,230.99400329589844,24.63249969482422,51.19990158081055
373.1376037597656,231.8332977294922,23.72879981994629,47.72010040283203
374.4502868652344,231.47970581054688,22.348499298095703,47.49720001220703
375.7514953613281,231.52769470214844,22.404800415039062,47.32160186767578
375.2486877441406,231.68670654296875,24.875699996948242,49.157798767089844
373.75469970703125,233.11929321289062,28.695199966430664,49.82749938964844
376.189697265625,233.3489990234375,29.557199478149414,50.0004997253418
376.2171936035156,234.3271026611328,30.894800186157227,49.212398529052734
375.9710998535156,233.94039916992188,32.94960021972656,49.219398498535156
378.2402038574219,234.31809997558594,28.950000762939453,47.924198150634766
377.7919921875,234.89300537109375,31.406099319458008,47.5161018371582
378.5870056152344,235.79339599609375,30.604700088500977,47.40079879760742
379.8931884765625,236.30169677734375,29.850900650024414,47.55870056152344
381.0555114746094,236.28250122070312,27.70560073852539,47.087398529052734
382.31719970703125,237.841796875,27.090599060058594,46.37590026855469
383.4541015625,239.1923065185547,27.032400131225586,44.37820053100586
384.6238098144531,240.02549743652344,27.533000946044922,44.072898864746094
385.99139404296875,241.47630310058594,27.542699813842773,40.166500091552734
385.9335021972656,242.3184051513672,30.125999450683594,38.137699127197266
385.86871337890625,244.3029022216797,33.24169921875,38.0265998840332
385.8023986816406,245.0677032470703,36.79079818725586,36.282100677490234
386.2970886230469,246.8813934326172,38.205299377441406,35.299800872802734
384.6924133300781,248.59910583496094,44.82509994506836,34.22700119018555
383.614990234375,249.52200317382812,43.56589889526367,32.66669845581055
383.4590148925781,252.0207977294922,42.98740005493164,31.679800033569336
383.5806884765625,253.5843963623047,42.409400939941406,29.14940071105957
383.5899963378906,255.2436981201172,43.70610046386719,26.965099334716797
384.3586120605469,255.7987060546875,43.71260070800781,26.83650016784668
383.66351318359375,256.66680908203125,44.144901275634766,26.367700576782227
384.18829345703125,256.70330810546875,44.54859924316406,27.553300857543945
381.6308898925781,256.28570556640625,48.29719924926758,28.71299934387207
380.49310302734375,257.29278564453125,46.75809860229492,26.850099563598633
380.2414855957031,256.7207946777344,47.14659881591797,26.665800094604492
380.4010009765625,257.0682067871094,47.11479949951172,26.491899490356445
381.15399169921875,257.5693054199219,47.308799743652344,26.561800003051758
381.7847900390625,257.6733093261719,46.57429885864258,26.65570068359375
382.1023864746094,257.3663024902344,45.93600082397461,27.750699996948242
383.9960021972656,257.5707092285156,45.34109878540039,27.456600189208984
385.6709899902344,258.33319091796875,44.47999954223633,25.840999603271484
386.2785949707031,258.5609130859375,44.70500183105469,25.39229965209961
387.2251892089844,258.340087890625,44.79719924926758,25.35650062561035
387.8218078613281,258.3861999511719,45.299400329589844,25.411800384521484
389.4495849609375,258.8594970703125,44.83100128173828,26.001100540161133
389.4495849609375,259.45379638671875,45.13330078125,25.250900268554688
389.18798828125,259.1195068359375,44.64550018310547,24.55500030517578
389.0535888671875,258.55828857421875,46.58340072631836,25.94700050354004
389.2392883300781,258.1388854980469,46.9989013671875,26.529399871826172
388.22259521484375,259.7283935546875,47.52370071411133,25.908599853515625
389.18359375,258.30059814453125,46.39500045776367,27.230100631713867
388.83990478515625,258.6034851074219,47.081600189208984,27.94230079650879
389.58709716796875,257.6174011230469,45.855098724365234,28.270700454711914
389.9209899902344,258.2723083496094,45.86989974975586,28.64459991455078
390.5187072753906,257.8349914550781,44.536399841308594,29.386499404907227
392.0674133300781,257.87469482421875,42.870399475097656,29.804899215698242
392.9753112792969,258.2264099121094,41.27799987792969,30.166900634765625
393.380615234375,258.56451416015625,40.24300003051758,30.068500518798828
393.7305908203125,257.82379150390625,40.574501037597656,30.250600814819336
394.3153991699219,258.527587890625,38.73429870605469,30.607900619506836
394.33331298828125,257.9761962890625,39.367000579833984,30.454599380493164
394.3504943847656,258.1910095214844,39.065101623535156,29.986900329589844
395.13958740234375,257.8953857421875,38.82389831542969,30.499099731445312
394.5957946777344,258.51190185546875,37.721900939941406,30.497699737548828
395.44268798828125,257.7257080078125,38.04859924316406,30.857900619506836
395.6872863769531,258.2580871582031,35.32820129394531,30.799800872802734
395.8711853027344,257.4639892578125,33.81660079956055,30.926799774169922
395.7236022949219,257.8955078125,30.580400466918945,31.112499237060547
396.36151123046875,258.3674011230469,31.951900482177734,31.1466007232666
396.0036926269531,258.08349609375,29.06800079345703,30.827800750732422
395.8880920410156,258.0867004394531,29.699499130249023,30.829700469970703
396.67401123046875,257.4867858886719,27.203899383544922,30.078699111938477
396.9693908691406,258.26019287109375,27.566499710083008,29.3976993560791
397.36370849609375,258.7272033691406,26.467899322509766,28.4689998626709
397.12548828125,258.6415100097656,26.543399810791016,28.628299713134766
397.8533935546875,259.4241027832031,26.357500076293945,28.981300354003906
397.2901916503906,259.9798889160156,26.208200454711914,28.890100479125977
397.77301025390625,259.3651123046875,26.325899124145508,28.79840087890625
398.3857116699219,259.8908996582031,27.151199340820312,29.168899536132812
398.1683044433594,260.4419860839844,27.813800811767578,28.60300064086914
397.406005859375,261.231689453125,27.64889907836914,28.72209930419922
397.4927978515625,260.9516906738281,28.13949966430664,29.15019989013672
397.9778137207031,260.9093017578125,27.365400314331055,29.84950065612793
398.3302001953125,261.6604919433594,26.2632999420166,30.384599685668945
398.3717956542969,261.79290771484375,25.971599578857422,31.48200035095215
398.5909118652344,261.71539306640625,25.787099838256836,32.174598693847656
399.6131896972656,261.4476013183594,25.600000381469727,32.86220169067383
399.79400634765625,262.1260070800781,25.148099899291992,33.06489944458008
400.9317932128906,261.20941162109375,24.575599670410156,33.74729919433594
401.3328857421875,262.0255126953125,24.013399124145508,33.33330154418945
401.6361999511719,261.1235046386719,23.933500289916992,34.217098236083984
401.7127990722656,261.99951171875,23.963899612426758,33.712501525878906
401.6630859375,261.9988098144531,23.775400161743164,33.8583984375
401.623291015625,262.95159912109375,23.850000381469727,33.354801177978516
401.90179443359375,263.5036926269531,24.623699188232422,33.56990051269531
402.42559814453125,264.0033874511719,24.529800415039062,33.24209976196289
402.08819580078125,263.35699462890625,25.403400421142578,34.52259826660156
401.8110046386719,263.7987976074219,25.67919921875,34.44449996948242
401.9512023925781,263.7590026855469,25.310100555419922,34.26319885253906
401.4258117675781,263.83209228515625,25.98699951171875,34.633201599121094
402.01239013671875,264.2279968261719,28.888200759887695,34.25230026245117
402.6888122558594,264.3817138671875,31.472999572753906,34.796199798583984
401.7840881347656,264.77349853515625,33.91059875488281,34.80860137939453
401.4320068359375,264.9827880859375,34.01969909667969,34.3567008972168
401.7502136230469,264.2886047363281,31.66670036315918,34.725399017333984
401.9831848144531,265.4372863769531,30.757099151611328,33.95320129394531
402.3327941894531,266.0148010253906,28.87459945678711,33.66210174560547
402.3765869140625,266.0331115722656,26.507699966430664,33.71160125732422
401.85260009765625,265.885009765625,24.867599487304688,33.69070053100586
402.6997985839844,266.0213928222656,23.640100479125977,33.64289855957031
402.4206848144531,266.3550109863281,23.860200881958008,35.00899887084961
402.9060974121094,266.3829040527344,24.2185001373291,34.95119857788086
402.7986145019531,266.8291931152344,23.757099151611328,35.691898345947266
403.0826110839844,266.4043884277344,23.801700592041016,36.71549987792969
403.23541259765625,266.4118957519531,24.712499618530273,37.52560043334961
402.1617126464844,266.0462951660156,25.967599868774414,38.1515998840332
401.5830078125,266.69580078125,27.753599166870117,37.9556999206543
401.65899658203125,266.2152099609375,28.770299911499023,38.11759948730469
401.052490234375,267.42779541015625,28.922000885009766,37.07389831542969
401.3652038574219,268.223388671875,29.869699478149414,37.099098205566406
402.4695129394531,268.3128967285156,29.670799255371094,36.531700134277344
403.39471435546875,268.41900634765625,29.265899658203125,36.555999755859375
403.04119873046875,269.3987121582031,28.906700134277344,36.244598388671875
404.07940673828125,268.47930908203125,28.279699325561523,36.561500549316406
402.955810546875,269.57080078125,28.193700790405273,36.07740020751953
403.42510986328125,269.05621337890625,27.904399871826172,36.542301177978516
403.4256896972656,269.9367980957031,30.177099227905273,36.483299255371094
402.78021240234375,269.58319091796875,33.40039825439453,36.91579818725586
402.95330810546875,269.5458068847656,36.80289840698242,37.12379837036133
403.51190185546875,270.3493957519531,37.81890106201172,37.227500915527344
403.5426025390625,271.1856994628906,37.486000061035156,36.39289855957031
404.2488098144531,271.1449890136719,37.14820098876953,37.000999450683594
404.8479919433594,270.7961120605469,36.71390151977539,37.1510009765625
405.08880615234375,270.6736145019531,35.02170181274414,38.21310043334961
405.3219909667969,270.3302001953125,32.43989944458008,38.7505989074707
405.3927917480469,270.0788879394531,30.357500076293945,38.547401428222656
406.28900146484375,270.67510986328125,29.419200897216797,38.155799865722656
407.1781005859375,270.5981140136719,28.69729995727539,38.81660079956055
406.8341979980469,270.7814025878906,28.845699310302734,38.6593017578125
407.3481140136719,270.73858642578125,29.319499969482422,39.31660079956055
407.87188720703125,271.02239990234375,28.77739906311035,39.65420150756836
408.79290771484375,270.1697082519531,28.65850067138672,40.2677001953125
409.1431884765625,271.3880920410156,29.3262996673584,40.23030090332031
409.61199951171875,271.1257019042969,29.50670051574707,39.84189987182617
411.5097961425781,272.309814453125,29.38450050354004,39.14350128173828
412.10198974609375,271.8515930175781,29.017900466918945,39.693599700927734
412.13690185546875,272.3489990234375,28.889299392700195,38.93560028076172
413.5663146972656,273.1265869140625,28.396299362182617,38.692501068115234
414.6239013671875,273.02081298828125,28.739099502563477,38.64360046386719
414.9190979003906,273.8565979003906,28.799999237060547,38.37409973144531
414.9703063964844,273.6216125488281,30.28260040283203,38.06159973144531
415.72119140625,274.3825988769531,34.22809982299805,38.19609832763672
416.43548583984375,275.1636962890625,35.10100173950195,37.81449890136719
416.2867126464844,275.6369934082031,35.320899963378906,37.72169876098633
417.4154052734375,276.01348876953125,35.395999908447266,37.724098205566406
417.0205993652344,276.27130126953125,35.42259979248047,38.096900939941406
418.5986022949219,275.856201171875,32.72330093383789,38.10749816894531
419.06451416015625,275.65740966796875,30.059099197387695,38.84000015258789
419.3631896972656,275.4468994140625,28.72439956665039,39.27220153808594
419.5586853027344,275.068603515625,30.90399932861328,40.64360046386719
419.8880920410156,275.9010925292969,33.155399322509766,42.23509979248047
420.9801940917969,275.93218994140625,33.971900939941406,42.989601135253906
421.8716125488281,275.8252868652344,35.06340026855469,44.027000427246094
423.0231018066406,275.5205993652344,35.300899505615234,44.93470001220703
419.9421081542969,275.6982116699219,39.01599884033203,45.57490158081055
420.7043151855469,276.4591064453125,39.57080078125,45.759700775146484
422.06768798828125,277.8133850097656,39.27629852294922,45.14910125732422
427.6470031738281,279.9377136230469,34.54719924926758,43.54999923706055
430.0408020019531,280.1205139160156,32.626800537109375,43.57680130004883
430.7301025390625,281.3828125,32.597198486328125,43.4723014831543
431.25140380859375,280.8731994628906,32.65299987792969,43.81800079345703
431.8631896972656,281.4737854003906,32.76190185546875,43.72359848022461
432.8034973144531,282.2792053222656,33.06700134277344,43.6077995300293
433.5235900878906,282.6886901855469,34.11130142211914,43.88959884643555
433.9710998535156,283.1505126953125,34.77629852294922,43.86899948120117
435.1379089355469,282.2807922363281,35.90530014038086,45.0620002746582
436.00048828125,282.397705078125,40.798500061035156,45.863800048828125
437.70550537109375,282.1697082519531,39.73740005493164,46.83190155029297
438.5452880859375,281.78570556640625,37.351898193359375,47.436500549316406
438.7991943359375,282.9950866699219,34.97610092163086,46.65719985961914
439.84521484375,282.5533142089844,33.763099670410156,48.36119842529297
440.3030090332031,281.02569580078125,34.334800720214844,49.871700286865234
442.4950866699219,282.7475891113281,33.05670166015625,49.4463005065918
442.818115234375,282.6900939941406,33.18709945678711,50.26449966430664
443.4266052246094,283.28759765625,33.8047981262207,48.46390151977539
443.4148864746094,283.64898681640625,34.74470138549805,48.083499908447266
443.2278137207031,284.072998046875,34.95589828491211,47.68920135498047
442.0606994628906,284.5369873046875,36.83319854736328,47.72019958496094
443.0108947753906,284.5577087402344,38.773799896240234,48.14250183105469
441.31988525390625,284.69281005859375,42.49259948730469,47.872398376464844
443.23370361328125,285.15521240234375,40.89139938354492,47.58879852294922
444.5647888183594,285.5526123046875,41.074798583984375,47.48680114746094
444.42999267578125,285.24310302734375,41.59230041503906,47.4818000793457
444.289794921875,285.19390869140625,43.106300354003906,46.36989974975586
442.8153991699219,284.301513671875,44.498600006103516,45.85200119018555
439.3962097167969,283.6805114746094,47.98350143432617,45.38130187988281
437.8349914550781,283.8446044921875,50.5718994140625,43.28110122680664
436.279296875,284.0888977050781,53.97610092163086,43.224700927734375
434.52569580078125,284.1394958496094,59.14670181274414,46.093299865722656
431.3817138671875,284.46661376953125,63.967899322509766,45.8931999206543
429.9241027832031,285.4212951660156,66.52559661865234,44.7234001159668
428.37548828125,286.2679138183594,68.41259765625,44.774600982666016
426.52069091796875,285.35479736328125,69.38700103759766,45.11309814453125
423.412109375,285.86248779296875,72.57839965820312,44.50669860839844
419.1120910644531,285.9287109375,71.40989685058594,44.958900451660156
417.23809814453125,284.5174865722656,75.06800079345703,46.792301177978516
415.1474914550781,285.6986083984375,71.79519653320312,45.11589813232422
417.610107421875,285.9693908691406,69.43470001220703,44.495601654052734
416.2911071777344,285.5067138671875,71.04429626464844,45.013099670410156
416.502685546875,284.047607421875,71.15260314941406,43.4921989440918
414.6095886230469,284.0386962890625,75.535400390625,44.289100646972656
413.7596130371094,284.1391906738281,80.65350341796875,43.39059829711914
411.3290100097656,283.8304138183594,86.79720306396484,43.32889938354492
409.1701965332031,284.3537902832031,91.4448013305664,42.80690002441406
408.42559814453125,284.26251220703125,88.46810150146484,41.383201599121094
406.1117858886719,285.4670104980469,86.19709777832031,40.808799743652344
404.5451965332031,285.4801940917969,82.64700317382812,41.4468994140625
402.9429016113281,285.26629638671875,84.88719940185547,40.22560119628906
402.0172119140625,285.6924133300781,78.87950134277344,40.17449951171875
401.076904296875,284.3659973144531,75.9478988647461,37.58340072631836
399.4549865722656,284.4537048339844,72.16490173339844,36.494598388671875
397.35699462890625,283.8299865722656,69.0730972290039,35.752601623535156
396.033203125,283.9060974121094,66.21209716796875,36.591400146484375
394.2478942871094,284.1177978515625,64.08329772949219,36.07149887084961
392.9383850097656,283.7947082519531,61.11629867553711,36.19820022583008
392.4963073730469,285.0804138183594,58.2047004699707,36.13800048828125
391.6922912597656,285.0765075683594,56.452598571777344,36.33380126953125
391.41259765625,284.002197265625,54.91859817504883,37.13119888305664
391.18548583984375,283.66448974609375,54.3302001953125,37.119598388671875
389.68310546875,283.3363952636719,56.18830108642578,37.61389923095703
387.7945861816406,283.1333923339844,57.32600021362305,37.66680145263672
387.25909423828125,282.8392028808594,59.78269958496094,38.0447998046875
384.7737121582031,283.0657043457031,63.32149887084961,37.83760070800781
383.6611022949219,282.32958984375,68.08470153808594,37.25419998168945
382.0732116699219,282.3230895996094,71.38739776611328,35.22740173339844
381.2117004394531,283.1347961425781,77.09919738769531,32.85639953613281
380.7580871582031,281.06878662109375,63.74440002441406,32.267601013183594
379.6011047363281,280.6296081542969,67.12779998779297,33.19490051269531
379.7001037597656,275.2250061035156,60.69860076904297,37.751399993896484
379.8539123535156,278.3522033691406,57.67610168457031,34.33729934692383
379.6070861816406,279.3829040527344,56.832801818847656,33.78110122680664
378.71551513671875,279.1531066894531,55.308998107910156,34.385101318359375
378.5440979003906,278.5718078613281,53.48540115356445,33.79209899902344
378.5155944824219,278.67138671875,51.621299743652344,33.295101165771484
379.0574951171875,278.2091064453125,50.2677001953125,35.03879928588867
378.1619873046875,277.1983947753906,50.31169891357422,33.6067008972168
377.2049865722656,276.39581298828125,48.678001403808594,34.005401611328125
377.3752136230469,276.7287902832031,47.19449996948242,33.34510040283203
376.47479248046875,275.9924011230469,47.81840133666992,34.07059860229492
376.1499938964844,275.2420959472656,47.69179916381836,34.78559875488281
376.33770751953125,275.3147888183594,47.29629898071289,34.63650131225586
375.03759765625,274.23748779296875,47.87739944458008,34.819400787353516
374.53900146484375,274.20550537109375,48.416099548339844,34.31610107421875
373.6044006347656,274.3714904785156,49.705501556396484,33.76850128173828
374.139404296875,274.3539123535156,49.94770050048828,31.856399536132812
373.1720886230469,273.30718994140625,51.03580093383789,32.90869903564453
371.6494140625,272.4950866699219,53.10380172729492,34.67219924926758
369.99530029296875,272.5007019042969,56.96189880371094,34.6088981628418
367.97259521484375,272.5882873535156,61.1692008972168,35.354801177978516
365.9285888671875,272.4281005859375,64.13310241699219,34.25640106201172
365.1211853027344,272.2038879394531,65.15950012207031,33.56999969482422
365.822509765625,272.0032958984375,62.24380111694336,34.269500732421875
368.5697937011719,271.1531982421875,56.61009979248047,34.523399353027344
370.91680908203125,271.57659912109375,56.482601165771484,34.9359016418457
372.89080810546875,271.9110107421875,52.976200103759766,35.21120071411133
374.57940673828125,271.7369079589844,50.93920135498047,35.92110061645508
376.1129150390625,270.66259765625,50.678199768066406,36.97090148925781
377.51629638671875,271.0263977050781,54.417301177978516,37.549800872802734
376.8673095703125,271.57879638671875,56.124000549316406,37.06850051879883
378.4963073730469,270.6434020996094,54.64350128173828,37.133399963378906
379.23968505859375,271.0675964355469,53.14179992675781,37.040199279785156
379.07818603515625,271.1788024902344,53.75740051269531,36.60559844970703
378.9056091308594,272.24249267578125,54.98360061645508,37.00189971923828
378.5505065917969,272.076904296875,55.98379898071289,36.550899505615234
377.84588623046875,271.6153869628906,57.21099853515625,37.1505012512207
377.1470031738281,271.3832092285156,58.30459976196289,37.78139877319336
377.110107421875,271.869384765625,57.11029815673828,38.643798828125
376.1954040527344,271.7945861816406,52.20240020751953,38.15610122680664
376.16119384765625,272.5238952636719,50.859798431396484,38.10210037231445
375.8710021972656,271.4407043457031,50.92919921875,38.2598991394043
375.4106140136719,270.2040100097656,51.02859878540039,39.65769958496094
375.4450988769531,270.7589111328125,50.410400390625,38.9921989440918
375.26458740234375,271.0210876464844,49.590999603271484,38.917301177978516
375.2121887207031,271.69769287109375,50.85860061645508,38.42530059814453
374.9997863769531,272.6473083496094,51.077701568603516,37.47740173339844
374.7955017089844,272.9435119628906,50.968299865722656,36.94540023803711
375.0674133300781,273.2582092285156,51.82490158081055,36.63840103149414
375.3367004394531,272.58380126953125,52.07609939575195,36.69060134887695
374.60540771484375,273.0535888671875,52.81230163574219,36.82500076293945
374.0544128417969,272.6405944824219,53.693199157714844,36.37929916381836
374.5003967285156,273.0745849609375,54.13800048828125,36.619598388671875
373.8362121582031,272.9501037597656,54.781898498535156,36.24480056762695
373.3102111816406,272.6680908203125,55.20119857788086,36.10540008544922
374.63031005859375,272.8966979980469,54.80839920043945,37.33769989013672
373.0174865722656,272.9368896484375,56.229698181152344,36.618099212646484
374.23541259765625,273.2069091796875,56.654598236083984,37.638999938964844
373.4989013671875,272.46771240234375,58.21590042114258,36.45909881591797
373.3590087890625,272.8977966308594,58.75830078125,38.00910186767578
373.13629150390625,272.4158020019531,58.589298248291016,37.59659957885742
374.4919128417969,272.75518798828125,55.077701568603516,37.81779861450195
372.9737854003906,272.9088134765625,56.03799819946289,37.207698822021484
373.6600036621094,272.4186096191406,56.54890060424805,37.21269989013672
372.1900939941406,272.1532897949219,56.959598541259766,36.50630187988281
372.2853088378906,271.8133850097656,56.094398498535156,36.00389862060547
372.0943908691406,271.8409118652344,56.293800354003906,35.58700180053711
370.87969970703125,271.8948974609375,56.522701263427734,34.99409866333008
370.21099853515625,272.3898010253906,55.49209976196289,35.31809997558594
369.0213928222656,272.2749938964844,55.993099212646484,35.327701568603516
368.9928894042969,272.1942138671875,56.16579818725586,35.58380126953125
368.0867919921875,272.8169860839844,56.59199905395508,35.5265998840332
370.2207946777344,272.0038146972656,55.26459884643555,35.3046989440918
370.49371337890625,272.0215148925781,54.73809814453125,36.22460174560547
372.0492858886719,271.305908203125,52.87990188598633,36.61130142211914
372.8446044921875,271.619384765625,52.98640060424805,36.10609817504883
373.7019958496094,271.76141357421875,51.34049987792969,35.86439895629883
375.7178039550781,271.5458984375,49.641700744628906,35.300201416015625
373.5273132324219,271.7724914550781,49.45640182495117,36.268699645996094
375.7511901855469,271.53448486328125,47.490299224853516,35.43410110473633
377.0118103027344,271.8330078125,45.291500091552734,35.39509963989258
376.81561279296875,272.0072021484375,45.027198791503906,34.64289855957031
377.6099853515625,272.2439880371094,44.62969970703125,34.40890121459961
377.0614013671875,272.1944885253906,45.44929885864258,34.57469940185547
378.2732849121094,272.24249267578125,43.70330047607422,34.72779846191406
376.84979248046875,271.8518981933594,45.015201568603516,34.965599060058594
376.4021911621094,272.15679931640625,44.98640060424805,34.66120147705078
376.3680114746094,272.6706848144531,44.997100830078125,34.72060012817383
376.3857116699219,271.60211181640625,45.2505989074707,34.95330047607422
376.9219970703125,272.6322937011719,44.868900299072266,34.250301361083984
377.5216064453125,272.914794921875,43.50519943237305,34.31079864501953
378.36639404296875,272.2481994628906,43.34809875488281,34.747398376464844
378.214599609375,272.4353942871094,44.775001525878906,34.29570007324219
377.52410888671875,272.7814025878906,46.4375,34.252601623535156
376.13128662109375,272.7860107421875,49.7671012878418,35.11970138549805
375.3384094238281,273.4967956542969,52.935699462890625,36.20819854736328
374.8262939453125,272.96209716796875,55.575599670410156,35.5630989074707
373.37060546875,273.5581970214844,57.28929901123047,35.418701171875
372.2926025390625,273.8775939941406,55.49810028076172,34.96590042114258
372.0067138671875,274.4525146484375,54.6963996887207,34.70320129394531
370.502197265625,275.2041931152344,51.19620132446289,34.40489959716797
370.67449951171875,275.5252990722656,48.69390106201172,32.88679885864258
369.1809997558594,275.7214050292969,48.0181999206543,32.58599853515625
368.5440979003906,274.81671142578125,48.221900939941406,34.65950012207031
367.2934875488281,275.46551513671875,49.43659973144531,35.93730163574219
367.025390625,275.7608947753906,49.624000549316406,35.66450119018555
366.2973937988281,275.51611328125,50.62289810180664,37.63249969482422
366.0415954589844,274.8421936035156,50.90760040283203,38.862300872802734
364.7674865722656,275.08770751953125,52.389801025390625,39.56769943237305
363.8414001464844,275.4569091796875,52.775299072265625,39.371498107910156
363.7373962402344,275.1004943847656,52.050498962402344,38.7151985168457
362.9826965332031,276.260986328125,55.69839859008789,38.467098236083984
362.15399169921875,276.5669860839844,60.7244987487793,38.283599853515625
361.11920166015625,276.393798828125,65.43080139160156,38.350799560546875
361.1007080078125,275.9921875,64.72689819335938,38.52439880371094
361.1177978515625,276.41510009765625,59.67169952392578,38.469200134277344
359.0545959472656,275.9690856933594,62.887298583984375,38.39059829711914
358.28741455078125,275.28759765625,62.84339904785156,39.60240173339844
357.6715087890625,275.47259521484375,58.33150100708008,40.22600173950195
356.0502014160156,275.12200927734375,58.049598693847656,40.4099006652832
354.551513671875,274.6152038574219,57.94960021972656,42.439300537109375
353.8027038574219,275.0810852050781,56.064300537109375,42.56779861450195
352.36260986328125,276.46038818359375,56.317901611328125,41.55189895629883
351.1495056152344,277.2419128417969,56.30699920654297,40.528499603271484
352.1559143066406,276.97491455078125,55.37860107421875,39.553001403808594
351.3057861328125,277.518798828125,55.33509826660156,39.002201080322266
352.9382019042969,277.69281005859375,53.480899810791016,38.85559844970703
353.7243957519531,277.485595703125,52.910701751708984,38.30139923095703
354.177490234375,277.8526916503906,53.01129913330078,38.44839859008789
355.70440673828125,277.4194030761719,54.07429885864258,37.58089828491211
356.272705078125,277.5172119140625,55.64690017700195,37.714599609375
356.7676086425781,277.9541015625,58.42610168457031,37.67789840698242
356.55511474609375,277.95361328125,61.1067008972168,36.4807014465332
355.80950927734375,277.78460693359375,64.52799987792969,36.59109878540039
355.75189208984375,277.4849853515625,69.10369873046875,36.74769973754883
356.93310546875,277.372314453125,69.59320068359375,36.679500579833984
357.1460876464844,278.0430908203125,63.65380096435547,36.328399658203125
358.05609130859375,276.9836120605469,68.08399963378906,37.113399505615234
357.7508850097656,277.22918701171875,68.30870056152344,36.440101623535156
356.7008056640625,278.1690979003906,67.32959747314453,36.43830108642578
358.0819091796875,277.1061096191406,62.59049987792969,36.52109909057617
358.7273864746094,277.80841064453125,61.736000061035156,36.69660186767578
358.0317077636719,277.023193359375,59.56869888305664,36.53390121459961
359.7991027832031,277.7099914550781,56.22249984741211,36.29460144042969
359.9800109863281,278.4443054199219,55.189300537109375,36.1421012878418
360.644287109375,278.2771911621094,52.63930130004883,35.66559982299805
361.3783874511719,278.16241455078125,46.11840057373047,36.62099838256836
361.4570007324219,277.5104064941406,46.46379852294922,37.042301177978516
361.12548828125,277.31781005859375,46.519100189208984,37.35490036010742
362.18670654296875,277.6047058105469,45.777000427246094,37.72959899902344
361.881103515625,276.8728942871094,46.500999450683594,37.79669952392578
361.87298583984375,276.3230895996094,48.06800079345703,38.857200622558594
362.3135070800781,276.3800964355469,48.94309997558594,38.70180130004883
361.779296875,276.70318603515625,50.78049850463867,37.9833984375
361.1979064941406,276.4845886230469,52.01620101928711,37.3931999206543
360.1653137207031,276.4205017089844,53.91469955444336,37.27050018310547
359.48541259765625,276.4383850097656,58.10499954223633,37.86130142211914
359.1202087402344,276.7829895019531,60.74129867553711,37.582698822021484
360.39520263671875,275.9696044921875,58.64979934692383,37.714500427246094
361.0286865234375,276.7955017089844,52.11360168457031,37.87110137939453
361.1429138183594,276.3575134277344,49.19309997558594,37.74449920654297
360.44268798828125,276.51080322265625,51.092201232910156,37.762699127197266
359.3291015625,277.5813903808594,47.151798248291016,37.204200744628906
358.9335021972656,277.8902893066406,48.21889877319336,37.27199935913086
358.6412048339844,277.1731872558594,48.752601623535156,36.746700286865234
358.9353942871094,277.2312927246094,48.31439971923828,36.820899963378906
357.1070861816406,277.81201171875,49.88420104980469,36.907798767089844
357.5762939453125,277.80670166015625,50.12310028076172,37.06840133666992
357.2192077636719,277.16571044921875,51.66400146484375,37.48429870605469
355.32818603515625,277.2695007324219,56.150299072265625,38.25210189819336
355.456298828125,276.92608642578125,60.245601654052734,38.37009811401367
354.4513854980469,276.5978088378906,65.3927993774414,37.375999450683594
354.4114074707031,276.5954895019531,69.63880157470703,38.15570068359375
354.0491027832031,276.5813903808594,72.66690063476562,37.36790084838867
354.60650634765625,275.79779052734375,73.82499694824219,37.65330123901367
356.3669128417969,275.94268798828125,63.889198303222656,38.00389862060547
356.2164001464844,276.0838928222656,71.08989715576172,38.20370101928711
356.70001220703125,275.6166076660156,69.28369903564453,37.65340042114258
356.7738037109375,275.72918701171875,68.84020233154297,37.904701232910156
356.7872009277344,275.4856872558594,67.0510025024414,38.2848014831543
355.7056884765625,275.8233947753906,66.05000305175781,38.2848014831543
355.5661926269531,275.777587890625,64.1614990234375,38.2056999206543
356.5483093261719,276.2257080078125,60.95320129394531,38.07680130004883
355.0763854980469,275.6532897949219,59.51969909667969,37.965999603271484
356.4648132324219,275.62908935546875,54.019798278808594,39.19070053100586
356.1589050292969,275.39788818359375,52.357601165771484,38.647499084472656
356.79150390625,275.72430419921875,51.71860122680664,39.582000732421875
356.5273132324219,276.23760986328125,52.122798919677734,38.37620162963867
356.3465881347656,276.1112060546875,51.997100830078125,37.987998962402344
356.3948059082031,275.95458984375,52.37670135498047,38.45970153808594
355.377197265625,276.1921081542969,52.65610122680664,38.09360122680664
354.972412109375,276.3385009765625,54.2577018737793,38.36970138549805
354.8185119628906,276.15399169921875,56.21500015258789,38.15019989013672
356.056396484375,276.05108642578125,57.774200439453125,38.73740005493164
356.1077880859375,276.39691162109375,60.52479934692383,38.23419952392578
355.644287109375,276.1770935058594,62.67359924316406,38.59389877319336
356.51629638671875,276.1039123535156,66.15399932861328,39.50410079956055
355.3367919921875,276.6929016113281,70.40360260009766,40.53839874267578
355.38861083984375,276.0227966308594,60.98720169067383,39.87779998779297
356.2366027832031,275.97821044921875,70.86470031738281,40.90879821777344
355.2878112792969,276.6799011230469,70.82689666748047,40.72159957885742
355.94000244140625,275.9505920410156,67.34760284423828,39.79169845581055
355.04888916015625,276.2489013671875,66.88289642333984,40.8380012512207
355.87310791015625,275.9479064941406,58.19049835205078,40.475399017333984
355.6337890625,276.2043151855469,62.04130172729492,40.44969940185547
354.57440185546875,276.5895080566406,63.21969985961914,40.880001068115234
354.9252014160156,276.5599060058594,57.10900115966797,40.944400787353516
355.5740966796875,276.8096008300781,54.75310134887695,40.97090148925781
355.4364013671875,277.16778564453125,50.67729949951172,40.71049880981445
355.505615234375,276.54901123046875,51.4119987487793,41.06959915161133
355.9014892578125,277.5340881347656,51.56380081176758,40.61040115356445
355.30950927734375,277.1387023925781,51.6526985168457,40.909000396728516
355.7348937988281,277.4609069824219,51.93479919433594,40.6682014465332
355.38690185546875,277.8927001953125,52.37049865722656,40.20479965209961
355.2030029296875,278.31109619140625,53.29869842529297,39.97869873046875
355.8998107910156,277.90411376953125,55.033599853515625,40.6864013671875
355.67608642578125,278.25750732421875,57.047000885009766,40.29800033569336
355.1416931152344,278.40631103515625,58.552101135253906,40.486900329589844
354.801513671875,278.6872863769531,59.378501892089844,39.941200256347656
354.489990234375,278.59100341796875,61.35169982910156,40.340599060058594
354.03240966796875,278.4411926269531,65.37200164794922,40.36650085449219
353.9661865234375,277.8584899902344,65.62740325927734,40.025299072265625
354.0292053222656,277.9761962890625,70.22699737548828,40.819000244140625
353.82080078125,278.0646057128906,65.02050018310547,40.266700744628906
355.9461975097656,277.9840087890625,58.497501373291016,40.87839889526367
357.164306640625,278.4961853027344,56.385799407958984,41.251399993896484
357.2101135253906,278.14910888671875,57.31880187988281,40.74380111694336
357.8883056640625,278.2427062988281,64.01139831542969,40.98030090332031
357.2106018066406,278.17559814453125,62.836299896240234,42.38209915161133
358.0541076660156,278.3338928222656,61.13079833984375,41.33369827270508
357.18609619140625,278.30828857421875,60.25320053100586,41.96799850463867
359.5000915527344,278.87310791015625,55.79750061035156,41.25189971923828
359.87109375,279.0151062011719,55.115299224853516,41.16910171508789
360.589111328125,278.22210693359375,51.98429870605469,40.53969955444336
361.8284912109375,278.83099365234375,49.70240020751953,39.5172004699707
362.0179138183594,277.05780029296875,48.82469940185547,39.23939895629883
362.1557922363281,277.41351318359375,48.84370040893555,38.54719924926758
361.6588134765625,276.8306884765625,46.932098388671875,38.77859878540039
361.1250915527344,277.2117919921875,47.416900634765625,37.7135009765625
361.7121887207031,277.5920104980469,47.251800537109375,37.5432014465332
359.8279113769531,277.40838623046875,48.561500549316406,37.21139907836914
357.96710205078125,277.2565002441406,50.85340118408203,36.763099670410156
358.10791015625,277.7991027832031,51.29090118408203,36.82749938964844
357.4602966308594,277.7762145996094,52.74409866333008,36.67660140991211
357.58349609375,277.543212890625,54.54159927368164,36.876800537109375
358.13958740234375,277.2420959472656,54.57849884033203,37.21730041503906
358.4242858886719,276.9966125488281,55.23320007324219,37.75379943847656
359.12091064453125,276.76580810546875,56.30690002441406,37.96770095825195
359.4346923828125,276.343505859375,57.14670181274414,38.04869842529297
359.5421142578125,275.4006042480469,58.795501708984375,38.535099029541016
360.71429443359375,275.63970947265625,58.35409927368164,38.5786018371582
360.8955078125,275.7070007324219,59.44029998779297,38.08570098876953
362.1007995605469,275.7713928222656,58.71969985961914,38.47529983520508
362.84649658203125,275.2969055175781,54.90299987792969,37.78850173950195
362.8656921386719,276.2760925292969,48.04949951171875,36.87630081176758
361.7521057128906,277.2262878417969,49.45750045776367,37.15370178222656
360.606689453125,277.3420104980469,51.02859878540039,37.12649917602539
358.45599365234375,277.4945983886719,54.587501525878906,37.399600982666016
358.51141357421875,277.0711975097656,55.042598724365234,36.7963981628418
355.6321105957031,277.0885925292969,53.135398864746094,37.24480056762695
355.2348937988281,277.0018005371094,53.69889831542969,36.792999267578125
355.95050048828125,277.29669189453125,52.485599517822266,37.161800384521484
358.6205139160156,277.49688720703125,49.625999450683594,37.51129913330078
362.85931396484375,276.9053955078125,46.23550033569336,37.898101806640625
365.81549072265625,276.7013854980469,43.90639877319336,38.498199462890625
365.45989990234375,277.43060302734375,45.75270080566406,37.660301208496094
365.43310546875,276.8280029296875,46.36669921875,37.20180130004883
366.4762878417969,277.4543151855469,47.395301818847656,36.5629997253418
366.7535095214844,277.8174133300781,47.65700149536133,36.7864990234375
366.70458984375,277.90069580078125,49.008201599121094,36.902099609375
366.6676940917969,277.4588928222656,50.39619827270508,36.23529815673828
367.01800537109375,277.8319091796875,54.10150146484375,36.52510070800781
365.231689453125,277.6357116699219,57.52450180053711,36.53839874267578
364.7013854980469,277.1557922363281,58.08649826049805,37.212799072265625
363.97711181640625,277.0940856933594,57.692501068115234,37.502498626708984
365.22760009765625,277.75799560546875,58.729698181152344,38.09880065917969
363.8926086425781,277.4895935058594,57.91120147705078,37.350799560546875
365.065185546875,277.3923034667969,60.77909851074219,37.348201751708984
363.8900146484375,277.03759765625,59.91469955444336,38.11830139160156
365.1123046875,277.27130126953125,58.54349899291992,37.99020004272461
364.1180114746094,276.9945068359375,51.944000244140625,38.474998474121094
364.4638977050781,276.7986145019531,52.31779861450195,38.480899810791016
365.2605895996094,277.1120910644531,47.611900329589844,39.400699615478516
365.0917053222656,277.1903076171875,47.889198303222656,38.1963996887207
365.52508544921875,277.50421142578125,44.30059814453125,39.23509979248047
365.8273010253906,276.52020263671875,44.34809875488281,39.731201171875
365.9800109863281,277.15789794921875,42.90140151977539,40.010501861572266
366.87860107421875,276.7341003417969,42.63869857788086,40.44729995727539
366.3026123046875,276.8443908691406,41.8203010559082,40.23550033569336
367.0169982910156,276.4247131347656,42.017601013183594,40.93040084838867
367.62548828125,275.7333068847656,41.53340148925781,41.18920135498047
368.2691955566406,275.9137878417969,41.39789962768555,41.363399505615234
367.9233093261719,274.68121337890625,40.73889923095703,42.030601501464844
368.3584899902344,274.856201171875,41.179298400878906,41.666900634765625
367.9111022949219,274.7076110839844,40.80110168457031,41.85100173950195
368.5082092285156,274.8644104003906,41.13399887084961,41.3401985168457
367.2138977050781,275.03271484375,41.102500915527344,41.746498107910156
367.814208984375,275.3294982910156,41.72909927368164,41.52119827270508
368.2038879394531,275.1326904296875,41.615699768066406,41.12200164794922
367.7474060058594,275.67059326171875,42.259700775146484,40.723201751708984
367.45208740234375,276.9089050292969,43.30440139770508,40.11220169067383
367.9014892578125,277.8075866699219,43.06999969482422,38.91189956665039
368.30828857421875,277.9132995605469,45.15729904174805,39.18960189819336
367.2149963378906,278.36279296875,45.06909942626953,38.15340042114258
365.7773132324219,278.460205078125,47.045101165771484,38.65399932861328
365.7112121582031,278.3182067871094,48.75270080566406,38.47890090942383
364.85198974609375,277.39739990234375,50.43439865112305,38.83399963378906
364.7724914550781,277.906494140625,48.07979965209961,39.05139923095703
364.11669921875,278.6726989746094,50.290000915527344,38.697898864746094
364.29278564453125,278.06451416015625,47.12770080566406,38.32490158081055
363.75909423828125,279.1044921875,47.6328010559082,38.70100021362305
364.5472106933594,279.70831298828125,42.015499114990234,38.00149917602539
364.9750061035156,278.4790954589844,42.43439865112305,39.99359893798828
365.79180908203125,278.47808837890625,41.649200439453125,39.70899963378906
367.61309814453125,278.1051025390625,40.16080093383789,40.140201568603516
369.097900390625,278.53338623046875,38.747798919677734,40.199501037597656
371.0307922363281,278.13641357421875,37.63370132446289,41.7494010925293
370.5246887207031,278.19140625,39.050498962402344,43.5703010559082
370.2604064941406,279.1460876464844,41.05289840698242,44.534698486328125
372.031494140625,279.3616943359375,42.284000396728516,45.005001068115234
374.7333984375,279.685791015625,41.06330108642578,44.51850128173828
377.2471008300781,279.7690124511719,41.51810073852539,43.71649932861328
378.49578857421875,280.3493957519531,42.049598693847656,42.55540084838867
380.0057067871094,279.0450134277344,44.68629837036133,42.80030059814453
382.3840026855469,278.8865966796875,41.46160125732422,42.703800201416016
383.298095703125,280.201904296875,38.48789978027344,42.185699462890625
384.7485046386719,280.90350341796875,36.569801330566406,43.25379943847656
385.8255920410156,280.5367126464844,37.28620147705078,43.44380187988281
387.1355895996094,283.3371887207031,37.454498291015625,40.47129821777344
388.4754943847656,284.3315124511719,37.62160110473633,40.2958984375
389.6676025390625,285.3547058105469,38.38610076904297,41.337100982666016
387.2655029296875,284.9706115722656,42.332298278808594,42.182498931884766
385.4237060546875,285.02508544921875,45.727500915527344,42.815101623535156
384.4273986816406,284.8564147949219,47.72060012817383,43.770198822021484
385.7340087890625,285.476806640625,50.734500885009766,45.02050018310547
387.2096862792969,285.51409912109375,51.981998443603516,45.29999923706055
387.2273864746094,285.3652038574219,54.31290054321289,47.114200592041016
388.1997985839844,286.5548095703125,56.042198181152344,48.60200119018555
389.4762878417969,287.02789306640625,57.070098876953125,49.350399017333984
391.1151123046875,286.9566955566406,58.148399353027344,50.13570022583008
394.79278564453125,286.82861328125,57.46120071411133,50.158199310302734
395.0553894042969,288.43218994140625,59.499698638916016,49.98469924926758
398.7992858886719,287.7872009277344,58.123600006103516,49.90869903564453
401.0425109863281,289.2056884765625,57.35219955444336,48.9734001159668
405.66558837890625,289.48651123046875,54.0796012878418,49.78559875488281
413.7319030761719,290.6247863769531,48.48820114135742,50.30979919433594
417.5122985839844,290.7164001464844,47.908199310302734,50.23509979248047
420.3471984863281,291.2467041015625,47.822898864746094,51.36640167236328
421.4804992675781,291.2110900878906,49.56880187988281,52.04240036010742
424.20770263671875,290.5531005859375,50.999698638916016,53.715301513671875
426.4764099121094,288.8955078125,52.71030044555664,56.11240005493164
425.5508117675781,289.3360900878906,59.49480056762695,56.28310012817383
425.22650146484375,291.4648132324219,65.7970962524414,56.53670120239258
423.785888671875,291.9012145996094,71.25450134277344,56.07820129394531
422.7161865234375,292.9684143066406,75.89759826660156,56.329898834228516
423.7643127441406,292.8320007324219,77.65889739990234,56.45119857788086
425.7524108886719,291.7392883300781,79.34200286865234,55.44260025024414
429.68389892578125,291.90899658203125,79.81729888916016,55.88029861450195
433.37030029296875,291.07611083984375,77.99569702148438,56.900699615478516
438.0769958496094,291.3222961425781,77.6769027709961,56.9015998840332
444.9122009277344,292.4847106933594,72.07879638671875,55.48509979248047
451.1091003417969,295.33740234375,70.04080200195312,52.70640182495117
457.4661865234375,297.3724060058594,65.55690002441406,47.314998626708984
458.6619873046875,299.3341064453125,67.48560333251953,47.375301361083984
459.57989501953125,297.9331970214844,69.693603515625,54.48720169067383
461.39678955078125,300.6665954589844,70.1489028930664,52.604801177978516
463.98541259765625,303.1473083496094,71.1355972290039,56.45159912109375
465.5010986328125,303.6416015625,71.07109832763672,61.571998596191406
467.5165100097656,305.2973937988281,72.0990982055664,59.502498626708984
468.2112121582031,306.427001953125,74.72640228271484,64.71720123291016
466.84521484375,307.47210693359375,80.527099609375,66.52210235595703
464.26708984375,306.73651123046875,86.63259887695312,73.59839630126953
466.98748779296875,305.9502868652344,90.89659881591797,74.20690155029297
473.5255126953125,306.2091064453125,91.6531982421875,74.04440307617188
479.6777038574219,306.4130859375,88.76920318603516,75.3594970703125
484.60528564453125,308.1897888183594,86.82740020751953,72.13300323486328
490.48919677734375,315.5907897949219,86.51740264892578,65.61799621582031
499.22430419921875,318.38861083984375,80.5696029663086,63.99489974975586
510.8931884765625,321.47589111328125,73.47779846191406,60.73249816894531
516.122802734375,323.2735900878906,77.25399780273438,66.50340270996094
517.8818969726562,322.5545959472656,82.38690185546875,74.63569641113281
522.423095703125,323.775390625,83.177001953125,74.82019805908203
525.1508178710938,323.652099609375,86.96440124511719,74.32350158691406
526.4755859375,321.3702087402344,92.7322006225586,75.19039916992188
530.0261840820312,322.6463928222656,96.04550170898438,75.81439971923828
535.697509765625,321.51568603515625,98.78839874267578,78.02429962158203
539.3001098632812,319.6123962402344,102.42500305175781,80.98889923095703
542.3674926757812,318.47198486328125,98.43229675292969,82.54889678955078
544.2230224609375,319.2737121582031,104.40809631347656,80.84760284423828
547.7224731445312,319.36370849609375,103.91089630126953,80.4209976196289
546.4296875,319.8064880371094,109.00289916992188,79.75980377197266
553.409912109375,320.1747131347656,105.910400390625,82.77639770507812
556.9083862304688,321.0523986816406,106.40440368652344,92.48680114746094
555.1524047851562,320.53790283203125,113.79299926757812,106.91000366210938
521.7949829101562,269.885498046875,166.7176971435547,131.6490020751953
563.602783203125,326.23541259765625,129.47410583496094,101.81189727783203
574.6488037109375,331.8721923828125,129.31979370117188,96.62319946289062
585.413818359375,331.43939208984375,131.7406005859375,97.19380187988281
589.123291015625,333.4767150878906,140.31680297851562,94.94059753417969
594.2634887695312,335.4818115234375,156.37759399414062,93.92990112304688
595.8007202148438,336.6253967285156,163.29359436035156,95.37460327148438
