1
370.88800048828125,273.4372863769531,49.076499938964844,53.615699768066406
372.5979919433594,273.7583923339844,47.91999816894531,53.52220153808594
371.4486999511719,273.3949890136719,48.609901428222656,53.151798248291016
371.31689453125,273.31109619140625,48.36629867553711,53.71139907836914
371.29071044921875,273.5614013671875,48.10960006713867,53.260799407958984
371.6224060058594,273.3298034667969,48.41230010986328,53.06100082397461
372.0368957519531,274.03179931640625,48.336700439453125,53.65230178833008
371.643798828125,273.151611328125,48.58100128173828,53.53730010986328
371.5274963378906,273.24688720703125,48.59579849243164,54.02349853515625
371.7652893066406,273.2865905761719,48.69929885864258,53.299598693847656
371.5517883300781,273.2502136230469,48.71039962768555,53.675201416015625
371.82440185546875,273.1173095703125,48.66350173950195,53.53559875488281
371.1622009277344,273.8341979980469,48.78049850463867,53.81520080566406
371.4143981933594,273.66949462890625,48.80039978027344,53.70610046386719
371.3904113769531,273.43438720703125,48.997798919677734,53.814701080322266
371.24481201171875,273.8429870605469,48.878501892089844,53.447601318359375
371.1546936035156,273.5486145019531,49.227298736572266,53.70610046386719
370.9804992675781,273.8721923828125,49.08209991455078,53.597801208496094
370.610107421875,273.1083984375,48.82699966430664,52.99100112915039
371.12640380859375,273.15521240234375,49.06010055541992,53.8577995300293
370.7257995605469,273.7969970703125,49.305999755859375,53.412200927734375
371.2879943847656,272.6221923828125,48.952598571777344,53.727500915527344
370.4963073730469,273.40869140625,49.676700592041016,54.91579818725586
370.5830078125,273.54998779296875,49.236000061035156,53.25910186767578
370.3297119140625,273.1181945800781,49.42499923706055,53.433101654052734
370.90948486328125,273.3857116699219,49.286800384521484,53.58060073852539
370.193115234375,273.48541259765625,49.6265983581543,53.70000076293945
369.7854919433594,272.9913024902344,49.80939865112305,53.7318000793457
370.7096862792969,273.48089599609375,49.66350173950195,54.41669845581055
369.7699890136719,272.6017150878906,49.956600189208984,53.510799407958984
370.55499267578125,272.8450927734375,49.96689987182617,54.27830123901367
370.4060974121094,273.6059875488281,49.98350143432617,53.80440139770508
370.7961120605469,272.3421936035156,49.81169891357422,54.10770034790039
370.1077880859375,273.0552978515625,50.117698669433594,54.95249938964844
370.37908935546875,272.6380920410156,49.78670120239258,54.179100036621094
370.4830017089844,272.87640380859375,49.85459899902344,54.13520050048828
370.2673034667969,273.0557861328125,50.400901794433594,54.30110168457031
370.590087890625,273.1422119140625,49.967899322509766,53.78879928588867
369.7507019042969,273.1943054199219,50.43510055541992,54.00149917602539
370.6299133300781,272.789794921875,50.054901123046875,54.023799896240234
370.23870849609375,273.4906005859375,50.4734001159668,54.221099853515625
370.48748779296875,272.5513000488281,50.457801818847656,54.44409942626953
369.7491149902344,272.8830871582031,50.60380172729492,54.14590072631836
370.28021240234375,272.8952941894531,49.92449951171875,54.10260009765625
370.2503967285156,272.92608642578125,50.226600646972656,53.886600494384766
370.1343078613281,273.731689453125,50.201900482177734,54.011199951171875
369.8169860839844,273.4862976074219,50.15060043334961,53.77750015258789
369.82550048828125,273.3161926269531,50.2775993347168,53.8109016418457
370.4991149902344,272.3262023925781,50.20429992675781,53.74169921875
369.26348876953125,272.50738525390625,50.7682991027832,54.49300003051758
369.85321044921875,272.4263916015625,49.7318000793457,53.5974006652832
370.2138977050781,270.68548583984375,49.99129867553711,54.94419860839844
369.6050109863281,271.081787109375,50.232398986816406,53.680599212646484
369.284912109375,269.8080139160156,50.361698150634766,54.0817985534668
369.37359619140625,270.01971435546875,49.72840118408203,53.563499450683594
368.7716064453125,268.5306091308594,50.00210189819336,53.84980010986328
369.039794921875,268.1246032714844,49.085201263427734,53.99549865722656
368.6394958496094,265.63409423828125,49.38169860839844,54.455299377441406
369.04681396484375,265.99530029296875,48.99089813232422,52.891700744628906
367.92889404296875,265.7569885253906,49.69409942626953,53.462799072265625
368.443603515625,263.67449951171875,49.54100036621094,54.194000244140625
367.8951110839844,263.1117858886719,49.89390182495117,53.84400177001953
367.4530944824219,262.6907043457031,49.676300048828125,52.96260070800781
367.7856140136719,262.23779296875,49.25210189819336,52.63159942626953
367.3048095703125,260.1807861328125,49.75910186767578,53.32419967651367
366.39019775390625,260.360595703125,50.24089813232422,54.241798400878906
366.2950134277344,258.7410888671875,50.75189971923828,54.09939956665039
365.31549072265625,257.723388671875,50.52410125732422,53.62229919433594
365.768798828125,257.8201904296875,49.57170104980469,53.25899887084961
365.1017150878906,257.3815002441406,49.96839904785156,53.18220138549805
364.9183044433594,255.92739868164062,50.15700149536133,53.90909957885742
365.0627136230469,254.5236053466797,50.245201110839844,53.917301177978516
364.8505859375,254.24940490722656,49.40909957885742,53.842899322509766
365.2178039550781,253.04750061035156,49.40420150756836,54.02870178222656
365.3185119628906,252.08819580078125,49.38869857788086,53.82120132446289
363.44189453125,252.30880737304688,50.322898864746094,53.23059844970703
363.5032958984375,250.8123016357422,49.84469985961914,53.67359924316406
363.13330078125,250.36199951171875,50.00619888305664,53.82640075683594
363.5628967285156,249.5279998779297,49.75960159301758,53.69490051269531
362.9043884277344,247.9022979736328,50.54199981689453,54.22600173950195
362.91180419921875,247.8618927001953,50.51210021972656,53.870601654052734
361.9804992675781,247.40570068359375,50.56909942626953,53.29800033569336
362.4114074707031,246.03199768066406,50.57609939575195,53.66210174560547
361.7889099121094,246.10440063476562,50.68450164794922,53.26279830932617
362.1759033203125,244.06129455566406,50.52410125732422,53.727901458740234
361.139892578125,244.27369689941406,50.50389862060547,53.01390075683594
361.0050048828125,243.3446044921875,50.27239990234375,53.47819900512695
361.5815124511719,242.13389587402344,49.92599868774414,53.40340042114258
361.0740966796875,241.6304931640625,49.90420150756836,52.98749923706055
360.822998046875,240.75120544433594,50.10110092163086,52.82619857788086
359.98699951171875,240.12030029296875,50.52870178222656,52.522300720214844
360.2137145996094,238.73170471191406,50.09920120239258,53.247798919677734
359.78509521484375,237.62130737304688,49.90959930419922,53.49570083618164
359.5556945800781,236.70559692382812,50.22090148925781,53.76810073852539
358.9659118652344,236.08070373535156,50.224300384521484,52.94240188598633
358.6476135253906,235.67799377441406,49.767398834228516,52.6609992980957
358.7567138671875,234.23570251464844,50.15480041503906,52.61709976196289
358.20361328125,233.60589599609375,50.197898864746094,52.58250045776367
358.45111083984375,232.97740173339844,50.03499984741211,52.95709991455078
358.5354919433594,233.12879943847656,49.68190002441406,52.782901763916016
357.95111083984375,232.15989685058594,50.10110092163086,53.02389907836914
357.74261474609375,231.24110412597656,49.895599365234375,52.956199645996094
357.7410888671875,230.50180053710938,49.80730056762695,52.66210174560547
357.39849853515625,229.9394073486328,49.45539855957031,52.83380126953125
357.1733093261719,228.6898956298828,49.36869812011719,52.743099212646484
357.5752868652344,227.4886932373047,49.532798767089844,52.888099670410156
356.04620361328125,227.45550537109375,50.00899887084961,52.27069854736328
356.1990966796875,226.64669799804688,48.957401275634766,52.09400177001953
356.7392883300781,225.75979614257812,49.28919982910156,52.3474006652832
356.6051940917969,224.9384002685547,49.08089828491211,52.13309860229492
355.7434997558594,223.63510131835938,49.17250061035156,51.96440124511719
355.7043151855469,223.6385955810547,48.985599517822266,51.511199951171875
355.59271240234375,222.5222930908203,48.801998138427734,51.42020034790039
356.0411071777344,221.33470153808594,49.214500427246094,51.61859893798828
354.8456115722656,221.26609802246094,49.1338996887207,51.24729919433594
354.787109375,220.9553985595703,48.962501525878906,51.079898834228516
354.42498779296875,219.37339782714844,49.447898864746094,51.83039855957031
354.74420166015625,218.9989013671875,48.376800537109375,51.21910095214844
354.4184875488281,217.422607421875,49.5359001159668,52.35969924926758
354.9674987792969,217.01300048828125,49.08689880371094,52.17530059814453
354.2379150390625,216.3007049560547,49.163299560546875,51.63679885864258
353.4184875488281,215.88909912109375,49.180599212646484,51.75979995727539
353.8074951171875,215.12750244140625,48.756500244140625,51.52899932861328
352.73291015625,215.24620056152344,49.4109992980957,51.15230178833008
353.551513671875,212.9698028564453,49.37009811401367,51.91469955444336
352.67388916015625,213.28289794921875,48.84560012817383,51.3129997253418
352.67529296875,212.88409423828125,48.54600143432617,51.854801177978516
353.5783996582031,212.7982940673828,49.059200286865234,52.055198669433594
352.8450012207031,213.1273956298828,48.611698150634766,51.12409973144531
353.17559814453125,212.5363006591797,49.090599060058594,51.890098571777344
352.5570068359375,212.97650146484375,48.9567985534668,51.604801177978516
353.0132141113281,212.41009521484375,48.75600051879883,51.955501556396484
353.32049560546875,212.75379943847656,48.69459915161133,52.06079864501953
352.3706970214844,212.46519470214844,49.22439956665039,52.15439987182617
353.73541259765625,212.47219848632812,48.62289810180664,52.06800079345703
353.065185546875,212.25869750976562,48.83209991455078,51.997501373291016
353.4870910644531,212.54530334472656,48.85110092163086,52.247798919677734
353.5802917480469,212.67689514160156,48.35810089111328,51.929298400878906
353.0979919433594,212.9365997314453,48.530799865722656,51.40140151977539
353.2945861816406,212.39219665527344,48.94620132446289,51.81880187988281
352.64459228515625,212.8802947998047,48.89939880371094,51.53850173950195
352.6936950683594,212.92550659179688,48.297298431396484,51.49589920043945
352.88128662109375,212.63369750976562,48.44540023803711,51.78300094604492
352.58648681640625,212.7904052734375,48.46979904174805,51.3572998046875
352.8323059082031,212.90960693359375,48.65599822998047,51.93170166015625
353.02459716796875,212.3000946044922,48.739200592041016,52.32569885253906
353.0414123535156,212.55149841308594,48.3203010559082,51.83150100708008
352.7148132324219,212.71189880371094,48.40660095214844,51.49330139160156
352.6897888183594,212.62460327148438,48.86650085449219,52.147098541259766
353.1039123535156,212.44020080566406,48.44329833984375,51.96780014038086
352.70721435546875,212.5579071044922,48.454898834228516,51.61180114746094
353.2705078125,212.3903045654297,48.8031005859375,51.96929931640625
352.35211181640625,212.8542022705078,49.12139892578125,51.748600006103516
352.4366149902344,212.60409545898438,49.20199966430664,52.12179946899414
352.2019958496094,212.61819458007812,48.88479995727539,52.13850021362305
352.5296936035156,212.45880126953125,48.63209915161133,52.241798400878906
352.5931091308594,212.2196044921875,48.771400451660156,52.574798583984375
353.3786926269531,212.56820678710938,48.58539962768555,52.37300109863281
352.59710693359375,212.4644012451172,48.852901458740234,52.08319854736328
353.04681396484375,212.02999877929688,48.769100189208984,52.71189880371094
352.5874938964844,212.4468994140625,48.902198791503906,52.769798278808594
352.79229736328125,212.52049255371094,49.059600830078125,52.78459930419922
353.2511901855469,212.83299255371094,48.98789978027344,52.37820053100586
353.4054870605469,212.5511932373047,48.76350021362305,52.20050048828125
352.52398681640625,212.64549255371094,49.212799072265625,52.24879837036133
352.3429870605469,213.08990478515625,49.31209945678711,52.6864013671875
353.3222961425781,213.16160583496094,49.011199951171875,52.438899993896484
353.4206848144531,212.8730926513672,49.527198791503906,52.37540054321289
353.19940185546875,213.00979614257812,49.50120162963867,52.72200012207031
353.3297119140625,212.69309997558594,50.03369903564453,53.01319885253906
352.7077941894531,212.58290100097656,50.13719940185547,53.034698486328125
353.06170654296875,212.50929260253906,50.23789978027344,53.095001220703125
352.32550048828125,212.6168975830078,50.29410171508789,52.98619842529297
352.8965148925781,212.65150451660156,50.185699462890625,52.50749969482422
352.9978942871094,212.9521026611328,49.75920104980469,53.095401763916016
352.8616027832031,213.33200073242188,49.98379898071289,53.23630142211914
352.8841857910156,213.25469970703125,50.933799743652344,52.9114990234375
353.0434875488281,212.90919494628906,51.05830001831055,53.054500579833984
353.1123962402344,213.61380004882812,50.78810119628906,52.384700775146484
352.8164978027344,213.94140625,51.03099822998047,52.489601135253906
352.9624938964844,213.65899658203125,51.60919952392578,53.13330078125
352.37799072265625,213.70339965820312,52.0348014831543,53.68339920043945
353.3573913574219,213.05279541015625,51.45830154418945,53.16680145263672
352.6940002441406,213.0550994873047,51.88169860839844,53.55659866333008
353.1109924316406,214.19679260253906,51.287200927734375,52.816898345947266
353.2098083496094,213.8441925048828,51.775699615478516,53.205101013183594
353.0086975097656,214.12010192871094,51.78229904174805,53.624298095703125
353.1567077636719,214.19239807128906,52.31760025024414,53.08980178833008
352.3837890625,214.15049743652344,52.18389892578125,53.61410140991211
353.3944091796875,213.74290466308594,51.891700744628906,53.15520095825195
352.74249267578125,213.8542938232422,51.707298278808594,53.9375
352.7012023925781,214.02439880371094,51.833900451660156,53.99549865722656
352.8157958984375,214.24969482421875,51.70479965209961,53.98640060424805
352.7298889160156,214.48350524902344,52.38880157470703,53.90679931640625
353.3059997558594,214.26089477539062,52.582000732421875,54.2056999206543
352.9175109863281,214.856201171875,51.36840057373047,54.002498626708984
353.45001220703125,214.67979431152344,52.49259948730469,54.00590133666992
352.88018798828125,214.92410278320312,52.71440124511719,54.21480178833008
353.08099365234375,214.86549377441406,53.087100982666016,54.031700134277344
353.2055969238281,215.0635986328125,52.80839920043945,54.640899658203125
353.2110900878906,214.8778076171875,52.9567985534668,54.36819839477539
353.1712951660156,214.50660705566406,53.3046989440918,54.660701751708984
353.4975891113281,215.5550994873047,52.49679946899414,53.885101318359375
353.3793029785156,215.32069396972656,53.332401275634766,54.37220001220703
353.452392578125,215.19920349121094,52.97100067138672,54.062599182128906
353.1654052734375,215.16639709472656,53.90850067138672,54.082298278808594
353.2027893066406,216.0966033935547,53.347999572753906,54.00019836425781
353.56329345703125,215.40370178222656,53.380699157714844,53.831298828125
352.4870910644531,215.6544952392578,53.727500915527344,53.78850173950195
353.0658874511719,215.47610473632812,53.72330093383789,53.78099822998047
352.52099609375,216.61160278320312,53.56669998168945,53.93560028076172
353.17730712890625,215.3426971435547,53.316898345947266,54.12689971923828
352.75048828125,215.48829650878906,54.053199768066406,54.62369918823242
352.70660400390625,215.37339782714844,53.964599609375,54.28810119628906
352.6564025878906,215.80189514160156,54.33760070800781,54.32149887084961
352.85009765625,215.7406005859375,53.743099212646484,54.093299865722656
353.0899963378906,215.9866943359375,53.24440002441406,53.565799713134766
352.8218994140625,216.0301971435547,53.449798583984375,53.9286994934082
352.3428039550781,216.1103973388672,54.55350112915039,54.567298889160156
352.94580078125,215.90809631347656,54.11750030517578,54.044898986816406
351.9097900390625,216.09800720214844,54.49959945678711,54.602500915527344
352.5032043457031,215.98330688476562,53.76029968261719,54.087501525878906
352.8251953125,215.9595947265625,54.20909881591797,53.978599548339844
352.6960144042969,216.3079071044922,54.5369987487793,54.069801330566406
353.03350830078125,216.36810302734375,53.63349914550781,53.860198974609375
353.2872009277344,215.7707977294922,53.3572998046875,54.058101654052734
352.7828063964844,215.9976043701172,54.34299850463867,54.26020050048828
352.97021484375,216.02020263671875,53.47930145263672,53.8130989074707
352.7065124511719,216.1717071533203,54.04050064086914,54.43230056762695
353.29058837890625,215.9752960205078,53.411399841308594,53.79990005493164
352.8572998046875,216.02310180664062,54.2494010925293,54.45840072631836
352.87030029296875,216.05020141601562,53.67879867553711,54.255699157714844
352.86810302734375,216.50379943847656,53.34870147705078,53.77510070800781
352.9895935058594,215.88499450683594,53.72700119018555,53.88180160522461
352.98388671875,216.01300048828125,53.39690017700195,53.965599060058594
352.50970458984375,216.28590393066406,54.0890998840332,54.36880111694336
353.0788879394531,216.22279357910156,53.512001037597656,53.388099670410156
352.8254089355469,216.31019592285156,53.54869842529297,53.61750030517578
353.07489013671875,215.7042999267578,53.430999755859375,53.52119827270508
352.2488098144531,216.7115020751953,53.81719970703125,53.6151008605957
352.8268127441406,216.0977020263672,52.98889923095703,53.59880065917969
353.1473083496094,216.29249572753906,53.61470031738281,53.61899948120117
353.5386047363281,215.68089294433594,53.291099548339844,53.77280044555664
352.0787048339844,215.83700561523438,54.33330154418945,54.56829833984375
352.9043884277344,215.90049743652344,53.8114013671875,54.167598724365234
352.9495849609375,216.23080444335938,53.32809829711914,53.47880172729492
352.7853088378906,216.41510009765625,53.335201263427734,53.61050033569336
353.30731201171875,216.3336944580078,53.79180145263672,53.832698822021484
353.3016052246094,216.32679748535156,53.43220138549805,53.839698791503906
352.5226135253906,216.04730224609375,53.835899353027344,53.867000579833984
353.0815124511719,216.06910705566406,53.85210037231445,54.006500244140625
353.2283020019531,216.4635009765625,53.27180099487305,53.44430160522461
352.9010009765625,216.53309631347656,53.41419982910156,53.6151008605957
353.0534973144531,215.88079833984375,53.39310073852539,53.55820083618164
353.00531005859375,216.0740966796875,53.189701080322266,53.5276985168457
352.6512145996094,216.0446014404297,53.7599983215332,53.835601806640625
352.90069580078125,215.98890686035156,53.30189895629883,53.94110107421875
352.9992980957031,216.35009765625,54.14609909057617,54.31639862060547
353.3893127441406,216.18629455566406,53.326499938964844,53.99760055541992
353.4560852050781,215.77090454101562,53.480499267578125,53.752498626708984
353.6191101074219,215.87930297851562,54.148399353027344,54.335201263427734
355.1058044433594,215.50689697265625,53.68790054321289,53.73080062866211
355.587890625,215.13609313964844,54.525001525878906,54.706298828125
356.19171142578125,215.90750122070312,54.61289978027344,54.24440002441406
358.044189453125,215.83970642089844,53.95280075073242,54.12369918823242
358.1062927246094,216.22860717773438,54.04010009765625,54.26020050048828
360.19140625,215.63369750976562,53.658599853515625,53.36790084838867
361.52850341796875,215.6533966064453,53.682098388671875,54.415199279785156
364.12451171875,216.8450927734375,52.707801818847656,52.87110137939453
367.29278564453125,216.36270141601562,52.399200439453125,52.842899322509766
368.8161926269531,216.77780151367188,52.80540084838867,53.2318000793457
371.8319091796875,216.24560546875,52.29520034790039,52.68320083618164
375.0946044921875,215.32789611816406,52.61240005493164,53.36149978637695
378.4685974121094,215.49879455566406,52.51570129394531,53.69329833984375
381.3924865722656,216.0731964111328,52.334800720214844,53.141998291015625
384.5596923828125,216.66729736328125,52.02629852294922,52.43109893798828
387.23760986328125,216.3946075439453,52.02939987182617,53.505699157714844
390.5502014160156,216.00750732421875,51.51689910888672,53.083900451660156
393.5729064941406,216.02330017089844,51.84120178222656,52.61050033569336
396.2861022949219,216.76950073242188,51.36909866333008,52.15549850463867
399.48309326171875,216.8238067626953,50.9536018371582,51.85609817504883
402.4931945800781,216.81590270996094,50.44269943237305,51.979400634765625
405.6234130859375,217.302001953125,50.685298919677734,51.96480178833008
408.027587890625,217.9824981689453,50.649898529052734,51.523799896240234
410.66668701171875,217.51480102539062,50.21739959716797,51.4281005859375
412.3764953613281,217.86019897460938,50.29439926147461,51.148399353027344
414.5166015625,217.3094024658203,49.02840042114258,50.91600036621094
414.6388854980469,217.42750549316406,50.47560119628906,51.31660079956055
415.28131103515625,217.37969970703125,50.95439910888672,51.95920181274414
414.80108642578125,217.5269012451172,51.88570022583008,52.319698333740234
415.9346923828125,217.47109985351562,50.99689865112305,51.84659957885742
415.2491149902344,217.60000610351562,51.94179916381836,52.36289978027344
414.6690979003906,217.2436981201172,52.2046012878418,52.38959884643555
415.3128967285156,217.90460205078125,51.41400146484375,52.01839828491211
414.12969970703125,217.29190063476562,52.548301696777344,52.68920135498047
415.57049560546875,217.48599243164062,51.033599853515625,51.937400817871094
414.5505065917969,217.45289611816406,52.556800842285156,52.82720184326172
415.8660888671875,217.55079650878906,51.115501403808594,52.15850067138672
414.4396057128906,217.15859985351562,52.62179946899414,52.75170135498047
415.9840087890625,217.2760009765625,51.10169982910156,51.844600677490234
414.31439208984375,217.2397003173828,52.557701110839844,52.5531005859375
415.54510498046875,217.15310668945312,51.43989944458008,51.83919906616211
414.01409912109375,216.29359436035156,53.044498443603516,52.82059860229492
415.4851989746094,217.42320251464844,51.11589813232422,52.08330154418945
414.14630126953125,216.79640197753906,52.3755989074707,52.350101470947266
416.5360107421875,217.43609619140625,50.724098205566406,51.69309997558594
414.9595031738281,216.7032928466797,52.5806999206543,53.00669860839844
416.085205078125,217.81900024414062,51.29790115356445,51.90829849243164
414.7206115722656,217.13609313964844,52.52109909057617,52.5984992980957
416.097412109375,217.27830505371094,51.249900817871094,51.92150115966797
414.7619934082031,216.71279907226562,52.651100158691406,52.549800872802734
414.84991455078125,218.14039611816406,51.94240188598633,52.10369873046875
416.0256042480469,216.83859252929688,50.86880111694336,51.3406982421875
414.23541259765625,217.1136932373047,53.114898681640625,52.534400939941406
415.901611328125,218.07470703125,50.849700927734375,51.83620071411133
415.0752868652344,217.00779724121094,51.84299850463867,52.05550003051758
415.2491149902344,217.3695068359375,51.69599914550781,52.042598724365234
415.59979248046875,217.74789428710938,51.45140075683594,52.09519958496094
415.70831298828125,216.93919372558594,51.300498962402344,51.64229965209961
415.9324035644531,216.94749450683594,51.596099853515625,52.050201416015625
415.14599609375,217.15069580078125,52.29869842529297,52.39820098876953
417.09979248046875,218.00489807128906,50.499000549316406,51.53260040283203
415.6405029296875,217.55799865722656,52.139198303222656,52.11759948730469
418.3385009765625,217.53720092773438,49.83219909667969,51.409000396728516
416.6460876464844,216.99940490722656,51.93629837036133,51.51850128173828
419.168701171875,217.56039428710938,50.00230026245117,51.68550109863281
419.6077880859375,217.88519287109375,50.44969940185547,51.40999984741211
421.2493896484375,216.7010955810547,49.685298919677734,51.02629852294922
422.1188049316406,217.4268035888672,50.47249984741211,51.67430114746094
424.17230224609375,216.78660583496094,49.75170135498047,50.64149856567383
425.76568603515625,216.4416961669922,49.463600158691406,50.930599212646484
428.72808837890625,217.22799682617188,48.919700622558594,51.25270080566406
430.99798583984375,216.8468017578125,48.52980041503906,51.43050003051758
434.244384765625,216.0028076171875,48.54779815673828,50.754600524902344
436.6415100097656,216.40460205078125,48.3661003112793,51.5077018737793
438.8294982910156,216.04359436035156,48.83829879760742,51.902400970458984
441.88531494140625,216.14779663085938,48.63610076904297,51.65330123901367
444.3210144042969,216.56199645996094,48.79199981689453,51.27330017089844
447.7467041015625,215.76699829101562,47.06869888305664,50.79140090942383
449.3174133300781,216.30870056152344,47.96179962158203,51.2400016784668
450.7712097167969,216.65159606933594,48.6963005065918,50.68170166015625
452.355712890625,216.7519073486328,48.297000885009766,50.80179977416992
453.9754943847656,215.4510955810547,47.467098236083984,50.6713981628418
454.4554138183594,216.23789978027344,48.617401123046875,51.6427001953125
455.35009765625,215.56739807128906,48.1609992980957,51.14250183105469
454.5653991699219,215.72520446777344,49.3827018737793,51.816001892089844
454.5177001953125,216.2843017578125,49.022499084472656,51.4463996887207
453.94390869140625,215.53909301757812,48.719600677490234,51.27090072631836
454.37939453125,216.4407958984375,48.79140090942383,51.05830001831055
453.92059326171875,216.04539489746094,48.927398681640625,51.72420120239258
454.4812927246094,216.0677032470703,48.43280029296875,51.50659942626953
453.527587890625,215.6551971435547,48.58359909057617,51.510398864746094
453.3240051269531,215.84410095214844,49.007999420166016,51.32099914550781
453.105712890625,215.9770965576172,48.852298736572266,51.527198791503906
452.2598876953125,216.46299743652344,48.884700775146484,51.13290023803711
450.38031005859375,216.1571044921875,50.06719970703125,51.773799896240234
450.5513000488281,216.42430114746094,49.39550018310547,51.470699310302734
449.330810546875,216.3656005859375,49.56380081176758,51.73860168457031
447.3055114746094,215.58999633789062,49.48809814453125,52.19340133666992
446.13690185546875,216.04469299316406,49.80039978027344,51.5088005065918
444.0079040527344,216.3668975830078,49.910099029541016,52.123600006103516
442.2544860839844,216.19520568847656,50.59590148925781,51.93109893798828
438.9883117675781,216.16119384765625,50.911800384521484,52.64609909057617
438.2856140136719,217.1051025390625,49.68109893798828,51.65039825439453
433.5960998535156,216.25840759277344,51.181800842285156,52.9275016784668
430.9678955078125,216.70419311523438,51.38880157470703,52.463401794433594
428.8163146972656,216.07330322265625,50.79359817504883,52.491600036621094
425.3583068847656,216.33030700683594,52.22489929199219,52.92380142211914
423.7265930175781,217.1313018798828,51.347801208496094,52.28919982910156
420.6184997558594,216.75660705566406,52.28450012207031,52.84450149536133
417.52911376953125,216.39019775390625,52.58829879760742,52.12649917602539
414.2601013183594,217.43490600585938,52.77289962768555,52.944400787353516
410.91259765625,216.6967010498047,53.09260177612305,52.45909881591797
409.9743957519531,217.41119384765625,52.7765998840332,52.217899322509766
406.0133056640625,216.35879516601562,53.589500427246094,52.61000061035156
402.9956970214844,217.5876007080078,53.6885986328125,52.335601806640625
400.8121032714844,217.10589599609375,53.24020004272461,52.707298278808594
398.1824951171875,217.45860290527344,53.20970153808594,52.894798278808594
395.15301513671875,217.03680419921875,53.252201080322266,52.853599548339844
392.1995849609375,216.51150512695312,53.70280075073242,52.9723014831543
389.3052978515625,216.8618927001953,53.332401275634766,53.2406005859375
386.2273864746094,216.5968017578125,53.73419952392578,53.97140121459961
383.9012145996094,216.24679565429688,52.39860153198242,52.764801025390625
379.27630615234375,216.37789916992188,53.99580001831055,54.22090148925781
376.6866149902344,216.40769958496094,54.3828010559082,53.85599899291992
374.8302001953125,216.42359924316406,54.07740020751953,53.36600112915039
371.4627990722656,216.54100036621094,54.14509963989258,53.3390998840332
368.1535949707031,216.6750946044922,54.01470184326172,53.01750183105469
364.9574890136719,216.64340209960938,53.2411003112793,52.93899917602539
362.29058837890625,215.8708038330078,53.80609893798828,53.9921989440918
358.9090881347656,216.2799072265625,53.51089859008789,53.589698791503906
356.2312927246094,215.95370483398438,54.28160095214844,53.657798767089844
353.11529541015625,215.94940185546875,53.89929962158203,54.09880065917969
350.1773986816406,216.36929321289062,53.265499114990234,53.903499603271484
347.0072021484375,216.11309814453125,53.806400299072266,52.56999969482422
343.79681396484375,216.0742950439453,54.33319854736328,53.42900085449219
341.15570068359375,216.2353057861328,52.614200592041016,53.650299072265625
337.9845886230469,215.7104949951172,53.333499908447266,53.807098388671875
335.0658874511719,216.3636932373047,53.55720138549805,53.93190002441406
332.2876892089844,216.04800415039062,52.87799835205078,53.3931999206543
328.8493957519531,215.80540466308594,53.73350143432617,53.69350051879883
325.1520080566406,216.1531982421875,53.720001220703125,53.41859817504883
321.2923889160156,216.20199584960938,53.643001556396484,53.47209930419922
317.80230712890625,216.2790985107422,54.64289855957031,54.12260055541992
315.4291076660156,216.4290008544922,53.72439956665039,53.36909866333008
312.17279052734375,215.39370727539062,54.22169876098633,53.76789855957031
310.66180419921875,215.5283966064453,54.2489013671875,53.70399856567383
308.6867980957031,216.00430297851562,54.170799255371094,53.089500427246094
307.91400146484375,215.6103057861328,54.33679962158203,53.00699996948242
306.5848083496094,215.3695068359375,54.587501525878906,53.28559875488281
306.4479064941406,215.827392578125,53.66279983520508,52.476200103759766
306.519287109375,215.1654052734375,53.66910171508789,52.70560073852539
306.90350341796875,215.7928009033203,53.33430099487305,52.363800048828125
306.3866882324219,215.66610717773438,53.408599853515625,52.54330062866211
306.97900390625,215.92449951171875,53.25849914550781,51.751800537109375
306.47509765625,215.4326934814453,53.56119918823242,52.82320022583008
306.48980712890625,215.97909545898438,53.597999572753906,52.731300354003906
306.6370849609375,215.30819702148438,53.39830017089844,52.79650115966797
306.63079833984375,215.9134979248047,53.55059814453125,52.63909912109375
306.7643127441406,215.381103515625,53.61289978027344,52.59659957885742
306.7445068359375,215.77859497070312,53.61429977416992,52.44850158691406
306.8290100097656,215.07879638671875,53.614200592041016,52.88330078125
306.7890930175781,215.2220001220703,53.59629821777344,53.09090042114258
306.40380859375,215.1855926513672,53.49530029296875,53.028099060058594
307.2063903808594,214.69110107421875,52.90370178222656,52.58980178833008
306.35369873046875,214.83700561523438,53.58940124511719,53.692298889160156
306.2898864746094,214.23919677734375,53.322601318359375,53.667701721191406
306.46160888671875,213.37339782714844,53.5359992980957,53.17340087890625
306.8841857910156,212.61810302734375,53.05339813232422,52.69449996948242
306.61761474609375,211.99659729003906,53.28229904174805,52.75559997558594
305.785400390625,210.90469360351562,53.38290023803711,53.13909912109375
306.9902038574219,210.898193359375,52.35309982299805,52.25410079956055
306.05279541015625,209.8251953125,52.768001556396484,52.13240051269531
306.0600891113281,208.50120544433594,52.96260070800781,52.186500549316406
305.423095703125,208.0625,52.639198303222656,52.30350112915039
305.0173034667969,207.89610290527344,52.19329833984375,51.44430160522461
305.1640930175781,206.27630615234375,52.94060134887695,51.47269821166992
305.2139892578125,205.47230529785156,52.10929870605469,51.18840026855469
304.5575866699219,204.44549560546875,51.865501403808594,51.75830078125
305.6470947265625,204.3488006591797,51.75419998168945,51.29679870605469
304.3841857910156,204.04159545898438,51.5629997253418,51.212799072265625
304.9298095703125,201.92100524902344,51.52470016479492,51.10609817504883
304.2749938964844,202.27099609375,51.56829833984375,50.615699768066406
304.08929443359375,201.17539978027344,51.657100677490234,50.83639907836914
305.0486145019531,200.5211944580078,51.52199935913086,50.75019836425781
304.7380065917969,201.068603515625,52.0442008972168,50.441001892089844
304.5909118652344,200.10899353027344,51.9989013671875,50.798301696777344
304.01910400390625,200.15280151367188,51.83610153198242,50.47269821166992
305.0380859375,200.41419982910156,51.84349822998047,50.4838981628418
304.9519958496094,200.80380249023438,52.062400817871094,50.73680114746094
304.3501892089844,200.8343963623047,52.17219924926758,50.51219940185547
304.9903869628906,200.71359252929688,52.04909896850586,50.541099548339844
304.294189453125,200.7548065185547,52.25469970703125,50.56719970703125
304.9988098144531,200.7104034423828,51.82569885253906,50.302799224853516
304.8164978027344,201.02969360351562,51.924800872802734,50.44810104370117
304.72509765625,200.1551055908203,51.825401306152344,50.69499969482422
303.9630126953125,200.25149536132812,52.269100189208984,50.867000579833984
303.8941955566406,201.06500244140625,52.57379913330078,50.71229934692383
303.9466857910156,201.11289978027344,52.00630187988281,50.67449951171875
304.4744873046875,201.88189697265625,52.245601654052734,50.5192985534668
304.1788024902344,202.273193359375,52.03810119628906,50.6338005065918
304.8658142089844,202.43040466308594,52.02980041503906,50.44419860839844
305.1388854980469,203.6103973388672,51.62779998779297,50.569801330566406
304.9953918457031,204.5471954345703,52.296600341796875,51.735801696777344
304.56298828125,205.03160095214844,51.50830078125,51.38479995727539
305.718994140625,205.25650024414062,51.48820114135742,50.99789810180664
304.6239929199219,206.40640258789062,52.92390060424805,53.287899017333984
304.76409912109375,206.9040985107422,52.544700622558594,51.751800537109375
304.8901062011719,207.97329711914062,52.544700622558594,52.33369827270508
305.7008972167969,208.63279724121094,52.51089859008789,51.932098388671875
306.0799865722656,209.62420654296875,52.39899826049805,52.751800537109375
305.9632873535156,209.76429748535156,52.613399505615234,52.707000732421875
305.94061279296875,210.76629638671875,53.05849838256836,52.64440155029297
306.4833068847656,211.9989013671875,53.165000915527344,53.04750061035156
305.9106140136719,212.57510375976562,53.02439880371094,53.5796012878418
307.239501953125,213.59120178222656,53.03730010986328,52.75640106201172
306.02239990234375,213.8218994140625,53.78820037841797,54.360599517822266
307.3660888671875,214.45069885253906,52.83039855957031,53.04930114746094
306.16351318359375,216.43519592285156,53.80659866333008,52.154598236083984
307.0679016113281,216.7052001953125,53.35639953613281,51.61249923706055
306.79058837890625,217.34039306640625,54.099700927734375,51.26029968261719
307.1153869628906,219.8448028564453,54.1963005065918,51.56779861450195
307.54559326171875,219.88600158691406,53.94710159301758,50.640201568603516
306.3750915527344,221.94110107421875,54.58190155029297,49.89950180053711
308.1116027832031,223.21139526367188,53.339599609375,48.5432014465332
307.3492126464844,223.7678985595703,54.50199890136719,48.16170120239258
307.4497985839844,224.6927032470703,54.64469909667969,47.63639831542969
307.61749267578125,225.15789794921875,53.97330093383789,47.82170104980469
307.3122863769531,226.30679321289062,53.638099670410156,47.16299819946289
308.14569091796875,226.20089721679688,52.76839828491211,47.39310073852539
308.2070007324219,226.8430938720703,52.7046012878418,46.55039978027344
307.72100830078125,225.96519470214844,53.7156982421875,47.9390983581543
308.3070983886719,227.20089721679688,52.764801025390625,46.9193000793457
307.3923034667969,225.8155975341797,53.93870162963867,48.68090057373047
307.6250915527344,226.05380249023438,53.542198181152344,48.09479904174805
307.5636901855469,225.90060424804688,53.38679885864258,48.081600189208984
307.70550537109375,227.13160705566406,53.23249816894531,46.87810134887695
308.25469970703125,225.7886962890625,53.27069854736328,48.36600112915039
307.4747009277344,225.91329956054688,53.617801666259766,48.395198822021484
308.4263000488281,226.34930419921875,52.775001525878906,48.33250045776367
308.8788146972656,226.0626983642578,52.22800064086914,48.9656982421875
309.4081115722656,226.27499389648438,51.3557014465332,48.56639862060547
309.3179931640625,225.33990478515625,51.46979904174805,49.059200286865234
309.1838073730469,226.0279998779297,50.498199462890625,48.40370178222656
310.15008544921875,226.4315948486328,51.34049987792969,48.43769836425781
309.7889099121094,225.41859436035156,50.34410095214844,49.55609893798828
309.82611083984375,226.27450561523438,49.804100036621094,49.03269958496094
309.9801025390625,225.22540283203125,49.115501403808594,49.727500915527344
309.95928955078125,225.58279418945312,48.597999572753906,49.75279998779297
310.4548034667969,225.56809997558594,48.637298583984375,49.811798095703125
311.2976989746094,225.74380493164062,48.287899017333984,49.677101135253906
311.7029113769531,225.58450317382812,47.30590057373047,49.829898834228516
311.4081115722656,226.0699005126953,45.87580108642578,49.31919860839844
311.96490478515625,226.64430236816406,46.570899963378906,49.621498107910156
311.7748107910156,226.31790161132812,45.62049865722656,49.02799987792969
311.74249267578125,226.0428009033203,46.30780029296875,50.235198974609375
313.08599853515625,226.00210571289062,45.47740173339844,49.73540115356445
313.4342956542969,226.8957977294922,45.094200134277344,49.631500244140625
313.3450927734375,224.90269470214844,45.07709884643555,51.77920150756836
313.2767028808594,226.3717041015625,44.69449996948242,50.390899658203125
313.2672119140625,224.74710083007812,44.5880012512207,51.80350112915039
313.6990051269531,225.75950622558594,44.347599029541016,50.77320098876953
313.22430419921875,226.014892578125,44.930301666259766,51.0713996887207
313.0434875488281,225.29379272460938,45.13019943237305,51.63130187988281
313.2737121582031,226.1309051513672,44.584999084472656,51.28329849243164
312.3888854980469,226.0070037841797,45.6068000793457,51.00379943847656
313.0517883300781,227.17019653320312,45.29330062866211,50.21549987792969
313.0946960449219,226.1949005126953,45.831600189208984,51.13130187988281
312.71661376953125,226.74949645996094,46.11090087890625,50.9828987121582
312.1091003417969,227.21530151367188,46.70500183105469,50.88460159301758
313.29339599609375,224.61639404296875,46.0452995300293,52.09120178222656
313.0285949707031,226.44309997558594,46.110801696777344,50.670799255371094
312.9494934082031,226.46029663085938,46.43980026245117,51.268699645996094
312.45458984375,226.68080139160156,47.212100982666016,51.42279815673828
313.0339050292969,227.10780334472656,46.84389877319336,51.17150115966797
313.2196960449219,225.6851043701172,47.51070022583008,50.83549880981445
313.5841064453125,226.6352996826172,47.11289978027344,50.43389892578125
313.0458984375,227.0740966796875,47.17359924316406,50.388999938964844
311.47711181640625,227.15679931640625,48.99150085449219,50.0718994140625
313.3385009765625,227.0760955810547,48.15610122680664,49.85929870605469
311.6673889160156,225.83509826660156,49.390499114990234,49.34709930419922
312.72601318359375,227.13299560546875,49.09749984741211,49.16360092163086
310.7283020019531,227.48899841308594,50.883201599121094,48.160499572753906
311.6028137207031,227.54739379882812,50.1172981262207,48.7041015625
308.66180419921875,227.28919982910156,53.327598571777344,48.547000885009766
309.0972900390625,226.3791961669922,54.026100158691406,49.717201232910156
310.10101318359375,227.0950927734375,52.608001708984375,49.28179931640625
308.9137878417969,226.78880310058594,54.331600189208984,49.14870071411133
309.8486022949219,227.06350708007812,52.113399505615234,48.52360153198242
310.6166076660156,227.35719299316406,52.00849914550781,48.890098571777344
307.6440124511719,226.83770751953125,54.658599853515625,48.89390182495117
310.9713134765625,226.27340698242188,52.33380126953125,50.301998138427734
310.25909423828125,227.8303985595703,52.203399658203125,48.292301177978516
309.2897033691406,227.7263946533203,53.27190017700195,48.80670166015625
308.5758972167969,227.11270141601562,54.34920120239258,49.16559982299805
309.7250061035156,226.9322967529297,53.27109909057617,49.51839828491211
308.3966064453125,226.5832061767578,54.69139862060547,49.21760177612305
310.027587890625,227.0666046142578,52.28670120239258,49.15999984741211
309.3642883300781,227.47799682617188,52.85649871826172,48.7775993347168
307.9866027832031,226.89390563964844,54.78260040283203,48.94029998779297
311.1177062988281,226.95030212402344,51.889198303222656,49.707698822021484
307.76031494140625,226.8845977783203,54.89500045776367,49.19179916381836
310.2257080078125,227.05979919433594,52.547298431396484,49.67570114135742
310.0437927246094,227.59230041503906,52.40620040893555,48.64229965209961
308.54229736328125,226.99630737304688,54.76060104370117,48.87910079956055
309.5093078613281,226.70660400390625,53.757598876953125,49.59590148925781
309.28741455078125,227.15550231933594,53.33399963378906,48.71979904174805
308.4469909667969,226.56430053710938,54.385501861572266,49.07279968261719
309.6997985839844,226.43040466308594,53.1781005859375,49.313899993896484
308.9967041015625,226.7637939453125,53.46080017089844,48.777801513671875
309.3565979003906,226.30169677734375,53.5974006652832,49.66389846801758
310.2297058105469,226.80430603027344,51.77040100097656,48.398799896240234
309.2193908691406,226.7949981689453,53.072200775146484,48.714298248291016
310.49029541015625,227.3350067138672,51.689300537109375,48.672298431396484
309.19610595703125,227.4429931640625,53.35850143432617,48.68669891357422
307.5609130859375,226.75160217285156,55.14870071411133,49.26900100708008
309.9591979980469,226.92449951171875,52.09109878540039,48.827701568603516
310.9107971191406,227.3323974609375,51.55270004272461,48.80849838256836
309.685302734375,227.0948028564453,52.80080032348633,49.3296012878418
309.9100036621094,226.6457061767578,51.41379928588867,49.48429870605469
310.4200134277344,226.25340270996094,50.65769958496094,50.347599029541016
310.8608093261719,224.1125030517578,50.848201751708984,51.87160110473633
311.8609924316406,224.20919799804688,49.220401763916016,50.938899993896484
311.1531066894531,223.1094970703125,49.21979904174805,51.469398498535156
310.7893981933594,221.80020141601562,49.074501037597656,51.62300109863281
312.2049865722656,220.70779418945312,47.601600646972656,51.39910125732422
311.08349609375,220.91900634765625,48.20500183105469,51.004798889160156
311.5260925292969,219.34190368652344,47.06800079345703,51.03139877319336
311.1252136230469,218.54769897460938,46.89780044555664,51.77439880371094
311.0848083496094,218.08779907226562,46.65869903564453,51.20970153808594
312.0804138183594,215.31370544433594,45.83660125732422,52.520599365234375
312.0078125,215.59359741210938,45.9546012878418,50.960601806640625
311.2456970214844,213.08999633789062,46.30830001831055,52.73899841308594
312.0328063964844,214.29209899902344,45.18339920043945,50.95240020751953
310.8127136230469,210.82960510253906,45.5609016418457,52.83209991455078
311.30731201171875,211.66209411621094,45.12519836425781,50.73590087890625
310.73858642578125,211.0988006591797,45.222599029541016,50.35969924926758
310.62701416015625,208.95480346679688,45.08470153808594,51.70539855957031
310.6639099121094,209.25799560546875,45.16699981689453,50.85390090942383
310.4986877441406,209.29190063476562,45.36830139160156,50.960899353027344
309.83099365234375,210.04119873046875,45.530799865722656,51.25469970703125
310.1802978515625,209.347900390625,45.13890075683594,50.36989974975586
310.3819885253906,209.62680053710938,45.38159942626953,51.30849838256836
310.44940185546875,209.86570739746094,45.21969985961914,50.58639907836914
310.1191101074219,209.85220336914062,45.45600128173828,50.98740005493164
310.6962890625,209.48809814453125,45.12220001220703,50.26190185546875
309.87298583984375,209.8843994140625,45.576499938964844,51.27909851074219
310.2510070800781,209.33380126953125,45.176700592041016,50.35810089111328
310.4765930175781,209.55859375,45.50809860229492,51.515499114990234
310.47430419921875,209.9019012451172,45.257198333740234,50.41019821166992
310.3340148925781,209.51429748535156,45.36869812011719,51.09870147705078
309.97698974609375,209.3529052734375,45.21030044555664,50.39229965209961
310.1966857910156,209.5789031982422,45.5161018371582,51.61600112915039
310.0487060546875,210.03030395507812,45.45759963989258,50.670101165771484
309.9464111328125,209.9709014892578,45.36750030517578,50.74509811401367
309.7986145019531,209.68589782714844,45.45539855957031,50.92580032348633
310.38848876953125,209.3076934814453,45.097999572753906,50.360801696777344
310.6781005859375,209.4720001220703,45.312198638916016,51.5536994934082
310.68011474609375,209.73609924316406,45.21369934082031,50.51350021362305
310.47100830078125,209.51910400390625,45.39440155029297,51.0098991394043
310.12548828125,209.49400329589844,45.15650177001953,50.22460174560547
310.2737121582031,209.6873016357422,45.46220016479492,51.39609909057617
310.1759033203125,209.87820434570312,45.47809982299805,50.65729904174805
310.1697082519531,209.74110412597656,45.2234992980957,50.655799865722656
310.03399658203125,209.57029724121094,45.291099548339844,51.09360122680664
310.5773010253906,209.1696014404297,45.08720016479492,50.527801513671875
309.819091796875,209.7259063720703,45.55609893798828,51.94919967651367
310.5622863769531,209.77720642089844,44.94200134277344,50.49689865112305
309.78729248046875,209.27810668945312,45.397701263427734,50.49449920654297
310.83660888671875,209.05259704589844,45.265201568603516,50.66379928588867
310.6152038574219,210.03970336914062,45.73310089111328,52.08060073852539
311.1257019042969,209.62460327148438,44.91960144042969,50.55950164794922
310.27239990234375,210.1970977783203,45.570098876953125,52.294498443603516
310.5,210.1746063232422,45.33549880981445,50.77790069580078
310.7973937988281,209.81300354003906,45.09659957885742,51.12409973144531
310.4587097167969,210.4149932861328,45.403499603271484,52.28779983520508
310.2384948730469,211.46290588378906,45.68239974975586,51.756099700927734
309.9580993652344,212.2572021484375,46.08769989013672,51.862300872802734
309.7974853515625,213.02879333496094,46.93360137939453,52.45439910888672
309.80670166015625,213.74659729003906,46.95759963989258,51.24190139770508
309.2049865722656,214.41419982910156,47.67399978637695,53.08140182495117
309.68450927734375,214.91709899902344,47.41210174560547,52.21329879760742
310.1642150878906,215.78379821777344,47.49509811401367,53.561500549316406
309.841796875,217.14419555664062,47.786399841308594,51.2672004699707
310.0745849609375,217.67120361328125,47.59830093383789,53.41749954223633
309.7712097167969,219.0989990234375,48.1442985534668,52.01890182495117
310.1603088378906,219.97520446777344,48.60169982910156,50.97169876098633
310.40740966796875,221.34739685058594,48.47560119628906,54.613399505615234
309.7701110839844,221.9075927734375,49.594600677490234,51.122501373291016
309.1178894042969,223.36199951171875,50.389198303222656,50.212799072265625
310.42889404296875,224.67660522460938,50.36090087890625,49.868099212646484
309.6581115722656,225.30999755859375,48.6068000793457,48.640098571777344
310.37750244140625,226.62939453125,52.22159957885742,47.44369888305664
309.1836853027344,227.6645965576172,50.447200775146484,47.154998779296875
309.6724853515625,228.55470275878906,52.21739959716797,46.87590026855469
308.5329895019531,229.4459991455078,51.78770065307617,45.845298767089844
309.71270751953125,230.11770629882812,51.32849884033203,45.366798400878906
309.10308837890625,230.9561004638672,51.067298889160156,45.597801208496094
308.90728759765625,231.9167938232422,49.992801666259766,44.93429946899414
309.10650634765625,233.44039916992188,50.863800048828125,45.46379852294922
309.3399963378906,233.04879760742188,51.26210021972656,45.266300201416016
309.7789001464844,233.65859985351562,51.2598991394043,44.529598236083984
309.4233093261719,233.1365966796875,51.832401275634766,45.202701568603516
309.418212890625,233.0435028076172,51.32740020751953,45.90650177001953
308.42279052734375,233.92849731445312,51.44609832763672,44.714500427246094
309.69891357421875,233.40699768066406,52.1796989440918,45.411800384521484
309.0712890625,232.9134063720703,52.34379959106445,46.30329895019531
308.52191162109375,232.9918975830078,52.681800842285156,46.95840072631836
309.9162902832031,233.3679962158203,49.76890182495117,45.05970001220703
308.90350341796875,233.06300354003906,52.401798248291016,45.39509963989258
309.3027038574219,233.1448974609375,51.33890151977539,45.31129837036133
309.5235900878906,233.6544952392578,51.42610168457031,44.5005989074707
309.1695861816406,233.3072052001953,51.851600646972656,45.2578010559082
309.287109375,233.3209991455078,51.73210144042969,45.214599609375
309.1470031738281,233.351806640625,51.74449920654297,45.189701080322266
309.2305908203125,233.2050018310547,51.80860137939453,46.16389846801758
309.12030029296875,233.80459594726562,51.28139877319336,45.40769958496094
308.8634948730469,232.75379943847656,52.046199798583984,46.417598724365234
309.7244873046875,233.85150146484375,49.56399917602539,44.472599029541016
308.489501953125,233.1977996826172,52.70650100708008,45.38209915161133
308.4173889160156,233.1903076171875,52.06890106201172,45.81340026855469
309.3384094238281,233.28399658203125,51.027198791503906,44.55339813232422
308.1415100097656,233.0791015625,51.8390007019043,44.78099822998047
306.8721008300781,233.0792999267578,53.23889923095703,45.15190124511719
307.0331115722656,233.2541961669922,50.66279983520508,44.1864013671875
306.9200134277344,233.44149780273438,52.85369873046875,45.60369873046875
304.88629150390625,232.9302978515625,52.8203010559082,46.868900299072266
304.8612060546875,233.25030517578125,52.09080123901367,46.15769958496094
303.17919921875,232.9669952392578,54.01599884033203,47.588600158691406
300.8351135253906,233.28359985351562,53.000701904296875,48.0619010925293
299.6317138671875,233.40379333496094,53.67599868774414,47.23059844970703
297.7012023925781,232.785400390625,54.610801696777344,47.324798583984375
295.23260498046875,233.43569946289062,53.124000549316406,47.76649856567383
292.2699890136719,232.87449645996094,53.33190155029297,47.124698638916016
290.130615234375,232.8159942626953,54.10419845581055,47.159698486328125
286.51629638671875,232.18820190429688,53.805599212646484,47.067901611328125
283.61871337890625,232.50750732421875,55.56129837036133,46.52539825439453
280.927490234375,232.32009887695312,53.912601470947266,47.15909957885742
277.4115905761719,232.25970458984375,53.192298889160156,46.638301849365234
273.88360595703125,232.3831024169922,53.72439956665039,46.121700286865234
270.58270263671875,232.84759521484375,52.788299560546875,45.16270065307617
267.3100891113281,232.7913055419922,54.082698822021484,45.55540084838867
264.1424865722656,232.27099609375,51.527198791503906,46.136600494384766
260.5409851074219,232.53900146484375,54.8213005065918,46.06909942626953
257.559814453125,231.36639404296875,53.52349853515625,47.5192985534668
254.47430419921875,232.53700256347656,54.15250015258789,45.884300231933594
250.95840454101562,232.5447998046875,53.464298248291016,46.36009979248047
247.48609924316406,231.6584014892578,55.47919845581055,47.31079864501953
243.98330688476562,232.04339599609375,52.992698669433594,46.06610107421875
241.43299865722656,232.18699645996094,54.84700012207031,46.68949890136719
238.47259521484375,232.1387939453125,52.87419891357422,46.14609909057617
234.7196044921875,232.23489379882812,52.11140060424805,45.88100051879883
231.90469360351562,232.22889709472656,53.632598876953125,46.193199157714844
229.0258026123047,232.12789916992188,53.66299819946289,46.536598205566406
227.17739868164062,232.4884033203125,54.53889846801758,47.465599060058594
225.7769012451172,232.24029541015625,55.574501037597656,47.99909973144531
224.69590759277344,231.53900146484375,56.673099517822266,47.66279983520508
224.11459350585938,232.62350463867188,55.42070007324219,47.066200256347656
224.3657989501953,231.8083038330078,56.06560134887695,47.784000396728516
224.40040588378906,232.0740966796875,56.1172981262207,47.392799377441406
224.0800018310547,232.69920349121094,56.05160140991211,46.94609832763672
224.0240020751953,232.59800720214844,55.79999923706055,47.610599517822266
224.79539489746094,232.3997039794922,55.48780059814453,47.09130096435547
224.17140197753906,232.62820434570312,55.813899993896484,47.30080032348633
224.160400390625,232.54559326171875,55.93989944458008,47.58420181274414
223.83140563964844,231.9510955810547,56.627201080322266,47.187599182128906
223.8007049560547,232.4774932861328,55.8578987121582,47.12379837036133
223.6208953857422,232.36109924316406,56.18119812011719,48.16339874267578
224.7310028076172,232.69580078125,55.66699981689453,46.826698303222656
224.0780029296875,231.58590698242188,56.12329864501953,47.88290023803711
224.0749969482422,231.90969848632812,56.19049835205078,47.4202995300293
223.6472930908203,232.39810180664062,56.266700744628906,47.06660079956055
223.7554931640625,232.08470153808594,56.10490036010742,48.04169845581055
223.76370239257812,232.62460327148438,56.23590087890625,47.37070083618164
224.822998046875,232.2364044189453,55.88249969482422,47.34370040893555
223.84869384765625,231.87770080566406,56.464298248291016,47.57509994506836
224.02569580078125,232.01480102539062,56.161399841308594,47.54290008544922
223.50120544433594,232.48699951171875,56.6421012878418,47.59149932861328
223.73849487304688,232.6092071533203,56.57849884033203,47.57080078125
223.8927001953125,232.70799255371094,56.56560134887695,47.871700286865234
223.74139404296875,232.17230224609375,56.661800384521484,47.33150100708008
224.04660034179688,232.10789489746094,56.52090072631836,47.39189910888672
224.36639404296875,232.1322021484375,56.08420181274414,47.47629928588867
223.93919372558594,232.52560424804688,56.590301513671875,47.429901123046875
224.1553955078125,232.52310180664062,56.259300231933594,47.705299377441406
224.06329345703125,232.7425994873047,56.26750183105469,47.5458984375
223.7218017578125,232.006103515625,56.5078010559082,47.5005989074707
223.93739318847656,232.06460571289062,56.580299377441406,47.645198822021484
224.19180297851562,232.17129516601562,56.126399993896484,47.968299865722656
224.12510681152344,232.4040069580078,56.60649871826172,47.80120086669922
223.89439392089844,231.90859985351562,56.835601806640625,47.528099060058594
224.1846923828125,231.98800659179688,56.3572998046875,47.55720138549805
224.3448028564453,232.043701171875,56.41960144042969,47.6786003112793
223.63150024414062,231.9156036376953,56.6531982421875,47.617401123046875
223.90330505371094,231.92930603027344,56.57490158081055,47.44670104980469
223.99630737304688,231.85159301757812,56.54899978637695,48.238399505615234
223.7030029296875,232.75860595703125,56.53670120239258,47.34080123901367
224.76820373535156,232.37120056152344,55.83769989013672,47.176300048828125
223.89759826660156,231.85069274902344,56.19129943847656,48.136199951171875
224.8643035888672,232.9365997314453,55.92509841918945,47.21269989013672
224.4084014892578,231.30050659179688,55.564998626708984,47.71549987792969
224.36500549316406,232.55349731445312,55.53300094604492,47.491600036621094
223.9423065185547,232.36439514160156,56.39630126953125,47.44110107421875
223.60740661621094,231.6667938232422,56.627899169921875,47.16510009765625
224.66070556640625,232.07249450683594,55.65810012817383,47.549598693847656
224.49459838867188,232.0395050048828,56.411800384521484,47.676300048828125
223.61749267578125,231.8583984375,56.5181999206543,48.19110107421875
224.59939575195312,232.92930603027344,55.87630081176758,46.964599609375
224.19569396972656,231.82159423828125,55.52619934082031,48.16080093383789
224.48939514160156,232.81520080566406,56.072601318359375,47.492000579833984
224.24130249023438,232.0767059326172,56.46969985961914,47.61220169067383
224.2274932861328,232.2353057861328,56.480899810791016,47.72919845581055
224.2631072998047,232.468505859375,56.20589828491211,47.982601165771484
223.956298828125,232.9300994873047,56.280799865722656,47.25120162963867
223.3865966796875,232.26730346679688,55.82170104980469,47.10329818725586
223.4604949951172,232.63040161132812,55.09510040283203,47.30739974975586
222.40440368652344,232.543701171875,55.682498931884766,47.42430114746094
222.51539611816406,233.79449462890625,55.33399963378906,47.28739929199219
221.36500549316406,232.852294921875,55.724098205566406,47.70180130004883
220.56790161132812,233.92770385742188,55.39039993286133,47.546600341796875
220.15460205078125,233.79739379882812,56.194801330566406,47.44409942626953
219.03919982910156,234.4320068359375,55.58470153808594,46.95479965209961
219.25559997558594,235.69580078125,55.187400817871094,46.98099899291992
217.9427032470703,235.05189514160156,55.931400299072266,47.92179870605469
217.06869506835938,235.3437042236328,55.61040115356445,47.69139862060547
215.93429565429688,236.4010009765625,55.802398681640625,47.648399353027344
215.864501953125,235.96240234375,56.00699996948242,47.344398498535156
214.41729736328125,236.0760040283203,55.7661018371582,48.324798583984375
214.3997039794922,237.5334014892578,55.668800354003906,47.4276008605957
213.9058074951172,237.71310424804688,55.69200134277344,48.21969985961914
213.85409545898438,236.65260314941406,56.11859893798828,47.69649887084961
214.64590454101562,237.2843017578125,55.70750045776367,47.6338996887207
213.92660522460938,236.33790588378906,56.36470031738281,49.25529861450195
213.47689819335938,237.95970153808594,55.72269821166992,47.52330017089844
214.63560485839844,236.6865997314453,55.93600082397461,48.486000061035156
214.2678985595703,237.6717071533203,56.448001861572266,47.54079818725586
215.17100524902344,237.65420532226562,55.77830123901367,47.86289978027344
214.91879272460938,236.10060119628906,56.34450149536133,47.72209930419922
215.60060119628906,236.3863983154297,55.80289840698242,47.58250045776367
217.20359802246094,235.98179626464844,55.25469970703125,47.58620071411133
217.11570739746094,235.0157928466797,55.66780090332031,47.864200592041016
219.2559051513672,236.16909790039062,54.56779861450195,46.370201110839844
218.404296875,234.6779022216797,55.90729904174805,47.79399871826172
219.46099853515625,234.5821075439453,55.80649948120117,46.858299255371094
220.177001953125,233.26730346679688,55.7681999206543,47.994300842285156
220.97830200195312,233.48060607910156,55.87950134277344,47.4286994934082
221.7664031982422,233.58819580078125,55.189300537109375,47.31529998779297
222.8238067626953,232.84820556640625,54.9995002746582,47.479698181152344
223.01939392089844,232.65719604492188,55.70800018310547,47.86589813232422
225.51849365234375,232.8542022705078,54.3661003112793,46.6890983581543
224.46389770507812,231.63380432128906,56.02690124511719,48.26969909667969
225.75450134277344,232.5872039794922,55.3671989440918,46.578800201416016
226.5438995361328,231.0093994140625,55.67770004272461,47.3025016784668
227.7061004638672,231.03680419921875,55.32339859008789,47.37139892578125
227.3809051513672,230.30169677734375,56.315399169921875,48.08980178833008
229.3842010498047,230.0095977783203,55.12369918823242,47.025699615478516
229.46929931640625,228.69290161132812,56.13759994506836,47.49169921875
230.03480529785156,229.28070068359375,55.51599884033203,46.866600036621094
231.04930114746094,229.06979370117188,54.8203010559082,46.94160079956055
231.3079071044922,228.24620056152344,54.82720184326172,47.436500549316406
231.92359924316406,228.32119750976562,54.757598876953125,46.64229965209961
232.52239990234375,227.81689453125,55.43790054321289,46.90340042114258
234.19679260253906,227.6269073486328,54.900901794433594,46.27009963989258
234.20350646972656,226.39199829101562,54.82780075073242,47.64310073852539
235.63510131835938,226.02239990234375,55.24489974975586,46.69160079956055
236.7928924560547,226.74620056152344,53.974098205566406,46.455501556396484
237.4029998779297,226.0948028564453,54.503299713134766,46.64789962768555
237.48170471191406,225.6719970703125,54.317501068115234,46.2239990234375
239.2158966064453,225.5124969482422,54.42359924316406,46.04169845581055
239.2299041748047,224.5821075439453,54.27510070800781,46.342498779296875
239.76820373535156,224.74569702148438,53.59669876098633,45.81740188598633
240.7248992919922,224.2664031982422,54.16239929199219,46.6265983581543
241.00369262695312,223.21800231933594,54.39360046386719,46.90729904174805
242.3939971923828,223.8979949951172,53.12799835205078,46.51959991455078
243.71609497070312,222.7550048828125,54.60580062866211,47.36159896850586
243.26040649414062,223.25430297851562,54.7671012878418,47.47090148925781
243.73289489746094,222.03199768066406,55.471099853515625,48.566898345947266
246.34249877929688,222.7653045654297,54.05030059814453,48.025001525878906
246.50210571289062,221.14300537109375,55.61669921875,47.662200927734375
247.32220458984375,221.65390014648438,54.83509826660156,47.57279968261719
247.4705047607422,220.62379455566406,55.467201232910156,48.84130096435547
247.52569580078125,219.7368927001953,56.21200180053711,48.421600341796875
249.2447052001953,220.8441925048828,54.43000030517578,47.13880157470703
249.72959899902344,219.44259643554688,55.125701904296875,48.23680114746094
250.45379638671875,219.6385040283203,55.08290100097656,48.070098876953125
251.4777069091797,218.29710388183594,55.58359909057617,48.54520034790039
252.54080200195312,217.84500122070312,55.231300354003906,49.06779861450195
252.90870666503906,218.10260009765625,55.5629997253418,47.9276008605957
254.44290161132812,217.26589965820312,55.1239013671875,47.60879898071289
254.11480712890625,216.29359436035156,54.9536018371582,48.64590072631836
257.01458740234375,217.7113037109375,53.614898681640625,46.073699951171875
256.7735900878906,216.3332061767578,54.24449920654297,48.074501037597656
257.6961975097656,216.1811981201172,53.80870056152344,48.17639923095703
257.3223876953125,215.96099853515625,54.065101623535156,48.408599853515625
258.9236145019531,215.09519958496094,53.89189910888672,47.439300537109375
260.1072082519531,215.6531982421875,53.85169982910156,47.618900299072266
259.20318603515625,214.41990661621094,55.493099212646484,48.83219909667969
262.0440979003906,214.71270751953125,54.289100646972656,48.85860061645508
261.16400146484375,213.01220703125,55.48749923706055,49.00849914550781
263.5331115722656,214.0157012939453,54.00239944458008,47.26499938964844
262.7029113769531,212.57919311523438,55.43170166015625,47.464599609375
264.61871337890625,213.10069274902344,54.361698150634766,49.70759963989258
263.9460144042969,211.9051055908203,56.06039810180664,48.28379821777344
266.0111999511719,211.381103515625,54.46269989013672,47.25120162963867
265.9419860839844,210.69070434570312,54.14699935913086,46.80350112915039
267.20330810546875,210.48109436035156,55.9651985168457,47.87409973144531
267.6971130371094,210.5583953857422,55.84239959716797,47.608699798583984
269.1698913574219,210.46839904785156,54.8223991394043,46.32469940185547
268.9403991699219,209.32879638671875,55.98910140991211,46.53260040283203
271.5096130371094,209.5885009765625,54.46929931640625,46.030601501464844
271.77069091796875,209.41659545898438,54.879600524902344,46.22119903564453
272.37310791015625,208.0778045654297,54.683101654052734,47.341800689697266
273.2394104003906,208.62139892578125,54.53670120239258,46.932498931884766
273.83349609375,207.8665008544922,54.18709945678711,47.5364990234375
274.29638671875,207.1907958984375,55.61249923706055,47.545101165771484
275.41400146484375,207.7823944091797,53.50199890136719,46.5369987487793
276.60101318359375,207.40199279785156,55.019901275634766,47.15129852294922
276.7677917480469,207.1251983642578,54.946800231933594,46.76530075073242
275.8612976074219,207.14590454101562,54.89649963378906,46.510101318359375
275.98748779296875,207.40530395507812,54.394500732421875,45.89609909057617
276.56658935546875,207.81930541992188,55.542198181152344,46.1254997253418
276.3005065917969,207.3372039794922,55.05889892578125,47.15190124511719
276.05621337890625,206.94070434570312,55.145198822021484,46.883201599121094
275.705810546875,207.85659790039062,54.78499984741211,46.459800720214844
276.72479248046875,207.36880493164062,54.15520095825195,46.81209945678711
276.2748107910156,206.726806640625,54.930599212646484,46.987300872802734
275.872314453125,207.8184051513672,54.86090087890625,46.2677001953125
276.9827880859375,207.29879760742188,54.29610061645508,46.66899871826172
276.3475036621094,206.35400390625,55.202301025390625,47.359901428222656
276.8550109863281,206.97000122070312,54.88710021972656,47.05619812011719
276.3168029785156,207.8282928466797,54.859798431396484,46.44449996948242
276.2051086425781,207.0200958251953,55.088600158691406,47.17539978027344
276.22509765625,206.481201171875,54.967201232910156,47.049400329589844
276.0910949707031,207.48240661621094,55.16999816894531,46.57270050048828
276.8727111816406,207.97569274902344,53.897300720214844,46.38010025024414
276.2763977050781,207.25259399414062,54.90359878540039,46.43009948730469
276.1051940917969,207.75270080566406,55.11709976196289,46.49020004272461
276.8194885253906,207.70010375976562,54.53260040283203,47.02859878540039
276.1091003417969,206.47219848632812,55.5536994934082,47.242801666259766
277.38848876953125,206.85279846191406,54.17729949951172,47.3213996887207
276.3045959472656,207.01060485839844,54.497798919677734,46.61579895019531
276.12298583984375,207.77020263671875,54.45429992675781,46.77370071411133
277.51019287109375,207.12420654296875,54.04890060424805,47.3672981262207
276.9014892578125,207.4864959716797,54.21839904785156,46.722900390625
277.13360595703125,206.63059997558594,53.60660171508789,47.203399658203125
276.8424987792969,207.25289916992188,55.22159957885742,47.231300354003906
276.8699951171875,207.17730712890625,53.826499938964844,48.061500549316406
276.6913146972656,206.74110412597656,53.1338005065918,47.96110153198242
277.8988037109375,206.38290405273438,53.592098236083984,47.477699279785156
276.88079833984375,206.81869506835938,53.540000915527344,47.8468017578125
277.99359130859375,206.70559692382812,53.2671012878418,47.85879898071289
276.9870910644531,206.09019470214844,53.43320083618164,48.745201110839844
278.2239074707031,206.33639526367188,53.27560043334961,47.919498443603516
277.7181091308594,206.1656951904297,52.79759979248047,48.05189895629883
277.6408996582031,206.85040283203125,53.55030059814453,47.310699462890625
277.71258544921875,205.5345001220703,51.92300033569336,48.043399810791016
277.1993103027344,205.52499389648438,52.72529983520508,48.02880096435547
277.07330322265625,205.81900024414062,52.64659881591797,47.732601165771484
277.50830078125,206.21209716796875,52.642601013183594,47.5192985534668
278.4834899902344,206.42649841308594,51.732398986816406,47.77510070800781
277.710205078125,205.4665069580078,51.34880065917969,48.05289840698242
277.9021911621094,205.7855987548828,51.38779830932617,47.227298736572266
277.3125915527344,206.326904296875,53.429500579833984,48.157798767089844
277.4573059082031,205.77699279785156,51.818199157714844,48.25040054321289
277.90179443359375,206.24209594726562,50.32360076904297,47.440799713134766
278.4974060058594,205.5207977294922,52.51499938964844,47.69049835205078
277.67388916015625,205.68069458007812,51.45320129394531,47.23680114746094
278.6177978515625,206.0550994873047,54.305301666259766,48.499900817871094
277.46380615234375,206.22470092773438,51.01969909667969,48.3213996887207
278.79779052734375,205.31239318847656,51.203800201416016,48.52859878540039
278.5860900878906,205.29660034179688,52.58440017700195,48.0614013671875
277.2868957519531,206.17140197753906,52.56650161743164,47.88359832763672
278.3269958496094,205.5124053955078,49.88819885253906,47.885398864746094
278.5950012207031,206.05380249023438,54.4650993347168,48.12689971923828
278.1802062988281,205.68519592285156,50.90520095825195,48.12799835205078
277.4825134277344,205.4261016845703,52.355499267578125,48.33539962768555
277.59710693359375,205.44749450683594,51.96780014038086,48.66960144042969
278.04541015625,205.74380493164062,52.17390060424805,47.9650993347168
277.0422058105469,206.15159606933594,51.724098205566406,47.77280044555664
278.9559020996094,204.9906005859375,52.20000076293945,48.54880142211914
277.443603515625,206.1697998046875,52.422298431396484,48.001800537109375
278.3406066894531,205.57119750976562,48.739498138427734,47.53010177612305
278.4403076171875,205.0915985107422,54.64619827270508,49.32529830932617
277.2297058105469,205.77049255371094,51.93280029296875,48.85049819946289
278.34588623046875,205.7198944091797,50.428001403808594,48.035400390625
278.2062072753906,205.8433074951172,51.795101165771484,47.95140075683594
278.0201110839844,205.5850067138672,51.28770065307617,47.94340133666992
278.423095703125,205.60350036621094,51.12260055541992,47.69860076904297
277.5788879394531,206.3863067626953,53.229698181152344,47.77790069580078
278.456298828125,206.14720153808594,51.01129913330078,47.89870071411133
277.63140869140625,205.49429321289062,51.3120002746582,48.63079833984375
278.9429931640625,205.15769958496094,50.014400482177734,47.4193000793457
278.2943115234375,205.9864044189453,53.83689880371094,48.080101013183594
278.3500061035156,205.94329833984375,50.62480163574219,48.030799865722656
277.5852966308594,205.06419372558594,52.309600830078125,49.03139877319336
278.9927062988281,205.12010192871094,51.652801513671875,48.91600036621094
278.00970458984375,204.75289916992188,51.45930099487305,49.68119812011719
279.1993103027344,204.96910095214844,50.80189895629883,49.38460159301758
278.398193359375,205.10800170898438,51.46220016479492,49.5343017578125
278.87689208984375,204.53900146484375,51.36949920654297,49.76409912109375
278.51959228515625,204.95899963378906,51.002201080322266,49.49720001220703
277.99560546875,204.83920288085938,50.94139862060547,49.28519821166992
278.76239013671875,204.18519592285156,50.00510025024414,49.56740188598633
278.41351318359375,204.2528076171875,50.981300354003906,50.09980010986328
279.8293151855469,204.1945037841797,49.332698822021484,49.04029846191406
278.67999267578125,204.4044952392578,51.67649841308594,50.234901428222656
278.52069091796875,203.85499572753906,50.360599517822266,49.81949996948242
279.6109924316406,204.3946075439453,50.08039855957031,49.728599548339844
278.83599853515625,204.41470336914062,50.020599365234375,50.05929946899414
280.08551025390625,203.57460021972656,48.5791015625,49.546600341796875
279.1816101074219,203.67669677734375,50.30929946899414,50.388999938964844
280.1368103027344,203.7711944580078,49.475799560546875,50.529598236083984
279.4018859863281,204.24070739746094,49.664100646972656,50.69369888305664
279.2069091796875,204.0034942626953,49.49869918823242,50.882301330566406
280.2373046875,203.9553985595703,49.60340118408203,50.26219940185547
279.68499755859375,203.93130493164062,49.86579895019531,50.77730178833008
279.01239013671875,204.04910278320312,49.73210144042969,51.28919982910156
280.2047119140625,203.93080139160156,49.0536003112793,50.40359878540039
279.4288024902344,203.57679748535156,49.96269989013672,51.20429992675781
279.4960021972656,203.48049926757812,49.47050094604492,51.15230178833008
279.8316955566406,203.74000549316406,49.716800689697266,51.327999114990234
280.0531921386719,203.8647003173828,49.42850112915039,50.86819839477539
280.27880859375,203.58509826660156,49.03990173339844,50.74530029296875
279.6112976074219,203.5576934814453,49.30329895019531,51.222198486328125
280.2986145019531,203.8125,49.09280014038086,51.41899871826172
280.5315856933594,203.28610229492188,48.804100036621094,51.385398864746094
280.527587890625,203.9539031982422,49.02280044555664,51.337398529052734
279.4112854003906,203.57850646972656,49.36920166015625,50.78049850463867
279.9056091308594,204.07640075683594,48.79999923706055,50.846900939941406
280.589111328125,204.1009063720703,48.44240188598633,50.834800720214844
280.6199035644531,204.47979736328125,48.56019973754883,49.53160095214844
280.8392028808594,203.69009399414062,48.16849899291992,49.94729995727539
281.08428955078125,203.46890258789062,48.256500244140625,50.75550079345703
280.86370849609375,203.45050048828125,48.19810104370117,50.85689926147461
281.20111083984375,204.2760009765625,48.08359909057617,50.16680145263672
280.1091003417969,203.3256072998047,48.49580001831055,50.38880157470703
281.00860595703125,203.88819885253906,47.947200775146484,49.27939987182617
281.1409912109375,204.0933074951172,47.95909881591797,49.73630142211914
280.74359130859375,204.3408966064453,48.22549819946289,49.38399887084961
280.4305114746094,204.32769775390625,48.242401123046875,49.36119842529297
280.2737121582031,203.87879943847656,48.05379867553711,49.69409942626953
281.1969909667969,203.68089294433594,47.602699279785156,49.83940124511719
281.35791015625,204.18409729003906,47.66630172729492,49.476898193359375
280.6907043457031,204.33790588378906,47.71390151977539,49.68600082397461
281.14068603515625,203.976806640625,46.9827995300293,49.04159927368164
281.3591003417969,204.6916961669922,47.0177001953125,48.613800048828125
281.0589904785156,203.77130126953125,47.13750076293945,49.449100494384766
280.775390625,203.77810668945312,47.58100128173828,50.12620162963867
280.8457946777344,202.8948974609375,46.97209930419922,50.15079879760742
281.0574035644531,203.93150329589844,47.18050003051758,49.6796989440918
281.0527038574219,204.1934051513672,46.75320053100586,48.846099853515625
281.970703125,204.0760040283203,46.216800689697266,48.33039855957031
281.31610107421875,203.7082061767578,47.26390075683594,49.639801025390625
281.6167907714844,204.1663055419922,46.59560012817383,48.42190170288086
281.3262939453125,204.8032989501953,46.941001892089844,48.48059844970703
281.9165954589844,200.0404052734375,46.50310134887695,52.3843994140625
281.5611877441406,201.34429931640625,47.469398498535156,51.860801696777344
280.9306945800781,201.65179443359375,47.59040069580078,50.98320007324219
280.8103942871094,201.82949829101562,47.92279815673828,50.91210174560547
281.010498046875,201.78579711914062,47.79130172729492,50.9911003112793
281.0444030761719,201.79400634765625,47.939701080322266,51.17190170288086
280.8306884765625,202.2010040283203,47.3213996887207,50.4379997253418
281.7637023925781,202.22360229492188,47.042999267578125,50.517601013183594
281.056884765625,203.25250244140625,47.55970001220703,49.33440017700195
281.33990478515625,204.4344940185547,46.91659927368164,47.95970153808594
281.3865966796875,204.4011993408203,46.773799896240234,48.511600494384766
281.8179016113281,203.92820739746094,46.61119842529297,48.758201599121094
281.2237854003906,203.4604034423828,47.066898345947266,49.12300109863281
281.7637023925781,203.6042022705078,46.687599182128906,48.36130142211914
281.0504150390625,203.99229431152344,47.397701263427734,49.0364990234375
281.7909851074219,204.5323944091797,46.40449905395508,47.82720184326172
282.17340087890625,202.54620361328125,46.39939880371094,49.78129959106445
281.29449462890625,203.0301055908203,47.45560073852539,49.849700927734375
280.86138916015625,203.39349365234375,47.46630096435547,49.70989990234375
281.52178955078125,203.82510375976562,46.76129913330078,48.36149978637695
282.0060119628906,203.29550170898438,46.406898498535156,48.65370178222656
281.04058837890625,203.55560302734375,47.5536003112793,49.21269989013672
281.3055114746094,204.51400756835938,47.04010009765625,48.133399963378906
281.9529113769531,204.13929748535156,46.52090072631836,48.47439956665039
281.752685546875,204.31280517578125,46.75040054321289,48.42610168457031
281.16448974609375,203.73959350585938,47.190101623535156,49.1156005859375
281.78369140625,203.54469299316406,46.7765998840332,48.81290054321289
281.8796081542969,203.56410217285156,46.80440139770508,48.58369827270508
281.9278869628906,204.36630249023438,46.8047981262207,48.629798889160156
282.12139892578125,203.14869689941406,46.70309829711914,49.57310104370117
282.44281005859375,204.70680236816406,46.839599609375,48.11520004272461
283.1282043457031,200.24630737304688,46.90650177001953,52.024600982666016
283.01708984375,200.66200256347656,48.054100036621094,52.45399856567383
283.4630126953125,200.58990478515625,48.48400115966797,52.37220001220703
284.5094909667969,200.29640197753906,47.97370147705078,52.03879928588867
286.625,200.70599365234375,47.5088005065918,52.227901458740234
287.3960876464844,200.76339721679688,47.658599853515625,51.57040023803711
287.4031982421875,200.4040985107422,48.290199279785156,52.44889831542969
288.235107421875,200.4763946533203,48.07789993286133,51.999698638916016
289.2926025390625,200.4700927734375,48.156700134277344,52.329898834228516
290.4577941894531,200.2834014892578,48.25189971923828,52.642601013183594
291.0078125,200.37049865722656,48.38079833984375,52.02560043334961
291.96881103515625,200.40029907226562,48.12590026855469,51.95790100097656
292.7513122558594,200.44400024414062,47.930198669433594,51.850799560546875
294.1601867675781,200.8426971435547,47.87220001220703,52.035499572753906
295.3533935546875,200.67539978027344,47.798500061035156,51.765098571777344
296.1496887207031,201.17120361328125,47.859798431396484,51.56880187988281
296.66900634765625,200.6396026611328,48.1781005859375,52.41910171508789
297.9224853515625,199.51539611816406,47.88370132446289,53.24380111694336
299.07049560546875,199.90769958496094,47.98550033569336,53.065101623535156
300.34991455078125,200.22610473632812,47.669498443603516,53.24150085449219
301.3247985839844,199.7447967529297,47.41590118408203,52.85710144042969
301.7119140625,199.46820068359375,47.79240036010742,52.784000396728516
303.1669921875,199.65440368652344,47.24769973754883,53.835601806640625
303.6554870605469,199.29769897460938,47.94820022583008,53.2223014831543
304.6098937988281,200.0675048828125,48.3317985534668,53.77000045776367
305.5852966308594,199.08189392089844,47.57120132446289,53.73149871826172
306.4601135253906,199.78160095214844,47.902198791503906,53.55649948120117
307.3363037109375,199.6392059326172,47.62099838256836,53.28030014038086
308.3973083496094,199.62669372558594,47.86759948730469,53.587398529052734
308.7041931152344,199.1678009033203,48.57379913330078,53.32590103149414
310.1919860839844,199.46080017089844,47.85609817504883,52.96889877319336
311.37078857421875,199.76480102539062,47.528499603271484,52.689998626708984
311.62188720703125,198.76370239257812,48.074100494384766,52.962398529052734
312.88861083984375,199.22239685058594,48.17399978637695,54.51789855957031
314.3855895996094,198.9810028076172,48.18149948120117,53.40420150756836
315.2096862792969,199.15939331054688,48.03900146484375,53.29899978637695
315.9949035644531,199.6573028564453,48.14950180053711,53.151100158691406
316.5627136230469,199.10450744628906,48.12990188598633,52.82350158691406
317.83819580078125,198.74769592285156,47.849098205566406,53.0166015625
318.8398132324219,199.3253936767578,48.05009841918945,54.12910079956055
319.6116027832031,199.80709838867188,48.17259979248047,53.19770050048828
320.6148986816406,198.88079833984375,48.166099548339844,53.402801513671875
321.5732116699219,199.18609619140625,48.22819900512695,53.705501556396484
321.84320068359375,199.01690673828125,48.713401794433594,53.542301177978516
323.1803894042969,199.60130310058594,48.371299743652344,53.07460021972656
323.9981994628906,198.39390563964844,48.20050048828125,53.5629997253418
325.577392578125,199.23049926757812,47.93479919433594,53.734500885009766
325.8883056640625,199.32080078125,48.31380081176758,53.397098541259766
327.4927062988281,199.1427001953125,47.720699310302734,53.6150016784668
327.9252014160156,199.74380493164062,48.3213996887207,53.117401123046875
328.58929443359375,199.40750122070312,48.35409927368164,53.03990173339844
330.3504943847656,199.48300170898438,47.9296989440918,53.703399658203125
330.6477966308594,199.03790283203125,48.47380065917969,53.269100189208984
332.0085144042969,198.6772003173828,48.24919891357422,53.3296012878418
332.7244873046875,199.3415069580078,48.392601013183594,53.230201721191406
334.00860595703125,199.1855926513672,48.222801208496094,53.220401763916016
334.4693908691406,199.3780059814453,48.63249969482422,53.52080154418945
336.0231018066406,199.1427001953125,48.21390151977539,53.05080032348633
336.3197021484375,199.16439819335938,49.08660125732422,53.67449951171875
337.4921875,199.16229248046875,48.69300079345703,53.56719970703125
338.7226867675781,199.80230712890625,49.015201568603516,53.68920135498047
339.56719970703125,198.8094940185547,48.37110137939453,53.48569869995117
340.11761474609375,198.3177947998047,48.54209899902344,54.02050018310547
340.8700866699219,198.79800415039062,49.6614990234375,53.6973991394043
342.4429931640625,199.718505859375,49.00320053100586,53.26340103149414
343.9244079589844,199.97450256347656,48.33729934692383,52.56809997558594
344.2809143066406,199.297607421875,48.935001373291016,53.481201171875
345.04010009765625,198.25799560546875,49.312400817871094,53.679298400878906
345.6022033691406,199.3502960205078,50.01340103149414,54.442501068115234
346.9977111816406,198.62789916992188,49.42620086669922,54.249000549316406
347.38720703125,198.44920349121094,49.85419845581055,53.797698974609375
348.9562072753906,198.74859619140625,50.33340072631836,54.881099700927734
349.1747131347656,198.28460693359375,49.98720169067383,54.27349853515625
350.45330810546875,198.4351043701172,49.80820083618164,54.477298736572266
351.35931396484375,198.95570373535156,50.074100494384766,55.048301696777344
352.3279113769531,198.07229614257812,49.825801849365234,55.147098541259766
353.660888671875,197.71580505371094,49.41849899291992,54.77149963378906
354.2721862792969,198.5281982421875,49.66630172729492,54.9546012878418
354.6825866699219,197.74070739746094,49.55619812011719,54.70009994506836
356.6935119628906,197.93719482421875,48.98460006713867,55.38399887084961
357.0414123535156,198.83489990234375,49.734901428222656,54.77790069580078
358.9989013671875,197.63330078125,48.89059829711914,55.482200622558594
359.22900390625,198.48089599609375,49.8489990234375,55.39929962158203
359.6317138671875,198.06370544433594,49.6875,55.09230041503906
362.0462951660156,198.00140380859375,48.73780059814453,54.47060012817383
361.90069580078125,198.70010375976562,49.89970016479492,54.824501037597656
362.481689453125,198.3292999267578,50.12810134887695,54.542598724365234
363.9114074707031,197.24989318847656,49.31019973754883,54.934600830078125
365.2381896972656,198.543701171875,49.60340118408203,55.772098541259766
365.0007019042969,198.13600158691406,50.28070068359375,55.154701232910156
366.6852111816406,198.08619689941406,49.73649978637695,55.63330078125
367.9736022949219,198.2064971923828,49.976600646972656,55.717899322509766
368.8988952636719,198.056396484375,49.67610168457031,54.96039962768555
369.4797058105469,197.57850646972656,49.564998626708984,55.24399948120117
371.40899658203125,198.53909301757812,49.25019836425781,55.009700775146484
371.1250915527344,197.4134063720703,49.624298095703125,55.08610153198242
372.6553039550781,197.8632049560547,49.90330123901367,55.35660171508789
373.6239929199219,197.93780517578125,50.02579879760742,55.26240158081055
374.3262939453125,197.96189880371094,50.11399841308594,55.13209915161133
375.214111328125,197.94850158691406,50.02009963989258,55.14400100708008
376.1413879394531,197.90780639648438,49.85210037231445,54.99769973754883
377.873291015625,197.8531036376953,49.73630142211914,55.266998291015625
377.59490966796875,197.9031982421875,50.359901428222656,55.3223991394043
378.0997009277344,197.0886993408203,50.036399841308594,55.430599212646484
377.3371887207031,198.13780212402344,51.00600051879883,55.05009841918945
378.3440856933594,197.20449829101562,49.28089904785156,55.37730026245117
379.0527038574219,198.28070068359375,49.73780059814453,54.99660110473633
377.3440856933594,197.17469787597656,50.82830047607422,55.34370040893555
378.4278869628906,198.0742950439453,50.408199310302734,55.25210189819336
377.34539794921875,197.41290283203125,50.4650993347168,55.42169952392578
378.12908935546875,197.74240112304688,49.75170135498047,55.17770004272461
377.9410095214844,197.7987060546875,50.43429946899414,55.329898834228516
378.3414001464844,198.07760620117188,49.97100067138672,55.163299560546875
377.7778015136719,197.98989868164062,50.24980163574219,54.94150161743164
378.50408935546875,197.26280212402344,50.087398529052734,55.80970001220703
376.80010986328125,198.24490356445312,50.90879821777344,54.754398345947266
378.17340087890625,196.74949645996094,49.782100677490234,55.84659957885742
376.966796875,198.04840087890625,51.124698638916016,55.475799560546875
377.2439880371094,196.77980041503906,49.93519973754883,55.71580123901367
376.8994140625,197.59469604492188,50.94169998168945,56.05009841918945
377.9476013183594,196.88760375976562,49.938499450683594,55.78820037841797
376.63189697265625,197.4906005859375,51.345699310302734,55.69620132446289
377.1604919433594,197.75180053710938,50.9838981628418,55.84920120239258
376.36029052734375,197.19329833984375,50.71099853515625,55.58980178833008
376.62689208984375,197.67469787597656,51.384300231933594,56.18519973754883
375.78289794921875,197.73660278320312,51.687801361083984,56.08150100708008
376.0397033691406,197.19149780273438,50.560699462890625,55.49679946899414
376.1206970214844,197.4093017578125,51.2218017578125,56.004600524902344
375.779296875,197.2050018310547,51.60279846191406,56.21419906616211
374.5380859375,197.0325927734375,52.64540100097656,57.313899993896484
375.5307922363281,196.60040283203125,50.93439865112305,56.128700256347656
375.3782043457031,196.93519592285156,51.22090148925781,56.76240158081055
375.064697265625,197.2559051513672,51.54349899291992,57.38520050048828
375.098388671875,196.68069458007812,51.08000183105469,57.10599899291992
375.02801513671875,196.9508056640625,51.490501403808594,57.06100082397461
374.71380615234375,197.23899841308594,52.0547981262207,57.23099899291992
374.2149963378906,197.24420166015625,52.607200622558594,57.786598205566406
374.21429443359375,196.3531036376953,51.894901275634766,57.18439865112305
374.2724914550781,196.77549743652344,52.27640151977539,58.00849914550781
373.5104064941406,197.0319061279297,52.84270095825195,57.72959899902344
374.4413146972656,197.11959838867188,52.089599609375,57.977901458740234
374.57501220703125,197.07080078125,51.743900299072266,57.4379997253418
372.864501953125,197.27740478515625,53.495399475097656,57.86589813232422
373.73968505859375,195.77760314941406,52.2489013671875,58.285499572753906
373.6658020019531,197.05270385742188,52.51369857788086,58.57630157470703
373.08221435546875,197.21910095214844,52.2953987121582,57.93109893798828
372.597900390625,195.86900329589844,52.614200592041016,58.4984016418457
372.82281494140625,196.84649658203125,52.33580017089844,58.544498443603516
372.8764953613281,196.6387939453125,52.03879928588867,58.448699951171875
373.2840881347656,196.89630126953125,52.458900451660156,58.85309982299805
372.34368896484375,195.8302001953125,52.7947998046875,58.7484016418457
372.6459045410156,195.82000732421875,52.63180160522461,59.22460174560547
372.13360595703125,197.1938934326172,52.669898986816406,59.038299560546875
373.0956115722656,196.39419555664062,51.555599212646484,58.197200775146484
371.1046142578125,196.87269592285156,53.72639846801758,59.62099838256836
372.6318054199219,196.26080322265625,52.38359832763672,59.094200134277344
371.6600036621094,196.63369750976562,53.34880065917969,59.37289810180664
371.9089050292969,196.48390197753906,52.64289855957031,59.715599060058594
371.2065124511719,195.85009765625,52.74530029296875,59.42839813232422
370.8507080078125,196.26699829101562,52.64080047607422,59.33300018310547
371.55120849609375,196.38070678710938,52.660301208496094,59.846900939941406
371.2132873535156,195.69509887695312,53.18659973144531,59.71110153198242
370.4172058105469,196.21710205078125,53.30350112915039,59.41579818725586
370.955810546875,196.32000732421875,52.86240005493164,59.86949920654297
370.8612060546875,196.589599609375,53.36840057373047,60.062400817871094
370.0794982910156,196.61459350585938,53.826499938964844,59.64619827270508
370.6455993652344,196.0428009033203,53.41899871826172,60.15119934082031
369.5799865722656,195.89169311523438,53.977500915527344,60.26029968261719
369.630615234375,195.56700134277344,53.96229934692383,60.41999816894531
369.83441162109375,196.3314971923828,53.80270004272461,60.97800064086914
369.0043029785156,195.85479736328125,53.92679977416992,60.310699462890625
369.5036926269531,195.2917938232422,54.2666015625,61.18349838256836
368.69781494140625,196.43710327148438,55.049800872802734,61.252201080322266
368.47540283203125,195.61740112304688,53.85089874267578,60.00550079345703
369.1148986816406,195.4261016845703,54.18090057373047,61.64310073852539
368.3389892578125,195.96009826660156,55.21580123901367,61.69490051269531
368.49951171875,195.56329345703125,53.84769821166992,61.04460144042969
369.0834045410156,196.3802032470703,54.192298889160156,61.463199615478516
368.0154113769531,195.49180603027344,54.420799255371094,60.8203010559082
368.1195983886719,196.20660400390625,54.91389846801758,61.91210174560547
367.8583068847656,196.22860717773438,54.55910110473633,61.63359832763672
368.6571960449219,195.735595703125,54.10749816894531,61.258399963378906
368.28070068359375,195.6436004638672,55.42900085449219,61.645999908447266
368.3677062988281,196.39939880371094,54.65739822387695,61.47159957885742
367.7497863769531,195.92230224609375,54.702999114990234,61.07740020751953
368.4794006347656,196.23080444335938,54.632198333740234,61.43980026245117
368.2726135253906,195.85569763183594,54.21879959106445,60.69060134887695
368.6626892089844,196.16299438476562,54.514198303222656,61.26580047607422
368.25738525390625,195.80039978027344,54.48550033569336,61.351600646972656
367.69110107421875,196.3126983642578,54.89939880371094,61.43299865722656
368.3695983886719,195.13650512695312,53.86009979248047,60.917598724365234
368.7669982910156,195.62440490722656,54.284698486328125,61.238399505615234
368.63360595703125,195.47459411621094,54.8932991027832,61.65660095214844
367.60589599609375,196.1186981201172,54.67470169067383,60.79180145263672
368.8546142578125,195.589599609375,54.311500549316406,61.6713981628418
368.12298583984375,196.03550720214844,54.84379959106445,61.5004997253418
368.6171875,195.3433074951172,54.27220153808594,61.107200622558594
368.24700927734375,195.20050048828125,54.89310073852539,61.4375
368.6199035644531,194.4676971435547,54.077301025390625,61.052101135253906
367.8750915527344,193.13560485839844,54.2692985534668,61.269500732421875
367.3918151855469,192.13259887695312,54.553001403808594,61.78820037841797
368.5021057128906,190.5124969482422,53.75,61.960899353027344
367.66839599609375,190.2877960205078,54.578800201416016,61.44309997558594
367.8559875488281,188.90780639648438,54.388301849365234,62.043800354003906
367.1366882324219,189.02310180664062,54.81169891357422,62.06999969482422
367.92401123046875,187.27529907226562,53.75429916381836,61.910499572753906
368.1919860839844,185.5657958984375,53.94430160522461,61.427398681640625
367.2655944824219,185.40170288085938,54.61119842529297,60.345298767089844
367.7008056640625,184.0189971923828,53.89469909667969,60.352298736572266
368.3929138183594,183.28750610351562,53.642799377441406,59.994998931884766
367.5533142089844,182.32119750976562,54.33890151977539,59.80939865112305
368.5896911621094,181.1750030517578,53.604698181152344,59.77280044555664
367.869384765625,180.33059692382812,54.298301696777344,59.754600524902344
368.0603942871094,179.54539489746094,54.125301361083984,60.16859817504883
367.7596130371094,178.6737060546875,54.12120056152344,59.84159851074219
368.1440124511719,177.19850158691406,53.504798889160156,59.67639923095703
368.58270263671875,175.99240112304688,53.72090148925781,60.23189926147461
368.4732971191406,176.0106964111328,53.942298889160156,60.07509994506836
368.30230712890625,174.64430236816406,54.23649978637695,60.37289810180664
367.7403869628906,174.24380493164062,54.182098388671875,60.176300048828125
368.4898986816406,172.34300231933594,53.3661994934082,60.79650115966797
367.9393005371094,171.38949584960938,54.054901123046875,60.662899017333984
367.5286865234375,170.33599853515625,54.18629837036133,60.57979965209961
366.75689697265625,169.0511932373047,54.62350082397461,60.59400177001953
366.3829040527344,168.58299255371094,55.13639831542969,60.8568000793457
367.4504089355469,167.7635955810547,53.98160171508789,60.2307014465332
366.94329833984375,166.93589782714844,55.01179885864258,60.90769958496094
367.3053894042969,165.89230346679688,54.8140983581543,60.145301818847656
366.7585144042969,164.76829528808594,54.51369857788086,60.29100036621094
367.0176086425781,163.41409301757812,54.667701721191406,60.636199951171875
367.12860107421875,163.2602996826172,54.41080093383789,59.992801666259766
367.1601867675781,161.4669952392578,54.149200439453125,60.628501892089844
367.781005859375,160.43099975585938,53.736000061035156,60.52050018310547
366.7699890136719,160.3948974609375,55.120201110839844,60.16790008544922
366.5924987792969,159.13299560546875,54.66630172729492,60.15679931640625
366.6669006347656,158.2386016845703,54.527099609375,60.04990005493164
366.59539794921875,156.7158966064453,54.85449981689453,60.34000015258789
365.48529052734375,156.26539611816406,55.71139907836914,60.55160140991211
366.1142883300781,155.17320251464844,54.76940155029297,59.876800537109375
367.2923889160156,154.02589416503906,54.062400817871094,60.13520050048828
365.46868896484375,152.50340270996094,55.9817008972168,60.530399322509766
365.8293151855469,152.4541015625,55.658599853515625,59.73320007324219
366.0205993652344,150.67889404296875,55.507598876953125,60.234100341796875
366.03729248046875,149.4781036376953,55.021400451660156,60.68519973754883
365.13018798828125,148.53590393066406,56.129398345947266,60.62770080566406
366.1383972167969,147.66180419921875,55.2239990234375,60.65169906616211
365.75628662109375,146.80540466308594,55.220001220703125,60.55220031738281
366.3315124511719,145.9011993408203,55.128501892089844,60.92639923095703
365.77569580078125,145.34359741210938,55.37289810180664,60.6870002746582
365.8070983886719,143.57969665527344,55.48649978637695,61.094200134277344
364.8623046875,142.55259704589844,56.50239944458008,61.032798767089844
364.3027038574219,141.57369995117188,56.47949981689453,61.030399322509766
365.2033996582031,140.6407012939453,55.52289962768555,61.16460037231445
364.9247131347656,140.21839904785156,56.03120040893555,61.08190155029297
365.7225036621094,139.0937957763672,55.55419921875,61.94729995727539
365.54180908203125,137.48109436035156,55.05799865722656,61.050498962402344
