1
210.1154022216797,106.79000091552734,94.21060180664062,113.79630279541016
211.5220947265625,109.92749786376953,91.65550231933594,113.1719970703125
221.93600463867188,128.0659942626953,69.652099609375,101.78970336914062
221.62229919433594,143.82009887695312,76.4697036743164,99.05349731445312
220.72579956054688,143.9351043701172,84.03209686279297,109.34819793701172
220.36590576171875,145.3415985107422,87.43689727783203,115.56379699707031
212.47799682617188,160.3054962158203,87.85299682617188,119.11900329589844
214.806396484375,173.71519470214844,70.31639862060547,115.99690246582031
219.8199005126953,186.71380615234375,49.236698150634766,121.48619842529297
222.00880432128906,141.5316925048828,89.04850006103516,132.90370178222656
218.02149963378906,154.7093048095703,69.92880249023438,148.01080322265625
222.45260620117188,146.77450561523438,80.81600189208984,143.6674041748047
220.6569061279297,148.2032928466797,71.24440002441406,108.9854965209961
222.67080688476562,117.04209899902344,79.87030029296875,131.27059936523438
232.7635040283203,88.5728988647461,91.53669738769531,139.5959930419922
232.70860290527344,78.2958984375,103.43789672851562,144.7064971923828
244.95350646972656,51.751800537109375,120.33290100097656,145.66270446777344
249.62820434570312,29.871700286865234,129.93569946289062,153.69979858398438
256.2510986328125,14.435500144958496,145.87989807128906,166.70590209960938
263.7034912109375,12.218899726867676,133.87710571289062,153.92039489746094
274.30419921875,7.333799839019775,126.14849853515625,149.61439514160156
283.2405090332031,1.4737999439239502,122.43209838867188,139.02040100097656
302.5552978515625,1.6346999406814575,105.30079650878906,133.7613067626953
323.2543029785156,10.476900100708008,99.04350280761719,109.72640228271484
346.66339111328125,19.563499450683594,94.51349639892578,91.2301025390625
362.0566101074219,17.851299285888672,110.50489807128906,92.96309661865234
366.284912109375,23.711299896240234,107.22119903564453,81.3904037475586
390.8888854980469,25.027599334716797,104.90270233154297,88.54560089111328
395.18011474609375,27.3075008392334,116.38710021972656,101.45850372314453
416.63720703125,44.142601013183594,109.26580047607422,103.7603988647461
431.39569091796875,54.26850128173828,96.91809844970703,118.0593032836914
438.302001953125,72.23619842529297,102.78369903564453,129.50669860839844
437.1885986328125,82.38089752197266,100.11589813232422,131.0236053466797
446.5989990234375,106.01460266113281,84.66739654541016,125.49579620361328
446.3620910644531,127.8489990234375,77.24340057373047,118.90019989013672
445.76690673828125,133.11349487304688,74.45960235595703,120.6968002319336
446.7522888183594,134.60989379882812,73.66919708251953,131.92250061035156
449.90948486328125,146.3291015625,71.15789794921875,131.9615020751953
449.80010986328125,158.3979034423828,71.106201171875,105.95330047607422
446.1897888183594,156.39590454101562,75.97250366210938,130.05880737304688
438.4617919921875,154.05580139160156,103.3739013671875,133.08740234375
435.3684997558594,148.8040008544922,108.82119750976562,129.30630493164062
416.4949035644531,121.122802734375,126.6322021484375,124.43730163574219
411.930908203125,120.68170166015625,132.2158966064453,120.06759643554688
410.87689208984375,121.62539672851562,126.964599609375,105.5779037475586
402.09869384765625,98.92389678955078,117.85749816894531,108.86940002441406
349.627197265625,38.13610076904297,126.1978988647461,141.95230102539062
285.9541015625,17.269399642944336,158.5417938232422,138.79710388183594
286.3465881347656,16.692100524902344,165.29730224609375,139.69149780273438
277.8851013183594,24.126100540161133,131.939697265625,129.60989379882812
265.2398986816406,16.92930030822754,144.72869873046875,140.3679962158203
259.17291259765625,20.99519920349121,133.3134002685547,134.5207061767578
234.56629943847656,46.60419845581055,128.6179962158203,99.72560119628906
226.81410217285156,57.27859878540039,129.41079711914062,96.22959899902344
213.48159790039062,66.61039733886719,128.8437042236328,103.31330108642578
217.3022003173828,78.93170166015625,115.16840362548828,107.68620300292969
218.36720275878906,92.7865982055664,114.25759887695312,122.29199981689453
228.8759002685547,121.52760314941406,96.23370361328125,128.76759338378906
236.0153045654297,132.31820678710938,92.56739807128906,138.7042999267578
246.70010375976562,163.15499877929688,88.54759979248047,123.2843017578125
251.6875,174.03680419921875,82.88569641113281,116.84729766845703
259.9316101074219,184.02549743652344,98.86419677734375,127.4114990234375
259.10980224609375,185.92129516601562,110.8416976928711,126.03070068359375
264.3045959472656,193.9467010498047,113.11949920654297,121.72850036621094
270.0889892578125,200.17889404296875,112.30750274658203,111.62870025634766
270.19000244140625,200.08509826660156,118.6688003540039,117.46790313720703
272.7484130859375,198.647705078125,117.96119689941406,120.23090362548828
280.5732116699219,193.00169372558594,110.12470245361328,121.79039764404297
286.0616149902344,193.38589477539062,104.62259674072266,120.9844970703125
279.0260925292969,195.67379760742188,107.1863021850586,111.88179779052734
293.50079345703125,191.1269989013672,78.60089874267578,38.9739990234375
313.4295959472656,192.69419860839844,78.10009765625,115.03500366210938
325.7641906738281,185.3278045654297,65.99359893798828,119.88359832763672
329.2593994140625,180.59979248046875,63.41939926147461,118.53399658203125
329.8830871582031,172.8336944580078,62.93439865112305,127.94000244140625
328.5986022949219,165.7332000732422,63.789798736572266,134.2530975341797
331.4508056640625,159.8134002685547,62.997398376464844,133.24349975585938
333.9584045410156,154.83509826660156,63.61000061035156,137.4853057861328
333.9757080078125,152.64520263671875,64.64089965820312,140.6378936767578
339.9122009277344,155.75160217285156,56.39670181274414,138.1636962890625
341.4684143066406,157.24969482421875,55.88090133666992,137.97560119628906
347.322509765625,161.34820556640625,51.86399841308594,140.01780700683594
351.04071044921875,168.62539672851562,44.26679992675781,132.02000427246094
287.7521057128906,151.63929748535156,145.98330688476562,188.9716033935547
355.4027099609375,185.63360595703125,41.27859878540039,123.94210052490234
278.73199462890625,155.43919372558594,175.59959411621094,201.89759826660156
216.34010314941406,73.50440216064453,167.77789306640625,120.8551025390625
364.9559020996094,179.74090576171875,32.17300033569336,126.42179870605469
298.38470458984375,155.9550018310547,153.877197265625,173.77699279785156
361.0216064453125,174.16029357910156,43.49079895019531,133.2646942138672
278.78118896484375,135.55859375,178.17799377441406,220.3643035888672
213.54550170898438,76.04280090332031,167.37750244140625,115.97200012207031
219.9897003173828,74.57659912109375,249.6772003173828,217.9398956298828
219.91690063476562,77.7843017578125,148.79080200195312,109.67400360107422
369.36968994140625,191.2397003173828,29.121200561523438,116.73829650878906
310.0472106933594,151.80029296875,128.7698974609375,146.65199279785156
360.0068054199219,154.6199951171875,45.64659881591797,149.19869995117188
254.97970581054688,109.1780014038086,212.9163055419922,222.08599853515625
217.0802001953125,77.1552963256836,156.94290161132812,114.26260375976562
362.8623962402344,170.8083038330078,47.109500885009766,141.8303985595703
287.3935852050781,168.17059326171875,180.1177978515625,191.82940673828125
220.79359436035156,72.93340301513672,157.7180938720703,116.96330261230469
211.79049682617188,39.80590057373047,300.4735107421875,320.194091796875
214.69140625,75.82659912109375,140.05859375,114.30570220947266
371.9042053222656,216.12120056152344,50.070701599121094,121.01229858398438
240.39759826660156,331.018310546875,139.8979034423828,27.909900665283203
185.2519989013672,331.91729736328125,196.06280517578125,27.9335994720459
376.1841125488281,218.12319946289062,43.77149963378906,118.25990295410156
381.2838134765625,224.2032928466797,42.459999084472656,112.6969985961914
306.8673095703125,190.60879516601562,154.62069702148438,169.39120483398438
217.99850463867188,81.53759765625,137.7989959716797,106.56629943847656
392.4674987792969,245.70809936523438,74.10489654541016,80.65769958496094
374.79058837890625,216.8717041015625,103.52639770507812,107.45909881591797
378.3763122558594,222.1967010498047,97.25379943847656,108.9655990600586
377.547607421875,220.6490936279297,99.92539978027344,105.08039855957031
375.7701110839844,221.10069274902344,103.49939727783203,104.06330108642578
384.022705078125,213.54620361328125,88.39830017089844,98.27960205078125
386.2065124511719,212.8990020751953,84.70539855957031,95.06159973144531
391.4385986328125,188.67140197753906,69.57990264892578,102.40570068359375
392.3309020996094,189.0491943359375,65.09590148925781,96.34259796142578
387.08428955078125,179.45050048828125,75.55149841308594,106.84860229492188
394.5014953613281,159.13290405273438,60.10350036621094,124.02999877929688
389.6736145019531,150.6154022216797,54.83340072631836,120.64520263671875
391.9458923339844,133.31129455566406,49.13399887084961,130.25100708007812
389.2622985839844,128.80239868164062,47.54750061035156,134.36630249023438
383.4648132324219,133.27499389648438,56.58660125732422,131.38259887695312
383.9053955078125,132.28050231933594,55.44540023803711,131.03759765625
381.9704895019531,130.82440185546875,57.57080078125,132.431396484375
372.52911376953125,140.32440185546875,68.85639953613281,137.95260620117188
379.0188903808594,142.07330322265625,64.3499984741211,136.681396484375
362.93280029296875,159.56689453125,74.24440002441406,148.5222930908203
365.7571105957031,169.28880310058594,68.29640197753906,137.7855987548828
332.1600036621094,193.45370483398438,88.43579864501953,118.76080322265625
270.3870849609375,221.67880249023438,133.49440002441406,82.78019714355469
267.9075927734375,222.87350463867188,132.27020263671875,82.11299896240234
228.88360595703125,228.44729614257812,148.2301025390625,71.78289794921875
231.16529846191406,233.15640258789062,141.9217987060547,65.09149932861328
227.45779418945312,234.960205078125,106.96299743652344,57.68410110473633
211.7353057861328,216.6295928955078,118.35330200195312,76.02249908447266
204.32200622558594,183.38729858398438,97.87750244140625,101.13020324707031
193.39439392089844,171.6533966064453,106.90840148925781,105.60639953613281
190.82080078125,145.2957000732422,78.7916030883789,114.75990295410156
193.39010620117188,124.86219787597656,74.42649841308594,117.77230072021484
195.19410705566406,95.36019897460938,65.49710083007812,128.1573028564453
196.91709899902344,102.7238998413086,70.91349792480469,111.1176986694336
201.772705078125,92.88130187988281,73.90910339355469,99.39070129394531
202.8704071044922,94.7041015625,87.68830108642578,90.99420166015625
210.92950439453125,98.3687973022461,79.22779846191406,83.12339782714844
213.18350219726562,100.97750091552734,81.6532974243164,79.91310119628906
214.1636962890625,100.1957015991211,117.9894027709961,78.29340362548828
238.68479919433594,107.15540313720703,96.19429779052734,87.39730072021484
257.36151123046875,115.29630279541016,77.88390350341797,86.91490173339844
270.0953063964844,118.33670043945312,75.39129638671875,107.86380004882812
279.1239013671875,127.56069946289062,74.13529968261719,128.747802734375
297.1759948730469,147.71249389648438,63.84429931640625,145.58169555664062
308.27801513671875,212.68240356445312,43.03379821777344,106.0718002319336
308.1111145019531,207.68150329589844,41.89440155029297,120.36740112304688
291.0462951660156,227.84039306640625,42.38759994506836,107.4458999633789
287.1523132324219,229.08680725097656,47.93280029296875,105.53820037841797
271.5723876953125,248.58450317382812,46.067901611328125,84.82879638671875
261.25439453125,250.4824981689453,54.90829849243164,83.4718017578125
218.4857940673828,258.1868896484375,81.46769714355469,79.18399810791016
199.2563018798828,258.45599365234375,97.26380157470703,79.44239807128906
197.65989685058594,259.9023132324219,78.46499633789062,75.125
179.11830139160156,247.6262969970703,97.02850341796875,86.356201171875
174.0343017578125,201.77659606933594,99.52940368652344,117.64009857177734
183.67160034179688,164.62600708007812,78.55259704589844,127.90260314941406
190.6688995361328,133.18170166015625,95.89299774169922,122.04090118408203
199.16110229492188,122.24089813232422,100.16690063476562,108.36319732666016
201.3946990966797,117.71769714355469,111.17960357666016,90.84439849853516
214.91859436035156,117.79609680175781,119.04930114746094,67.69490051269531
235.99859619140625,119.11150360107422,111.26319885253906,78.91449737548828
256.1860046386719,121.627197265625,89.154296875,83.25279998779297
264.7355041503906,123.37030029296875,85.67949676513672,94.30770111083984
293.94610595703125,137.99490356445312,60.65629959106445,108.11419677734375
299.8472900390625,139.20559692382812,56.173500061035156,107.80059814453125
324.9884948730469,187.85850524902344,27.885000228881836,87.89299774169922
324.23779296875,181.55870056152344,28.737300872802734,100.447998046875
323.75189208984375,200.6116943359375,22.372499465942383,89.2572021484375
323.6536865234375,200.95359802246094,25.106599807739258,102.69969940185547
303.18328857421875,211.81739807128906,36.64149856567383,92.51309967041016
276.2142028808594,229.97230529785156,62.464500427246094,98.87470245361328
246.6072998046875,232.48300170898438,81.43479919433594,78.12000274658203
238.9700927734375,235.3551025390625,84.14309692382812,93.29650115966797
231.4281005859375,235.22189331054688,84.2781982421875,87.69020080566406
210.44189453125,229.904296875,82.61280059814453,71.77179718017578
195.6584930419922,198.44309997558594,88.32550048828125,89.50260162353516
187.1779022216797,177.66639709472656,80.76000213623047,88.91259765625
191.90199279785156,157.10549926757812,70.1240005493164,81.33650207519531
192.15060424804688,125.10150146484375,74.91470336914062,94.76190185546875
190.4346923828125,91.37210083007812,89.45089721679688,124.77369689941406
196.67340087890625,95.51370239257812,80.07830047607422,90.84390258789062
198.25059509277344,94.23179626464844,83.41580200195312,84.85459899902344
209.18069458007812,82.60990142822266,83.80970001220703,82.49510192871094
234.09869384765625,80.106201171875,63.96260070800781,70.8280029296875
235.1905975341797,80.48930358886719,64.68360137939453,67.4176025390625
238.87759399414062,83.07499694824219,66.13710021972656,74.83580017089844
264.1351013183594,89.029296875,49.2599983215332,79.93370056152344
284.47149658203125,103.01139831542969,25.235000610351562,77.03019714355469
289.27099609375,106.2614974975586,23.468000411987305,90.80439758300781
290.9635009765625,115.3031005859375,23.60650062561035,88.80699920654297
288.918212890625,140.3123016357422,27.639799118041992,81.1500015258789
272.47918701171875,163.03810119628906,37.21160125732422,58.632301330566406
269.654296875,164.47520446777344,39.26890182495117,66.12860107421875
263.1169128417969,163.92320251464844,47.082801818847656,65.43460083007812
235.3665008544922,185.8240966796875,66.74120330810547,46.9463996887207
225.78309631347656,187.3708953857422,69.76100158691406,45.02389907836914
212.5885009765625,186.97320556640625,79.71420288085938,36.307498931884766
208.14939880371094,186.83509826660156,80.7428970336914,31.852399826049805
199.64739990234375,173.0334930419922,77.42379760742188,32.00080108642578
198.6929931640625,164.81089782714844,59.39059829711914,38.40729904174805
195.897705078125,137.4154052734375,72.27200317382812,65.46189880371094
194.5561981201172,143.5325927734375,74.66529846191406,59.527099609375
189.88040161132812,132.96730041503906,81.54830169677734,71.04979705810547
189.8271942138672,128.97540283203125,82.21549987792969,74.11810302734375
188.65150451660156,127.40350341796875,83.93240356445312,76.98069763183594
181.63229370117188,131.70179748535156,86.61170196533203,80.30580139160156
181.60049438476562,133.57000732421875,86.48259735107422,80.89990234375
182.2552947998047,142.93890380859375,81.21019744873047,81.285400390625
186.46389770507812,171.90530395507812,71.37049865722656,59.94540023803711
184.89120483398438,175.32470703125,71.9636001586914,71.05460357666016
185.94419860839844,191.70599365234375,71.33219909667969,73.82039642333984
183.101806640625,200.84800720214844,77.560302734375,80.55690002441406
187.04600524902344,208.56900024414062,73.58699798583984,78.72530364990234
187.88099670410156,220.05479431152344,78.83779907226562,79.4259033203125
190.8155975341797,224.341796875,79.15959930419922,76.63719940185547
200.54119873046875,230.3553009033203,67.39800262451172,65.27290344238281
206.3907012939453,229.53619384765625,61.43840026855469,53.381099700927734
206.94960021972656,229.4947967529297,62.0447998046875,50.03120040893555
210.98680114746094,208.52890014648438,56.10179901123047,60.481201171875
210.02490234375,211.09950256347656,57.56999969482422,51.23939895629883
210.3748016357422,212.07269287109375,56.32720184326172,48.56330108642578
209.88400268554688,184.93609619140625,60.94110107421875,61.93470001220703
209.7805938720703,180.79660034179688,62.30110168457031,61.167301177978516
206.33070373535156,165.75750732421875,67.18199920654297,65.76509857177734
201.3643035888672,155.9261932373047,69.45379638671875,69.37870025634766
200.9716033935547,151.21389770507812,71.8541030883789,72.53289794921875
201.98370361328125,153.42349243164062,68.12840270996094,71.38279724121094
196.12469482421875,149.91490173339844,72.60469818115234,71.71009826660156
196.6678924560547,156.40460205078125,70.55580139160156,65.49939727783203
193.46499633789062,161.422607421875,73.23290252685547,62.52579879760742
193.1634979248047,167.01089477539062,71.81759643554688,57.348201751708984
190.05259704589844,174.56649780273438,76.91239929199219,55.26750183105469
188.26010131835938,182.49180603027344,78.62699890136719,49.2322998046875
189.44320678710938,184.6707000732422,78.1312026977539,48.382999420166016
188.9152069091797,191.7530975341797,75.85479736328125,41.4193000793457
189.07470703125,193.19509887695312,76.46980285644531,40.238800048828125
187.88600158691406,194.07949829101562,76.54139709472656,39.72840118408203
186.0384979248047,193.6569061279297,75.82679748535156,40.52389907836914
183.27569580078125,192.4176025390625,80.3760986328125,39.273799896240234
178.63690185546875,183.98629760742188,84.1863021850586,30.446399688720703
177.3892059326172,160.13160705566406,85.42060089111328,43.26259994506836
177.7324981689453,163.2418975830078,83.04759979248047,31.34309959411621
175.46620178222656,173.30540466308594,85.41339874267578,24.883899688720703
173.76199340820312,160.3809051513672,82.78500366210938,28.999900817871094
175.6656951904297,140.3842010498047,83.28109741210938,45.912899017333984
178.99090576171875,123.845703125,83.1343002319336,60.18659973144531
178.20559692382812,125.84549713134766,82.99710083007812,56.86140060424805
179.9897003173828,114.98480224609375,81.9302978515625,59.68410110473633
183.01669311523438,112.20140075683594,97.52639770507812,68.59989929199219
182.84030151367188,111.86750030517578,84.69879913330078,61.171600341796875
184.66419982910156,113.01830291748047,97.47129821777344,64.32620239257812
185.9196014404297,112.74559783935547,76.86959838867188,54.6968994140625
187.1898956298828,118.1865005493164,80.56439971923828,52.785400390625
188.34219360351562,120.04180145263672,75.37840270996094,50.89979934692383
188.3553009033203,127.34339904785156,76.93779754638672,48.98979949951172
188.06509399414062,130.78509521484375,73.2802963256836,44.59479904174805
187.7886962890625,140.631103515625,73.35040283203125,40.09700012207031
187.44009399414062,143.1461944580078,73.69999694824219,39.38570022583008
186.4669952392578,153.88119506835938,74.77490234375,36.92300033569336
187.4783935546875,160.61160278320312,72.9989013671875,29.472900390625
184.14999389648438,172.73300170898438,75.37079620361328,24.804000854492188
182.1031951904297,174.41209411621094,78.41300201416016,21.443500518798828
183.05020141601562,174.56509399414062,76.30979919433594,21.673900604248047
182.63009643554688,180.47259521484375,76.89199829101562,20.859699249267578
181.25289916992188,181.8925018310547,77.68360137939453,19.272499084472656
179.64610290527344,184.44760131835938,79.99400329589844,17.428499221801758
178.8907928466797,184.9499969482422,80.80860137939453,17.080400466918945
177.2664031982422,185.17030334472656,83.80490112304688,16.761699676513672
178.52349853515625,185.11639404296875,82.84210205078125,16.820199966430664
178.56480407714844,184.93479919433594,82.39080047607422,16.543800354003906
176.11500549316406,185.25140380859375,86.18779754638672,16.060800552368164
176.01719665527344,183.50059509277344,87.78140258789062,15.972999572753906
175.37879943847656,184.13330078125,89.28289794921875,16.162700653076172
175.493896484375,182.1072998046875,90.66470336914062,16.04450035095215
174.52699279785156,181.38270568847656,92.81759643554688,16.050100326538086
176.42100524902344,179.02630615234375,93.61479949951172,16.874300003051758
174.35409545898438,179.13150024414062,95.70919799804688,16.781099319458008
176.12229919433594,175.88319396972656,99.02339935302734,17.67020034790039
171.5178985595703,175.2592010498047,103.45559692382812,17.775100708007812
180.45790100097656,169.82440185546875,101.43340301513672,20.042999267578125
178.88619995117188,170.08509826660156,99.44650268554688,19.687299728393555
178.78480529785156,170.92799377441406,100.26429748535156,18.318899154663086
184.2200927734375,161.6741943359375,105.61689758300781,22.54400062561035
193.25079345703125,154.89210510253906,107.84010314941406,23.260000228881836
196.74510192871094,155.68649291992188,108.83319854736328,23.125699996948242
196.35719299316406,154.5330047607422,108.38520050048828,22.91670036315918
212.8470001220703,143.34979248046875,105.222900390625,30.534700393676758
232.18980407714844,134.39999389648438,97.44239807128906,37.62689971923828
232.4095001220703,134.19369506835938,101.35369873046875,35.73030090332031
256.41680908203125,127.96620178222656,86.24189758300781,40.31840133666992
273.6253967285156,126.61810302734375,84.09729766845703,40.23619842529297
276.19378662109375,125.98419952392578,82.61930084228516,39.854698181152344
297.74481201171875,126.66560363769531,70.11199951171875,38.115699768066406
300.023193359375,128.0399932861328,70.018798828125,37.50579833984375
318.7663879394531,126.1635971069336,61.49679946899414,41.45180130004883
321.1890869140625,126.38860321044922,57.237098693847656,40.11669921875
340.38909912109375,124.16280364990234,46.19449996948242,49.31669998168945
341.2074890136719,124.15440368652344,45.112300872802734,49.0531005859375
357.5526123046875,123.58110046386719,45.72610092163086,55.341400146484375
358.0531921386719,123.85910034179688,42.97949981689453,55.05550003051758
357.9552917480469,122.76629638671875,44.09389877319336,55.99250030517578
367.5527038574219,125.35310363769531,49.83250045776367,58.16320037841797
375.1745910644531,133.66160583496094,64.10559844970703,51.17679977416992
374.67510986328125,134.1947021484375,63.232200622558594,50.496299743652344
380.381103515625,140.67799377441406,84.8311996459961,38.06700134277344
379.0653076171875,141.4571075439453,85.39029693603516,37.46039962768555
385.69268798828125,143.272705078125,118.018798828125,36.734100341796875
385.25421142578125,143.65480041503906,117.87999725341797,36.0442008972168
385.92388916015625,144.33619689941406,117.46659851074219,35.87820053100586
396.3511047363281,145.09080505371094,130.44000244140625,35.29290008544922
406.0130920410156,144.2947998046875,140.11959838867188,37.66019821166992
407.22320556640625,144.07879638671875,138.5924072265625,37.740501403808594
411.7231140136719,144.4759063720703,134.12379455566406,38.735599517822266
428.0375061035156,144.98989868164062,133.60400390625,43.6416015625
424.465087890625,147.08279418945312,148.51730346679688,42.710201263427734
426.3965148925781,148.24339294433594,145.12109375,42.34320068359375
429.59820556640625,148.8813018798828,144.80990600585938,41.960601806640625
428.98590087890625,149.32730102539062,153.54629516601562,41.75790023803711
448.2615966796875,148.82980346679688,137.28469848632812,42.98759841918945
450.3597106933594,148.7021026611328,134.26170349121094,43.19889831542969
458.4576110839844,147.6094970703125,125.41100311279297,43.99480056762695
461.92620849609375,146.85060119628906,124.3678970336914,44.226898193359375
464.6622009277344,147.885498046875,124.43840026855469,44.1599006652832
464.8096923828125,147.07049560546875,125.96929931640625,46.0369987487793
469.2597961425781,145.4864044189453,121.64920043945312,46.83610153198242
470.86590576171875,145.83729553222656,123.0082015991211,45.50910186767578
481.0787048339844,143.86729431152344,117.50039672851562,46.682498931884766
484.1995849609375,145.34739685058594,117.20339965820312,47.88090133666992
485.2893981933594,146.28680419921875,115.55760192871094,46.081199645996094
492.75518798828125,148.03720092773438,114.2020034790039,49.04079818725586
491.0658874511719,147.3179931640625,114.69730377197266,47.972599029541016
491.1720886230469,149.22560119628906,115.83519744873047,46.93239974975586
500.15460205078125,151.75039672851562,111.26129913330078,47.6609992980957
500.9715881347656,151.28750610351562,115.19159698486328,50.06330108642578
503.2632141113281,151.67759704589844,113.12079620361328,50.8036003112793
507.2309875488281,150.09190368652344,112.98639678955078,51.9015007019043
508.03369140625,148.56419372558594,116.50039672851562,52.928199768066406
512.6727905273438,146.41009521484375,110.4406967163086,55.33300018310547
513.0070190429688,144.79220581054688,112.07740020751953,57.85380172729492
514.485595703125,142.32310485839844,111.8584976196289,57.708499908447266
512.7634887695312,141.4739990234375,117.39579772949219,58.92150115966797
516.0177001953125,139.10220336914062,113.63249969482422,64.57489776611328
517.7396240234375,136.89109802246094,116.23320007324219,67.85399627685547
514.4384155273438,135.81570434570312,121.09400177001953,68.0687026977539
514.412109375,134.8177947998047,120.43479919433594,69.78389739990234
514.3112182617188,133.5926971435547,120.84529876708984,71.40850067138672
514.1577758789062,131.22569274902344,120.29650115966797,74.01429748535156
510.6943054199219,128.2220001220703,123.68289947509766,78.78079986572266
505.32659912109375,127.1083984375,124.30690002441406,81.41349792480469
505.5661926269531,127.01200103759766,123.8230972290039,82.2426986694336
506.19580078125,126.14830017089844,123.23750305175781,83.94730377197266
497.1628112792969,128.27879333496094,124.16470336914062,82.43939971923828
497.9928894042969,128.55850219726562,120.90350341796875,83.60489654541016
489.72198486328125,128.8188934326172,124.82260131835938,84.80979919433594
491.8351135253906,128.38119506835938,120.60540008544922,86.1093978881836
491.8785095214844,127.38500213623047,120.80069732666016,88.11540222167969
480.1565856933594,125.90910339355469,126.06690216064453,86.40489959716797
473.4381103515625,127.73310089111328,124.79630279541016,81.38729858398438
472.89080810546875,127.62359619140625,122.77580261230469,81.1572036743164
459.35308837890625,123.74829864501953,129.2313995361328,85.00789642333984
463.172607421875,123.88990020751953,120.52339935302734,83.18090057373047
445.18121337890625,117.84400177001953,132.0532989501953,90.38849639892578
449.5896911621094,117.96219635009766,126.96720123291016,89.89309692382812
447.86981201171875,117.50920104980469,126.31089782714844,88.04730224609375
426.4849853515625,117.98609924316406,140.35659790039062,95.91790008544922
413.5797119140625,122.17720031738281,141.59649658203125,96.81839752197266
416.5802917480469,122.65660095214844,131.7528076171875,94.9656982421875
405.5369873046875,124.28949737548828,129.69239807128906,104.50129699707031
407.177490234375,123.3904037475586,125.01519775390625,102.53919982910156
402.64630126953125,122.88880157470703,114.18599700927734,111.97489929199219
402.3382873535156,125.00589752197266,113.36499786376953,109.65679931640625
401.8924865722656,123.22149658203125,109.7572021484375,111.05020141601562
399.99169921875,121.77690124511719,99.4020004272461,117.25589752197266
399.3606872558594,122.08319854736328,97.00890350341797,117.73970031738281
398.0575866699219,123.4708023071289,85.58059692382812,117.94619750976562
401.03839111328125,125.00920104980469,87.61109924316406,117.78070068359375
400.6781921386719,124.0822982788086,89.90119934082031,120.33439636230469
400.8019104003906,120.52660369873047,95.42150115966797,122.9979019165039
399.9587097167969,121.68710327148438,96.0634994506836,121.70169830322266
399.46148681640625,121.7208023071289,107.11740112304688,120.30609893798828
399.0563049316406,121.59839630126953,106.07929992675781,122.41790008544922
398.2134094238281,122.80139923095703,116.27230072021484,120.76490020751953
400.2381896972656,124.81950378417969,116.00309753417969,119.73909759521484
400.29058837890625,127.09400177001953,126.16110229492188,120.94319915771484
402.4849853515625,127.40290069580078,132.2386932373047,121.68879699707031
404.9114074707031,126.71600341796875,128.99949645996094,124.90190124511719
404.8111877441406,127.00140380859375,130.75289916992188,125.4135971069336
407.2156982421875,126.75,132.66329956054688,123.02040100097656
408.0733947753906,125.20369720458984,132.6894073486328,122.37740325927734
412.9739990234375,127.818603515625,130.6414031982422,119.98539733886719
413.7486877441406,126.33110046386719,129.86720275878906,122.13790130615234
412.45819091796875,125.4625015258789,131.28919982910156,123.91300201416016
415.9707946777344,125.54440307617188,130.34939575195312,126.95850372314453
417.76031494140625,125.14830017089844,129.647705078125,125.47260284423828
418.502197265625,123.28880310058594,132.01229858398438,131.1938934326172
419.6037902832031,122.91410064697266,131.58389282226562,129.99729919433594
419.47540283203125,121.28350067138672,132.39340209960938,132.2938995361328
424.32489013671875,121.80400085449219,131.24330139160156,136.2947998046875
429.2388000488281,125.93569946289062,126.93229675292969,134.20449829101562
426.7018127441406,126.63020324707031,130.05889892578125,133.61219787597656
432.5014953613281,133.15390014648438,123.81710052490234,128.35130310058594
434.2318115234375,134.97349548339844,122.11430358886719,126.0625
436.71820068359375,137.02969360351562,122.13770294189453,125.5988998413086
437.01348876953125,138.3397979736328,121.62629699707031,123.9801025390625
438.69110107421875,139.6262969970703,121.07589721679688,122.78060150146484
443.8067932128906,141.5657958984375,118.21790313720703,124.05570220947266
443.85791015625,142.63479614257812,119.27349853515625,121.43689727783203
447.68890380859375,143.3148956298828,116.8219985961914,122.10820007324219
446.9989929199219,143.5507049560547,118.13899993896484,121.0322036743164
450.239013671875,143.264892578125,116.42350006103516,124.64649963378906
452.22369384765625,143.64019775390625,115.6947021484375,125.0884017944336
456.3507080078125,146.38909912109375,114.68270111083984,126.75389862060547
457.6310119628906,147.6970977783203,114.73650360107422,124.82859802246094
461.97021484375,148.9844970703125,113.75389862060547,122.4375
462.0487060546875,149.1540985107422,114.21489715576172,119.73709869384766
466.4443054199219,150.2624053955078,109.67389678955078,104.80719757080078
470.1370849609375,149.08709716796875,107.45279693603516,106.75260162353516
470.5530090332031,149.16600036621094,108.31310272216797,105.92900085449219
475.38720703125,147.95199584960938,109.26280212402344,116.67500305175781
473.5382995605469,148.5706024169922,112.72229766845703,118.48419952392578
478.852294921875,147.58580017089844,106.9011001586914,121.60160064697266
476.67401123046875,147.81790161132812,105.80879974365234,120.33599853515625
481.6347961425781,147.38710021972656,101.34619903564453,114.22760009765625
482.3774108886719,149.55520629882812,98.63970184326172,110.33450317382812
484.3763122558594,153.02369689941406,95.59660339355469,87.23780059814453
485.0697937011719,154.85890197753906,94.58509826660156,89.16840362548828
481.409912109375,158.41909790039062,97.79530334472656,81.05940246582031
479.5093078613281,159.50669860839844,99.71649932861328,77.54609680175781
473.0331115722656,159.451904296875,106.9844970703125,70.82430267333984
471.7940979003906,160.0673065185547,106.62409973144531,66.35359954833984
460.651611328125,152.36019897460938,118.0071029663086,72.48159790039062
463.7668151855469,151.27789306640625,115.53050231933594,73.6250991821289
459.9801940917969,150.64959716796875,120.06400299072266,72.75579833984375
450.5575866699219,144.20799255371094,123.23780059814453,71.87930297851562
448.11370849609375,143.8072967529297,121.96289825439453,71.44619750976562
427.8505859375,131.2805938720703,140.66380310058594,59.63479995727539
427.1423034667969,128.91700744628906,139.45419311523438,68.76210021972656
428.1022033691406,131.9904022216797,134.71080017089844,65.5167007446289
421.32269287109375,105.90180206298828,127.4312973022461,76.51629638671875
394.65899658203125,94.9113998413086,106.05780029296875,76.30950164794922
388.0013122558594,96.31999969482422,124.0873031616211,73.6449966430664
376.1003112792969,84.30449676513672,113.2229995727539,74.55419921875
379.0483093261719,87.58360290527344,106.24960327148438,68.79550170898438
361.1156005859375,80.22339630126953,105.32980346679688,67.97260284423828
354.81878662109375,78.24859619140625,103.5967025756836,68.87169647216797
337.6700134277344,70.0302963256836,101.13860321044922,71.1759033203125
324.21551513671875,66.67919921875,112.78990173339844,73.63939666748047
320.8186950683594,61.148101806640625,98.92230224609375,80.88790130615234
313.74920654296875,57.611900329589844,106.02629852294922,86.47889709472656
306.547607421875,58.749900817871094,107.92279815673828,92.03890228271484
288.7239074707031,55.45640182495117,107.10040283203125,101.93419647216797
275.1531066894531,56.75960159301758,100.018798828125,110.44869995117188
272.77911376953125,58.4193000793457,103.23680114746094,111.06620025634766
271.7159118652344,61.337799072265625,102.45670318603516,109.2594985961914
260.2347106933594,66.64689636230469,97.83670043945312,109.25910186767578
252.08160400390625,72.81620025634766,92.76080322265625,106.33170318603516
245.95509338378906,81.52729797363281,86.927001953125,104.77249908447266
242.60870361328125,85.06109619140625,87.0342025756836,100.73280334472656
236.15220642089844,95.23899841308594,82.51740264892578,99.65129852294922
234.99899291992188,95.5719985961914,79.7020034790039,98.12010192871094
229.0740966796875,107.41400146484375,77.6697998046875,96.86509704589844
228.74749755859375,111.15599822998047,74.46859741210938,94.96630096435547
226.9871063232422,120.18080139160156,69.15619659423828,96.5073013305664
227.6114959716797,122.8405990600586,67.01519775390625,95.0156021118164
229.63519287109375,133.33079528808594,60.744300842285156,94.34950256347656
229.01730346679688,137.25559997558594,58.397499084472656,92.02749633789062
232.6529998779297,148.25489807128906,51.71950149536133,91.80680084228516
233.6925048828125,149.8596954345703,48.6593017578125,90.86229705810547
234.7823944091797,152.6324005126953,47.26380157470703,94.03820037841797
239.94439697265625,167.91319274902344,42.33890151977539,91.09449768066406
240.24070739746094,181.3498992919922,50.76279830932617,97.92680358886719
240.6938934326172,180.69659423828125,51.1245002746582,96.35859680175781
240.1497039794922,182.67349243164062,47.5276985168457,95.55850219726562
238.14649963378906,196.28460693359375,60.364601135253906,96.60710144042969
237.28640747070312,193.6251983642578,63.5973014831543,98.62409973144531
232.1903076171875,202.1968994140625,67.2665023803711,94.60310363769531
231.7675018310547,203.34039306640625,69.64649963378906,96.08709716796875
231.69000244140625,203.22410583496094,68.80269622802734,96.10890197753906
225.85879516601562,207.93099975585938,54.77130126953125,95.58660125732422
222.92129516601562,212.89549255371094,48.59299850463867,90.17279815673828
196.6240997314453,211.0402069091797,74.59729766845703,91.25180053710938
195.94920349121094,212.6916046142578,72.23829650878906,80.08940124511719
180.15069580078125,219.6511993408203,82.37920379638672,70.92259979248047
175.86180114746094,197.4351043701172,92.20179748535156,77.2489013671875
173.2523956298828,174.8177032470703,94.62650299072266,93.48539733886719
172.07699584960938,155.87750244140625,101.76280212402344,100.66790008544922
175.97349548339844,137.23240661621094,97.5698013305664,104.10199737548828
181.4364013671875,140.52670288085938,96.4478988647461,101.04920196533203
185.53970336914062,123.88359832763672,94.06600189208984,108.18879699707031
185.8437957763672,108.60050201416016,94.46769714355469,112.51390075683594
199.52139282226562,80.75399780273438,87.60310363769531,117.064697265625
203.58399963378906,56.486698150634766,105.4906997680664,120.72049713134766
205.14930725097656,50.230899810791016,114.2322006225586,122.4490966796875
205.65989685058594,48.13970184326172,114.08049774169922,122.42649841308594
214.3480987548828,49.68199920654297,121.9988021850586,106.51139831542969
231.34730529785156,45.98680114746094,126.62159729003906,100.77320098876953
238.45030212402344,36.09339904785156,150.42010498046875,93.62519836425781
260.5624084472656,32.03860092163086,155.90249633789062,89.1011962890625
286.3357849121094,35.40629959106445,137.38519287109375,76.86029815673828
298.17718505859375,36.930198669433594,139.29100036621094,73.23819732666016
313.6099853515625,38.777400970458984,129.55050659179688,74.33270263671875
322.4408874511719,40.417301177978516,124.20449829101562,76.22979736328125
343.28179931640625,45.7244987487793,123.17559814453125,84.45490264892578
358.3219909667969,53.76459884643555,128.35870361328125,87.52210235595703
361.9873962402344,55.39350128173828,130.45379638671875,105.09349822998047
373.9305114746094,66.55349731445312,126.15059661865234,109.30470275878906
376.94879150390625,71.12570190429688,126.38469696044922,123.25129699707031
384.58758544921875,90.17970275878906,118.56069946289062,119.2074966430664
384.7119140625,96.0708999633789,121.91220092773438,131.20179748535156
383.4356994628906,101.18180084228516,123.62640380859375,135.94119262695312
390.5097961425781,122.83460235595703,114.15689849853516,133.29330444335938
389.7289123535156,137.4781951904297,106.75599670410156,133.75160217285156
388.5591125488281,147.78419494628906,104.50990295410156,132.8549041748047
388.3688049316406,168.6846923828125,88.08809661865234,121.45760345458984
385.835693359375,177.60040283203125,90.0457992553711,116.30049896240234
380.8172912597656,194.18870544433594,82.19580078125,119.82749938964844
381.6308898925781,198.37770080566406,81.37139892578125,118.97570037841797
383.81671142578125,199.25970458984375,78.84600067138672,120.53610229492188
377.4054870605469,210.7646026611328,82.88390350341797,112.61270141601562
376.4245910644531,216.02479553222656,85.41390228271484,106.44100189208984
376.4386901855469,216.85789489746094,84.68499755859375,107.3051986694336
381.55670166015625,222.31300354003906,82.82080078125,103.08360290527344
384.2107849121094,225.19679260253906,80.57550048828125,102.09629821777344
386.7799987792969,230.40199279785156,83.74579620361328,92.32720184326172
386.0740051269531,229.66380310058594,85.13780212402344,93.1760025024414
387.5339050292969,230.5637969970703,83.8407974243164,93.49949645996094
389.51611328125,230.85789489746094,92.61309814453125,94.16790008544922
400.4490051269531,225.1038055419922,103.31379699707031,101.8102035522461
415.8207092285156,218.5095977783203,111.12830352783203,105.41570281982422
414.0802917480469,219.37120056152344,111.83049774169922,105.8761978149414
415.35321044921875,219.2111053466797,110.07749938964844,106.61710357666016
431.98779296875,212.5863037109375,119.6344985961914,109.32530212402344
433.26959228515625,212.1802978515625,117.40039825439453,110.47579956054688
434.9952087402344,211.8195037841797,119.34310150146484,110.97570037841797
446.30499267578125,205.8760986328125,127.48200225830078,113.02490234375
456.71240234375,197.53219604492188,130.29409790039062,118.95989990234375
459.15069580078125,195.77499389648438,126.97419738769531,121.74369812011719
468.9812927246094,184.8511962890625,126.30339813232422,126.73320007324219
472.06280517578125,183.49830627441406,121.76309967041016,126.38580322265625
479.3174133300781,172.7664031982422,123.06420135498047,129.7274932861328
479.2587890625,171.3690948486328,122.55500030517578,129.24119567871094
480.510498046875,169.3511962890625,121.19779968261719,129.8737030029297
487.810302734375,156.41470336914062,123.01029968261719,131.41050720214844
495.68438720703125,138.59280395507812,122.6947021484375,135.9073944091797
496.6142883300781,140.49949645996094,123.12329864501953,132.56829833984375
502.5412902832031,122.44529724121094,124.09770202636719,129.7655029296875
501.6258850097656,121.5374984741211,127.12909698486328,132.15310668945312
502.6986083984375,104.15049743652344,128.67300415039062,135.88999938964844
502.3570861816406,103.10890197753906,131.81619262695312,133.1741943359375
501.58819580078125,98.71949768066406,133.01400756835938,133.8719940185547
502.5718994140625,91.78070068359375,134.75759887695312,128.98260498046875
500.5295104980469,82.81909942626953,137.84719848632812,128.72549438476562
497.9861145019531,74.94490051269531,139.50669860839844,127.71009826660156
497.5096130371094,74.68419647216797,139.51690673828125,122.15789794921875
491.6896057128906,66.95030212402344,140.96420288085938,125.91840362548828
491.9927062988281,66.52169799804688,141.07369995117188,122.91320037841797
492.00360107421875,65.23729705810547,140.60899353027344,123.18309783935547
483.7510070800781,60.833900451660156,140.14390563964844,126.64669799804688
473.8370056152344,60.424198150634766,140.66769409179688,127.1249008178711
474.0448913574219,59.164398193359375,136.9326934814453,129.22250366210938
464.4110107421875,59.024200439453125,134.568603515625,131.7707977294922
462.30670166015625,57.72480010986328,131.09339904785156,131.53509521484375
450.8844909667969,59.82550048828125,129.73080444335938,130.06500244140625
447.6799011230469,58.36600112915039,131.1175994873047,132.49090576171875
435.13018798828125,61.89799880981445,131.0605010986328,130.32269287109375
430.50311279296875,63.46500015258789,131.1750030517578,128.158203125
411.3804931640625,69.9832992553711,127.18289947509766,129.7633056640625
386.75689697265625,76.13200378417969,132.5426025390625,130.17669677734375
390.12091064453125,79.39309692382812,122.02359771728516,124.60639953613281
369.3656921386719,84.05690002441406,123.3407974243164,122.56900024414062
369.65570068359375,84.61309814453125,121.2959976196289,124.24459838867188
368.1105041503906,85.7676010131836,119.93319702148438,121.22000122070312
352.6412048339844,87.3821029663086,118.3833999633789,121.8843994140625
333.8263854980469,89.5071029663086,115.8916015625,122.27580261230469
332.1565856933594,89.52310180664062,118.24939727783203,122.87370300292969
328.9389953613281,89.6344985961914,116.3949966430664,123.26809692382812
317.07879638671875,87.41220092773438,112.66739654541016,127.14109802246094
315.92730712890625,89.11699676513672,108.92479705810547,126.49040222167969
305.6748962402344,89.00550079345703,108.0656967163086,125.66010284423828
303.6842041015625,89.6709976196289,105.71189880371094,125.90080261230469
303.08551025390625,89.29530334472656,103.54920196533203,124.90049743652344
289.63909912109375,91.73629760742188,98.81680297851562,124.43769836425781
277.4895935058594,94.75640106201172,95.08589935302734,122.6603012084961
277.4494934082031,95.59809875488281,98.26219940185547,122.00420379638672
261.8572082519531,94.22139739990234,95.91539764404297,122.02010345458984
264.5205078125,94.46710205078125,93.77780151367188,121.5593032836914
252.9635009765625,93.20279693603516,93.8646011352539,122.78589630126953
251.0590057373047,93.69719696044922,93.08039855957031,121.07240295410156
249.4781951904297,94.25160217285156,92.40119934082031,121.2030029296875
236.98899841308594,93.42639923095703,92.11299896240234,122.23699951171875
223.33970642089844,94.44979858398438,94.52230072021484,122.81390380859375
221.65240478515625,96.32489776611328,95.73190307617188,120.50789642333984
210.30580139160156,94.37460327148438,90.57620239257812,122.94380187988281
209.49119567871094,96.74299621582031,91.22200012207031,121.45819854736328
197.9868927001953,98.5438003540039,90.52030181884766,121.25299835205078
196.30389404296875,99.18949890136719,90.01840209960938,120.0344009399414
182.0207061767578,100.17019653320312,95.0010986328125,120.39140319824219
182.95140075683594,99.81990051269531,91.47740173339844,119.97760009765625
162.6768035888672,100.46260070800781,103.10679626464844,120.18309783935547
163.44239807128906,102.47720336914062,92.91739654541016,119.38420104980469
159.76539611816406,104.17649841308594,93.59200286865234,116.77420043945312
138.7626953125,104.19619750976562,107.34739685058594,117.01799774169922
133.74630737304688,102.95939636230469,111.70020294189453,118.8844985961914
128.69619750976562,102.82209777832031,108.9729995727539,116.7322998046875
128.55160522460938,103.1240005493164,109.42250061035156,117.50330352783203
126.40010070800781,101.76239776611328,106.33779907226562,115.72350311279297
125.07540130615234,101.64109802246094,103.57530212402344,115.35310363769531
122.74320220947266,100.8729019165039,100.06680297851562,118.17859649658203
121.9613037109375,99.94640350341797,98.4386978149414,120.43710327148438
121.6803970336914,99.4751968383789,97.82340240478516,120.14409637451172
121.05059814453125,98.33039855957031,97.95010375976562,120.97550201416016
120.77899932861328,98.48490142822266,98.95459747314453,122.25299835205078
121.36009979248047,98.04869842529297,97.12480163574219,122.10769653320312
121.62660217285156,97.30819702148438,101.15560150146484,124.09310150146484
122.35289764404297,97.06520080566406,99.8499984741211,123.61250305175781
122.20600128173828,97.80619812011719,101.35060119628906,124.82099914550781
124.58439636230469,97.50350189208984,106.98509979248047,124.79509735107422
125.7479019165039,98.57420349121094,106.88150024414062,126.7677993774414
129.72500610351562,98.8678970336914,112.23200225830078,124.77870178222656
131.32589721679688,100.21410369873047,111.62840270996094,126.10639953613281
132.94180297851562,99.15859985351562,111.06390380859375,126.9113998413086
140.04209899902344,99.8478012084961,115.57649993896484,128.38279724121094
149.17100524902344,100.34649658203125,116.15689849853516,130.3596954345703
157.28579711914062,100.5791015625,108.35890197753906,131.19219970703125
163.17250061035156,101.26439666748047,117.9833984375,132.04649353027344
165.78250122070312,101.80249786376953,114.2876968383789,132.91839599609375
173.34410095214844,102.10880279541016,120.93150329589844,134.22360229492188
176.56700134277344,104.07859802246094,117.13349914550781,134.18299865722656
178.73919677734375,103.16719818115234,116.33519744873047,136.31399536132812
188.01820373535156,105.97589874267578,121.89679718017578,135.42410278320312
189.41929626464844,105.58360290527344,123.02200317382812,135.3271026611328
201.4134063720703,105.84259796142578,123.41190338134766,135.18409729003906
199.21400451660156,104.16500091552734,127.01589965820312,138.39129638671875
215.6708984375,102.8230972290039,126.8407974243164,137.48300170898438
224.72850036621094,101.91519927978516,120.05280303955078,137.79949951171875
242.10899353027344,99.07279968261719,123.50129699707031,139.07110595703125
249.220703125,99.439697265625,115.75350189208984,139.2205047607422
268.73309326171875,97.99079895019531,114.59420013427734,139.07260131835938
267.9851989746094,98.02799987792969,114.85030364990234,140.45260620117188
284.4325866699219,99.11389923095703,113.76699829101562,139.881103515625
301.3940124511719,99.04139709472656,114.55560302734375,141.5872039794922
302.6076965332031,100.68009948730469,114.80719757080078,140.0679931640625
321.7456970214844,101.28730010986328,109.74459838867188,141.0615997314453
319.1960144042969,100.4259033203125,114.27279663085938,144.7801055908203
334.4201965332031,101.86979675292969,113.3844985961914,143.88900756835938
336.17388916015625,102.5438003540039,114.79660034179688,144.1566925048828
352.9242858886719,103.44349670410156,111.85310363769531,141.46359252929688
352.3706970214844,104.58560180664062,114.48069763183594,141.37030029296875
366.5398864746094,103.39250183105469,111.02130126953125,140.32769775390625
367.297607421875,103.21900177001953,112.51020050048828,140.5948028564453
372.1448059082031,101.91560363769531,119.73249816894531,143.67140197753906
375.1875,101.52739715576172,116.8594970703125,144.00990295410156
380.2297058105469,102.5885009765625,123.5072021484375,141.84359741210938
382.9169921875,101.9843978881836,121.53469848632812,141.55149841308594
389.2829895019531,105.08920288085938,123.74659729003906,137.94239807128906
393.1304016113281,103.6802978515625,119.9269027709961,139.1259002685547
394.8233947753906,104.34629821777344,119.67549896240234,138.69580078125
403.2113952636719,107.0186996459961,118.11360168457031,139.50270080566406
408.0115966796875,106.435302734375,116.88179779052734,142.1887969970703
414.1315002441406,109.21289825439453,116.78340148925781,145.26040649414062
415.685791015625,110.5333023071289,115.71540069580078,147.85549926757812
415.7934875488281,110.97789764404297,116.23490142822266,153.306396484375
421.160888671875,115.04060363769531,119.45649719238281,155.28579711914062
429.3457946777344,118.5811996459961,119.21600341796875,149.46429443359375
428.5663146972656,119.32080078125,120.091796875,149.55389404296875
434.1072998046875,115.23760223388672,118.3936996459961,151.78379821777344
433.2367858886719,115.64330291748047,119.88739776611328,152.3433074951172
435.4847106933594,112.05590057373047,118.99610137939453,156.36819458007812
435.98809814453125,112.19419860839844,120.03620147705078,157.90170288085938
438.9866027832031,106.36979675292969,115.4738998413086,163.02520751953125
441.02880859375,106.49870300292969,111.54199981689453,160.57569885253906
434.35308837890625,102.95490264892578,113.26499938964844,156.64869689941406
434.1911926269531,100.59519958496094,115.17430114746094,153.26409912109375
420.5520935058594,98.96150207519531,122.81199645996094,154.5998992919922
418.23968505859375,98.35260009765625,123.66999816894531,154.5218963623047
405.8103942871094,98.0905990600586,130.31739807128906,154.43299865722656
405.83221435546875,99.693603515625,127.51139831542969,157.90589904785156
404.3695983886719,98.8895034790039,125.37750244140625,157.6634063720703
385.96990966796875,94.2916030883789,133.68020629882812,155.095703125
363.6824951171875,92.90460205078125,142.9019012451172,139.20880126953125
347.885986328125,85.28919982910156,143.13580322265625,134.1999969482422
343.6807861328125,83.82929992675781,146.7957000732422,137.6376953125
313.2137145996094,80.8677978515625,161.03939819335938,135.3986053466797
316.35888671875,80.85350036621094,152.29049682617188,137.5760040283203
300.3049011230469,77.29180145263672,152.3863983154297,132.4344940185547
301.88629150390625,81.60379791259766,145.2747039794922,124.56710052490234
323.0848083496094,87.44879913330078,108.18820190429688,108.53739929199219
290.4556884765625,84.2073974609375,135.99200439453125,116.19100189208984
292.23858642578125,104.77649688720703,109.96209716796875,94.93170166015625
303.8518981933594,87.64089965820312,99.32140350341797,94.15180206298828
279.28070068359375,88.83830261230469,109.26390075683594,105.09030151367188
277.9013977050781,86.5364990234375,107.29070281982422,106.7228012084961
280.6252136230469,84.70429992675781,102.73210144042969,104.50499725341797
260.281005859375,83.41100311279297,105.635498046875,105.57440185546875
252.50259399414062,83.62110137939453,101.12570190429688,104.23799896240234
248.31320190429688,82.91999816894531,103.48190307617188,108.00700378417969
246.69639587402344,80.21150207519531,103.67120361328125,109.49330139160156
231.87420654296875,78.25129699707031,105.50640106201172,110.0011978149414
225.08489990234375,76.22530364990234,111.09259796142578,111.09559631347656
210.0279998779297,74.70539855957031,113.07599639892578,112.03720092773438
208.322998046875,71.89289855957031,114.53690338134766,114.45490264892578
203.0283966064453,73.96649932861328,120.17310333251953,113.87120056152344
194.22889709472656,73.25440216064453,114.12259674072266,117.3948974609375
177.5417022705078,73.50070190429688,120.60230255126953,127.79850006103516
177.75669860839844,71.71630096435547,120.3031997680664,131.86720275878906
170.04049682617188,73.12969970703125,118.16290283203125,128.2884979248047
168.33599853515625,73.05400085449219,116.68319702148438,126.5927963256836
165.50990295410156,71.33080291748047,111.61180114746094,125.76319885253906
167.3115997314453,73.68470001220703,110.07599639892578,121.25589752197266
164.77870178222656,73.81849670410156,110.28150177001953,121.56320190429688
162.66700744628906,77.37969970703125,102.08309936523438,114.16329956054688
163.98370361328125,80.96150207519531,95.85359954833984,109.93679809570312
164.09649658203125,82.79019927978516,94.58370208740234,107.3667984008789
163.66580200195312,84.30419921875,93.42150115966797,105.99449920654297
165.835205078125,91.34359741210938,84.2979965209961,97.28579711914062
171.17820739746094,100.0958023071289,75.85289764404297,98.0625991821289
170.27099609375,102.37039947509766,73.30919647216797,93.99099731445312
172.59869384765625,105.94740295410156,70.99510192871094,96.4656982421875
177.49729919433594,118.8759994506836,62.89619827270508,95.21620178222656
181.02490234375,128.94979858398438,64.63999938964844,95.90989685058594
187.22340393066406,140.75540161132812,61.386600494384766,81.6343002319336
187.98880004882812,141.88510131835938,58.94879913330078,90.77680206298828
187.92669677734375,159.77859497070312,60.851200103759766,98.62470245361328
188.79159545898438,163.8542022705078,60.10960006713867,97.35050201416016
181.8802947998047,164.68260192871094,66.94429779052734,95.2645034790039
172.7415008544922,183.98959350585938,75.13020324707031,80.68229675292969
165.97300720214844,196.41700744628906,81.33769989013672,74.17150115966797
165.93060302734375,202.4904022216797,80.82599639892578,68.06220245361328
150.13540649414062,212.35330200195312,94.26860046386719,63.98160171508789
163.94869995117188,215.64669799804688,78.68560028076172,60.18050003051758
148.7519073486328,221.83399963378906,94.23889923095703,54.90299987792969
149.01589965820312,221.3760986328125,94.93949890136719,56.919498443603516
149.9844970703125,220.6656951904297,90.79340362548828,49.50279998779297
149.87060546875,219.46470642089844,87.98639678955078,52.0525016784668
154.7592010498047,216.44900512695312,86.34559631347656,48.705299377441406
165.6988983154297,196.16879272460938,84.84329986572266,46.12329864501953
168.95680236816406,183.50320434570312,95.93730163574219,50.256099700927734
177.74159240722656,173.13619995117188,129.21839904785156,55.438201904296875
178.72000122070312,176.6905059814453,126.01699829101562,50.59830093383789
181.93600463867188,172.2113037109375,125.08280181884766,52.20759963989258
201.8466033935547,128.9010009765625,157.59719848632812,92.06529998779297
219.92039489746094,101.35220336914062,165.456298828125,112.89089965820312
242.22000122070312,101.19989776611328,139.67340087890625,107.79519653320312
264.122802734375,86.48159790039062,125.0365982055664,117.622802734375
294.5697021484375,77.25170135498047,116.58799743652344,109.90270233154297
342.2611999511719,78.94249725341797,104.34300231933594,87.04149627685547
342.15399169921875,79.3041000366211,102.7948989868164,86.90350341796875
342.8445129394531,79.99490356445312,104.43009948730469,86.5166015625
371.10260009765625,83.3407974243164,91.23760223388672,80.20980072021484
390.7222900390625,83.41649627685547,84.64230346679688,93.49700164794922
391.276611328125,89.36489868164062,91.95379638671875,92.69719696044922
410.3418884277344,104.70249938964844,82.20220184326172,96.94349670410156
410.9443054199219,111.66719818115234,82.84320068359375,93.96800231933594
423.4783020019531,118.64710235595703,70.27310180664062,108.7123031616211
421.0440979003906,129.12330627441406,72.61380004882812,97.25129699707031
421.81658935546875,140.20779418945312,68.3373031616211,90.48149871826172
432.309814453125,166.53829956054688,48.944000244140625,87.33059692382812
425.2908020019531,183.7032928466797,58.17559814453125,92.19419860839844
423.9526062011719,198.95150756835938,70.9813003540039,96.43939971923828
424.35528564453125,200.3804931640625,73.5645980834961,95.35759735107422
419.91448974609375,211.76820373535156,76.34529876708984,83.31770324707031
415.95208740234375,212.07339477539062,79.80229949951172,83.84619903564453
416.3013916015625,212.05020141601562,77.90650177001953,80.456298828125
408.485595703125,213.4010009765625,69.5261001586914,70.56950378417969
406.10418701171875,211.6510009765625,64.7520980834961,44.99689865112305
400.06890869140625,210.04319763183594,66.09089660644531,52.206199645996094
379.76708984375,177.39920043945312,79.98169708251953,75.1990966796875
387.55010986328125,182.27560424804688,73.6937026977539,68.48090362548828
353.4208068847656,134.51089477539062,93.12699890136719,101.27870178222656
354.215087890625,130.14610290527344,90.43119812011719,102.9198989868164
352.7152099609375,94.13680267333984,69.21890258789062,117.08550262451172
341.4869079589844,98.3864974975586,79.69300079345703,107.58080291748047
331.1322021484375,78.27100372314453,77.61840057373047,103.722900390625
332.3507080078125,64.35919952392578,79.14340209960938,116.10590362548828
325.87530517578125,59.04330062866211,66.25129699707031,98.518798828125
324.5826110839844,36.97090148925781,56.85300064086914,102.44969940185547
324.9375915527344,62.66120147705078,56.980201721191406,75.13289642333984
325.63531494140625,35.5181999206543,57.17729949951172,100.6135025024414
324.8328857421875,28.691200256347656,51.83259963989258,88.82109832763672
325.6852111816406,28.839500427246094,47.145301818847656,80.84400177001953
325.59149169921875,22.228700637817383,44.814701080322266,74.94390106201172
327.7052917480469,21.573999404907227,43.40399932861328,69.90840148925781
327.1239013671875,22.59280014038086,42.64799880981445,66.25379943847656
328.9085998535156,14.512499809265137,38.604000091552734,65.0062026977539
328.74591064453125,12.358499526977539,38.727699279785156,65.10060119628906
332.7384033203125,11.089599609375,33.73529815673828,61.19309997558594
335.4361877441406,10.535099983215332,37.441898345947266,78.7146987915039
336.1741943359375,10.627900123596191,37.6505012512207,77.49359893798828
341.593505859375,11.910699844360352,36.9995002746582,78.85649871826172
347.2311096191406,16.44529914855957,34.7244987487793,70.50849914550781
349.9366149902344,16.757200241088867,32.41429901123047,68.47200012207031
355.7936096191406,32.253501892089844,31.827499389648438,60.096900939941406
348.6517028808594,31.84980010986328,43.4385986328125,68.34290313720703
349.337890625,41.03200149536133,42.29090118408203,60.616600036621094
352.1051025390625,41.534400939941406,37.71379852294922,56.50389862060547
353.1521911621094,41.97840118408203,36.907100677490234,56.21099853515625
353.0631103515625,49.2495002746582,34.85490036010742,48.78099822998047
351.3783874511719,57.407501220703125,34.7317008972168,41.86750030517578
351.4259948730469,56.79140090942383,39.05649948120117,39.873199462890625
348.4494934082031,63.455101013183594,42.33440017700195,36.64550018310547
348.6929016113281,63.480899810791016,37.4364013671875,37.42129898071289
349.46820068359375,71.78279876708984,33.75339889526367,29.452899932861328
341.3418884277344,66.01860046386719,46.366600036621094,35.98749923706055
337.430908203125,79.3041000366211,45.71630096435547,44.50630187988281
338.0671081542969,72.95120239257812,47.918701171875,31.471399307250977
344.62200927734375,81.58769989013672,40.470001220703125,28.835399627685547
347.6792907714844,81.49449920654297,34.56549835205078,23.77549934387207
345.0513916015625,81.46939849853516,37.597900390625,24.10689926147461
344.4560852050781,79.58560180664062,39.04679870605469,28.389400482177734
344.4490966796875,79.62650299072266,38.427398681640625,27.8700008392334
341.3934020996094,84.29650115966797,39.05550003051758,24.71809959411621
341.4468078613281,86.89849853515625,27.497400283813477,17.54210090637207
340.48748779296875,85.5011978149414,22.724300384521484,19.234600067138672
341.3764953613281,86.75050354003906,21.20870018005371,18.71150016784668
342.1214904785156,79.70909881591797,24.767799377441406,24.790000915527344
342.610595703125,79.89600372314453,38.877498626708984,32.33000183105469
339.6517028808594,83.7217025756836,51.03010177612305,45.069801330566406
344.5751953125,79.48470306396484,51.227901458740234,60.80419921875
347.1622009277344,79.29010009765625,49.33810043334961,61.60139846801758
347.8645935058594,78.8646011352539,48.13930130004883,62.22869873046875
347.9960021972656,79.27449798583984,47.97090148925781,62.609500885009766
343.6243896484375,78.95279693603516,52.046600341796875,64.05130004882812
353.9966125488281,82.02339935302734,43.14569854736328,61.00519943237305
355.62579345703125,77.6552963256836,42.668800354003906,66.29180145263672
356.25360107421875,79.15139770507812,43.260398864746094,66.03900146484375
352.6702880859375,77.26840209960938,43.87590026855469,67.19999694824219
338.3277893066406,83.4280014038086,58.84870147705078,65.87860107421875
351.9153137207031,80.14510345458984,44.19900131225586,63.47209930419922
352.5978088378906,77.48069763183594,46.410099029541016,67.26390075683594
339.5194091796875,83.56529998779297,56.43330001831055,59.90729904174805
351.1950988769531,78.9583969116211,45.92129898071289,64.4813003540039
352.10009765625,78.95580291748047,45.805599212646484,65.21600341796875
349.4005126953125,78.63780212402344,48.19499969482422,66.31710052490234
355.80230712890625,78.9718017578125,42.03960037231445,65.36319732666016
346.80841064453125,77.12159729003906,50.32740020751953,67.27960205078125
357.24261474609375,78.470703125,41.84149932861328,64.50370025634766
352.1337890625,77.52130126953125,45.06449890136719,65.32140350341797
355.72900390625,79.24610137939453,41.238399505615234,61.137298583984375
351.1968994140625,78.12419891357422,46.03260040283203,63.313499450683594
357.3132019042969,78.30809783935547,41.187801361083984,61.65039825439453
356.09381103515625,78.38880157470703,40.70000076293945,60.905601501464844
359.1755065917969,77.60569763183594,38.10810089111328,60.133201599121094
360.5957946777344,77.41390228271484,36.205501556396484,59.873600006103516
359.4237060546875,77.04519653320312,37.55799865722656,60.66830062866211
364.8529052734375,82.74839782714844,32.53929901123047,54.47570037841797
339.6842041015625,88.57440185546875,55.95050048828125,45.648399353027344
333.79278564453125,91.3561019897461,22.636899948120117,36.36280059814453
334.5992126464844,93.61219787597656,23.34469985961914,38.08110046386719
334.72149658203125,90.4729995727539,28.142099380493164,44.0525016784668
334.6210021972656,90.58039855957031,28.48579978942871,43.54389953613281
335.0729064941406,85.63469696044922,32.49610137939453,51.72010040283203
334.0716857910156,85.84220123291016,35.66809844970703,52.84389877319336
335.16558837890625,82.45610046386719,39.042598724365234,56.87779998779297
334.9822082519531,82.106201171875,41.66339874267578,59.412899017333984
334.9183044433594,80.08550262451172,45.56589889526367,56.50550079345703
334.56439208984375,77.16500091552734,48.237300872802734,66.5895004272461
334.1763916015625,75.87950134277344,51.252201080322266,69.60420227050781
337.34649658203125,70.78089904785156,51.76210021972656,76.88459777832031
333.5860900878906,75.05709838867188,51.85029983520508,69.99310302734375
335.7973937988281,73.79060363769531,51.496299743652344,72.48999786376953
343.32110595703125,181.75650024414062,29.987300872802734,42.18659973144531
359.41619873046875,171.7823028564453,18.512699127197266,53.78450012207031
337.8677978515625,136.05020141601562,41.190101623535156,49.0614013671875
334.1549987792969,76.82640075683594,51.710601806640625,67.13099670410156
331.3229064941406,74.59120178222656,58.3213005065918,74.4259033203125
330.6856994628906,75.36489868164062,59.429100036621094,75.53479766845703
332.95098876953125,76.65640258789062,56.751800537109375,69.61160278320312
333.0216064453125,78.50430297851562,52.40800094604492,68.67150115966797
334.1910095214844,77.37470245361328,51.360801696777344,67.68150329589844
334.75311279296875,77.76920318603516,50.67110061645508,69.4572982788086
340.1415100097656,76.63150024414062,57.98540115356445,85.97100067138672
334.3835144042969,77.00129699707031,51.724998474121094,76.93840026855469
359.847900390625,69.00589752197266,64.79039764404297,107.96929931640625
340.0513000488281,68.50299835205078,62.919700622558594,85.18299865722656
336.3301086425781,74.28050231933594,60.80979919433594,74.9574966430664
351.560791015625,64.06749725341797,64.36869812011719,81.14630126953125
359.4742126464844,56.02009963989258,54.43539810180664,91.93379974365234
362.09588623046875,49.7421989440918,61.78499984741211,92.09619903564453
341.3703918457031,65.02770233154297,71.35780334472656,89.12969970703125
356.2892150878906,58.483299255371094,57.9031982421875,84.6404037475586
333.7720947265625,80.24569702148438,65.26010131835938,73.59269714355469
347.5194091796875,76.00440216064453,59.12070083618164,75.61470031738281
355.81439208984375,65.18900299072266,64.26080322265625,80.58789825439453
334.56890869140625,74.27420043945312,68.8302993774414,82.92150115966797
391.4386901855469,55.36709976196289,52.81999969482422,74.3822021484375
391.4294128417969,15.822999954223633,92.34989929199219,99.26799774169922
328.4212951660156,75.71880340576172,73.07749938964844,94.60590362548828
409.43121337890625,34.26100158691406,62.59939956665039,77.31159973144531
417.6400146484375,36.17470169067383,69.3938980102539,110.36710357666016
