1
360.8655090332031,236.8948974609375,49.02389907836914,50.595401763916016
351.1427001953125,238.76080322265625,51.54750061035156,51.68550109863281
290.5703125,260.4010009765625,49.27280044555664,45.06589889526367
290.0422058105469,260.1875,48.78049850463867,44.31119918823242
290.2809143066406,260.53460693359375,49.8317985534668,43.71849822998047
290.1029052734375,259.739501953125,49.56420135498047,44.51100158691406
290.5902099609375,260.5111999511719,49.69219970703125,43.31460189819336
291.4231872558594,260.904296875,49.78269958496094,43.342498779296875
291.0382080078125,259.36669921875,50.39630126953125,44.593299865722656
290.73760986328125,259.31500244140625,47.94020080566406,44.499698638916016
290.184814453125,259.9342041015625,49.68429946899414,44.779701232910156
289.6180114746094,259.17510986328125,50.048301696777344,45.089500427246094
290.4435119628906,259.9630126953125,49.36090087890625,44.4994010925293
290.5331115722656,260.0805969238281,49.124900817871094,44.27899932861328
290.0340881347656,259.47259521484375,49.34769821166992,45.1245002746582
290.41009521484375,259.5924987792969,49.752201080322266,44.38629913330078
290.5791931152344,260.1636047363281,49.65190124511719,44.520999908447266
290.0010986328125,259.8515930175781,49.6349983215332,45.11140060424805
290.11871337890625,260.60479736328125,48.93299865722656,45.0906982421875
290.0528869628906,259.8835144042969,49.4099006652832,44.8109016418457
290.8584899902344,259.9187927246094,48.69670104980469,44.37220001220703
290.5960998535156,260.1940002441406,49.66790008544922,44.74330139160156
290.5788879394531,260.1488037109375,49.22629928588867,44.26459884643555
290.29791259765625,259.6228942871094,48.91239929199219,45.38750076293945
290.14520263671875,259.6495056152344,49.84659957885742,45.06169891357422
290.86248779296875,260.3663024902344,48.89580154418945,44.35089874267578
290.46051025390625,259.8523864746094,49.13869857788086,44.573299407958984
290.4914855957031,260.279296875,49.07429885864258,44.4828987121582
290.1582946777344,260.1129150390625,48.88959884643555,44.972900390625
289.91448974609375,259.3597106933594,49.353599548339844,44.70220184326172
290.03570556640625,259.9613952636719,49.283599853515625,44.347801208496094
290.4017028808594,260.3193054199219,48.50120162963867,44.25790023803711
290.0137023925781,260.5138854980469,49.13690185546875,44.60710144042969
290.1995849609375,259.9302062988281,48.982398986816406,44.015899658203125
290.1830139160156,260.16229248046875,49.28049850463867,44.29990005493164
290.56451416015625,259.7567138671875,49.15599822998047,44.60710144042969
290.418212890625,260.29559326171875,49.53229904174805,44.96149826049805
290.08489990234375,260.7359924316406,49.31019973754883,44.67290115356445
290.5740966796875,260.1131896972656,48.76570129394531,44.514400482177734
290.9685974121094,260.1039123535156,49.09960174560547,44.52280044555664
289.7672119140625,260.5286865234375,48.94139862060547,45.12710189819336
290.3494873046875,260.0036926269531,49.436500549316406,44.66230010986328
290.23529052734375,260.67041015625,49.233699798583984,44.45669937133789
290.33441162109375,259.881103515625,49.43939971923828,44.67210006713867
290.9706115722656,260.4696960449219,49.11640167236328,43.907901763916016
290.1791076660156,260.6300048828125,48.739601135253906,44.915199279785156
290.1630859375,260.58758544921875,49.0369987487793,44.11399841308594
289.947509765625,260.20361328125,49.84519958496094,44.87269973754883
290.4093017578125,259.59039306640625,49.628501892089844,44.710601806640625
289.8944091796875,260.00311279296875,50.11069869995117,45.40729904174805
290.6799011230469,260.5993957519531,49.67599868774414,44.84880065917969
290.0039978027344,259.36468505859375,49.78010177612305,44.98099899291992
290.4176025390625,260.072998046875,49.28670120239258,44.144500732421875
290.0386047363281,259.5992126464844,49.25630187988281,45.14889907836914
290.15301513671875,259.9505920410156,49.275901794433594,44.93360137939453
290.2461853027344,260.0309143066406,49.76210021972656,44.89590072631836
290.3143005371094,260.5806884765625,49.604400634765625,45.091400146484375
290.2956848144531,260.4486999511719,49.315399169921875,44.70650100708008
290.1697998046875,259.8517150878906,49.7577018737793,44.583900451660156
290.1536865234375,259.81329345703125,49.210899353027344,44.37329864501953
290.348388671875,260.4713134765625,49.340599060058594,44.69990158081055
290.15301513671875,259.768310546875,49.62329864501953,44.981300354003906
290.7066955566406,260.0260925292969,49.21609878540039,44.861000061035156
290.8669128417969,260.85589599609375,48.79710006713867,44.595298767089844
290.1239013671875,259.5216979980469,49.25519943237305,44.751399993896484
290.2742004394531,260.1763000488281,49.339599609375,44.60409927368164
290.5198974609375,260.73431396484375,49.22169876098633,44.67430114746094
290.6701965332031,260.14410400390625,48.775299072265625,44.79050064086914
290.0231018066406,260.07769775390625,49.133399963378906,45.06610107421875
290.7930908203125,260.52349853515625,48.68090057373047,44.435001373291016
290.0321960449219,260.34161376953125,49.573001861572266,44.61759948730469
290.597412109375,260.49200439453125,49.09629821777344,44.954498291015625
290.6011047363281,259.9778137207031,49.012298583984375,44.55780029296875
290.2817077636719,259.9469909667969,49.20389938354492,44.67060089111328
290.5548095703125,260.7911071777344,48.900901794433594,44.072601318359375
290.4664001464844,259.7055969238281,48.995201110839844,44.86980056762695
290.3800048828125,260.36138916015625,49.05030059814453,44.31589889526367
290.6482849121094,260.4303894042969,49.18069839477539,43.90599822998047
290.4140930175781,260.4270935058594,49.51850128173828,44.93659973144531
289.7355041503906,260.5480041503906,49.433998107910156,45.0458984375
290.0848083496094,259.8070068359375,49.2599983215332,44.96500015258789
290.418701171875,260.35931396484375,49.0614013671875,44.63330078125
290.1643981933594,259.82830810546875,49.6260986328125,44.672698974609375
290.843994140625,260.1351013183594,49.23139953613281,44.36690139770508
290.293212890625,260.11529541015625,49.756099700927734,44.83509826660156
289.7793884277344,260.40631103515625,49.3734016418457,44.33940124511719
290.3109130859375,259.85931396484375,49.3036003112793,44.106998443603516
290.46929931640625,260.8662109375,49.500999450683594,44.313899993896484
290.7878112792969,260.6465148925781,49.1775016784668,44.0791015625
290.9107971191406,260.48651123046875,48.949100494384766,44.40760040283203
290.50518798828125,260.64788818359375,48.71670150756836,44.47200012207031
290.3229064941406,260.55108642578125,49.399600982666016,44.56679916381836
290.2755126953125,260.1294860839844,49.4010009765625,44.36029815673828
290.53680419921875,260.8750915527344,48.92689895629883,43.71080017089844
290.1759948730469,260.46490478515625,48.81570053100586,44.188499450683594
289.6337890625,259.6953125,49.8140983581543,44.48040008544922
290.2898864746094,260.71051025390625,48.9630012512207,44.29869842529297
290.2939147949219,260.6046142578125,49.5802001953125,44.99959945678711
289.5519104003906,259.5697021484375,49.54560089111328,44.415199279785156
291.26611328125,260.7325134277344,48.736000061035156,43.277198791503906
290.2430114746094,260.5954895019531,49.22119903564453,45.11709976196289
290.5159912109375,259.8127136230469,49.40719985961914,44.65959930419922
290.7533874511719,260.7044982910156,48.88750076293945,44.009300231933594
290.65771484375,259.77410888671875,48.93830108642578,44.84299850463867
290.6326904296875,260.502197265625,48.845401763916016,44.528099060058594
290.3053894042969,260.57501220703125,48.980899810791016,44.075199127197266
290.35760498046875,259.4845886230469,49.057701110839844,44.97489929199219
290.6156005859375,260.67498779296875,48.59360122680664,43.74079895019531
290.6712951660156,260.159912109375,49.05270004272461,44.593101501464844
290.9338073730469,260.9938049316406,48.77519989013672,43.949798583984375
290.823486328125,260.17169189453125,48.888301849365234,44.450599670410156
290.78228759765625,260.1640930175781,48.62009811401367,44.40589904785156
291.0574035644531,260.8396911621094,48.179500579833984,44.415199279785156
290.3245849609375,260.3797912597656,49.3307991027832,45.03929901123047
290.7402038574219,261.0306091308594,48.91279983520508,44.438899993896484
290.37139892578125,259.8299865722656,48.859500885009766,44.27239990234375
290.5133056640625,260.8009948730469,48.95100021362305,44.3754997253418
290.8284912109375,260.9643859863281,48.91130065917969,44.19070053100586
290.41949462890625,260.1539001464844,49.27289962768555,44.74700164794922
290.3110046386719,259.9731140136719,49.038299560546875,44.297698974609375
290.2994079589844,260.0452880859375,49.945098876953125,44.41469955444336
290.2113952636719,260.1512145996094,48.9359016418457,44.624900817871094
290.6658020019531,260.16448974609375,48.95000076293945,44.418701171875
290.2572937011719,260.1485900878906,49.23210144042969,44.38140106201172
290.6061096191406,260.2192077636719,49.399898529052734,44.31480026245117
291.3092041015625,260.9975891113281,48.6343994140625,43.721900939941406
290.5392150878906,260.7950134277344,48.99259948730469,44.03770065307617
290.54278564453125,259.8345031738281,48.98970031738281,44.41429901123047
290.184814453125,259.9831848144531,48.777099609375,43.847198486328125
290.2319030761719,260.9139099121094,49.07339859008789,44.44649887084961
290.29180908203125,259.6662902832031,49.29309844970703,44.76599884033203
290.031005859375,260.3185119628906,49.405799865722656,44.64799880981445
290.319091796875,259.9623107910156,48.541500091552734,43.89179992675781
290.7160949707031,260.7832946777344,49.18659973144531,44.323001861572266
290.64581298828125,260.78228759765625,48.778499603271484,44.19960021972656
290.377685546875,260.04840087890625,48.7953987121582,44.232200622558594
290.2685852050781,260.5502014160156,48.90140151977539,44.15810012817383
289.7677001953125,259.5769958496094,49.151798248291016,44.480098724365234
290.5180969238281,260.5082092285156,48.711299896240234,43.88819885253906
290.6164855957031,260.2449035644531,48.9906005859375,44.18259811401367
289.7377014160156,260.1059875488281,49.30220031738281,44.910499572753906
289.9294128417969,260.5141906738281,49.54499816894531,44.980899810791016
290.41241455078125,259.6510925292969,49.47480010986328,44.477500915527344
290.3262939453125,260.25189208984375,49.0275993347168,44.499000549316406
290.6073913574219,260.41180419921875,49.2942008972168,44.44029998779297
