1
433.2077941894531,115.25399780273438,70.28759765625,86.64309692382812
434.8406066894531,119.90840148925781,70.41950225830078,79.32749938964844
437.3743896484375,123.86869812011719,70.38379669189453,79.73249816894531
438.837890625,128.39950561523438,70.94380187988281,75.97820281982422
439.90631103515625,133.65029907226562,72.2063980102539,73.81289672851562
441.5060119628906,137.37060546875,70.43720245361328,75.63310241699219
441.7539978027344,139.50140380859375,72.02670288085938,76.62879943847656
441.9223937988281,140.70899963378906,73.59290313720703,79.4385986328125
441.9613952636719,142.17129516601562,73.2219009399414,79.15640258789062
440.3948059082031,142.9241943359375,75.90339660644531,75.97669982910156
443.9671936035156,143.17430114746094,73.79309844970703,76.5198974609375
443.7190856933594,144.42860412597656,75.20279693603516,85.50859832763672
445.25909423828125,147.32000732421875,74.54720306396484,79.93620300292969
442.6759948730469,150.28439331054688,79.56079864501953,114.05940246582031
443.8966064453125,152.75,79.1488037109375,108.31790161132812
445.922607421875,154.97140502929688,79.5000991821289,102.34239959716797
445.9403076171875,155.47140502929688,81.34490203857422,100.00749969482422
447.4668884277344,157.0811004638672,80.0469970703125,97.66349792480469
447.7579040527344,158.6634979248047,79.29100036621094,93.52349853515625
447.7040100097656,159.51319885253906,78.27989959716797,90.7426986694336
442.60809326171875,160.5032958984375,84.4896011352539,89.56890106201172
447.2318115234375,161.04209899902344,78.70760345458984,87.84960174560547
440.2687072753906,161.28030395507812,86.42649841308594,90.46549987792969
446.4223937988281,159.8690948486328,80.13870239257812,88.54460144042969
445.1545104980469,159.50650024414062,81.27429962158203,89.69499969482422
446.8692932128906,158.56900024414062,78.40299987792969,92.52940368652344
444.7732849121094,156.5570068359375,80.20020294189453,94.90509796142578
446.3634948730469,152.7489013671875,80.69029998779297,96.43379974365234
441.80670166015625,149.8166961669922,81.75579833984375,103.83529663085938
438.97039794921875,146.77020263671875,92.8927001953125,103.61579895019531
432.8857116699219,145.47169494628906,95.78260040283203,109.12779998779297
427.29998779296875,143.34800720214844,86.39199829101562,87.65460205078125
425.2273864746094,145.7017059326172,71.67870330810547,89.47810363769531
417.3887939453125,146.4407958984375,73.81649780273438,88.84600067138672
410.5863037109375,147.63760375976562,72.79969787597656,88.26020050048828
404.1961975097656,151.9512939453125,70.4260025024414,85.99079895019531
393.7145080566406,157.5500030517578,71.03839874267578,84.80850219726562
388.1351013183594,163.21620178222656,71.90760040283203,79.20970153808594
384.1260986328125,166.5496063232422,72.80010223388672,82.1312026977539
382.39630126953125,170.85130310058594,70.71869659423828,80.47760009765625
380.72021484375,174.33560180664062,69.89309692382812,79.46939849853516
378.2908020019531,176.32400512695312,72.0895004272461,77.04879760742188
378.58740234375,177.3968963623047,71.18499755859375,75.03309631347656
376.5058898925781,173.8489990234375,72.31659698486328,77.41889953613281
378.3924865722656,167.0760955810547,69.964599609375,79.37680053710938
378.6769104003906,165.45069885253906,71.6780014038086,81.0239028930664
384.3908996582031,161.3762969970703,67.66960144042969,82.79679870605469
388.0810852050781,155.92120361328125,68.71759796142578,82.64949798583984
394.5867919921875,151.12350463867188,66.92829895019531,84.64669799804688
398.46380615234375,145.07839965820312,69.74220275878906,86.44830322265625
404.9590148925781,136.73989868164062,68.91889953613281,88.08290100097656
409.1415100097656,133.38699340820312,69.1177978515625,87.76599884033203
409.08349609375,131.48779296875,71.41500091552734,88.43900299072266
413.339599609375,132.50439453125,71.48629760742188,87.00980377197266
416.19580078125,135.8022003173828,70.05750274658203,87.94840240478516
417.4372863769531,141.85079956054688,72.4552993774414,86.00759887695312
420.38189697265625,147.55320739746094,72.72530364990234,86.1624984741211
422.7804870605469,155.71749877929688,73.24520111083984,84.80789947509766
424.6960144042969,164.51370239257812,71.92669677734375,82.60479736328125
425.5015869140625,172.55140686035156,72.94259643554688,82.26180267333984
423.32110595703125,182.0395965576172,74.76309967041016,79.6260986328125
425.37701416015625,190.82870483398438,72.57489776611328,76.85269927978516
425.84368896484375,195.41619873046875,71.28559875488281,76.34539794921875
422.87030029296875,197.4346923828125,72.42520141601562,75.86389923095703
415.72198486328125,196.44349670410156,72.25260162353516,74.46749877929688
412.1597900390625,192.80679321289062,71.54540252685547,75.10759735107422
406.0223083496094,188.5507049560547,72.96150207519531,77.33350372314453
398.4866943359375,181.7436065673828,73.74669647216797,78.95339965820312
394.3265075683594,177.0865936279297,73.15950012207031,79.13300323486328
392.0025939941406,174.3721923828125,71.58070373535156,78.74549865722656
389.5516052246094,172.38760375976562,71.69400024414062,80.08979797363281
387.5887145996094,171.5467071533203,71.54810333251953,80.05960083007812
384.84039306640625,170.6103057861328,71.03559875488281,81.57679748535156
382.07391357421875,170.34800720214844,71.88790130615234,82.84200286865234
380.4862976074219,171.55560302734375,72.01699829101562,82.29180145263672
380.43011474609375,172.41220092773438,73.3938980102539,81.43479919433594
380.38470458984375,173.8262939453125,73.66889953613281,82.2654037475586
382.39349365234375,175.45660400390625,72.96859741210938,81.41459655761719
383.4794006347656,176.69200134277344,72.53459930419922,79.78910064697266
383.1068115234375,177.82679748535156,72.52749633789062,80.21549987792969
381.55340576171875,175.96519470214844,73.08529663085938,81.66449737548828
379.3431091308594,173.99429321289062,73.12799835205078,81.67669677734375
375.3945007324219,172.37510681152344,74.65350341796875,82.76589965820312
372.52398681640625,173.04420471191406,73.21820068359375,82.13990020751953
368.7137145996094,173.5458984375,72.32929992675781,83.89849853515625
365.10369873046875,174.79530334472656,74.13130187988281,85.78130340576172
366.2279968261719,174.935302734375,73.96589660644531,86.2979965209961
369.2383117675781,175.27549743652344,73.78500366210938,85.41570281982422
370.07269287109375,174.66659545898438,75.0260009765625,85.80239868164062
370.0928039550781,175.14419555664062,74.731201171875,84.75050354003906
370.08331298828125,176.21910095214844,73.48509979248047,84.16899871826172
369.7096862792969,177.81080627441406,73.37989807128906,84.25150299072266
368.4205017089844,180.14590454101562,73.0322036743164,84.66210174560547
366.42950439453125,182.73350524902344,74.03469848632812,84.30650329589844
364.7076110839844,184.8271942138672,73.90540313720703,86.64530181884766
357.4953918457031,186.9853057861328,77.93470001220703,85.81639862060547
355.214599609375,186.71240234375,76.5416030883789,88.21019744873047
347.8666076660156,186.9980926513672,78.07420349121094,88.92410278320312
338.5150146484375,185.4084930419922,79.74169921875,90.73999786376953
327.72601318359375,183.31910705566406,81.17350006103516,93.1156005859375
