1
72.11949920654297,202.00779724121094,52.94490051269531,74.34439849853516
83.2782974243164,207.29220581054688,53.4650993347168,74.6001968383789
96.02420043945312,214.54910278320312,58.37009811401367,74.48680114746094
112.84210205078125,220.6873016357422,61.45800018310547,73.89569854736328
128.98109436035156,224.3321075439453,71.05560302734375,73.49759674072266
136.79249572753906,212.4561004638672,88.40019989013672,87.59439849853516
135.54339599609375,208.42129516601562,123.80390167236328,94.05989837646484
186.239501953125,209.89999389648438,80.9990005493164,90.69319915771484
208.52490234375,211.78590393066406,75.57769775390625,89.78070068359375
230.78359985351562,217.11610412597656,70.1176986694336,79.24720001220703
250.9394989013672,217.7362060546875,74.66929626464844,71.3666000366211
266.4556884765625,210.36630249023438,79.09500122070312,73.67400360107422
285.0038146972656,204.7760009765625,79.90270233154297,69.98300170898438
305.006103515625,194.3542022705078,74.7874984741211,72.15480041503906
326.37811279296875,188.05209350585938,65.2428970336914,71.55229949951172
339.7430114746094,179.72659301757812,63.80979919433594,67.0968017578125
351.9822998046875,172.92039489746094,61.221500396728516,66.5322036743164
361.7903137207031,167.10609436035156,63.61869812011719,65.30899810791016
370.26019287109375,161.51319885253906,64.09149932861328,66.0551986694336
377.6861877441406,158.25,64.66419982910156,65.18080139160156
383.52978515625,154.66439819335938,63.03889846801758,64.96060180664062
385.50469970703125,150.61000061035156,63.963600158691406,67.34049987792969
384.5751037597656,147.31910705566406,64.97119903564453,68.41169738769531
383.6018981933594,149.89120483398438,63.239498138427734,66.50270080566406
382.19329833984375,149.3052978515625,62.22309875488281,69.27660369873047
375.193603515625,151.67300415039062,63.1708984375,69.7156982421875
368.74090576171875,156.52049255371094,60.78620147705078,68.98780059814453
361.5168151855469,160.9604034423828,56.60660171508789,71.82109832763672
353.0498046875,167.80409240722656,53.7130012512207,72.7052993774414
344.0928039550781,175.14230346679688,50.21329879760742,73.2970962524414
333.7763977050781,181.74249267578125,44.24570083618164,74.81719970703125
319.11041259765625,196.26620483398438,44.249298095703125,67.76730346679688
294.7752990722656,196.56739807128906,50.90330123901367,74.73249816894531
272.70458984375,204.5345001220703,52.573299407958984,71.82659912109375
270.2755126953125,209.89920043945312,51.98379898071289,68.98709869384766
252.5561065673828,213.01710510253906,58.29800033569336,68.98979949951172
251.01669311523438,209.6927947998047,52.62969970703125,73.85299682617188
223.36309814453125,206.7738037109375,59.61090087890625,80.44390106201172
138.22970581054688,213.1208953857422,119.77690124511719,76.12470245361328
138.89410400390625,209.2845001220703,123.4437026977539,81.62229919433594
138.9340057373047,209.06649780273438,123.87879943847656,81.0469970703125
142.06280517578125,208.13369750976562,116.55979919433594,81.03179931640625
131.0605010986328,203.9197998046875,137.49049377441406,86.0281982421875
111.3727035522461,203.97129821777344,68.67970275878906,65.34420013427734
98.035400390625,192.5944061279297,56.33940124511719,66.58180236816406
86.11759948730469,182.83970642089844,57.582401275634766,65.75509643554688
75.10749816894531,171.6885986328125,58.62189865112305,66.05590057373047
64.67340087890625,171.29620361328125,59.4468994140625,57.43870162963867
59.4281005859375,157.23500061035156,58.684600830078125,62.95439910888672
52.44900131225586,152.00830078125,59.5349006652832,60.459999084472656
47.808799743652344,147.64720153808594,60.525699615478516,59.60599899291992
42.87310028076172,142.77569580078125,61.107398986816406,60.5369987487793
41.273399353027344,139.50619506835938,62.0005989074707,61.89120101928711
39.70199966430664,139.9613037109375,62.47990036010742,61.208099365234375
40.29159927368164,139.25979614257812,61.799400329589844,61.123600006103516
42.82229995727539,142.62680053710938,60.44599914550781,59.9010009765625
44.70830154418945,145.80999755859375,60.75199890136719,59.90890121459961
50.20800018310547,150.02879333496094,59.10710144042969,60.89070129394531
54.344398498535156,157.63150024414062,58.84659957885742,62.02280044555664
59.757999420166016,164.91250610351562,60.196998596191406,63.439701080322266
66.44730377197266,172.4248046875,63.68870162963867,65.99259948730469
75.68180084228516,179.556396484375,66.36380004882812,68.43560028076172
84.15280151367188,186.26539611816406,69.4657974243164,69.29519653320312
100.10189819335938,192.57640075683594,71.72360229492188,67.0730972290039
117.79309844970703,197.2877960205078,85.39710235595703,73.91010284423828
136.13169860839844,203.0814971923828,115.53099822998047,92.30269622802734
134.43649291992188,198.33779907226562,121.22550201416016,95.86759948730469
135.77029418945312,207.12860107421875,114.76210021972656,87.02030181884766
136.3865966796875,205.0749053955078,133.51930236816406,87.47270202636719
143.5095977783203,203.15530395507812,139.2971954345703,81.93990325927734
209.8936004638672,183.1553955078125,99.81500244140625,109.34020233154297
256.8998107910156,198.25799560546875,67.63919830322266,72.62580108642578
278.08209228515625,187.62600708007812,67.5093002319336,73.98930358886719
297.9870910644531,182.50010681152344,65.00140380859375,75.21389770507812
311.51849365234375,177.14169311523438,66.51709747314453,74.23069763183594
330.02081298828125,172.2666015625,60.71730041503906,75.53569793701172
342.4590148925781,167.7624969482422,59.21030044555664,73.72599792480469
349.7231140136719,164.54159545898438,61.09109878540039,73.7396011352539
356.61981201171875,161.24549865722656,63.114200592041016,73.95189666748047
361.8017883300781,159.4011993408203,64.51080322265625,74.6803970336914
374.21990966796875,158.9084014892578,55.60219955444336,73.50579833984375
372.2757873535156,158.39889526367188,60.4359016418457,74.62870025634766
373.55731201171875,159.82269287109375,59.77370071411133,74.3927993774414
369.4263916015625,159.5424041748047,63.29909896850586,76.33480072021484
367.6991882324219,163.15899658203125,61.777000427246094,76.78009796142578
363.3277893066406,166.02870178222656,60.873600006103516,77.54570007324219
358.2742919921875,172.50070190429688,59.5,77.03620147705078
346.65240478515625,176.4550018310547,62.05509948730469,80.35340118408203
334.48968505859375,184.2646026611328,63.6702995300293,79.03919982910156
319.2703857421875,190.52940368652344,66.385498046875,78.65850067138672
300.77569580078125,199.15260314941406,70.86119842529297,75.98049926757812
280.49688720703125,204.22689819335938,72.2249984741211,75.01730346679688
208.85000610351562,177.4907989501953,120.43710327148438,108.55280303955078
209.3267059326172,178.54620361328125,106.2957992553711,124.36430358886719
215.44140625,214.48049926757812,78.52439880371094,80.84970092773438
187.5196990966797,210.16529846191406,89.09490203857422,79.88269805908203
171.79800415039062,207.8018035888672,96.77079772949219,80.48560333251953
146.74070739746094,213.67820739746094,89.03569793701172,68.69039916992188
127.38069915771484,210.4687042236328,91.0198974609375,72.43080139160156
111.71959686279297,213.89089965820312,84.79070281982422,68.50779724121094
95.36070251464844,204.29730224609375,84.9843978881836,74.38050079345703
83.65699768066406,203.0944061279297,82.51390075683594,72.65670013427734
70.07659912109375,200.20989990234375,83.86620330810547,71.94329833984375
60.79069900512695,198.68060302734375,83.65129852294922,70.33329772949219
53.7598991394043,197.62440490722656,83.39430236816406,70.01229858398438
48.55739974975586,196.34339904785156,82.53690338134766,69.4937973022461
43.637901306152344,196.7032012939453,82.77330017089844,70.26830291748047
41.14419937133789,196.4738006591797,81.427001953125,70.68009948730469
40.02619934082031,196.1154022216797,82.18260192871094,72.33740234375
41.75699996948242,197.7512969970703,80.61039733886719,73.26719665527344
45.987300872802734,199.8780059814453,80.28500366210938,73.78990173339844
53.109901428222656,202.44859313964844,77.30750274658203,73.58260345458984
60.062198638916016,205.92300415039062,77.14080047607422,75.11370086669922
71.6166000366211,208.2698974609375,74.48909759521484,76.32240295410156
84.00980377197266,212.15859985351562,71.03810119628906,78.42350006103516
99.6166000366211,215.96290588378906,66.32099914550781,79.12100219726562
114.86640167236328,220.19020080566406,62.072898864746094,80.24710083007812
133.48060607910156,225.8426971435547,57.86980056762695,77.96800231933594
156.11790466308594,230.3946075439453,50.7494010925293,75.78620147705078
175.02969360351562,237.35189819335938,53.48429870605469,75.14350128173828
190.46640014648438,240.4969024658203,45.13679885864258,79.6498031616211
205.7519073486328,234.24169921875,57.46329879760742,82.4020004272461
225.7324981689453,259.0286865234375,44.37310028076172,58.79669952392578
250.28729248046875,250.02789306640625,40.382999420166016,60.563499450683594
268.7096862792969,241.32640075683594,36.831199645996094,67.552001953125
287.9248962402344,250.07040405273438,35.13589859008789,53.49359893798828
302.9403991699219,248.48049926757812,36.55390167236328,52.867801666259766
313.9515075683594,224.4178924560547,39.558101654052734,68.63970184326172
326.0456848144531,218.5740966796875,41.95819854736328,70.08660125732422
336.2410888671875,212.601806640625,46.25019836425781,72.6781005859375
345.49591064453125,208.0402069091797,45.9390983581543,70.16670227050781
353.9165954589844,203.02110290527344,46.54499816894531,69.61180114746094
360.9648132324219,196.84959411621094,46.072601318359375,69.0792007446289
365.5494079589844,193.52149963378906,48.19889831542969,69.01789855957031
368.9964904785156,189.41200256347656,50.923301696777344,68.20800018310547
370.9443054199219,186.4947052001953,53.63290023803711,68.21720123291016
371.952392578125,185.29660034179688,54.45930099487305,67.37139892578125
372.0846862792969,183.55889892578125,54.730499267578125,68.58170318603516
371.5752868652344,183.24859619140625,55.9296989440918,66.8572998046875
368.1256103515625,181.51710510253906,56.17839813232422,67.49700164794922
363.0068054199219,181.50750732421875,59.05459976196289,66.58719635009766
358.5361022949219,182.481201171875,59.07849884033203,66.21720123291016
351.8514099121094,183.285400390625,59.79209899902344,65.44020080566406
346.2565002441406,183.42469787597656,59.28129959106445,65.40840148925781
337.53961181640625,182.54269409179688,60.21200180053711,65.56060028076172
328.19580078125,182.55039978027344,60.37699890136719,65.82530212402344
317.8727111816406,183.39999389648438,58.97359848022461,64.21929931640625
305.9715881347656,184.74330139160156,61.108299255371094,64.29329681396484
295.4717102050781,186.841796875,60.0525016784668,64.75140380859375
284.2069091796875,187.90350341796875,60.90840148925781,63.50019836425781
272.5545959472656,189.9375,55.725101470947266,61.24909973144531
260.401611328125,191.02169799804688,57.3468017578125,59.87799835205078
248.6822967529297,191.06309509277344,55.903099060058594,61.16130065917969
231.35189819335938,190.31419372558594,60.50360107421875,60.467498779296875
220.1761932373047,185.51939392089844,63.45610046386719,66.091796875
219.9434051513672,181.90440368652344,65.19319915771484,78.54630279541016
210.05990600585938,181.29339599609375,61.29069900512695,67.67009735107422
207.89129638671875,184.4561004638672,67.44419860839844,70.5105972290039
196.39410400390625,182.40440368652344,60.44089889526367,64.78579711914062
187.24960327148438,184.2064971923828,56.486000061035156,64.95909881591797
176.689697265625,181.46859741210938,61.50519943237305,67.46690368652344
169.45010375976562,177.27870178222656,63.11149978637695,68.77310180664062
161.35560607910156,178.52999877929688,58.36949920654297,64.13259887695312
154.92379760742188,178.8896942138672,55.032901763916016,62.92919921875
150.00379943847656,179.33290100097656,56.03580093383789,64.06529998779297
144.7469940185547,178.875,55.028099060058594,65.02429962158203
141.19129943847656,178.6652069091797,54.623600006103516,65.19339752197266
137.2602996826172,179.08580017089844,55.02220153808594,64.83529663085938
134.55230712890625,178.93099975585938,55.00699996948242,65.76629638671875
131.91380310058594,178.5543975830078,57.119598388671875,66.30169677734375
131.44090270996094,178.6875,59.28239822387695,66.02680206298828
130.9990997314453,178.39349365234375,60.247501373291016,67.24420166015625
132.90379333496094,178.66650390625,60.29499816894531,66.56880187988281
135.13369750976562,179.91879272460938,59.64680099487305,66.60459899902344
138.52749633789062,181.56680297851562,59.450199127197266,65.08999633789062
140.85470581054688,184.3074951171875,60.187198638916016,62.86750030517578
145.94569396972656,186.58889770507812,59.56159973144531,62.402099609375
148.34039306640625,187.1790008544922,62.445499420166016,64.47149658203125
151.04110717773438,187.177001953125,63.809600830078125,67.54340362548828
156.86929321289062,188.56500244140625,63.91899871826172,64.8572998046875
161.4582977294922,187.00379943847656,65.0770034790039,66.51219940185547
166.3271026611328,184.8031005859375,64.00350189208984,69.2040023803711
171.74530029296875,185.00819396972656,62.09360122680664,68.65760040283203
177.2397003173828,185.62030029296875,61.68370056152344,68.98419952392578
180.38369750976562,184.3032989501953,66.76930236816406,69.20349884033203
183.3011016845703,184.25819396972656,90.94039916992188,75.31909942626953
187.28729248046875,184.85459899902344,91.23590087890625,80.78199768066406
188.966796875,184.25559997558594,84.2791976928711,72.44010162353516
191.85769653320312,184.1721954345703,83.53019714355469,77.62010192871094
194.00709533691406,182.0883026123047,81.47319793701172,77.2970962524414
196.36790466308594,181.69509887695312,76.23650360107422,72.54080200195312
198.8094940185547,182.1385040283203,74.82160186767578,76.22660064697266
198.277099609375,181.36309814453125,75.38849639892578,77.20580291748047
200.0102996826172,181.00990295410156,73.74479675292969,77.0458984375
199.9644012451172,180.64540100097656,73.92489624023438,77.00460052490234
198.78439331054688,181.19009399414062,75.32550048828125,76.03910064697266
196.93280029296875,179.8997039794922,77.82099914550781,77.73919677734375
195.97279357910156,179.5675048828125,77.10230255126953,71.62319946289062
192.91439819335938,179.63999938964844,78.48899841308594,71.74579620361328
191.48519897460938,178.81590270996094,73.58350372314453,67.18289947509766
188.1320037841797,177.82980346679688,80.07599639892578,73.04920196533203
183.6717071533203,175.4730987548828,73.27310180664062,69.69709777832031
181.8466033935547,176.42010498046875,64.12519836425781,68.59269714355469
176.34950256347656,175.61929321289062,68.06909942626953,69.56600189208984
175.3498992919922,174.61770629882812,67.32939910888672,70.51909637451172
170.0146942138672,172.37339782714844,67.17579650878906,72.57460021972656
165.0352020263672,171.4221954345703,68.82769775390625,72.42870330810547
159.15069580078125,173.57229614257812,69.393798828125,70.66220092773438
154.91859436035156,173.0207977294922,71.02960205078125,71.09760284423828
151.47950744628906,171.1417999267578,70.03170013427734,71.0968017578125
146.23219299316406,172.9741973876953,70.53160095214844,69.06320190429688
142.79200744628906,172.3585968017578,72.0250015258789,70.45369720458984
138.08399963378906,173.13150024414062,70.91739654541016,70.76789855957031
134.94349670410156,172.70849609375,69.88710021972656,71.53630065917969
131.18179321289062,173.3957977294922,69.11160278320312,71.87519836425781
128.7906036376953,174.22230529785156,67.2947006225586,72.15280151367188
125.33769989013672,176.1262969970703,68.4800033569336,69.46640014648438
122.2405014038086,175.72030639648438,68.00399780273438,69.01429748535156
121.3104019165039,172.79080200195312,66.63939666748047,71.69339752197266
121.25309753417969,176.29849243164062,64.02790069580078,68.28720092773438
119.8240966796875,175.47909545898438,63.634498596191406,70.00399780273438
119.66529846191406,177.85870361328125,61.41109848022461,68.28730010986328
120.70120239257812,179.877197265625,58.531700134277344,67.21849822998047
120.84739685058594,182.97120666503906,57.08319854736328,65.29959869384766
120.32279968261719,183.64639282226562,56.389198303222656,65.57849884033203
120.91840362548828,184.722900390625,55.58660125732422,65.21440124511719
121.68389892578125,185.64280700683594,56.37419891357422,64.96009826660156
123.58809661865234,187.1990966796875,55.82609939575195,63.36869812011719
124.84950256347656,189.23480224609375,55.678199768066406,61.75490188598633
127.52999877929688,189.07470703125,54.89820098876953,63.0703010559082
129.76719665527344,189.62539672851562,54.159400939941406,63.547000885009766
133.4427032470703,190.02760314941406,53.210601806640625,63.46950149536133
130.0718994140625,190.60110473632812,59.54690170288086,61.10369873046875
124.5344009399414,190.04200744628906,69.6718978881836,62.16360092163086
126.6676025390625,185.12669372558594,72.09950256347656,65.04740142822266
122.69750213623047,182.58709716796875,70.40679931640625,68.33689880371094
125.29850006103516,186.164306640625,59.12730026245117,68.17050170898438
132.9145965576172,191.5384063720703,40.03799819946289,63.37329864501953
138.71839904785156,191.45849609375,35.04410171508789,63.213600158691406
139.6708984375,186.84019470214844,44.63090133666992,65.37570190429688
139.2613067626953,187.0915069580078,53.47480010986328,63.85540008544922
128.71620178222656,178.00799560546875,68.73480224609375,71.59130096435547
122.55709838867188,176.78379821777344,77.11609649658203,71.72630310058594
124.19059753417969,173.6446075439453,79.32479858398438,74.4813003540039
133.3022003173828,172.9759063720703,71.86000061035156,74.73519897460938
145.3603973388672,171.46380615234375,60.713199615478516,76.30359649658203
158.35910034179688,172.6029052734375,42.411399841308594,72.63349914550781
164.6074981689453,176.38760375976562,31.3882999420166,68.127197265625
165.3404998779297,173.23739624023438,37.29949951171875,67.78589630126953
164.74420166015625,173.14480590820312,51.98109817504883,68.74250030517578
163.8990020751953,170.53619384765625,64.26029968261719,72.38200378417969
166.21009826660156,170.47740173339844,68.80940246582031,73.83809661865234
170.7382049560547,168.63360595703125,69.19940185546875,75.57540130615234
174.95140075683594,170.2073974609375,67.61620330810547,76.9822998046875
178.00759887695312,170.7938995361328,65.4635009765625,78.40070343017578
185.3040008544922,175.89010620117188,48.455299377441406,75.43620300292969
197.52259826660156,179.5115966796875,45.0974006652832,72.50650024414062
206.44400024414062,181.7819061279297,52.77040100097656,72.69249725341797
212.78199768066406,181.83799743652344,58.09619903564453,74.60070037841797
209.5034942626953,180.3177032470703,67.37660217285156,74.46880340576172
209.27479553222656,178.86920166015625,73.33599853515625,73.73780059814453
212.5576934814453,179.26820373535156,75.60540008544922,71.5781021118164
222.58839416503906,175.15829467773438,72.42310333251953,69.34339904785156
246.29910278320312,178.185302734375,55.65380096435547,67.75
259.0617980957031,173.07479858398438,49.03810119628906,74.8823013305664
270.7275085449219,176.3730010986328,39.364498138427734,70.37830352783203
281.6702880859375,177.560302734375,35.304298400878906,66.84750366210938
285.93438720703125,178.1759033203125,43.211700439453125,65.07879638671875
289.74591064453125,175.74510192871094,57.22629928588867,66.20149993896484
294.34698486328125,169.69309997558594,64.32260131835938,73.27259826660156
299.12530517578125,170.36419677734375,66.77040100097656,69.54309844970703
301.92401123046875,167.514892578125,67.44850158691406,68.19989776611328
306.98199462890625,167.3354949951172,62.34749984741211,67.91850280761719
311.3760070800781,167.78399658203125,54.292301177978516,68.12909698486328
319.6199951171875,170.70469665527344,46.245601654052734,65.4281997680664
329.3431091308594,173.7906951904297,39.72999954223633,63.86830139160156
333.349609375,176.46730041503906,36.53770065307617,62.97330093383789
333.6995849609375,177.54429626464844,35.657100677490234,62.132999420166016
335.4869079589844,177.81979370117188,35.145599365234375,64.14620208740234
335.7515869140625,177.5019989013672,35.50669860839844,64.70149993896484
330.3163146972656,178.2512969970703,42.44219970703125,66.04280090332031
323.7948913574219,180.4010009765625,47.24089813232422,66.5645980834961
314.8186950683594,182.22059631347656,51.777099609375,66.92220306396484
305.7904052734375,181.82020568847656,54.69599914550781,68.73909759521484
303.2337951660156,188.49310302734375,51.054100036621094,63.46379852294922
295.9761962890625,186.1385040283203,49.73189926147461,63.4723014831543
290.9921875,184.44129943847656,44.937801361083984,64.71299743652344
287.1253967285156,189.07839965820312,40.45100021362305,60.31079864501953
281.0368957519531,198.64320373535156,29.94809913635254,53.96419906616211
255.78680419921875,198.0124969482422,33.82640075683594,57.118099212646484
237.9748992919922,194.1024932861328,39.11149978637695,61.060001373291016
222.88800048828125,196.2292938232422,51.4390983581543,60.20859909057617
202.18820190429688,188.1385040283203,59.397701263427734,67.158203125
186.35079956054688,185.4364013671875,63.820899963378906,66.32350158691406
169.56590270996094,181.74710083007812,63.29890060424805,66.08570098876953
155.36019897460938,177.36880493164062,68.81839752197266,67.17070007324219
139.19720458984375,177.043701171875,64.01419830322266,67.56700134277344
127.80850219726562,173.4398956298828,58.049198150634766,68.74250030517578
114.08439636230469,171.8197021484375,58.184600830078125,66.27519989013672
107.64320373535156,167.01759338378906,52.39799880981445,66.48100280761719
99.70040130615234,163.57940673828125,50.81990051269531,65.40750122070312
89.4573974609375,159.9635009765625,49.76570129394531,65.32689666748047
82.76439666748047,161.8916015625,51.134300231933594,59.53889846801758
77.339599609375,158.2593994140625,57.644901275634766,59.28670120239258
76.02989959716797,154.57310485839844,59.779300689697266,58.6609001159668
76.02230072021484,149.98770141601562,60.2515983581543,59.114498138427734
73.45189666748047,146.77239990234375,63.053001403808594,56.88589859008789
71.32170104980469,143.83790588378906,69.71240234375,58.73460006713867
73.41619873046875,140.64669799804688,73.19629669189453,60.94049835205078
77.46489715576172,138.22039794921875,75.95670318603516,63.156700134277344
85.75669860839844,132.9676971435547,74.36219787597656,69.75890350341797
96.25279998779297,130.87710571289062,70.43099975585938,72.27749633789062
113.04650115966797,129.25149536132812,60.11109924316406,72.4719009399414
132.779296875,133.818603515625,43.138301849365234,70.46410369873047
146.46180725097656,134.3636016845703,33.500301361083984,71.16909790039062
152.99929809570312,143.4687042236328,33.66830062866211,64.49520111083984
162.7729034423828,146.16490173339844,36.40129852294922,62.28450012207031
170.5113067626953,141.98410034179688,48.155799865722656,64.61409759521484
176.4741973876953,146.1154022216797,53.90420150756836,59.22370147705078
182.4239959716797,142.30560302734375,63.246299743652344,61.27069854736328
190.27789306640625,142.05349731445312,67.10250091552734,59.56850051879883
201.70899963378906,136.84559631347656,69.568603515625,63.02370071411133
209.08529663085938,131.41920471191406,70.38140106201172,69.90380096435547
216.37989807128906,130.46859741210938,69.14710235595703,69.14839935302734
222.66949462890625,127.44490051269531,65.77269744873047,67.0302963256836
226.37640380859375,128.11929321289062,62.21979904174805,62.245201110839844
230.49859619140625,127.27459716796875,57.812599182128906,59.552398681640625
236.20899963378906,128.66140747070312,50.78730010986328,53.542999267578125
239.36700439453125,123.89230346679688,47.6713981628418,57.504398345947266
242.12559509277344,121.52549743652344,42.99340057373047,59.92070007324219
243.80859375,124.29820251464844,38.10599899291992,58.41590118408203
239.1885986328125,121.2031021118164,38.130699157714844,63.02159881591797
234.06329345703125,124.51170349121094,37.335899353027344,63.756500244140625
226.63380432128906,131.92190551757812,39.073299407958984,62.04460144042969
216.07989501953125,136.82159423828125,42.700199127197266,59.39039993286133
206.68080139160156,135.9196014404297,45.04719924926758,64.38890075683594
192.53089904785156,135.16690063476562,52.255699157714844,66.7843017578125
174.39849853515625,135.4394989013672,59.97489929199219,67.8386001586914
159.05990600585938,136.93589782714844,65.18900299072266,66.7677001953125
144.7895050048828,137.37130737304688,69.24109649658203,64.81539916992188
134.4571990966797,136.7519989013672,68.23269653320312,61.97930145263672
124.21839904785156,132.66709899902344,65.89600372314453,65.3281021118164
113.24259948730469,129.30679321289062,69.20120239257812,64.76000213623047
107.52320098876953,126.30079650878906,67.12370300292969,64.03559875488281
102.99929809570312,124.20610046386719,63.1338996887207,59.35850143432617
100.01360321044922,120.67520141601562,61.71289825439453,57.39550018310547
98.05619812011719,118.30860137939453,60.62009811401367,53.99700164794922
97.49539947509766,115.08470153808594,58.19850158691406,52.55870056152344
97.95369720458984,110.76329803466797,55.45090103149414,54.29560089111328
98.69439697265625,106.66259765625,53.44200134277344,56.820899963378906
102.08760070800781,105.14859771728516,50.69160079956055,56.21070098876953
108.23059844970703,107.32109832763672,46.71950149536133,54.73210144042969
111.010498046875,110.86759948730469,46.22650146484375,52.35710144042969
112.60530090332031,113.86920166015625,47.38610076904297,53.10309982299805
118.02860260009766,117.0469970703125,47.702999114990234,54.581199645996094
124.63200378417969,121.4177017211914,47.45500183105469,57.62269973754883
134.04379272460938,126.0103988647461,45.16019821166992,61.46419906616211
139.7895965576172,132.37770080566406,44.5171012878418,66.19309997558594
151.1352996826172,140.6208038330078,47.173301696777344,64.0248031616211
161.2445068359375,148.04849243164062,54.04349899291992,58.72330093383789
175.35519409179688,152.34959411621094,60.536399841308594,59.887001037597656
183.5688018798828,145.28619384765625,65.99019622802734,64.94640350341797
200.6103057861328,141.80389404296875,62.59130096435547,64.07620239257812
216.03689575195312,138.1522979736328,67.75550079345703,65.9448013305664
229.92770385742188,129.5216064453125,69.80039978027344,63.08580017089844
244.3477020263672,126.00559997558594,70.31649780273438,61.426300048828125
254.36529541015625,124.20590209960938,69.8333969116211,57.94300079345703
268.44989013671875,122.87989807128906,68.94609832763672,55.86040115356445
280.6239929199219,119.73680114746094,65.997802734375,56.83300018310547
283.9591064453125,116.58399963378906,68.5730972290039,56.27909851074219
295.0093994140625,117.18470001220703,62.334598541259766,53.978599548339844
297.82958984375,113.07740020751953,64.08329772949219,55.972198486328125
302.4359130859375,117.36730194091797,62.25130081176758,52.73379898071289
302.9403991699219,119.1052017211914,61.128501892089844,51.9723014831543
300.1864929199219,123.32450103759766,62.08359909057617,51.0369987487793
297.1155090332031,125.53279876708984,60.292301177978516,53.47560119628906
294.3760070800781,130.0760955810547,56.04909896850586,54.85609817504883
285.1671142578125,134.55490112304688,56.89699935913086,55.99489974975586
276.2981872558594,140.8011932373047,53.3291015625,61.16279983520508
262.1260986328125,145.40570068359375,58.520999908447266,60.372100830078125
217.49850463867188,153.51620483398438,80.93409729003906,57.60960006713867
222.6522979736328,169.65460205078125,48.37540054321289,42.22480010986328
202.3052978515625,171.00390625,51.08039855957031,41.57550048828125
178.64700317382812,171.5,55.579898834228516,58.135799407958984
159.84519958496094,162.01589965820312,55.805999755859375,68.26820373535156
137.24119567871094,158.46609497070312,47.31079864501953,68.4218978881836
114.75589752197266,155.47999572753906,48.085201263427734,68.36139678955078
95.3147964477539,152.7156982421875,48.57820129394531,65.94560241699219
78.77290344238281,150.27870178222656,52.753299713134766,63.50279998779297
61.40679931640625,142.1761016845703,57.3202018737793,62.1968994140625
46.49610137939453,136.5446014404297,64.2177963256836,60.67919921875
35.911399841308594,133.50990295410156,61.93960189819336,57.942501068115234
26.666000366210938,128.5330047607422,61.589298248291016,56.57400131225586
19.298099517822266,122.9625015258789,61.3489990234375,55.59389877319336
13.927000045776367,118.41819763183594,61.53620147705078,53.23860168457031
10.10949993133545,113.14530181884766,65.7301025390625,54.394798278808594
8.137900352478027,113.49690246582031,66.61129760742188,52.261600494384766
8.741000175476074,112.00039672851562,67.24150085449219,52.78379821777344
8.838600158691406,111.33439636230469,67.42050170898438,52.68980026245117
10.7608003616333,111.10769653320312,66.45140075683594,53.891998291015625
10.720999717712402,111.43800354003906,68.14540100097656,53.58300018310547
12.514800071716309,110.99690246582031,69.09159851074219,57.010398864746094
19.713199615478516,111.48799896240234,66.34329986572266,58.9541015625
28.41830062866211,113.73320007324219,64.64230346679688,64.26899719238281
38.30070114135742,117.8447036743164,63.5609016418457,66.15360260009766
48.036800384521484,122.7655029296875,67.23799896240234,70.25569915771484
58.70370101928711,131.97999572753906,72.6780014038086,72.97949981689453
68.93730163574219,141.17320251464844,79.27739715576172,75.75260162353516
82.33149719238281,148.6956024169922,84.572998046875,80.67269897460938
100.89579772949219,157.47850036621094,91.07029724121094,84.44819641113281
122.1489028930664,164.61549377441406,93.71959686279297,85.7615966796875
142.2908935546875,171.49960327148438,95.53559875488281,86.64959716796875
174.71749877929688,180.41769409179688,91.71910095214844,87.85639953613281
192.60699462890625,186.56390380859375,89.93370056152344,81.59639739990234
227.76809692382812,192.98939514160156,77.66799926757812,80.877197265625
253.9167938232422,196.14190673828125,72.32599639892578,73.30619812011719
281.4248962402344,192.46609497070312,69.00189971923828,71.24440002441406
303.2272033691406,190.73460388183594,63.4635009765625,70.64700317382812
318.8868103027344,185.464599609375,62.399200439453125,72.86530303955078
339.97198486328125,181.9687042236328,54.7864990234375,74.57450103759766
352.32989501953125,179.62559509277344,53.07820129394531,74.4760971069336
364.11358642578125,176.75379943847656,51.900901794433594,75.45680236816406
375.91351318359375,176.2760009765625,49.34239959716797,75.00740051269531
386.16680908203125,176.70339965820312,45.05419921875,72.80229949951172
393.63360595703125,179.63609313964844,43.055599212646484,72.5186996459961
399.18798828125,182.38710021972656,42.076900482177734,70.3113021850586
405.0082092285156,185.63619995117188,39.110599517822266,68.10009765625
408.2620849609375,188.4521942138672,36.90589904785156,67.2134017944336
410.9822998046875,191.9676055908203,33.48529815673828,65.9843978881836
412.77099609375,194.42669677734375,31.10610008239746,65.25189971923828
410.46429443359375,194.69610595703125,30.802799224853516,64.24199676513672
406.914306640625,195.6649932861328,31.71179962158203,63.78329849243164
404.1867980957031,195.79119873046875,31.153900146484375,62.21659851074219
401.4833984375,196.87600708007812,32.34600067138672,60.93709945678711
396.2388000488281,197.10589599609375,35.87820053100586,58.029998779296875
392.76971435546875,194.99270629882812,38.44879913330078,56.606201171875
390.5143127441406,193.3916015625,40.85940170288086,55.1525993347168
387.26971435546875,191.24490356445312,41.900699615478516,53.9828987121582
384.14691162109375,188.73460388183594,42.58190155029297,53.40549850463867
381.6064147949219,185.93890380859375,43.96540069580078,53.62739944458008
379.527587890625,183.164794921875,44.42359924316406,49.615699768066406
377.3052978515625,180.35409545898438,44.5890007019043,47.722599029541016
375.4964904785156,177.08799743652344,46.005699157714844,45.88359832763672
374.04949951171875,176.51539611816406,45.813201904296875,43.70539855957031
372.03680419921875,175.55499267578125,46.81100082397461,42.2869987487793
370.6405944824219,175.114501953125,48.05220031738281,41.65530014038086
368.7773132324219,175.9019012451172,48.79679870605469,42.04890060424805
367.3086853027344,176.27980041503906,50.265201568603516,42.233299255371094
365.5884094238281,177.62939453125,51.10350036621094,44.02799987792969
364.2203063964844,179.09359741210938,52.969200134277344,46.4906005859375
362.75799560546875,182.36959838867188,54.18259811401367,48.85049819946289
361.2605895996094,186.24310302734375,55.13800048828125,51.727298736572266
360.2952880859375,190.62539672851562,56.18410110473633,56.28969955444336
358.7716979980469,195.5738983154297,58.03900146484375,60.05440139770508
356.89300537109375,199.90049743652344,59.8931999206543,63.036598205566406
352.8306884765625,201.86109924316406,62.402400970458984,66.8052978515625
348.43341064453125,199.14410400390625,64.70390319824219,70.9677963256836
346.0392150878906,195.56539916992188,66.36689758300781,76.779296875
345.823486328125,189.65640258789062,63.234798431396484,81.13200378417969
342.20208740234375,180.0321044921875,61.88410186767578,82.30549621582031
341.32720947265625,169.23390197753906,58.17580032348633,81.1218032836914
337.4360046386719,159.4188995361328,55.818599700927734,74.25959777832031
336.1958923339844,137.86659240722656,51.00529861450195,81.62740325927734
334.7651062011719,119.44519805908203,47.02880096435547,88.1498031616211
333.2511901855469,98.29019927978516,41.96760177612305,92.86609649658203
331.34600830078125,78.15070343017578,41.79100036621094,97.24440002441406
328.5830078125,61.96739959716797,42.78089904785156,99.97989654541016
326.82989501953125,44.84489822387695,45.87310028076172,98.83270263671875
323.3359069824219,35.91999816894531,51.95589828491211,96.4072036743164
317.5198974609375,27.936500549316406,60.34989929199219,107.08979797363281
311.25830078125,27.784799575805664,68.19270324707031,104.05020141601562
304.6188049316406,31.448699951171875,74.89949798583984,103.21109771728516
298.7904052734375,40.53739929199219,80.6812973022461,98.99669647216797
297.9378967285156,56.115699768066406,81.21880340576172,93.37300109863281
307.0137023925781,82.45130157470703,70.55030059814453,74.40440368652344
291.37689208984375,104.35179901123047,91.17379760742188,87.87159729003906
289.5459899902344,133.06640625,92.41400146484375,79.3488998413086
298.4715881347656,151.97950744628906,88.00910186767578,85.23899841308594
304.0575866699219,173.0904998779297,82.80760192871094,84.14869689941406
310.6377868652344,190.12359619140625,79.03970336914062,85.19950103759766
315.8522033691406,201.9268035888672,77.74459838867188,84.5728988647461
322.7915954589844,211.00819396972656,74.64540100097656,81.60260009765625
330.64068603515625,218.37179565429688,70.32330322265625,80.8634033203125
340.5523986816406,223.80020141601562,62.92490005493164,77.18669891357422
349.7394104003906,228.10769653320312,53.775001525878906,72.9977035522461
359.565185546875,228.885498046875,45.726898193359375,67.81819915771484
365.706787109375,228.16549682617188,39.44260025024414,62.76850128173828
376.9307861328125,226.26300048828125,29.431699752807617,59.73889923095703
382.3857116699219,224.63250732421875,23.309200286865234,55.535099029541016
385.6614990234375,223.3354949951172,21.047500610351562,50.35580062866211
386.66259765625,218.42410278320312,21.879899978637695,50.784000396728516
386.3174133300781,218.6864013671875,22.77090072631836,48.50979995727539
388.2008972167969,215.89529418945312,39.24689865112305,50.71879959106445
389.7690124511719,215.62730407714844,35.1156005859375,44.5255012512207
389.9327087402344,222.28219604492188,30.172500610351562,44.625701904296875
389.5527038574219,228.64120483398438,27.552200317382812,43.93090057373047
390.2431945800781,234.50289916992188,24.354400634765625,50.971900939941406
387.82049560546875,238.85350036621094,24.592899322509766,54.40549850463867
385.180908203125,244.96229553222656,26.01689910888672,58.872100830078125
380.1593017578125,248.8748016357422,28.846799850463867,64.37909698486328
372.01470947265625,249.466796875,36.37189865112305,69.96050262451172
362.660888671875,250.2606964111328,44.0359001159668,75.12159729003906
349.46258544921875,248.36990356445312,55.493099212646484,77.46540069580078
336.3815002441406,243.49549865722656,63.5093994140625,82.28089904785156
326.2135009765625,238.0117950439453,70.2354965209961,86.16809844970703
312.66900634765625,231.93460083007812,74.77839660644531,86.23670196533203
300.8706970214844,227.8137969970703,76.81060028076172,80.00129699707031
286.443603515625,210.3419952392578,86.51239776611328,88.26959991455078
283.0264892578125,209.6403045654297,86.88469696044922,82.54029846191406
274.9867858886719,208.2906036376953,89.42939758300781,73.72589874267578
274.06988525390625,199.8175048828125,90.96839904785156,77.4269027709961
259.2493896484375,188.2032012939453,96.51679992675781,74.64089965820312
250.59840393066406,171.86199951171875,100.97019958496094,78.12989807128906
232.76559448242188,170.18780517578125,111.47380065917969,67.33719635009766
239.468994140625,166.03309631347656,98.8927993774414,62.19620132446289
236.63839721679688,157.9636993408203,94.43470001220703,64.347900390625
235.90809631347656,149.7957000732422,90.04460144042969,70.72489929199219
225.7368927001953,144.04449462890625,95.86139678955078,78.74949645996094
229.993896484375,155.93960571289062,86.37229919433594,71.86029815673828
225.67190551757812,158.4405059814453,87.1093978881836,74.97360229492188
217.24830627441406,179.75650024414062,90.51290130615234,103.27749633789062
220.01100158691406,182.49009704589844,86.23870086669922,81.4072036743164
162.56719970703125,177.51429748535156,153.44290161132812,164.30209350585938
163.31640625,179.46609497070312,150.40789794921875,160.73280334472656
162.82420349121094,181.50729370117188,153.54910278320312,159.77999877929688
161.59719848632812,183.4739990234375,159.96080017089844,158.63079833984375
157.6549072265625,183.1562957763672,173.9897003173828,162.7635955810547
291.7663879394531,250.99319458007812,66.10440063476562,82.34829711914062
312.9197082519531,246.45289611816406,60.21379852294922,76.8727035522461
321.0674133300781,250.68299865722656,59.99610137939453,73.40699768066406
329.7427062988281,247.04690551757812,63.52840042114258,73.74600219726562
337.6883850097656,244.47360229492188,60.194400787353516,72.13569641113281
343.1076965332031,238.3968963623047,60.416900634765625,66.42919921875
350.00531005859375,231.54910278320312,57.65359878540039,65.58260345458984
356.114013671875,224.49159240722656,55.555999755859375,58.68069839477539
360.24798583984375,217.80780029296875,55.08599853515625,53.12519836425781
364.0924072265625,209.2082061767578,52.741600036621094,51.818599700927734
367.34869384765625,202.8415985107422,51.0900993347168,49.76919937133789
370.2868957519531,196.86019897460938,47.317100524902344,45.008201599121094
373.918212890625,191.4832000732422,45.00859832763672,42.31159973144531
375.5408935546875,186.93820190429688,42.620201110839844,40.95500183105469
378.1720886230469,183.42100524902344,38.60540008544922,38.804298400878906
380.4725036621094,180.19630432128906,34.961299896240234,36.83340072631836
382.6460876464844,176.947998046875,31.372699737548828,35.73939895629883
385.36151123046875,176.62559509277344,27.037399291992188,34.49319839477539
387.0419921875,178.21189880371094,23.96269989013672,32.622501373291016
387.5061950683594,177.68690490722656,22.703100204467773,32.77299880981445
388.9585876464844,179.74339294433594,20.579299926757812,33.65520095825195
390.2654113769531,183.82350158691406,18.83690071105957,32.26839828491211
390.3794860839844,188.82240295410156,18.672000885009766,32.27259826660156
389.3883972167969,194.59469604492188,20.1018009185791,32.78049850463867
387.1129150390625,199.7375030517578,22.78230094909668,35.453800201416016
383.127685546875,205.1833953857422,26.707700729370117,39.10049819946289
378.74249267578125,210.3946075439453,31.692100524902344,44.738800048828125
373.1073913574219,217.14959716796875,36.674800872802734,49.60810089111328
366.26611328125,224.4071044921875,42.091800689697266,52.93299865722656
358.9464111328125,230.7165069580078,46.725101470947266,60.62310028076172
350.67120361328125,235.8166961669922,52.22489929199219,65.62169647216797
340.089111328125,241.82809448242188,59.802398681640625,74.64530181884766
330.69281005859375,247.347900390625,64.7593002319336,78.10060119628906
321.68438720703125,250.3218994140625,66.11689758300781,82.61499786376953
305.7204895019531,248.81399536132812,74.03990173339844,89.69129943847656
289.33050537109375,246.4311981201172,80.67320251464844,93.36080169677734
273.7724914550781,242.8300018310547,85.52570343017578,91.02870178222656
258.7650146484375,238.05799865722656,92.48699951171875,86.93229675292969
238.0345001220703,216.99130249023438,101.29409790039062,95.47219848632812
176.19349670410156,186.27459716796875,148.8052978515625,151.3972930908203
163.00439453125,184.0133056640625,154.75950622558594,158.66400146484375
201.2740020751953,182.92660522460938,102.62229919433594,69.42739868164062
192.78550720214844,166.87229919433594,105.97370147705078,63.51959991455078
188.59519958496094,148.8468017578125,104.36019897460938,62.94279861450195
176.2373046875,123.92379760742188,112.68669891357422,76.14340209960938
174.4152069091797,106.13999938964844,106.91529846191406,83.13680267333984
173.27560424804688,94.07540130615234,104.93990325927734,88.3093032836914
172.6320037841797,87.13700103759766,101.80989837646484,93.7428970336914
173.79330444335938,83.6719970703125,97.18470001220703,99.11060333251953
178.76210021972656,90.31109619140625,89.57599639892578,96.3552017211914
179.7418975830078,100.71980285644531,86.73909759521484,96.86540222167969
192.84730529785156,114.54039764404297,76.29920196533203,94.19239807128906
197.66140747070312,145.50729370117188,73.09140014648438,77.82279968261719
207.80039978027344,167.156005859375,68.4634017944336,89.1083984375
224.5408935546875,181.2584991455078,62.38059997558594,90.61830139160156
229.32139587402344,205.33580017089844,63.43949890136719,78.95169830322266
249.54800415039062,221.3332977294922,49.85820007324219,74.30680084228516
264.6532897949219,233.04209899902344,42.27790069580078,72.8219985961914
276.8363037109375,241.697998046875,39.077701568603516,68.47799682617188
290.88531494140625,234.85580444335938,37.8838005065918,74.95829772949219
300.9208068847656,235.5742950439453,43.7421989440918,73.76909637451172
312.8807067871094,231.3249053955078,44.84700012207031,71.64969635009766
321.472412109375,228.08340454101562,49.767601013183594,69.20069885253906
327.29449462890625,223.08799743652344,57.071800231933594,66.7385025024414
336.10040283203125,217.32350158691406,59.205101013183594,66.03130340576172
343.097412109375,212.14120483398438,56.9025993347168,59.33729934692383
347.9617919921875,207.04710388183594,52.58789825439453,56.10499954223633
355.21868896484375,201.5489959716797,43.89899826049805,53.73469924926758
363.8583068847656,198.2194061279297,33.15060043334961,44.98310089111328
372.73968505859375,196.80149841308594,25.373600006103516,38.674198150634766
380.2403869628906,194.23019409179688,21.831499099731445,34.76599884033203
378.44439697265625,187.9011993408203,31.730100631713867,36.066898345947266
375.2922058105469,183.16250610351562,40.22959899902344,37.488800048828125
373.98760986328125,178.781005859375,44.994300842285156,39.769901275634766
374.3070983886719,178.06280517578125,47.124000549316406,38.18190002441406
375.56640625,178.8511962890625,47.31909942626953,39.47159957885742
379.0244140625,179.47799682617188,45.14870071411133,40.91699981689453
383.8147888183594,182.56539916992188,39.79389953613281,42.823299407958984
389.2464904785156,185.65280151367188,32.09080123901367,45.62919998168945
392.07000732421875,190.8867950439453,28.003599166870117,47.79629898071289
392.99420166015625,196.9727020263672,24.796100616455078,49.385398864746094
392.8174133300781,202.89739990234375,25.36829948425293,51.065101623535156
385.7571105957031,210.3076934814453,36.91559982299805,52.39849853515625
381.69281005859375,216.56350708007812,47.68629837036133,55.02349853515625
375.8851013183594,226.30889892578125,57.06809997558594,60.23640060424805
371.33270263671875,237.94760131835938,64.12999725341797,63.87620162963867
366.0126037597656,244.72470092773438,68.57659912109375,66.41649627685547
358.6184997558594,249.38160705566406,70.68560028076172,71.66829681396484
350.36639404296875,251.60589599609375,73.2676010131836,75.19629669189453
342.1330871582031,251.07249450683594,72.20130157470703,81.7510986328125
333.61480712890625,250.3542938232422,55.220401763916016,85.71890258789062
326.6612854003906,244.67840576171875,51.92319869995117,87.83399963378906
315.193603515625,232.98789978027344,42.81639862060547,87.95010375976562
295.51849365234375,224.14280700683594,53.92499923706055,84.66709899902344
264.2438049316406,206.36419677734375,75.81759643554688,94.22029876708984
225.23019409179688,189.3699951171875,96.63040161132812,85.13990020751953
214.15089416503906,165.21949768066406,105.35220336914062,93.18609619140625
188.0847930908203,149.8612060546875,106.45850372314453,100.15160369873047
174.4001007080078,124.89959716796875,118.82209777832031,65.08390045166016
150.69439697265625,99.91259765625,128.57400512695312,72.77690124511719
137.49920654296875,69.7970962524414,118.7042007446289,75.44100189208984
129.36500549316406,35.31169891357422,111.83319854736328,98.2166976928711
126.14350128173828,16.989900588989258,95.43689727783203,109.6427993774414
123.70429992675781,11.00529956817627,92.72260284423828,112.24739837646484
118.17030334472656,3.3403000831604004,86.98680114746094,117.78009796142578
117.1803970336914,3.66729998588562,85.66410064697266,120.5093002319336
105.97879791259766,2.811800003051758,82.14700317382812,116.37049865722656
100.80829620361328,12.345000267028809,75.1261978149414,113.23619842529297
88.35890197753906,33.447200775146484,84.91069793701172,100.35160064697266
77.4572982788086,66.62809753417969,87.70989990234375,72.79779815673828
74.27189636230469,80.83920288085938,95.72840118408203,72.9198989868164
70.56629943847656,94.71379852294922,100.73699951171875,75.26249694824219
69.7479019165039,112.74120330810547,96.45259857177734,80.28369903564453
68.0647964477539,128.8437957763672,90.4988021850586,83.8759994506836
66.72859954833984,146.59019470214844,79.40409851074219,87.29209899902344
70.31330108642578,168.48159790039062,66.63899993896484,87.86370086669922
72.47360229492188,190.66220092773438,53.61309814453125,89.56210327148438
76.97720336914062,206.74960327148438,42.61989974975586,96.17350006103516
80.12960052490234,227.24569702148438,36.918701171875,87.81680297851562
83.03949737548828,240.61610412597656,37.404998779296875,84.95790100097656
83.51100158691406,245.40919494628906,41.6411018371582,80.50509643554688
79.04299926757812,245.55279541015625,52.31340026855469,76.41079711914062
72.89720153808594,246.42149353027344,59.22949981689453,71.12239837646484
68.25340270996094,243.72669982910156,63.26020050048828,67.80269622802734
66.94149780273438,240.58819580078125,65.0282974243164,63.24909973144531
67.02870178222656,238.47079467773438,65.19349670410156,57.48820114135742
69.51000213623047,233.02330017089844,62.519100189208984,54.48429870605469
70.4083023071289,226.56979370117188,61.0443000793457,53.81629943847656
74.41619873046875,219.4342041015625,55.576499938964844,53.05379867553711
80.35350036621094,211.96209716796875,46.369998931884766,51.417701721191406
82.57730102539062,206.5821990966797,40.197898864746094,50.22639846801758
88.10769653320312,204.06590270996094,29.45669937133789,48.26839828491211
90.22160339355469,201.75379943847656,22.952699661254883,48.599700927734375
86.14579772949219,199.93080139160156,23.285999298095703,49.78179931640625
81.72049713134766,199.77879333496094,28.574499130249023,46.6880989074707
75.22940063476562,199.5142059326172,39.09830093383789,43.652400970458984
70.20860290527344,199.39169311523438,47.80970001220703,41.945701599121094
66.5199966430664,199.6623992919922,53.26459884643555,43.403099060058594
63.07820129394531,199.45559692382812,55.916500091552734,45.919898986816406
58.9098014831543,200.63619995117188,58.185298919677734,47.699501037597656
55.32749938964844,203.73899841308594,57.88740158081055,48.90420150756836
51.2239990234375,208.6114959716797,56.30929946899414,48.22589874267578
45.589298248291016,215.56629943847656,55.36000061035156,48.82659912109375
43.791099548339844,219.64439392089844,47.98899841308594,51.56439971923828
40.97650146484375,223.3115997314453,38.07040023803711,56.15079879760742
39.66279983520508,225.24659729003906,28.700700759887695,60.99570083618164
34.90420150756836,228.0659942626953,32.77050018310547,66.88249969482422
24.91469955444336,226.9866943359375,46.04800033569336,74.69029998779297
11.667200088500977,225.98150634765625,61.404998779296875,80.67220306396484
1.5738999843597412,224.2852020263672,74.04530334472656,85.56109619140625
1.1922999620437622,216.8105010986328,75.49720001220703,89.97119903564453
1.2217999696731567,208.00010681152344,76.46440124511719,92.82649993896484
1.4266999959945679,195.7510986328125,80.39569854736328,94.10060119628906
1.085800051689148,179.2711944580078,85.93489837646484,96.0082015991211
2.5446999073028564,164.00759887695312,89.74690246582031,91.97550201416016
4.339900016784668,145.24070739746094,92.59629821777344,83.510498046875
7.989299774169922,119.19499969482422,91.6500015258789,85.7958984375
28.84320068359375,80.84040069580078,76.19730377197266,94.42120361328125
44.73460006713867,45.08610153198242,68.70429992675781,108.85330200195312
62.334800720214844,26.774700164794922,61.7755012512207,112.06680297851562
72.90769958496094,8.643500328063965,70.76750183105469,118.22029876708984
82.16410064697266,2.8742001056671143,87.51239776611328,108.66790008544922
92.95120239257812,2.5427000522613525,101.2760009765625,94.17520141601562
104.89469909667969,4.673299789428711,127.50879669189453,83.20099639892578
116.87809753417969,8.309399604797363,130.0417022705078,73.52400207519531
133.67489624023438,21.141799926757812,127.09120178222656,63.66490173339844
155.64979553222656,30.271699905395508,109.90470123291016,67.42620086669922
158.1761932373047,34.861000061035156,95.79609680175781,86.09639739990234
171.8347930908203,55.425201416015625,89.12539672851562,84.00550079345703
185.3430938720703,80.08260345458984,94.24369812011719,95.67680358886719
198.95770263671875,104.38520050048828,87.1333999633789,105.68679809570312
213.43569946289062,127.581298828125,66.256103515625,109.26190185546875
220.8887939453125,168.89169311523438,65.63490295410156,103.3761978149414
228.476806640625,191.57029724121094,61.28860092163086,98.9739990234375
232.0408935546875,210.00010681152344,55.050201416015625,100.61329650878906
232.1031036376953,229.17250061035156,50.343101501464844,95.97730255126953
224.89999389648438,250.9906005859375,55.92390060424805,86.7155990600586
215.21270751953125,259.49798583984375,54.16709899902344,83.71170043945312
201.80650329589844,260.5816955566406,56.8135986328125,84.88710021972656
184.3470001220703,262.12530517578125,62.93669891357422,80.12439727783203
172.00790405273438,269.29681396484375,65.4834976196289,73.25830078125
160.735107421875,267.3916015625,68.03469848632812,72.7500991821289
153.4329071044922,263.8739013671875,69.2739028930664,73.17279815673828
149.5164031982422,240.1540069580078,74.58450317382812,92.01589965820312
134.4770050048828,247.62890625,78.44259643554688,81.13410186767578
120.35320281982422,255.58349609375,69.74909973144531,70.07599639892578
108.59639739990234,255.1208038330078,69.92669677734375,68.706298828125
95.43099975585938,258.7278137207031,69.6448974609375,66.05490112304688
83.972900390625,254.55149841308594,68.80380249023438,66.53250122070312
75.73500061035156,250.9499969482422,61.290199279785156,68.67289733886719
69.24079895019531,248.19419860839844,54.611000061035156,69.37090301513672
53.340999603271484,248.08859252929688,50.01359939575195,70.7385025024414
38.5989990234375,245.77020263671875,47.45600128173828,71.91320037841797
19.058500289916992,243.877197265625,46.12120056152344,73.00689697265625
