1
435.0754089355469,75.81520080566406,230.65179443359375,459.03021240234375
431.7561950683594,83.09030151367188,216.11109924316406,451.0591125488281
434.0703125,87.84359741210938,231.45179748535156,445.9078063964844
423.2428894042969,92.50779724121094,217.4409942626953,445.014404296875
432.693115234375,89.73079681396484,226.72479248046875,443.7146911621094
418.0226135253906,94.73159790039062,217.04490661621094,442.0356140136719
420.9707946777344,93.02300262451172,250.43820190429688,442.32110595703125
422.7384948730469,94.93199920654297,222.72569274902344,444.4197082519531
414.1252136230469,95.93009948730469,255.6790008544922,438.3367004394531
412.5315856933594,95.731201171875,263.6164855957031,441.9967956542969
404.4216003417969,94.78849792480469,284.5351867675781,441.03131103515625
407.0293884277344,98.49530029296875,278.1431884765625,438.518798828125
414.1748962402344,96.61029815673828,273.294189453125,443.0953063964844
403.3392028808594,94.19529724121094,278.9242858886719,445.8046875
422.3157958984375,95.08499908447266,254.64529418945312,443.5444030761719
420.3147888183594,97.84700012207031,236.99929809570312,440.714599609375
432.70379638671875,90.0365982055664,243.0469970703125,444.3652038574219
434.068115234375,91.49669647216797,225.09519958496094,447.8761901855469
453.4154968261719,93.03079986572266,212.5124053955078,441.30950927734375
449.3841857910156,89.06819915771484,221.88119506835938,445.31451416015625
444.41259765625,88.75379943847656,232.65170288085938,445.0653991699219
446.62298583984375,93.55940246582031,229.79080200195312,445.1044921875
445.0530090332031,90.59729766845703,250.12969970703125,446.57159423828125
443.09588623046875,93.70140075683594,261.9963073730469,443.9244079589844
443.398193359375,90.44419860839844,302.62139892578125,449.5557861328125
451.2652893066406,85.07460021972656,311.3629150390625,454.9254150390625
436.07720947265625,81.5530014038086,311.5835876464844,458.4469909667969
460.50250244140625,79.28079986572266,425.2727966308594,460.7190856933594
436.9497985839844,84.62059783935547,485.3066101074219,446.2095031738281
429.9425964355469,80.54290008544922,510.8996887207031,453.0920104980469
423.47198486328125,65.31490325927734,495.5060119628906,464.1947937011719
351.5508117675781,93.09269714355469,584.5034790039062,435.4190979003906
345.96868896484375,94.25890350341797,557.4465942382812,437.08441162109375
368.3517150878906,43.90909957885742,523.3410034179688,480.85888671875
383.26031494140625,41.82379913330078,406.1724853515625,487.80828857421875
360.8316955566406,11.037400245666504,436.2969970703125,518.00341796875
376.81829833984375,8.122099876403809,343.0086975097656,531.8779296875
350.7001953125,0.0,358.1228942871094,540.0
236.29080200195312,4.2932000160217285,418.6842041015625,533.9603271484375
320.4682922363281,16.528900146484375,374.26129150390625,523.4711303710938
269.1418151855469,4.1072001457214355,268.3118896484375,529.5093994140625
236.60780334472656,24.772300720214844,399.64068603515625,505.69329833984375
453.635009765625,44.73429870605469,268.3086853027344,495.26568603515625
244.28199768066406,55.44599914550781,313.8833923339844,476.88519287109375
235.40370178222656,54.09239959716797,363.5398864746094,478.6719970703125
242.23219299316406,59.563899993896484,434.09130859375,479.80010986328125
389.01971435546875,59.65420150756836,332.0751037597656,477.3900146484375
335.09539794921875,57.35860061645508,387.4888000488281,482.6413879394531
338.5806884765625,62.44269943237305,384.78118896484375,477.55731201171875
336.955810546875,64.69029998779297,414.3702087402344,466.831787109375
354.4866943359375,72.5999984741211,357.6134033203125,467.3999938964844
371.7171936035156,69.58560180664062,341.1018981933594,454.3992919921875
390.1557922363281,82.92680358886719,312.62060546875,451.2213134765625
382.580810546875,64.24089813232422,307.17840576171875,453.73809814453125
378.6246032714844,163.28050231933594,175.07769775390625,361.6773986816406
384.4901123046875,153.64169311523438,200.8946075439453,378.24481201171875
397.2712097167969,62.82099914550781,307.6734924316406,466.9043884277344
414.43670654296875,62.27859878540039,285.716796875,476.622314453125
391.4784851074219,66.9927978515625,256.4513854980469,467.9236145019531
402.0249938964844,65.83270263671875,269.31671142578125,465.9588928222656
402.710693359375,63.89690017700195,267.3633117675781,469.20361328125
389.6767883300781,69.06159973144531,265.1654968261719,458.2059020996094
404.29638671875,66.45449829101562,260.8310852050781,470.2654113769531
395.5423889160156,79.00759887695312,279.2681884765625,454.1947937011719
395.3550109863281,76.56890106201172,276.910888671875,463.43109130859375
389.8266906738281,75.65679931640625,282.0455017089844,463.70660400390625
304.97149658203125,73.10269927978516,363.9103088378906,466.8973083496094
338.36029052734375,68.97709655761719,329.0918884277344,471.02288818359375
354.643310546875,72.39689636230469,307.1683044433594,467.60308837890625
362.69158935546875,73.3511962890625,300.4703063964844,466.6488037109375
355.5317077636719,74.1061019897461,312.0924072265625,465.8938903808594
315.3682861328125,75.3104019165039,350.4930114746094,464.46978759765625
356.4419860839844,69.97699737548828,311.598388671875,468.94940185546875
355.0398864746094,76.2677993774414,307.8651123046875,461.6011962890625
360.6283874511719,72.10199737548828,297.3265075683594,466.7763977050781
369.9381103515625,71.67479705810547,289.1217956542969,466.68951416015625
379.8109130859375,73.08619689941406,278.58331298828125,465.0647888183594
366.4507141113281,77.57119750976562,293.31048583984375,455.8122863769531
354.99420166015625,78.9176025390625,298.62091064453125,460.26959228515625
334.6156005859375,76.81539916992188,310.1593933105469,463.1846008300781
343.347412109375,76.06449890136719,304.74688720703125,463.93548583984375
352.37091064453125,71.05740356445312,304.5736999511719,468.9425964355469
384.2336120605469,71.5020980834961,267.9085998535156,468.49798583984375
384.3660888671875,68.61759948730469,279.4721984863281,469.393310546875
379.37939453125,72.5062026977539,283.8534851074219,460.30999755859375
408.6025085449219,72.4666976928711,247.1508026123047,466.676513671875
405.5718994140625,68.21990203857422,257.6473083496094,468.9574890136719
425.66680908203125,66.21589660644531,232.735107421875,469.70989990234375
425.14990234375,67.34770202636719,236.5196075439453,467.7235107421875
431.8944091796875,67.23999786376953,232.2006072998047,467.3196105957031
435.23779296875,67.0011978149414,229.64889526367188,470.1582946777344
453.1337890625,64.79070281982422,210.30870056152344,469.91241455078125
464.2486877441406,61.882999420166016,194.34530639648438,477.31561279296875
449.9101867675781,63.10559844970703,211.5001983642578,476.5375061035156
457.672607421875,63.680999755859375,202.097900390625,474.7655944824219
448.1946105957031,57.462799072265625,208.86300659179688,480.63641357421875
459.2900085449219,58.962799072265625,197.05859375,479.8940124511719
423.0181884765625,57.50080108642578,237.98330688476562,482.49920654296875
453.73309326171875,61.63610076904297,212.51400756835938,477.4164123535156
415.6553039550781,51.86309814453125,247.3905029296875,487.4801940917969
446.6653137207031,56.222599029541016,221.3878936767578,479.5625
421.7034912109375,51.655799865722656,246.00909423828125,486.3913879394531
425.2171936035156,53.43870162963867,243.75450134277344,478.493408203125
415.9403076171875,49.332801818847656,259.4446105957031,478.7947998046875
378.0133056640625,52.480899810791016,305.35308837890625,483.2013854980469
415.6430969238281,55.525901794433594,266.8337097167969,484.4740905761719
410.3232116699219,51.76089859008789,279.9971923828125,488.2391052246094
411.9671936035156,50.555599212646484,285.09271240234375,487.0953063964844
413.4678039550781,54.117000579833984,283.1369934082031,483.62689208984375
424.8334045410156,55.078399658203125,262.856689453125,484.4526062011719
422.08221435546875,58.46549987792969,259.597412109375,478.3327941894531
421.55889892578125,66.40630340576172,263.8312072753906,468.0575866699219
403.2331848144531,67.02770233154297,277.51849365234375,471.1044006347656
413.55731201171875,72.48539733886719,267.0530090332031,467.51458740234375
406.7947082519531,76.98829650878906,270.6444091796875,463.0116882324219
389.8633117675781,81.57350158691406,283.0152893066406,458.426513671875
398.5173034667969,78.45549774169922,279.756591796875,458.3810119628906
419.0701904296875,82.03510284423828,266.097900390625,453.447998046875
399.1828918457031,83.25679779052734,302.4508972167969,454.1705017089844
403.1184997558594,78.02310180664062,314.88861083984375,461.9768981933594
409.1689147949219,78.4677963256836,309.404296875,461.5321960449219
408.64959716796875,75.64089965820312,301.5474853515625,464.3591003417969
415.206787109375,75.33989715576172,285.15850830078125,464.66009521484375
429.40460205078125,74.2863998413086,274.8927001953125,465.7135925292969
410.5906066894531,68.79180145263672,293.4075012207031,471.20819091796875
423.66290283203125,73.92269897460938,270.54559326171875,463.45220947265625
424.4012145996094,70.57050323486328,257.47869873046875,469.42950439453125
419.27508544921875,63.846500396728516,261.59130859375,476.15350341796875
419.043701171875,67.41059875488281,264.45379638671875,471.9735107421875
422.50311279296875,69.43820190429688,263.11248779296875,465.8453063964844
409.7550048828125,66.91120147705078,270.6001892089844,473.0887145996094
421.70098876953125,67.00430297851562,262.51031494140625,471.6180114746094
408.12939453125,67.96820068359375,279.97601318359375,472.0318908691406
434.1084899902344,71.83070373535156,261.381103515625,466.64678955078125
398.7934875488281,66.84600067138672,283.4283142089844,471.31329345703125
406.08331298828125,66.87529754638672,295.78228759765625,469.1184997558594
424.99200439453125,70.9011001586914,290.8700866699219,464.82958984375
422.6736145019531,67.9625015258789,294.99029541015625,472.0375061035156
431.8149108886719,63.844398498535156,308.0997009277344,473.1413879394531
426.7755126953125,66.341796875,293.4162902832031,473.658203125
442.22808837890625,60.202598571777344,294.9789123535156,477.47918701171875
443.3192138671875,65.73300170898438,284.59228515625,474.2669982910156
446.4547119140625,56.40250015258789,286.6294860839844,483.5975036621094
456.7406005859375,57.17660140991211,277.2379150390625,480.39898681640625
460.4755859375,57.78919982910156,276.31201171875,480.0439147949219
472.6531066894531,50.97050094604492,272.402099609375,485.9820861816406
481.3835144042969,57.99489974975586,262.56280517578125,480.7759094238281
476.6846923828125,51.996299743652344,279.6836853027344,487.29290771484375
480.8800048828125,48.838401794433594,294.27978515625,491.1615905761719
493.62811279296875,47.31119918823242,303.7309875488281,492.6888122558594
490.31610107421875,42.584800720214844,354.5035095214844,497.05609130859375
495.331787109375,44.32360076904297,369.1614074707031,495.6763916015625
507.8056945800781,40.60749816894531,362.46881103515625,498.8581848144531
504.8008117675781,39.997501373291016,402.90679931640625,499.095703125
512.9432983398438,31.953800201416016,410.3280944824219,506.28790283203125
513.7885131835938,37.14889907836914,400.073486328125,500.9490051269531
516.1444702148438,36.856201171875,384.4588928222656,500.827392578125
518.5493774414062,33.252498626708984,362.73089599609375,491.0976867675781
523.2064819335938,33.50320053100586,300.5752868652344,506.4967956542969
522.2772216796875,38.80609893798828,266.9139099121094,499.97320556640625
506.6289978027344,32.77170181274414,258.54510498046875,504.7156066894531
513.4166259765625,39.614200592041016,253.4915008544922,495.7398986816406
520.2747192382812,39.70349884033203,236.72349548339844,498.6689147949219
525.6433715820312,39.18410110473633,233.0659942626953,498.9009094238281
511.548095703125,38.686798095703125,238.3094940185547,492.2265930175781
514.1434936523438,40.877498626708984,236.164794921875,495.3700866699219
508.4823913574219,43.22119903564453,246.94529724121094,493.7257080078125
496.4844970703125,49.54790115356445,254.6107940673828,488.84539794921875
492.6846923828125,47.68619918823242,247.33160400390625,491.1216125488281
487.4856872558594,45.44049835205078,254.32870483398438,492.4576110839844
483.2434997558594,51.04050064086914,256.84600830078125,488.9595031738281
470.3848876953125,45.72560119628906,263.9862060546875,491.9117126464844
475.5354919433594,53.64910125732422,265.71990966796875,481.7735900878906
476.900390625,53.66559982299805,260.6252136230469,483.6971130371094
474.74798583984375,51.67340087890625,261.1405944824219,484.2515869140625
473.3236083984375,56.14500045776367,262.8075866699219,483.8550109863281
477.01708984375,55.476200103759766,255.40139770507812,484.176513671875
477.90631103515625,56.80569839477539,264.1816101074219,480.9307861328125
483.34228515625,54.44329833984375,246.08180236816406,483.5527038574219
490.1181945800781,54.145999908447266,261.33599853515625,483.12701416015625
494.66571044921875,57.933998107910156,246.04519653320312,477.6776123046875
505.4547119140625,63.572601318359375,250.55589294433594,472.87109375
521.6677856445312,60.721900939941406,237.9658966064453,477.46710205078125
530.1909790039062,59.43769836425781,235.07679748535156,478.3539123535156
531.2689819335938,59.722599029541016,244.05960083007812,477.7427978515625
538.1207885742188,59.420799255371094,252.5095977783203,476.59051513671875
544.8248291015625,63.152099609375,259.7945861816406,474.7489013671875
558.0250854492188,60.10490036010742,249.8459014892578,478.8800048828125
566.6168823242188,60.883399963378906,251.07290649414062,477.7726135253906
574.9794921875,58.166900634765625,248.3321075439453,481.8330993652344
584.2852172851562,62.605098724365234,236.62319946289062,477.3948974609375
582.9849243164062,53.514400482177734,255.12060546875,486.485595703125
593.3607177734375,59.93330001831055,235.93919372558594,477.9825134277344
601.3878784179688,56.23429870605469,243.32260131835938,482.2762145996094
601.464599609375,62.000099182128906,234.03160095214844,476.98651123046875
607.4793701171875,59.36259841918945,231.54200744628906,479.30279541015625
609.0543212890625,65.02890014648438,227.92630004882812,473.7744140625
608.357421875,64.50070190429688,228.34410095214844,475.4992980957031
603.6995239257812,64.90959930419922,227.7711944580078,472.0286865234375
615.2468872070312,66.32759857177734,214.09849548339844,473.6723937988281
613.4431762695312,63.09489822387695,208.50929260253906,476.90509033203125
610.8306884765625,64.98259735107422,211.51649475097656,475.01739501953125
599.8809814453125,69.39689636230469,217.00799560546875,470.60308837890625
596.5294189453125,69.99369812011719,215.37899780273438,467.4053955078125
586.296875,67.1521987915039,217.00889587402344,470.45269775390625
589.6937255859375,73.09639739990234,211.2104949951172,464.6614990234375
566.715087890625,76.26180267333984,232.75579833984375,463.7381896972656
597.55908203125,78.56649780273438,185.13999938964844,459.5421142578125
570.7119140625,71.68170166015625,204.96389770507812,464.80828857421875
590.7321166992188,74.60859680175781,180.28179931640625,465.3913879394531
589.9421997070312,69.86849975585938,177.59970092773438,468.4776916503906
598.7274169921875,68.38890075683594,167.59689331054688,471.6111145019531
577.563720703125,74.84829711914062,187.70640563964844,463.0581970214844
555.6021118164062,71.03589630126953,205.15159606933594,465.28179931640625
586.9702758789062,77.15650177001953,170.83580017089844,462.02459716796875
592.9180908203125,71.36260223388672,165.31109619140625,466.4068908691406
578.105712890625,65.88770294189453,178.50770568847656,470.6636962890625
590.5701293945312,69.1989974975586,158.1195068359375,469.5231018066406
579.6724853515625,72.52490234375,165.9156036376953,467.47509765625
573.6259765625,71.85659790039062,173.9918975830078,465.69549560546875
569.431884765625,72.7322006225586,182.1190948486328,464.0025939941406
572.5549926757812,69.93119812011719,181.73069763183594,466.4619140625
567.3074951171875,70.50240325927734,194.8927001953125,463.42169189453125
556.5095825195312,70.7843017578125,205.1627960205078,462.5068054199219
550.9378051757812,73.89620208740234,227.5749053955078,459.9880065917969
560.3161010742188,79.16290283203125,217.306396484375,460.83709716796875
539.3220825195312,69.73600006103516,240.35740661621094,466.8738098144531
545.05419921875,70.12259674072266,241.0072021484375,464.2406921386719
550.6663818359375,70.34380340576172,232.80299377441406,466.9341125488281
557.3355102539062,83.19719696044922,231.66749572753906,455.6429138183594
549.8505249023438,66.73860168457031,228.6053009033203,467.2286071777344
558.5280151367188,69.33689880371094,234.34910583496094,468.6918029785156
554.2880859375,74.28119659423828,240.4615936279297,463.0798034667969
565.8909912109375,74.95659637451172,230.70399475097656,463.264892578125
564.464599609375,66.88899993896484,237.3489990234375,467.67120361328125
565.1475830078125,67.81610107421875,237.63699340820312,465.63800048828125
570.1091918945312,65.74030303955078,245.11880493164062,466.6216125488281
582.9384155273438,63.78089904785156,236.25929260253906,470.9773864746094
581.1619262695312,57.61389923095703,251.01449584960938,475.3320007324219
590.6616821289062,60.785499572753906,255.07029724121094,476.9346923828125
604.4810791015625,53.535499572753906,252.60000610351562,482.73480224609375
605.2218017578125,55.84349822998047,253.16749572753906,477.89019775390625
607.73779296875,57.36690139770508,263.1311950683594,476.747802734375
609.1901245117188,56.16680145263672,261.95318603515625,479.5141906738281
610.6282958984375,54.47629928588867,266.52801513671875,479.46209716796875
615.6165771484375,59.316898345947266,266.222900390625,474.0924987792969
617.8880004882812,54.94169998168945,266.9529113769531,480.1466064453125
619.8184814453125,55.15629959106445,269.35369873046875,480.29071044921875
621.0319213867188,56.78770065307617,265.88018798828125,480.8402099609375
617.1190185546875,54.872501373291016,275.0899963378906,483.4541015625
613.8817138671875,51.390098571777344,274.8841857910156,486.756591796875
614.2874145507812,55.03900146484375,272.1286926269531,479.6661071777344
611.9664916992188,55.03300094604492,273.364013671875,483.2218017578125
609.5004272460938,53.72209930419922,274.6642150878906,482.3951110839844
606.7020874023438,55.645999908447266,267.61248779296875,484.35400390625
602.2863159179688,51.75870132446289,268.5718994140625,488.2413024902344
592.2788696289062,56.12089920043945,274.69439697265625,483.87921142578125
576.7844848632812,69.05490112304688,276.6976013183594,469.0736999511719
564.2025146484375,58.19309997558594,279.1069030761719,481.806884765625
539.5537719726562,55.00870132446289,282.6565856933594,484.9913024902344
528.357421875,51.022499084472656,285.2048034667969,482.7159118652344
521.0463256835938,52.180301666259766,283.6875,483.4338073730469
518.33642578125,47.805198669433594,270.906005859375,489.519287109375
511.1181945800781,53.180198669433594,269.52740478515625,483.3825988769531
503.3902893066406,51.32820129394531,265.909912109375,485.3263854980469
504.235107421875,45.740501403808594,246.2321014404297,490.8546142578125
502.3432922363281,46.43600082397461,241.34120178222656,490.1990051269531
499.93701171875,49.09590148925781,241.1748046875,483.37109375
498.1542053222656,49.34260177612305,242.29150390625,487.625
495.0649108886719,47.78219985961914,229.8509979248047,488.0325927734375
489.3306884765625,42.742801666259766,239.70889282226562,494.22979736328125
486.5965881347656,45.38719940185547,241.7180938720703,494.61279296875
481.2904052734375,42.952999114990234,250.4871063232422,495.02069091796875
473.3700866699219,39.7859992980957,259.35260009765625,497.0038146972656
460.7336120605469,43.483299255371094,280.6589050292969,492.597412109375
457.6734924316406,46.29100036621094,290.9502868652344,492.12548828125
446.6405029296875,48.2760009765625,308.6512145996094,491.7240905761719
437.1783142089844,45.54090118408203,346.54779052734375,490.0223083496094
429.6745910644531,41.665000915527344,377.2327880859375,498.3349914550781
429.0899963378906,44.15810012817383,321.6643981933594,495.8418884277344
429.585693359375,44.0536994934082,323.9862060546875,495.9464111328125
433.0492858886719,47.0,277.5379943847656,493.0
429.6343078613281,42.787200927734375,242.11549377441406,495.531494140625
430.2085876464844,52.51539993286133,203.15480041503906,481.7795104980469
440.3201904296875,43.8755989074707,171.16799926757812,493.3185119628906
437.176513671875,43.628299713134766,166.92010498046875,496.3717041015625
432.6200866699219,45.48109817504883,165.3278045654297,494.5188903808594
396.718505859375,50.710601806640625,205.27130126953125,488.07861328125
393.0083923339844,57.4901008605957,193.83810424804688,482.5098876953125
388.0985107421875,65.08999633789062,192.19090270996094,474.9100036621094
372.79180908203125,66.23889923095703,201.8927001953125,473.1868896484375
368.80560302734375,68.92430114746094,210.039306640625,470.6097106933594
362.5682067871094,64.39289855957031,214.25070190429688,473.89068603515625
354.8085021972656,65.65299987792969,227.96470642089844,473.68389892578125
357.0622863769531,73.322998046875,226.28970336914062,463.6850891113281
355.6111145019531,74.20719909667969,225.81570434570312,465.1993103027344
351.75579833984375,79.48200225830078,216.22909545898438,456.5033874511719
345.3551940917969,77.75769805908203,224.35009765625,460.3204040527344
336.2724914550781,79.18720245361328,221.72410583496094,455.9353942871094
346.3109130859375,85.1322021484375,210.45860290527344,454.8677978515625
384.7818908691406,79.3855972290039,260.3648986816406,434.42608642578125
349.7962951660156,89.63059997558594,195.94239807128906,447.61859130859375
351.00531005859375,84.5186996459961,218.60260009765625,455.4812927246094
342.2232971191406,101.64669799804688,192.65179443359375,433.775390625
329.720703125,87.98040008544922,205.72079467773438,452.01959228515625
323.1271057128906,97.40160369873047,206.19540405273438,442.598388671875
345.2450866699219,91.42240142822266,195.86199951171875,448.5776062011719
357.8930969238281,103.18090057373047,228.464599609375,428.7583923339844
327.8288879394531,99.62660217285156,197.97019958496094,438.6966857910156
320.0065002441406,93.25029754638672,203.8061981201172,446.74969482421875
327.79559326171875,96.01589965820312,192.1365966796875,443.9841003417969
328.02679443359375,90.02760314941406,197.80709838867188,449.972412109375
334.73748779296875,96.7520980834961,181.76510620117188,443.2478942871094
341.793212890625,105.67150115966797,183.9261932373047,434.32861328125
354.7047119140625,96.760498046875,167.4799041748047,443.239501953125
355.71160888671875,109.5719985961914,170.4084014892578,430.4280090332031
361.1205139160156,104.49569702148438,158.42759704589844,435.5043029785156
367.20379638671875,108.44580078125,164.18679809570312,431.55419921875
368.25628662109375,115.00399780273438,158.6905059814453,424.9960021972656
368.1180114746094,109.50959777832031,164.783203125,430.4903869628906
373.90948486328125,99.68460083007812,155.84820556640625,440.3153991699219
377.5902099609375,101.09519958496094,154.56820678710938,438.90478515625
381.2023010253906,111.25859832763672,154.4676055908203,428.74139404296875
388.5107116699219,111.18679809570312,146.27960205078125,426.8450012207031
385.96710205078125,112.33300018310547,152.77330017089844,427.6669921875
389.531005859375,113.2874984741211,158.5635986328125,425.90289306640625
394.4801940917969,115.79029846191406,146.6259002685547,419.88720703125
391.0079040527344,122.21990203857422,166.38389587402344,417.78009033203125
397.0310974121094,120.10679626464844,147.15179443359375,419.8931884765625
561.8436889648438,127.82109832763672,123.6250991821289,284.3756103515625
399.28961181640625,125.7354965209961,157.28570556640625,412.7620849609375
410.722412109375,126.79060363769531,135.62710571289062,411.36871337890625
405.2195129394531,129.1654052734375,165.67779541015625,410.7308044433594
408.5281982421875,126.88069915771484,150.80380249023438,411.8435974121094
423.9446105957031,135.210693359375,139.02239990234375,383.1607971191406
425.4953918457031,131.09849548339844,156.2180938720703,386.5244140625
417.9081115722656,132.97950744628906,152.22900390625,391.7721862792969
463.8904113769531,143.7176971435547,164.2487030029297,353.27130126953125
440.4827880859375,141.693603515625,137.01220703125,364.42279052734375
444.194091796875,141.281494140625,135.79150390625,358.0419006347656
459.7893981933594,150.93719482421875,125.3718032836914,347.0044860839844
462.19439697265625,147.8406982421875,119.21289825439453,352.8976135253906
473.510009765625,135.42210388183594,109.68219757080078,366.748291015625
486.2207946777344,151.4207000732422,98.3322982788086,340.7231140136719
490.3345031738281,138.82749938964844,110.70269775390625,358.26348876953125
493.3924865722656,138.61790466308594,107.46620178222656,356.60809326171875
494.94061279296875,131.93980407714844,109.72129821777344,358.8573913574219
493.698486328125,125.08910369873047,110.18689727783203,353.5968017578125
502.3616943359375,142.3031005859375,103.15350341796875,338.86590576171875
506.83880615234375,136.3592071533203,106.36419677734375,341.7113952636719
