1
91.6041030883789,24.319000244140625,61.006900787353516,69.16719818115234
89.80480194091797,23.19879913330078,60.18119812011719,69.75810241699219
88.13099670410156,23.03030014038086,59.624000549316406,70.49030303955078
85.77420043945312,23.195199966430664,61.202999114990234,68.84940338134766
85.66739654541016,22.041200637817383,59.22919845581055,69.33489990234375
81.74980163574219,21.855199813842773,61.830501556396484,67.03790283203125
80.20379638671875,21.305200576782227,59.55569839477539,67.90440368652344
80.4281005859375,20.245399475097656,58.263999938964844,68.76370239257812
78.19760131835938,20.634199142456055,58.25709915161133,67.32160186767578
77.16600036621094,19.677499771118164,57.09270095825195,66.74549865722656
76.1010971069336,19.578699111938477,57.97060012817383,65.40730285644531
73.94930267333984,18.38409996032715,56.87900161743164,67.66670227050781
71.61840057373047,18.658300399780273,56.377498626708984,67.68199920654297
68.53459930419922,19.843000411987305,57.62189865112305,67.40080261230469
67.64720153808594,20.155799865722656,58.75080108642578,67.810302734375
64.55950164794922,19.51289939880371,58.226600646972656,68.97949981689453
62.6963005065918,20.19540023803711,59.167198181152344,68.89230346679688
62.38970184326172,19.80190086364746,58.43579864501953,69.23860168457031
60.80730056762695,19.782400131225586,58.484100341796875,68.14320373535156
59.421199798583984,19.22249984741211,58.667198181152344,70.51940155029297
58.244998931884766,18.426000595092773,60.015499114990234,70.06580352783203
57.5161018371582,18.62070083618164,59.873199462890625,69.8031005859375
57.151100158691406,18.010900497436523,59.19850158691406,70.28399658203125
57.31039810180664,18.05419921875,60.287601470947266,69.37570190429688
56.644901275634766,17.75040054321289,58.9473991394043,68.9531021118164
55.80730056762695,17.2987003326416,61.36149978637695,70.2344970703125
55.410099029541016,16.181400299072266,60.87480163574219,72.7969970703125
55.316898345947266,16.61520004272461,61.287498474121094,72.63860321044922
56.02989959716797,17.23579978942871,60.97520065307617,74.15840148925781
55.58000183105469,17.649700164794922,61.74909973144531,72.8270034790039
55.45790100097656,16.82740020751953,62.7223014831543,73.32260131835938
54.847900390625,16.775400161743164,62.74039840698242,73.93800354003906
54.59239959716797,17.28179931640625,61.975799560546875,74.55950164794922
54.53099822998047,18.038299560546875,61.602500915527344,72.96720123291016
54.45159912109375,18.067100524902344,62.78139877319336,72.75910186767578
55.51300048828125,18.20989990234375,62.86949920654297,73.85130310058594
55.8838996887207,18.023099899291992,62.7755012512207,73.03569793701172
54.96879959106445,18.553600311279297,62.90140151977539,74.9032974243164
55.44620132446289,19.270999908447266,62.6077995300293,73.51270294189453
55.407798767089844,18.885000228881836,60.218299865722656,74.51290130615234
55.01890182495117,19.17770004272461,61.527099609375,73.4646987915039
55.79520034790039,19.33340072631836,61.810298919677734,72.61509704589844
55.063499450683594,17.21310043334961,62.10070037841797,72.00769805908203
55.70429992675781,19.100500106811523,62.779300689697266,70.9208984375
55.450599670410156,18.67620086669922,62.5718994140625,71.04460144042969
55.71889877319336,19.274599075317383,63.5,70.39710235595703
55.95589828491211,19.656200408935547,63.01490020751953,71.46369934082031
55.64899826049805,20.05229949951172,63.16419982910156,70.14610290527344
54.98030090332031,20.640499114990234,62.88410186767578,70.12429809570312
55.75600051879883,20.597700119018555,64.26740264892578,70.9301986694336
55.18050003051758,20.61050033569336,66.20069885253906,71.16790008544922
54.99509811401367,19.250600814819336,65.80449676513672,73.17120361328125
55.99729919433594,19.290800094604492,65.39759826660156,72.79190063476562
54.69820022583008,18.869699478149414,67.88330078125,72.0000991821289
55.457698822021484,17.186199188232422,69.1989974975586,74.2510986328125
55.77330017089844,17.084199905395508,68.83760070800781,74.66320037841797
56.164798736572266,17.19610023498535,69.00309753417969,74.04830169677734
55.14870071411133,17.151899337768555,70.75769805908203,74.46589660644531
54.2223014831543,16.97249984741211,71.76409912109375,74.03959655761719
53.42539978027344,17.664100646972656,73.21920013427734,73.05380249023438
51.32160186767578,16.326400756835938,74.18550109863281,74.16719818115234
51.46879959106445,16.78019905090332,75.08989715576172,73.60679626464844
50.46540069580078,16.801000595092773,75.18419647216797,73.52670288085938
48.763099670410156,17.102100372314453,77.14009857177734,73.24810028076172
47.625099182128906,17.059799194335938,78.1404037475586,73.13050079345703
45.86899948120117,17.68899917602539,81.07119750976562,72.59359741210938
45.21080017089844,17.665800094604492,79.08599853515625,73.05079650878906
44.07310104370117,17.695600509643555,80.73390197753906,72.10810089111328
43.374298095703125,16.38479995727539,83.07620239257812,73.14859771728516
41.59389877319336,16.671300888061523,82.38020324707031,73.27130126953125
40.6077995300293,17.19339942932129,82.48760223388672,73.05590057373047
39.262001037597656,17.24690055847168,82.70220184326172,73.77040100097656
37.93629837036133,18.2273006439209,83.193603515625,71.98519897460938
36.8927001953125,17.667400360107422,83.77760314941406,73.6865005493164
37.6083984375,18.189199447631836,89.41940307617188,72.04940032958984
37.57490158081055,17.005699157714844,84.0365982055664,74.2477035522461
35.86360168457031,17.512500762939453,86.91120147705078,74.60649871826172
35.999298095703125,18.33930015563965,88.20800018310547,72.82980346679688
35.66230010986328,16.68709945678711,92.45089721679688,74.41780090332031
35.78099822998047,16.806900024414062,91.29830169677734,73.93699645996094
35.59299850463867,16.95840072631836,90.53199768066406,74.6333999633789
35.06909942626953,16.04400062561035,88.40249633789062,73.43890380859375
34.67470169067383,15.224499702453613,88.95899963378906,72.72059631347656
34.227901458740234,14.016799926757812,89.64920043945312,73.23719787597656
31.91990089416504,15.377099990844727,90.91590118408203,72.7865982055664
32.422698974609375,14.619799613952637,90.38089752197266,72.60579681396484
32.13949966430664,17.20800018310547,90.87329864501953,70.35030364990234
31.000699996948242,15.478300094604492,89.5425033569336,70.99859619140625
32.85559844970703,14.648200035095215,88.71189880371094,71.06379699707031
32.384700775146484,14.249300003051758,88.36399841308594,70.21330261230469
31.50950050354004,14.097100257873535,88.63420104980469,71.2437973022461
32.73749923706055,11.6983003616333,89.90180206298828,71.59880065917969
31.77989959716797,10.896100044250488,90.55419921875,71.76820373535156
32.131099700927734,7.771399974822998,89.71869659423828,74.42530059814453
34.268699645996094,7.93209981918335,86.72329711914062,73.18930053710938
33.93069839477539,8.144200325012207,87.53600311279297,74.63349914550781
32.8672981262207,7.484799861907959,89.92330169677734,73.37999725341797
33.760101318359375,7.286600112915039,87.72360229492188,71.44550323486328
30.88629913330078,6.3765997886657715,89.506103515625,72.7759017944336
31.48430061340332,8.786199569702148,93.86209869384766,72.04930114746094
29.766300201416016,8.475000381469727,92.66400146484375,72.21949768066406
30.256099700927734,10.246399879455566,94.06900024414062,71.1095962524414
28.1476993560791,11.032299995422363,95.70279693603516,72.32050323486328
27.390399932861328,9.95300006866455,92.84950256347656,73.5519027709961
25.580799102783203,9.243000030517578,96.19869995117188,75.16529846191406
25.067800521850586,10.497200012207031,92.86579895019531,73.01950073242188
22.82430076599121,10.082300186157227,94.45790100097656,73.80960083007812
24.51140022277832,10.431300163269043,93.76439666748047,74.97480010986328
21.854400634765625,10.311699867248535,95.67160034179688,72.29000091552734
20.934999465942383,12.183699607849121,96.59809875488281,72.69380187988281
19.762800216674805,12.597399711608887,95.88639831542969,72.70149993896484
18.368999481201172,14.93220043182373,95.20130157470703,71.32679748535156
16.86829948425293,13.322600364685059,96.1406021118164,71.15160369873047
16.726499557495117,15.525199890136719,96.86499786376953,73.05580139160156
14.225899696350098,14.640800476074219,96.68720245361328,69.78079986572266
13.913999557495117,14.236900329589844,97.65129852294922,71.94740295410156
13.758399963378906,15.067700386047363,97.49320220947266,71.59510040283203
13.16819953918457,14.418600082397461,99.33689880371094,73.10260009765625
12.821200370788574,15.202799797058105,99.02040100097656,69.29540252685547
11.997599601745605,14.168000221252441,98.3634033203125,72.1791000366211
10.920900344848633,13.44629955291748,99.2343978881836,71.70040130615234
8.848199844360352,13.944000244140625,99.6344985961914,68.37750244140625
9.527899742126465,11.343999862670898,97.69499969482422,70.6321029663086
7.979599952697754,12.070500373840332,99.82330322265625,73.04080200195312
6.419899940490723,12.496899604797363,100.52880096435547,70.89939880371094
6.404699802398682,12.414199829101562,102.51640319824219,70.88189697265625
6.406499862670898,13.517600059509277,101.06610107421875,70.31310272216797
4.668099880218506,12.818400382995605,100.9186019897461,70.30480194091797
4.143499851226807,12.63539981842041,98.79019927978516,74.65519714355469
3.867000102996826,12.022899627685547,97.6875991821289,74.01409912109375
3.059000015258789,12.53219985961914,100.02660369873047,71.93949890136719
3.6335999965667725,12.569000244140625,98.15670013427734,70.91439819335938
2.8487000465393066,12.75790023803711,99.03479766845703,75.4988021850586
3.8589999675750732,11.844200134277344,97.7228012084961,73.90350341796875
3.0580999851226807,12.409899711608887,99.43209838867188,72.35530090332031
2.9279000759124756,11.911199569702148,98.62889862060547,72.34750366210938
3.0448999404907227,12.105500221252441,100.2520980834961,73.1969985961914
3.0885000228881836,12.048100471496582,100.66320037841797,72.02909851074219
3.6407999992370605,10.852100372314453,99.42900085449219,72.88279724121094
3.378000020980835,10.948699951171875,101.08149719238281,73.88590240478516
3.1631999015808105,11.24590015411377,98.72570037841797,72.23210144042969
3.3471999168395996,10.908599853515625,99.57969665527344,74.59140014648438
3.393899917602539,9.62969970703125,100.08820343017578,72.81120300292969
5.990699768066406,10.827799797058105,99.42410278320312,71.23410034179688
3.786400079727173,9.76729965209961,102.63870239257812,73.0779037475586
7.704599857330322,11.114100456237793,99.94599914550781,71.0280990600586
5.1570000648498535,9.547599792480469,101.09709930419922,72.56739807128906
10.150899887084961,9.597700119018555,98.27020263671875,72.82589721679688
7.782899856567383,8.197799682617188,100.71320343017578,71.11840057373047
10.522500038146973,8.236900329589844,100.53170013427734,75.22630310058594
12.814399719238281,7.973499774932861,99.84480285644531,72.36370086669922
10.63379955291748,8.191200256347656,104.88200378417969,71.99669647216797
13.536499977111816,8.535200119018555,99.34040069580078,73.51969909667969
13.881500244140625,9.59939956665039,100.19950103759766,72.7699966430664
15.448599815368652,10.745200157165527,99.25540161132812,73.28189849853516
17.0851993560791,11.336600303649902,97.58180236816406,73.07659912109375
18.5625,12.366700172424316,96.92340087890625,71.26909637451172
18.239900588989258,12.3125,100.59989929199219,72.12629699707031
20.194700241088867,13.319899559020996,101.38390350341797,72.12419891357422
21.305099487304688,14.536800384521484,100.6051025390625,71.99449920654297
22.19300079345703,16.482799530029297,100.67130279541016,71.40989685058594
21.202899932861328,17.813400268554688,102.43689727783203,72.40029907226562
26.83099937438965,19.26140022277832,98.77040100097656,70.58999633789062
24.1481990814209,19.561500549316406,103.03690338134766,70.30570220947266
26.032400131225586,20.095600128173828,103.0093994140625,69.85859680175781
26.211999893188477,20.502899169921875,104.28019714355469,70.24649810791016
27.606599807739258,22.350400924682617,105.06009674072266,69.39620208740234
28.264799118041992,22.90719985961914,94.0176010131836,64.45010375976562
30.997100830078125,25.981399536132812,89.01180267333984,62.712398529052734
30.213300704956055,25.661300659179688,65.88800048828125,57.689998626708984
32.32939910888672,22.051599502563477,103.5990982055664,70.05729675292969
33.96390151977539,21.749300003051758,99.53720092773438,67.6989974975586
35.75899887084961,22.913700103759766,101.55560302734375,71.02989959716797
35.87200164794922,22.641599655151367,103.4906005859375,71.96910095214844
38.58549880981445,22.493099212646484,102.99579620361328,70.09220123291016
39.245601654052734,22.94700050354004,103.26069641113281,69.5967025756836
41.7495002746582,22.950300216674805,101.41590118408203,69.74210357666016
42.11249923706055,24.927900314331055,102.064697265625,68.71379852294922
44.391700744628906,24.928800582885742,99.8667984008789,68.48680114746094
45.787899017333984,26.16900062561035,95.47029876708984,65.56620025634766
47.8672981262207,28.035999298095703,93.18419647216797,65.16780090332031
50.7318000793457,28.49449920654297,102.84700012207031,67.93080139160156
50.84700012207031,29.0177001953125,95.81310272216797,66.4010009765625
51.65489959716797,31.716699600219727,98.99800109863281,65.71289825439453
53.00090026855469,32.4192008972168,97.9729995727539,65.53279876708984
56.96200180053711,32.70320129394531,92.94049835205078,66.00789642333984
55.902801513671875,33.858699798583984,91.59089660644531,63.220001220703125
57.99800109863281,35.28860092163086,108.42669677734375,66.3989028930664
58.73789978027344,34.571998596191406,96.48729705810547,64.80819702148438
59.959999084472656,35.61940002441406,96.95089721679688,66.46040344238281
60.784000396728516,35.273101806640625,97.6615982055664,65.73490142822266
61.665401458740234,34.7958984375,97.37879943847656,66.6594009399414
62.549198150634766,35.14720153808594,98.54850006103516,66.27310180664062
64.97949981689453,37.483001708984375,94.42769622802734,63.10029983520508
66.52539825439453,36.527400970458984,73.4800033569336,59.98540115356445
68.67639923095703,35.43450164794922,102.16020202636719,67.50890350341797
69.73320007324219,37.23830032348633,98.08480072021484,66.13169860839844
71.32550048828125,36.882301330566406,99.28589630126953,68.11910247802734
72.91349792480469,37.92940139770508,96.58979797363281,67.62779998779297
73.90760040283203,37.31840133666992,95.75240325927734,68.48480224609375
74.35859680175781,37.92259979248047,97.05590057373047,68.1104965209961
75.92759704589844,40.58259963989258,97.49030303955078,67.20770263671875
74.53849792480469,40.35639953613281,97.20490264892578,67.78230285644531
78.4197998046875,43.79629898071289,71.04460144042969,62.49530029296875
79.03350067138672,44.8661003112793,98.52200317382812,64.5468978881836
77.13770294189453,47.88880157470703,74.2863998413086,61.25239944458008
78.89230346679688,48.95100021362305,80.39409637451172,58.4900016784668
78.3635025024414,49.688899993896484,95.64540100097656,60.817298889160156
80.70449829101562,48.94580078125,76.84629821777344,63.13710021972656
79.86070251464844,51.45610046386719,92.8292007446289,60.42660140991211
78.65969848632812,53.13779830932617,63.376800537109375,58.39189910888672
79.64440155029297,54.054500579833984,97.23539733886719,62.3296012878418
81.85749816894531,52.30220031738281,83.43360137939453,63.04750061035156
84.66570281982422,52.90769958496094,93.93199920654297,62.73910140991211
85.09619903564453,52.891700744628906,85.94750213623047,64.66699981689453
88.24649810791016,52.41120147705078,78.4697036743164,61.30550003051758
87.9968032836914,55.5807991027832,63.13690185546875,57.68360137939453
86.87329864501953,53.69559860229492,99.29979705810547,60.87779998779297
89.37629699707031,52.84809875488281,89.68810272216797,63.011600494384766
92.60330200195312,54.201900482177734,61.01089859008789,57.70650100708008
92.41329956054688,52.96329879760742,65.76270294189453,58.023399353027344
92.86799621582031,51.74599838256836,99.6969985961914,61.018798828125
95.54889678955078,54.1619987487793,75.54180145263672,60.472900390625
94.76930236816406,53.89390182495117,62.58729934692383,57.637901306152344
94.23780059814453,50.09280014038086,99.5459976196289,62.18159866333008
99.0873031616211,52.8025016784668,91.7260971069336,60.80699920654297
97.38899993896484,52.197601318359375,97.09230041503906,59.3739013671875
99.6415023803711,53.36819839477539,85.90689849853516,58.0088996887207
101.62100219726562,53.758201599121094,90.04979705810547,58.86669921875
100.48719787597656,55.21620178222656,66.27369689941406,58.51810073852539
100.3501968383789,53.004798889160156,97.59010314941406,61.187400817871094
104.08470153808594,51.8213005065918,97.34140014648438,62.404300689697266
103.36170196533203,54.575401306152344,85.92279815673828,59.73910140991211
104.95950317382812,55.975799560546875,63.81010055541992,57.42110061645508
105.32969665527344,52.484100341796875,97.72049713134766,61.350399017333984
108.67160034179688,54.165199279785156,95.22239685058594,59.84159851074219
109.2031021118164,53.54249954223633,95.35079956054688,60.532901763916016
108.89900207519531,54.90340042114258,96.29070281982422,59.13090133666992
110.45469665527344,56.02859878540039,95.4979019165039,59.89870071411133
111.62460327148438,55.55030059814453,95.91519927978516,60.902198791503906
113.89309692382812,57.214500427246094,95.11759948730469,59.6427001953125
117.10179901123047,56.14469909667969,94.94000244140625,59.69279861450195
116.32939910888672,58.87889862060547,62.23889923095703,56.06930160522461
116.26309967041016,59.39080047607422,83.81060028076172,56.98870086669922
122.1343002319336,61.48680114746094,58.982200622558594,54.30569839477539
122.10350036621094,60.76089859008789,63.1786003112793,55.93199920654297
125.25990295410156,59.242698669433594,92.83789825439453,58.426700592041016
126.2968978881836,57.82830047607422,94.80439758300781,58.47330093383789
128.54949951171875,60.646400451660156,71.8988037109375,56.660701751708984
130.15460205078125,61.651100158691406,95.47810363769531,57.614498138427734
132.16180419921875,62.94559860229492,80.39019775390625,56.562400817871094
134.6708984375,64.8125,62.37540054321289,55.6703987121582
133.16209411621094,60.756900787353516,96.00910186767578,58.77790069580078
135.82640075683594,62.968101501464844,93.83999633789062,57.494998931884766
135.15159606933594,62.10599899291992,95.95349884033203,59.037498474121094
137.78610229492188,61.05820083618164,92.8207015991211,59.149600982666016
136.05589294433594,62.36940002441406,94.34649658203125,61.31570053100586
136.25819396972656,61.942501068115234,93.66449737548828,62.35490036010742
136.89120483398438,65.86190032958984,91.59700012207031,60.14580154418945
134.385498046875,65.29769897460938,94.15480041503906,63.752201080322266
135.7606964111328,66.03359985351562,82.243896484375,60.005699157714844
133.32679748535156,57.45130157470703,93.77999877929688,67.28849792480469
137.80079650878906,62.50559997558594,87.095703125,59.907501220703125
131.15609741210938,61.502498626708984,94.03209686279297,58.13140106201172
130.94200134277344,59.69390106201172,93.693603515625,60.42649841308594
129.4709930419922,59.40119934082031,93.72540283203125,62.67380142211914
128.22850036621094,59.274200439453125,93.22000122070312,64.2645034790039
128.06179809570312,62.006900787353516,93.55470275878906,60.03200149536133
125.80670166015625,63.10139846801758,84.56939697265625,57.330299377441406
127.01309967041016,65.85810089111328,60.98080062866211,54.62310028076172
127.41940307617188,62.007301330566406,84.96540069580078,59.55659866333008
128.9105987548828,64.63009643554688,62.40959930419922,56.527801513671875
125.20760345458984,64.3125,69.37249755859375,56.621299743652344
126.36090087890625,64.95369720458984,68.87779998779297,54.72629928588867
125.80979919433594,64.66850280761719,65.36750030517578,53.40290069580078
126.92739868164062,54.68299865722656,93.11979675292969,62.297000885009766
126.82859802246094,62.08190155029297,64.95719909667969,54.845298767089844
127.93319702148438,60.12409973144531,67.02290344238281,55.43939971923828
129.25650024414062,61.150001525878906,65.99250030517578,52.30739974975586
127.67849731445312,61.03150177001953,68.7656021118164,53.75230026245117
128.32240295410156,59.723899841308594,78.37039947509766,52.927101135253906
124.90619659423828,59.31800079345703,68.0542984008789,52.563499450683594
127.0781021118164,59.15409851074219,66.29350280761719,53.48109817504883
126.47239685058594,59.447200775146484,68.26809692382812,54.07849884033203
125.94039916992188,59.695098876953125,69.61309814453125,52.62160110473633
125.57510375976562,57.83700180053711,68.95259857177734,53.490299224853516
125.29820251464844,58.59489822387695,68.8469009399414,53.780799865722656
124.57160186767578,58.252899169921875,70.97010040283203,54.892398834228516
124.72480010986328,57.09040069580078,70.92949676513672,54.20069885253906
124.82119750976562,58.15019989013672,69.90560150146484,53.75669860839844
124.71839904785156,58.23469924926758,70.05740356445312,54.30649948120117
124.49199676513672,58.206298828125,70.92050170898438,54.224700927734375
124.45259857177734,57.58639907836914,72.04820251464844,55.00920104980469
124.38819885253906,55.310298919677734,79.93800354003906,56.905399322509766
125.1771011352539,45.68880081176758,89.30480194091797,65.56719970703125
124.97859954833984,53.15760040283203,73.60209655761719,58.09040069580078
124.5094985961914,52.554100036621094,76.37660217285156,56.6880989074707
124.27459716796875,44.970001220703125,89.32740020751953,62.714599609375
124.86799621582031,52.24789810180664,71.45980072021484,56.78630065917969
123.99490356445312,44.474300384521484,88.64289855957031,64.1968002319336
123.9896011352539,47.16419982910156,80.0188980102539,61.088199615478516
123.68720245361328,44.58700180053711,84.80799865722656,63.65620040893555
122.73539733886719,44.848899841308594,85.15059661865234,64.65139770507812
122.74410247802734,42.85559844970703,84.55490112304688,66.00579833984375
121.52549743652344,44.24729919433594,86.73359680175781,64.60990142822266
122.36689758300781,44.49100112915039,84.22899627685547,64.66500091552734
123.16179656982422,42.02980041503906,85.12760162353516,67.1395034790039
122.3646011352539,41.52360153198242,84.54090118408203,67.10279846191406
121.73860168457031,41.197898864746094,85.82319641113281,67.2582015991211
121.63829803466797,41.39720153808594,84.34549713134766,66.7052001953125
122.81770324707031,42.12310028076172,88.87699890136719,66.13710021972656
122.03379821777344,43.16659927368164,77.75160217285156,64.12030029296875
122.67259979248047,40.06679916381836,82.93419647216797,66.1759033203125
123.06600189208984,39.79130172729492,84.42880249023438,66.58059692382812
123.4114990234375,40.140201568603516,86.05130004882812,66.21710205078125
123.64820098876953,39.99800109863281,84.82479858398438,65.75399780273438
122.20709991455078,39.54610061645508,84.1135025024414,66.35340118408203
123.68810272216797,39.008201599121094,82.71279907226562,66.66230010986328
122.98880004882812,38.98249816894531,83.1792984008789,65.77149963378906
122.14720153808594,38.44169998168945,81.95279693603516,65.28500366210938
123.2854995727539,38.28770065307617,81.19969940185547,64.75029754638672
124.09600067138672,38.241600036621094,80.46489715576172,65.01460266113281
124.3644027709961,38.50189971923828,78.7876968383789,63.69369888305664
124.19660186767578,39.6702995300293,77.67130279541016,62.95249938964844
124.1084976196289,39.48099899291992,76.82109832763672,63.195899963378906
124.6718978881836,37.78960037231445,77.5625991821289,63.4364013671875
125.02210235595703,37.79859924316406,76.76629638671875,63.81850051879883
125.32029724121094,37.6239013671875,77.9927978515625,63.30820083618164
125.20809936523438,36.86259841918945,76.28919982910156,63.85139846801758
125.31189727783203,35.628700256347656,76.61139678955078,63.93299865722656
124.36309814453125,34.88600158691406,75.99590301513672,64.00399780273438
124.65989685058594,36.57170104980469,75.5365982055664,62.437198638916016
124.0708999633789,35.554100036621094,76.785400390625,62.93600082397461
123.88749694824219,34.14699935913086,75.84459686279297,62.855499267578125
123.71489715576172,35.634300231933594,74.67030334472656,61.78020095825195
123.0156021118164,35.334800720214844,75.99960327148438,61.088600158691406
122.18329620361328,36.407798767089844,74.8125991821289,61.15660095214844
122.09269714355469,35.78850173950195,74.62470245361328,60.56999969482422
122.22940063476562,34.638999938964844,74.05010223388672,60.64229965209961
122.36190032958984,35.8385009765625,72.15509796142578,60.07389831542969
123.12969970703125,35.272499084472656,73.66419982910156,59.417999267578125
124.00569915771484,35.92380142211914,72.28070068359375,59.39889907836914
123.80840301513672,35.192100524902344,70.29969787597656,59.516300201416016
124.24400329589844,36.43579864501953,77.4561996459961,58.97330093383789
125.63800048828125,36.10029983520508,70.60350036621094,58.657100677490234
125.1906967163086,36.91239929199219,73.49569702148438,57.007598876953125
126.08190155029297,36.78010177612305,73.87850189208984,56.85900115966797
125.58650207519531,36.973201751708984,74.86689758300781,57.205299377441406
125.60880279541016,36.941200256347656,77.35790252685547,56.48360061645508
125.55180358886719,36.317901611328125,77.0615005493164,56.854801177978516
126.30619812011719,36.64350128173828,73.7313003540039,56.951900482177734
126.65160369873047,36.516300201416016,72.31929779052734,56.815799713134766
126.77559661865234,36.90230178833008,71.29080200195312,56.03310012817383
126.72260284423828,36.87810134887695,70.51619720458984,56.156898498535156
126.7782974243164,36.352901458740234,70.37760162353516,55.51570129394531
127.28829956054688,36.02349853515625,72.24410247802734,55.116798400878906
126.9397964477539,34.22169876098633,72.56390380859375,55.97370147705078
127.40489959716797,33.831298828125,71.92250061035156,55.317298889160156
126.95980072021484,33.38629913330078,71.28520202636719,56.04949951171875
126.90969848632812,33.50270080566406,69.97039794921875,54.9807014465332
127.32510375976562,33.077999114990234,71.87090301513672,55.958900451660156
126.91000366210938,32.737998962402344,74.72270202636719,55.50740051269531
126.39189910888672,32.608699798583984,78.51339721679688,55.51169967651367
125.8041000366211,31.04439926147461,64.62470245361328,55.389198303222656
125.56590270996094,29.993499755859375,70.6239013671875,55.946998596191406
124.72669982910156,29.047100067138672,68.38140106201172,55.61119842529297
126.185302734375,29.116899490356445,73.64299774169922,56.66019821166992
125.31809997558594,27.51959991455078,73.30030059814453,56.092098236083984
126.37860107421875,27.1200008392334,63.80690002441406,55.64039993286133
126.43360137939453,26.256099700927734,76.24559783935547,57.547298431396484
126.77369689941406,24.60070037841797,60.37220001220703,56.45130157470703
127.56929779052734,23.84079933166504,68.5895004272461,56.88819885253906
127.59590148925781,23.867300033569336,59.43659973144531,55.9556999206543
127.6852035522461,23.198200225830078,71.38899993896484,57.07630157470703
128.2259979248047,22.184600830078125,61.41809844970703,56.929901123046875
128.80149841308594,22.594100952148438,76.39839935302734,58.281898498535156
128.0426025390625,21.16550064086914,73.52249908447266,59.1068000793457
128.4477996826172,20.770200729370117,61.31719970703125,57.0442008972168
128.93809509277344,20.365699768066406,77.31849670410156,58.555301666259766
128.61419677734375,19.43090057373047,67.90959930419922,58.39649963378906
129.0063018798828,18.934799194335938,77.58820343017578,59.975799560546875
129.69940185546875,20.0757999420166,65.02249908447266,57.9828987121582
129.55299377441406,19.061599731445312,78.8738021850586,60.54890060424805
130.1259002685547,18.217899322509766,72.55789947509766,60.6870002746582
129.73849487304688,17.841299057006836,71.7770004272461,58.511600494384766
128.89019775390625,18.033599853515625,76.76129913330078,59.44580078125
128.91490173339844,16.884199142456055,64.67880249023438,57.93370056152344
129.16490173339844,15.3193998336792,80.6947021484375,62.222198486328125
129.74609375,15.136500358581543,65.72599792480469,58.104000091552734
129.23060607910156,14.048299789428711,81.81069946289062,62.795101165771484
129.90020751953125,12.6427001953125,72.01229858398438,59.45100021362305
129.60670471191406,11.85159969329834,65.67630004882812,61.29999923706055
130.42320251464844,10.626999855041504,73.57589721679688,60.316898345947266
130.0446014404297,10.210599899291992,71.24079895019531,65.36280059814453
130.24549865722656,10.504300117492676,67.15850067138672,59.766998291015625
130.33680725097656,9.579899787902832,62.97549819946289,60.09000015258789
131.0330047607422,8.761300086975098,81.92350006103516,65.67330169677734
131.9873046875,7.554200172424316,80.36930084228516,68.64769744873047
132.3354034423828,6.539400100708008,69.02100372314453,59.94459915161133
132.18310546875,5.210599899291992,79.67859649658203,69.01640319824219
131.5572052001953,4.714000225067139,66.85679626464844,61.68989944458008
132.58770751953125,3.8715999126434326,82.30359649658203,70.7864990234375
132.2447052001953,2.6071999073028564,64.03050231933594,58.631099700927734
132.44419860839844,2.7651000022888184,77.35199737548828,67.83070373535156
132.48570251464844,1.0363999605178833,71.74420166015625,63.61539840698242
132.8011016845703,1.916100025177002,69.25630187988281,72.57230377197266
131.80889892578125,0.8281000256538391,67.4354019165039,59.918399810791016
131.8634033203125,1.3818999528884888,71.27120208740234,70.22660064697266
131.55850219726562,0.2976999878883362,66.56719970703125,62.94499969482422
132.17709350585938,1.1008000373840332,70.35859680175781,71.80010223388672
131.66090393066406,0.0,66.59049987792969,57.35309982299805
132.7808074951172,0.0,64.97530364990234,63.839599609375
133.8267059326172,0.0,64.6156997680664,66.71080017089844
133.8218994140625,0.0,71.22810363769531,73.9374008178711
134.50579833984375,1.0458999872207642,63.11539840698242,49.955501556396484
134.90699768066406,0.0,71.71189880371094,72.67579650878906
135.3708038330078,0.0,62.974700927734375,50.19070053100586
135.4573974609375,0.0,72.88780212402344,72.535400390625
135.00270080566406,0.0,65.55280303955078,51.71379852294922
134.5865020751953,0.0,78.65789794921875,71.1603012084961
133.87399291992188,0.0,71.21289825439453,66.49320220947266
135.24440002441406,0.0,73.0614013671875,72.46739959716797
134.12359619140625,0.0,71.23739624023438,65.5083999633789
135.04510498046875,0.0,71.26750183105469,70.9166030883789
134.9835968017578,0.0,70.57489776611328,70.20690155029297
134.88009643554688,0.0,70.18800354003906,69.25479888916016
134.7760009765625,0.0,70.75340270996094,69.30509948730469
133.88040161132812,0.0,70.76609802246094,68.79750061035156
132.57569885253906,0.299699991941452,74.26740264892578,68.69709777832031
132.27940368652344,0.0,73.29570007324219,66.78959655761719
130.76739501953125,0.1597999930381775,73.69730377197266,67.9207992553711
130.65029907226562,0.13189999759197235,76.8051986694336,67.4406967163086
132.6230926513672,0.0,71.6594009399414,66.80460357666016
131.97430419921875,0.0,75.39430236816406,66.99259948730469
132.90899658203125,0.0,74.9219970703125,66.54979705810547
132.51809692382812,0.0,74.84539794921875,65.82830047607422
134.35560607910156,0.0,72.64959716796875,66.74530029296875
132.81260681152344,0.0,75.08979797363281,65.42120361328125
133.57620239257812,0.0,73.46050262451172,65.59239959716797
133.23159790039062,0.0,74.63420104980469,65.37090301513672
132.6743927001953,0.0,73.0280990600586,64.2562026977539
132.32249450683594,0.0,80.7583999633789,64.793701171875
132.243896484375,0.0,83.752197265625,65.73259735107422
131.1446990966797,0.0,84.64959716796875,65.13800048828125
134.41299438476562,0.0,83.01290130615234,65.70929718017578
133.5821075439453,0.0,77.20349884033203,65.2520980834961
134.79969787597656,0.0,75.05500030517578,64.52890014648438
136.24729919433594,0.0,72.07170104980469,65.9354019165039
134.74049377441406,0.09629999846220016,76.4977035522461,68.13829803466797
135.1134033203125,0.0,80.56670379638672,68.95369720458984
134.93569946289062,0.0,80.37020111083984,70.3759994506836
133.92649841308594,0.0,81.2573013305664,70.55750274658203
135.05389404296875,0.0,78.95670318603516,71.42359924316406
135.03140258789062,0.2321999967098236,77.8906021118164,71.97599792480469
134.95460510253906,0.023499999195337296,78.23570251464844,72.99549865722656
134.55270385742188,0.005200000014156103,74.5593032836914,73.61979675292969
135.4947967529297,0.2215999960899353,74.60549926757812,74.69979858398438
132.03140258789062,0.0,78.91960144042969,75.10929870605469
134.3448028564453,0.0,76.08809661865234,75.11579895019531
132.77670288085938,0.0,81.3458023071289,74.13719940185547
132.41299438476562,0.0,82.20130157470703,76.66709899902344
133.86050415039062,0.0,80.4469985961914,77.80660247802734
135.5753936767578,0.23520000278949738,83.04280090332031,78.06839752197266
134.10009765625,0.0,82.28189849853516,76.33470153808594
134.6125946044922,0.0,82.4374008178711,79.3541030883789
132.76390075683594,0.0,84.693603515625,80.23860168457031
133.44979858398438,0.9660999774932861,85.80149841308594,77.13749694824219
129.4208984375,0.0,89.58419799804688,59.677398681640625
140.2595977783203,0.0,62.70759963989258,63.490699768066406
131.09820556640625,0.8027999997138977,86.82140350341797,62.8400993347168
141.2489013671875,0.6676999926567078,61.60020065307617,57.222198486328125
134.55470275878906,2.4423000812530518,82.8666000366211,59.56650161743164
140.40159606933594,1.7259000539779663,69.19999694824219,81.99579620361328
139.02239990234375,2.2718000411987305,75.37319946289062,84.06770324707031
139.33290100097656,3.029099941253662,77.0000991821289,65.25019836425781
138.15049743652344,5.1890997886657715,75.3593978881836,83.65129852294922
139.17449951171875,6.258600234985352,73.38580322265625,82.03610229492188
136.62730407714844,8.4891996383667,78.13569641113281,84.87830352783203
140.96670532226562,10.496000289916992,76.66560363769531,65.30480194091797
144.31700134277344,11.584799766540527,61.872798919677734,59.30889892578125
130.5406036376953,14.446499824523926,88.92230224609375,83.6718978881836
144.20919799804688,15.784600257873535,72.56939697265625,60.1879997253418
130.2949981689453,18.037200927734375,90.51709747314453,83.09449768066406
133.56260681152344,20.6466007232666,86.05500030517578,76.01570129394531
140.7510986328125,22.076099395751953,77.01200103759766,83.8009033203125
135.03599548339844,25.287099838256836,86.91230010986328,65.67780303955078
137.95399475097656,27.749399185180664,74.47000122070312,75.3406982421875
137.0052032470703,32.612300872802734,76.6520004272461,81.21630096435547
134.9243927001953,34.20970153808594,83.81230163574219,78.24829864501953
135.57229614257812,36.9005012512207,84.114501953125,74.01190185546875
144.41639709472656,38.831199645996094,74.35669708251953,82.14140319824219
139.86019897460938,40.301700592041016,85.30970001220703,69.74189758300781
143.0666961669922,41.30120086669922,73.5282974243164,79.97000122070312
138.6486053466797,43.67539978027344,82.1167984008789,61.270301818847656
140.05130004882812,46.450801849365234,80.5354995727539,80.32540130615234
137.5200958251953,46.1953010559082,86.63459777832031,77.98539733886719
137.14300537109375,47.564998626708984,91.01180267333984,83.38629913330078
140.14590454101562,48.78689956665039,85.61109924316406,85.39399719238281
138.8424072265625,51.224300384521484,88.46499633789062,82.5167007446289
141.37579345703125,53.4275016784668,84.69280242919922,82.67980194091797
138.83729553222656,53.781898498535156,88.60389709472656,80.39330291748047
142.26980590820312,55.56760025024414,87.02780151367188,82.07720184326172
146.71420288085938,56.8036003112793,81.59239959716797,84.30370330810547
143.9243927001953,58.615299224853516,81.92169952392578,84.15570068359375
149.2252960205078,61.17359924316406,75.5602035522461,82.50659942626953
142.84039306640625,62.6161994934082,88.52989959716797,81.0333023071289
145.65550231933594,63.81850051879883,83.56430053710938,83.15160369873047
154.45480346679688,66.28109741210938,73.15149688720703,82.8010025024414
149.26780700683594,66.7842025756836,79.8843002319336,83.27989959716797
149.8029022216797,69.94730377197266,81.55490112304688,82.9977035522461
151.71400451660156,72.24449920654297,83.33540344238281,83.82669830322266
150.6190948486328,72.94550323486328,81.26909637451172,82.939697265625
156.3574981689453,75.15049743652344,73.12550354003906,82.52110290527344
158.1239013671875,76.26300048828125,76.33200073242188,84.32129669189453
153.39810180664062,77.68209838867188,75.96070098876953,82.9052963256836
158.8907012939453,80.095703125,70.62999725341797,81.44750213623047
156.18670654296875,81.43830108642578,78.53849792480469,82.1854019165039
159.69020080566406,82.93240356445312,71.5114974975586,82.8926010131836
157.97549438476562,85.11920166015625,83.39910125732422,83.87750244140625
158.86239624023438,86.97440338134766,81.09410095214844,82.9531021118164
157.6309051513672,88.74490356445312,82.71420288085938,83.09559631347656
159.9781036376953,89.98829650878906,78.75189971923828,82.56839752197266
160.14390563964844,90.4718017578125,78.56690216064453,82.79859924316406
160.13150024414062,92.59110260009766,80.80819702148438,81.72339630126953
160.4304962158203,93.80690002441406,80.60040283203125,81.82849884033203
160.37930297851562,94.70320129394531,80.59429931640625,81.11969757080078
160.2635955810547,96.07620239257812,80.16190338134766,80.59459686279297
161.67559814453125,97.42759704589844,80.54340362548828,80.83760070800781
161.81820678710938,98.59660339355469,79.09359741210938,80.68990325927734
162.05320739746094,100.1530990600586,81.92870330810547,80.27339935302734
160.69790649414062,101.12090301513672,84.20829772949219,80.66110229492188
161.2790069580078,103.0282974243164,79.9343032836914,81.55919647216797
162.18310546875,104.243896484375,78.98069763183594,81.45140075683594
164.28680419921875,106.38629913330078,79.90360260009766,82.42169952392578
164.04209899902344,108.61589813232422,79.96949768066406,81.65709686279297
166.61349487304688,110.91560363769531,78.69239807128906,82.9885025024414
168.3408966064453,113.32980346679688,75.79340362548828,82.82029724121094
168.79379272460938,115.43260192871094,75.80909729003906,83.57749938964844
170.91259765625,117.27519989013672,76.12249755859375,83.05359649658203
172.27340698242188,120.90260314941406,74.46050262451172,81.8375015258789
173.2971954345703,122.64790344238281,70.01460266113281,82.47309875488281
173.73440551757812,124.86990356445312,74.44580078125,81.9520034790039
175.635498046875,127.53179931640625,68.01270294189453,48.60129928588867
176.35060119628906,129.4279022216797,71.11650085449219,80.52890014648438
177.72479248046875,130.12210083007812,69.60710144042969,82.15070343017578
177.59530639648438,129.5532989501953,67.58300018310547,82.65299987792969
177.56109619140625,131.05819702148438,67.14240264892578,80.8895034790039
178.36819458007812,130.84869384765625,66.76290130615234,79.81590270996094
178.78399658203125,131.5222930908203,64.22100067138672,51.69710159301758
179.63319396972656,132.88369750976562,72.47820281982422,79.08290100097656
181.11900329589844,132.002197265625,64.66429901123047,52.17210006713867
178.9062957763672,132.2406005859375,76.45829772949219,80.68830108642578
182.57839965820312,133.12939453125,60.58639907836914,45.44839859008789
180.97039794921875,133.3529052734375,78.03119659423828,80.26119995117188
184.13909912109375,132.1092987060547,69.2936019897461,81.5280990600586
184.46380615234375,133.2454071044922,67.12319946289062,80.581298828125
184.32200622558594,133.1199951171875,69.38990020751953,85.69989776611328
184.3623046875,133.66099548339844,70.95249938964844,88.21610260009766
184.5200958251953,134.1085968017578,71.74859619140625,97.9634017944336
183.7136993408203,134.4980926513672,73.85209655761719,93.86640167236328
183.52810668945312,134.85049438476562,72.38800048828125,96.48190307617188
185.3415985107422,134.36549377441406,72.7925033569336,97.25849914550781
184.6468963623047,135.06689453125,77.22429656982422,94.7166976928711
186.1051025390625,134.19309997558594,71.79959869384766,90.35530090332031
186.60020446777344,134.37179565429688,76.11239624023438,92.04060363769531
187.1562042236328,134.05580139160156,72.15599822998047,94.81449890136719
186.9302978515625,134.02239990234375,74.37069702148438,97.0197982788086
188.88250732421875,132.08929443359375,69.5542984008789,89.46199798583984
189.14759826660156,133.5760955810547,71.86430358886719,87.98619842529297
188.9897003173828,133.36129760742188,68.8917007446289,61.24259948730469
189.74600219726562,133.24490356445312,71.63680267333984,74.22740173339844
187.74169921875,132.2259063720703,72.92449951171875,87.92050170898438
189.23739624023438,132.960205078125,69.42140197753906,81.627197265625
189.0653076171875,132.9033966064453,68.81430053710938,56.323699951171875
189.67640686035156,132.2747039794922,69.99340057373047,82.05359649658203
190.41380310058594,133.2397003173828,66.2842025756836,57.34510040283203
190.70849609375,131.88450622558594,67.82450103759766,80.44519805908203
190.408203125,131.6428985595703,68.99120330810547,69.87139892578125
188.0679931640625,130.63800048828125,70.1415023803711,94.43939971923828
191.6417999267578,131.2270965576172,65.39189910888672,89.01390075683594
192.07839965820312,131.23080444335938,66.35690307617188,77.24479675292969
190.58560180664062,130.77980041503906,67.08879852294922,93.01850128173828
192.06329345703125,132.93890380859375,63.54100036621094,53.055999755859375
190.24229431152344,131.03469848632812,67.97480010986328,78.99530029296875
191.1385040283203,130.4058074951172,65.60900115966797,97.31729888916016
191.77130126953125,130.87669372558594,64.10639953613281,80.70870208740234
190.0570068359375,131.51080322265625,65.50679779052734,84.3053970336914
190.88040161132812,132.53810119628906,63.527400970458984,86.51319885253906
190.8159942626953,133.4530029296875,64.40989685058594,86.24210357666016
188.7218017578125,132.86680603027344,65.35880279541016,85.60240173339844
191.71319580078125,132.80859375,62.753700256347656,85.42500305175781
189.82220458984375,133.10580444335938,63.80590057373047,87.14440155029297
191.07650756835938,132.89990234375,63.925498962402344,75.86139678955078
189.4423065185547,132.7301025390625,64.63780212402344,86.54219818115234
191.6387939453125,132.2830047607422,61.74879837036133,85.52580261230469
192.37049865722656,131.11900329589844,60.53730010986328,82.34940338134766
193.34750366210938,130.9947967529297,61.070701599121094,87.28569793701172
194.773193359375,131.65980529785156,59.632198333740234,88.48880004882812
194.72019958496094,130.70509338378906,59.98590087890625,82.19519805908203
196.39210510253906,130.80419921875,58.270301818847656,87.14250183105469
196.61180114746094,131.8072052001953,57.35369873046875,90.06379699707031
195.31480407714844,131.55960083007812,59.92169952392578,57.432899475097656
193.87510681152344,129.8345947265625,61.046600341796875,72.71710205078125
195.12049865722656,129.14529418945312,58.93980026245117,81.23680114746094
196.73570251464844,131.10870361328125,57.30699920654297,87.88420104980469
197.4622039794922,130.0601043701172,57.395999908447266,89.92150115966797
197.70570373535156,130.92010498046875,58.50469970703125,56.700401306152344
196.8831024169922,129.63259887695312,58.57059860229492,88.470703125
198.14930725097656,130.41830444335938,56.791500091552734,89.96880340576172
197.11880493164062,130.38259887695312,57.1693000793457,89.30130004882812
196.87899780273438,129.37969970703125,58.39970016479492,83.29989624023438
197.4539031982422,130.17059326171875,57.520999908447266,59.11650085449219
197.6968994140625,129.12649536132812,57.944400787353516,85.14119720458984
197.74349975585938,129.74600219726562,57.60390090942383,75.8844985961914
198.35450744628906,130.16810607910156,56.3838005065918,87.80709838867188
198.4075927734375,128.9822998046875,56.13169860839844,92.49800109863281
198.32290649414062,128.6553955078125,57.22529983520508,88.71990203857422
199.00770568847656,129.27439880371094,56.94279861450195,90.1364974975586
198.3144989013672,128.7510986328125,57.388999938964844,91.6989974975586
197.17750549316406,128.97850036621094,57.70100021362305,89.80799865722656
197.5709991455078,128.4011993408203,57.590599060058594,91.10240173339844
197.68060302734375,128.44239807128906,57.32350158691406,90.36650085449219
196.8907928466797,128.30479431152344,58.115299224853516,85.92949676513672
198.1345977783203,129.2404022216797,56.8046989440918,88.38690185546875
195.6038055419922,128.9857940673828,58.18050003051758,87.98719787597656
198.3885040283203,128.9320068359375,56.11429977416992,89.25779724121094
198.07550048828125,127.46659851074219,57.92850112915039,84.36000061035156
197.6385040283203,126.9719009399414,57.59170150756836,86.29519653320312
199.85389709472656,127.22260284423828,55.90639877319336,86.97059631347656
198.6053009033203,126.54679870605469,57.515899658203125,87.90409851074219
197.73599243164062,126.0344009399414,58.5531005859375,85.09320068359375
198.5384979248047,127.07769775390625,57.629798889160156,84.04239654541016
198.80979919433594,125.4645004272461,57.90380096435547,85.53019714355469
199.07899475097656,126.96540069580078,57.434898376464844,86.47470092773438
198.3184051513672,125.98059844970703,58.84510040283203,84.56950378417969
199.74740600585938,126.66089630126953,57.77439880371094,84.44879913330078
198.5709991455078,125.96890258789062,59.9015007019043,76.2333984375
199.9477996826172,126.57389831542969,58.31930160522461,83.31120300292969
198.43899536132812,125.0510025024414,59.66899871826172,85.43240356445312
199.02279663085938,126.21309661865234,59.79059982299805,81.64250183105469
199.18479919433594,126.57029724121094,59.30509948730469,86.4385986328125
197.5695037841797,127.51840209960938,60.0281982421875,84.11489868164062
196.1147003173828,127.79560089111328,60.02090072631836,82.07949829101562
193.4228057861328,129.158203125,61.0005989074707,85.30770111083984
192.46609497070312,129.10330200195312,60.44580078125,84.39099884033203
191.85150146484375,129.4633026123047,59.507598876953125,80.87879943847656
190.22210693359375,129.57020568847656,59.95790100097656,85.74859619140625
190.04440307617188,130.04359436035156,59.58489990234375,87.34700012207031
191.41580200195312,130.36390686035156,59.142398834228516,86.44920349121094
191.18710327148438,131.2510986328125,59.41460037231445,84.27149963378906
191.0565948486328,131.60389709472656,59.761600494384766,83.91349792480469
191.4886016845703,129.3583984375,60.0547981262207,83.48079681396484
191.0800018310547,131.1728057861328,60.047698974609375,80.30549621582031
191.26390075683594,130.89439392089844,61.04719924926758,81.3218002319336
190.8760986328125,130.63720703125,60.35900115966797,74.5553970336914
188.7270050048828,131.4700927734375,60.48160171508789,81.52269744873047
189.22250366210938,131.2467041015625,61.93450164794922,80.43930053710938
187.55149841308594,132.5457000732422,62.10089874267578,81.24310302734375
187.5572967529297,132.19769287109375,62.00419998168945,81.21009826660156
185.4980010986328,132.9604034423828,63.09669876098633,81.05449676513672
184.90020751953125,133.43919372558594,63.06079864501953,80.87419891357422
185.70620727539062,134.23159790039062,62.1599006652832,80.89299774169922
184.55990600585938,133.71310424804688,62.12969970703125,79.99859619140625
183.8311004638672,134.66839599609375,63.08409881591797,81.53189849853516
183.18710327148438,135.0487060546875,62.27040100097656,81.114501953125
182.5384063720703,135.59800720214844,63.03739929199219,80.23719787597656
181.80149841308594,135.66140747070312,63.23059844970703,80.77570343017578
183.24209594726562,135.0574951171875,62.140499114990234,81.01429748535156
182.6885986328125,134.7198028564453,63.88890075683594,80.7739028930664
180.90150451660156,135.63189697265625,63.71900177001953,82.9271011352539
181.96510314941406,135.63690185546875,63.69459915161133,80.93219757080078
180.82359313964844,135.86219787597656,63.52259826660156,82.03150177001953
181.47239685058594,136.17080688476562,63.44449996948242,81.10199737548828
180.55690002441406,136.29600524902344,64.97789764404297,81.5593032836914
180.97860717773438,136.40420532226562,64.66089630126953,81.52279663085938
180.78819274902344,135.60569763183594,65.36669921875,81.81909942626953
180.45120239257812,136.14089965820312,65.04039764404297,83.27639770507812
181.1282958984375,136.7490997314453,64.13760375976562,83.12079620361328
180.35479736328125,136.21080017089844,65.2885971069336,81.52490234375
180.2821044921875,136.6143035888672,64.27680206298828,82.30039978027344
181.01119995117188,136.78529357910156,63.8468017578125,82.67120361328125
181.35679626464844,135.75270080566406,64.96260070800781,80.03230285644531
180.4114990234375,136.11790466308594,64.87159729003906,78.7343978881836
179.96029663085938,135.76400756835938,64.65499877929688,80.09960174560547
180.15069580078125,134.16050720214844,65.14240264892578,80.27510070800781
178.47039794921875,132.91729736328125,63.314701080322266,81.19110107421875
177.9636993408203,132.49569702148438,67.3853988647461,79.20649719238281
179.46380615234375,131.31419372558594,64.9478988647461,77.63990020751953
179.3459014892578,132.1884002685547,64.88420104980469,79.05850219726562
179.3446044921875,132.54029846191406,65.85859680175781,79.560302734375
180.4552001953125,133.15809631347656,63.421600341796875,54.235198974609375
179.9600067138672,133.50430297851562,63.08729934692383,50.878501892089844
179.7888946533203,134.031005859375,66.36689758300781,55.07059860229492
181.12339782714844,134.41949462890625,59.718101501464844,50.21839904785156
180.0626983642578,133.81700134277344,62.66360092163086,53.085601806640625
177.2230987548828,134.2100067138672,68.78209686279297,75.1843032836914
180.33050537109375,134.23190307617188,61.71699905395508,54.07469940185547
177.5428924560547,136.0614013671875,66.96389770507812,56.610198974609375
177.6156005859375,135.8426055908203,68.60099792480469,66.2844009399414
178.6938018798828,135.7523956298828,65.70909881591797,55.160701751708984
178.139892578125,135.95370483398438,68.08209991455078,61.97209930419922
179.9654998779297,135.41470336914062,61.303001403808594,51.7151985168457
179.03990173339844,135.72509765625,63.27199935913086,53.342098236083984
181.39059448242188,134.6956024169922,63.20009994506836,51.849998474121094
184.31100463867188,134.99169921875,60.662498474121094,50.3296012878418
185.95770263671875,134.33889770507812,58.74620056152344,48.990501403808594
187.12359619140625,133.7469024658203,59.900001525878906,51.26409912109375
188.49960327148438,133.95050048828125,58.74800109863281,48.62030029296875
188.706298828125,133.826904296875,58.004600524902344,49.287498474121094
189.13980102539062,134.0449981689453,58.48619842529297,50.34109878540039
189.7030029296875,133.75889587402344,59.46549987792969,50.42110061645508
190.25030517578125,133.77200317382812,59.070499420166016,48.5281982421875
189.11329650878906,132.8800048828125,60.416099548339844,50.851898193359375
190.1029052734375,133.79209899902344,59.805198669433594,49.45970153808594
190.3957061767578,132.24600219726562,59.03459930419922,50.50450134277344
191.76100158691406,133.1593017578125,57.86429977416992,48.942501068115234
190.0915985107422,131.82049560546875,59.2755012512207,51.416500091552734
190.02139282226562,130.32249450683594,58.67770004272461,49.247798919677734
190.9821014404297,129.1663055419922,59.1239013671875,49.81380081176758
190.6602020263672,128.8345947265625,60.17380142211914,50.54499816894531
192.6085968017578,127.85189819335938,58.00559997558594,49.472999572753906
192.9824981689453,128.73350524902344,58.87779998779297,50.60749816894531
192.56739807128906,128.09339904785156,63.677398681640625,51.70759963989258
194.41549682617188,127.90239715576172,60.149200439453125,50.99470138549805
195.1999969482422,128.9022979736328,62.470401763916016,51.821800231933594
195.75680541992188,127.91200256347656,67.05509948730469,68.51480102539062
196.77940368652344,128.37100219726562,61.499900817871094,52.49810028076172
196.13250732421875,128.56100463867188,71.529296875,74.08159637451172
194.94180297851562,128.25360107421875,72.53250122070312,73.64640045166016
199.08509826660156,129.9113006591797,63.46620178222656,57.34659957885742
199.98269653320312,131.24240112304688,69.08390045166016,79.12079620361328
201.8195037841797,131.97169494628906,62.648101806640625,54.5192985534668
201.4113006591797,134.2303924560547,66.28820037841797,63.78960037231445
202.41329956054688,134.05140686035156,67.41889953613281,62.734100341796875
200.83120727539062,134.7781982421875,72.74590301513672,80.4291000366211
204.42539978027344,134.5207061767578,70.02269744873047,81.93939971923828
206.67120361328125,135.72000122070312,66.28679656982422,58.930301666259766
207.3583984375,138.09640502929688,64.16539764404297,55.63180160522461
207.68629455566406,138.84500122070312,71.08979797363281,61.60179901123047
205.8188934326172,139.18890380859375,76.364501953125,72.122802734375
206.18629455566406,137.72450256347656,71.73590087890625,78.1572036743164
206.14529418945312,138.71670532226562,74.38300323486328,76.5176010131836
206.2384033203125,139.94070434570312,72.09210205078125,72.17449951171875
202.89540100097656,140.1956024169922,75.43810272216797,81.16310119628906
206.48849487304688,140.76849365234375,67.87449645996094,62.38159942626953
206.360107421875,142.53919982910156,67.1978988647461,57.484500885009766
205.8804931640625,141.87379455566406,69.57369995117188,61.68119812011719
205.0142059326172,142.43690490722656,74.0792007446289,67.08070373535156
207.01089477539062,142.93739318847656,66.24140167236328,53.64459991455078
204.90240478515625,143.7917022705078,70.00779724121094,60.910400390625
205.95880126953125,144.68370056152344,68.26200103759766,57.124298095703125
205.61940002441406,145.29400634765625,67.46769714355469,56.84659957885742
204.5496063232422,143.99400329589844,68.22319793701172,59.801300048828125
203.61720275878906,144.41690063476562,70.79329681396484,65.44640350341797
202.53070068359375,143.05209350585938,67.8062973022461,55.06949996948242
203.3043975830078,144.12159729003906,69.80239868164062,62.39400100708008
202.45620727539062,143.83740234375,72.46910095214844,60.90919876098633
202.8795928955078,143.89320373535156,68.8467025756836,57.00600051879883
204.01690673828125,142.72430419921875,67.23480224609375,57.589298248291016
204.84010314941406,143.18890380859375,68.33930206298828,58.46689987182617
205.67770385742188,143.5977020263672,69.08550262451172,59.96929931640625
206.1555938720703,143.70550537109375,67.77649688720703,59.870201110839844
206.9696044921875,144.94090270996094,68.54879760742188,70.9448013305664
209.0529022216797,143.20989990234375,70.26460266113281,86.54060363769531
211.6905975341797,145.54730224609375,71.52760314941406,60.89039993286133
210.55189514160156,147.59669494628906,72.78610229492188,80.93280029296875
213.3321075439453,150.52220153808594,64.3051986694336,64.2697982788086
214.5345001220703,155.54849243164062,64.89510345458984,74.04900360107422
216.531494140625,158.05490112304688,61.57809829711914,57.782901763916016
216.7510986328125,163.39610290527344,61.11149978637695,55.85649871826172
217.73800659179688,165.80859375,61.43050003051758,56.66310119628906
218.3533935546875,168.08389282226562,61.9547004699707,57.96080017089844
218.7924041748047,171.8043975830078,62.05609893798828,60.46480178833008
218.92990112304688,175.2523956298828,61.16910171508789,55.36650085449219
220.67140197753906,178.1002960205078,60.84170150756836,59.38479995727539
221.27479553222656,181.24830627441406,60.69490051269531,55.29010009765625
220.58819580078125,183.54820251464844,62.81779861450195,57.638301849365234
220.46620178222656,186.1949005126953,61.47309875488281,58.26179885864258
217.86549377441406,189.19110107421875,62.7140998840332,57.593299865722656
216.63340759277344,191.9936981201172,61.1349983215332,56.528499603271484
217.79080200195312,192.8271942138672,62.594200134277344,84.37480163574219
215.81430053710938,193.3636016845703,61.742000579833984,64.12439727783203
213.7133026123047,195.0312042236328,63.45589828491211,82.52420043945312
211.30979919433594,195.41690063476562,62.738399505615234,81.71920013427734
209.3354949951172,194.92160034179688,63.13779830932617,84.47550201416016
207.40390014648438,196.0063934326172,62.6609992980957,61.695499420166016
207.7406005859375,195.9407958984375,61.80189895629883,83.82140350341797
204.38710021972656,196.5175018310547,61.8296012878418,57.692100524902344
203.58230590820312,195.1427001953125,61.75230026245117,82.0813980102539
201.24560546875,193.83270263671875,62.38460159301758,75.19619750976562
201.2216033935547,191.64349365234375,62.51789855957031,62.42940139770508
199.1981964111328,191.2052001953125,65.40180206298828,80.74099731445312
197.71279907226562,188.6894989013672,62.06840133666992,79.99359893798828
195.51829528808594,185.74819946289062,63.55830001831055,78.4896011352539
194.86630249023438,183.6757049560547,63.23929977416992,59.301300048828125
194.4792938232422,178.77000427246094,62.75270080566406,63.15599822998047
192.41729736328125,175.62069702148438,64.65409851074219,73.48059844970703
193.22300720214844,173.3988037109375,58.00080108642578,57.05849838256836
192.518798828125,169.92849731445312,58.75040054321289,56.99470138549805
193.2458953857422,165.89959716796875,57.75510025024414,56.53609848022461
192.99949645996094,163.2183074951172,56.691001892089844,54.976898193359375
191.99049377441406,160.36520385742188,58.74100112915039,60.52410125732422
193.7021026611328,158.37159729003906,56.41469955444336,52.39950180053711
193.7375946044922,155.44400024414062,56.341400146484375,53.087398529052734
192.1708984375,153.28399658203125,58.452999114990234,66.45919799804688
194.69329833984375,151.5388946533203,56.04140090942383,62.36199951171875
190.80560302734375,144.66229248046875,59.91960144042969,71.5208969116211
195.44070434570312,145.10699462890625,53.934898376464844,70.8458023071289
194.95669555664062,142.85400390625,52.71260070800781,71.502197265625
194.54600524902344,144.1885986328125,55.66600036621094,73.09030151367188
196.86880493164062,143.7064971923828,51.220298767089844,69.47119903564453
196.32400512695312,143.97659301757812,53.402400970458984,69.61740112304688
198.4438018798828,143.26150512695312,51.56100082397461,71.7603988647461
199.62399291992188,143.72329711914062,52.87009811401367,71.15730285644531
200.3824005126953,144.45230102539062,51.73939895629883,70.0199966430664
200.720703125,143.68130493164062,51.9369010925293,70.56909942626953
202.0128936767578,144.0048065185547,52.14189910888672,70.7428970336914
202.54989624023438,143.67149353027344,51.506900787353516,71.05840301513672
204.67010498046875,144.0321044921875,52.64659881591797,69.83869934082031
205.75729370117188,144.0679931640625,50.46440124511719,69.49739837646484
206.36050415039062,143.77279663085938,51.44969940185547,70.38839721679688
206.2751007080078,144.06849670410156,50.28969955444336,70.92720031738281
207.84739685058594,142.9185028076172,49.573299407958984,71.00890350341797
207.72579956054688,144.16400146484375,48.72420120239258,70.88939666748047
208.4801025390625,142.26449584960938,49.64580154418945,72.75749969482422
206.1219940185547,143.91490173339844,51.721500396728516,72.65799713134766
208.1479034423828,143.8125,49.805198669433594,70.01950073242188
208.2209014892578,144.03709411621094,49.69169998168945,72.93209838867188
207.55169677734375,142.875,51.33890151977539,71.96900177001953
209.95460510253906,143.46499633789062,49.145301818847656,68.54679870605469
208.9210968017578,143.8105010986328,48.80189895629883,72.1438980102539
207.97850036621094,142.79840087890625,50.77429962158203,69.84040069580078
207.63499450683594,143.82240295410156,48.0010986328125,69.54229736328125
207.22019958496094,142.7270050048828,48.775001525878906,71.26830291748047
208.50230407714844,144.27239990234375,47.13970184326172,66.31559753417969
209.7071075439453,143.99549865722656,49.40420150756836,71.68270111083984
210.55239868164062,143.00900268554688,49.59989929199219,71.16680145263672
211.9355926513672,143.1649932861328,48.810699462890625,70.5426025390625
210.72079467773438,143.58990478515625,51.43119812011719,71.24150085449219
210.9835968017578,142.9197998046875,52.57490158081055,68.74700164794922
211.11590576171875,143.9176025390625,52.336700439453125,69.76219940185547
211.81260681152344,143.63699340820312,51.93069839477539,68.66580200195312
212.26739501953125,144.76260375976562,49.0702018737793,67.56330108642578
211.71719360351562,143.43870544433594,49.22959899902344,69.9052963256836
211.5989990234375,143.85899353027344,48.309898376464844,69.86409759521484
212.69810485839844,143.6977996826172,47.66279983520508,69.69139862060547
211.7740020751953,143.5402069091797,48.511199951171875,69.972900390625
212.4239044189453,142.58709716796875,47.13710021972656,70.5072021484375
212.660400390625,144.4066925048828,48.57870101928711,70.76740264892578
212.6083984375,143.6416015625,48.55139923095703,70.11239624023438
