1
468.19171142578125,128.04420471191406,103.20819854736328,104.86910247802734
476.53900146484375,133.81700134277344,102.01000213623047,99.96900177001953
482.29901123046875,135.1938018798828,103.73049926757812,101.95030212402344
487.4278869628906,137.59759521484375,106.98979949951172,100.60780334472656
495.0122985839844,139.54640197753906,104.67829895019531,102.63790130615234
499.2413024902344,143.69659423828125,104.38529968261719,101.760498046875
502.525390625,147.2198028564453,107.98410034179688,102.61540222167969
504.0036926269531,151.8531036376953,106.2416000366211,105.86380004882812
504.89739990234375,156.52040100097656,107.3822021484375,105.5374984741211
505.33740234375,161.2957000732422,107.74579620361328,103.14649963378906
505.2701110839844,163.835693359375,107.17630004882812,102.60240173339844
507.4201965332031,166.00840759277344,104.67150115966797,102.24980163574219
508.3638916015625,164.4971923828125,105.67440032958984,105.09629821777344
510.55010986328125,163.06289672851562,104.8385009765625,104.88310241699219
509.7854919433594,161.18499755859375,105.56929779052734,101.15879821777344
507.49090576171875,157.77960205078125,105.04959869384766,103.19660186767578
509.29510498046875,153.2852020263672,105.16899871826172,106.66010284423828
512.72802734375,151.12620544433594,104.3385009765625,107.27179718017578
513.88671875,149.5791015625,105.89199829101562,106.091796875
514.4893798828125,147.8155975341797,109.02739715576172,106.68620300292969
516.0833740234375,148.33270263671875,108.05829620361328,105.331298828125
519.3314208984375,148.6468048095703,106.4468002319336,108.41390228271484
520.88427734375,148.85519409179688,105.8363037109375,106.13529968261719
522.5125732421875,149.72909545898438,107.50980377197266,109.3292007446289
523.9185180664062,150.7238006591797,105.33899688720703,107.45020294189453
518.6146850585938,151.64129638671875,107.52429962158203,104.54669952392578
510.8757019042969,154.1468048095703,99.55400085449219,100.99130249023438
500.3046875,154.86700439453125,98.79209899902344,99.6332015991211
493.45098876953125,155.5623016357422,97.0779037475586,100.63870239257812
484.6322021484375,155.88699340820312,101.40579986572266,100.39550018310547
481.44219970703125,156.4333038330078,96.98470306396484,101.25289916992188
472.864501953125,156.69320678710938,93.58280181884766,95.52020263671875
460.1679992675781,159.12530517578125,91.30809783935547,92.66950225830078
447.6310119628906,157.9197998046875,91.23529815673828,92.8053970336914
436.4715881347656,155.89410400390625,88.82929992675781,94.02439880371094
426.8752136230469,153.2967987060547,87.80729675292969,93.63619995117188
419.5650939941406,151.4304962158203,89.4343032836914,92.7323989868164
411.5010986328125,150.6916961669922,88.38040161132812,92.49590301513672
400.9244079589844,151.9185028076172,85.33740234375,89.62660217285156
393.2430114746094,153.4969940185547,86.38849639892578,92.28939819335938
386.872314453125,156.19419860839844,83.43440246582031,91.13719940185547
377.40301513671875,159.8258056640625,79.16020202636719,91.78459930419922
370.95989990234375,163.05690002441406,84.98639678955078,90.07119750976562
364.2872009277344,166.33889770507812,78.18820190429688,89.33380126953125
360.1754150390625,165.74029541015625,81.9738998413086,87.38590240478516
361.198486328125,166.94830322265625,83.68250274658203,89.36599731445312
362.2474060058594,167.74159240722656,85.02159881591797,88.5198974609375
360.14630126953125,168.95289611816406,82.70860290527344,88.37329864501953
361.2922058105469,169.2357940673828,81.41110229492188,86.5376968383789
362.8037109375,166.68490600585938,81.57530212402344,89.45059967041016
362.74749755859375,166.2156982421875,79.57039642333984,88.9375991821289
362.8102111816406,165.6436004638672,78.51740264892578,86.89340209960938
357.4049987792969,164.11329650878906,82.86840057373047,87.29759979248047
358.3966064453125,166.20700073242188,77.48179626464844,85.93579864501953
358.3742980957031,163.83999633789062,79.22560119628906,85.56549835205078
362.21258544921875,160.2050018310547,79.8488998413086,86.72139739990234
365.599609375,158.50259399414062,80.28730010986328,87.62370300292969
369.2049865722656,157.3347930908203,79.82839965820312,87.70030212402344
374.66668701171875,155.71620178222656,78.46420288085938,89.22560119628906
376.8052062988281,157.4799041748047,79.41809844970703,90.31710052490234
379.4971008300781,160.00070190429688,80.44550323486328,91.01529693603516
383.71258544921875,164.28579711914062,83.52660369873047,92.29350280761719
386.6836853027344,174.5543975830078,83.44580078125,93.11869812011719
385.4070129394531,182.8076934814453,80.60449981689453,88.92479705810547
387.1086120605469,186.07919311523438,78.8302001953125,90.5447998046875
392.30841064453125,187.89120483398438,81.58809661865234,91.55760192871094
397.3092041015625,189.031494140625,84.28340148925781,90.847900390625
399.4466857910156,189.4250030517578,85.01360321044922,89.1104965209961
404.5216064453125,185.47210693359375,87.25900268554688,88.43209838867188
410.918701171875,181.14480590820312,86.1321029663086,90.71260070800781
415.55218505859375,178.49510192871094,87.77999877929688,92.28690338134766
419.1671142578125,177.3112030029297,83.143798828125,91.44010162353516
420.243408203125,178.32969665527344,85.56199645996094,93.63529968261719
420.15350341796875,180.04820251464844,85.4906005859375,89.82710266113281
421.8725891113281,182.61050415039062,86.7614974975586,96.4625015258789
421.96649169921875,185.0673065185547,87.1792984008789,91.42630004882812
424.0078125,184.82000732421875,87.33580017089844,93.47989654541016
424.93011474609375,186.793701171875,88.28079986572266,91.77510070800781
425.1919860839844,188.4844970703125,89.1415023803711,95.07279968261719
432.6487121582031,188.1217041015625,85.59880065917969,91.94640350341797
437.335205078125,187.87139892578125,87.6968002319336,93.66010284423828
439.3539123535156,190.9207000732422,87.69200134277344,94.95600128173828
444.4388122558594,192.98899841308594,88.95610046386719,94.60769653320312
449.2333068847656,193.343505859375,89.87909698486328,93.01300048828125
457.9555969238281,193.97779846191406,86.2927017211914,94.2656021118164
460.0528869628906,193.36610412597656,91.8219985961914,90.55390167236328
463.4674987792969,189.79080200195312,93.75340270996094,92.94300079345703
474.5445861816406,188.99749755859375,94.83409881591797,94.43360137939453
489.4670104980469,194.10760498046875,94.89219665527344,93.94979858398438
497.3102111816406,193.99940490722656,96.63490295410156,97.62840270996094
497.1329040527344,188.0886993408203,102.70349884033203,96.19609832763672
513.7896118164062,179.14120483398438,106.76580047607422,99.06009674072266
515.5745849609375,168.0832061767578,101.97599792480469,99.38909912109375
517.432373046875,152.2606964111328,111.41300201416016,102.68289947509766
523.8555908203125,142.52699279785156,103.13999938964844,101.32240295410156
511.4961853027344,133.69500732421875,105.03910064697266,100.80970001220703
514.2156982421875,127.35279846191406,99.393798828125,101.90979766845703
509.79071044921875,125.67250061035156,100.36759948730469,99.65560150146484
501.5669860839844,124.05509948730469,98.1095962524414,101.21849822998047
485.63018798828125,123.22460174560547,97.99620056152344,100.14749908447266
465.25750732421875,116.6426010131836,102.3290023803711,101.481201171875
457.3395080566406,107.50160217285156,94.74420166015625,101.9530029296875
445.0669860839844,95.4896011352539,97.14710235595703,102.32599639892578
437.2461853027344,84.95220184326172,97.62069702148438,102.89610290527344
430.23919677734375,75.36940002441406,100.81659698486328,105.62110137939453
419.12939453125,70.96549987792969,98.24340057373047,105.29679870605469
411.0411071777344,72.9791030883789,96.34829711914062,107.80660247802734
400.3974914550781,77.46399688720703,95.1990966796875,108.00669860839844
390.58648681640625,81.24410247802734,93.69730377197266,106.58529663085938
381.1734924316406,84.5833969116211,93.22689819335938,109.00039672851562
369.6061096191406,89.39559936523438,99.75749969482422,106.62020111083984
365.9967956542969,89.44049835205078,98.19439697265625,108.19509887695312
361.9209899902344,94.81500244140625,99.05919647216797,105.66200256347656
355.1842041015625,97.90149688720703,98.12069702148438,106.53679656982422
343.0920104980469,94.76069641113281,95.00969696044922,104.06590270996094
344.1995849609375,94.73259735107422,99.62560272216797,110.84760284423828
346.43231201171875,95.16089630126953,98.30899810791016,108.27559661865234
356.2314147949219,98.19429779052734,99.04609680175781,107.17559814453125
357.3302917480469,97.14689636230469,103.64929962158203,110.16960144042969
368.60870361328125,98.68820190429688,105.34159851074219,108.51119995117188
380.9543151855469,100.57260131835938,104.06790161132812,116.52149963378906
387.9740905761719,102.87850189208984,111.85530090332031,111.43609619140625
386.36090087890625,102.70890045166016,117.10910034179688,113.33429718017578
369.5851135253906,103.806396484375,111.23059844970703,109.29930114746094
342.0466003417969,105.01419830322266,106.67459869384766,108.47879791259766
316.6304931640625,103.22540283203125,108.30030059814453,111.27619934082031
286.19488525390625,102.57369995117188,114.85209655761719,110.32270050048828
268.2539978027344,101.17389678955078,112.72209930419922,110.61530303955078
249.31719970703125,97.68319702148438,114.37169647216797,112.33159637451172
225.5697021484375,97.65280151367188,121.3197021484375,114.5824966430664
209.3267059326172,97.65239715576172,126.2958984375,116.00440216064453
196.1029052734375,98.49449920654297,131.101806640625,118.55490112304688
222.093505859375,99.3667984008789,124.35780334472656,116.32029724121094
238.80430603027344,100.56159973144531,124.9104995727539,119.78800201416016
236.8968963623047,103.29859924316406,124.95120239257812,120.9292984008789
211.29649353027344,105.57379913330078,130.36509704589844,114.5177001953125
191.70880126953125,103.1365966796875,140.63699340820312,117.53589630126953
180.55690002441406,101.2406005859375,140.12869262695312,119.74639892578125
171.14129638671875,96.54389953613281,141.11199951171875,120.27880096435547
165.1573028564453,94.20320129394531,141.6074981689453,123.88030242919922
163.1584930419922,96.27780151367188,144.40660095214844,126.12190246582031
160.439697265625,100.14649963378906,148.24400329589844,124.01599884033203
165.6367950439453,103.79170227050781,146.62339782714844,123.70700073242188
172.10389709472656,107.1969985961914,145.97329711914062,126.29519653320312
175.63380432128906,110.2416000366211,148.07640075683594,124.19100189208984
196.9644012451172,117.66649627685547,144.26730346679688,122.53289794921875
209.6251983642578,130.07789611816406,151.54429626464844,125.69969940185547
223.43800354003906,142.27139282226562,151.94509887695312,125.47129821777344
245.84950256347656,156.37339782714844,146.72039794921875,125.44309997558594
268.98919677734375,177.9102020263672,151.4698028564453,123.57569885253906
281.87091064453125,182.847900390625,149.7841033935547,117.45709991455078
300.0015869140625,185.66070556640625,149.95140075683594,118.94180297851562
306.7793884277344,182.5404052734375,157.6759033203125,120.03849792480469
309.2506103515625,175.82260131835938,156.35069274902344,121.77580261230469
322.44378662109375,168.6894073486328,156.80909729003906,124.6635971069336
332.7356872558594,164.85580444335938,157.81190490722656,123.01820373535156
346.6907043457031,157.90370178222656,157.77349853515625,128.4864044189453
350.70220947265625,155.66700744628906,166.7801055908203,126.36609649658203
363.6048889160156,155.08140563964844,167.8513946533203,127.32579803466797
367.4280090332031,150.32440185546875,168.42120361328125,117.96040344238281
370.12451171875,146.7321014404297,170.39739990234375,125.256103515625
377.3562927246094,148.61619567871094,178.38800048828125,123.79570007324219
375.8778076171875,145.25860595703125,171.6199951171875,122.99590301513672
373.82958984375,138.73910522460938,175.51589965820312,120.3114013671875
369.07501220703125,134.31849670410156,171.71910095214844,122.0447006225586
368.9325866699219,133.1846923828125,173.98170471191406,125.768798828125
369.91619873046875,131.5041961669922,174.7563934326172,125.72579956054688
359.7997131347656,131.5511932373047,172.90390014648438,122.96040344238281
354.1012878417969,137.90829467773438,169.2292022705078,124.02230072021484
346.4244079589844,152.73500061035156,163.86500549316406,113.59929656982422
335.7804870605469,154.25340270996094,157.20970153808594,110.47599792480469
307.0046081542969,147.09519958496094,155.87890625,105.6552963256836
282.2367858886719,136.8227996826172,158.40989685058594,114.2645034790039
273.3948974609375,138.02029418945312,152.84519958496094,118.92970275878906
264.3548889160156,138.71929931640625,151.8551025390625,113.17340087890625
245.97940063476562,132.0070037841797,154.6226043701172,118.10530090332031
238.40859985351562,155.87229919433594,158.1676025390625,130.95399475097656
239.5196990966797,179.17410278320312,158.2626953125,126.39689636230469
245.31820678710938,179.66690063476562,151.9582977294922,115.41020202636719
241.26809692382812,179.89419555664062,151.93170166015625,107.6771011352539
190.3491973876953,178.86329650878906,155.90060424804688,108.05480194091797
147.6363983154297,181.00990295410156,148.05039978027344,107.92279815673828
93.34369659423828,194.29690551757812,153.37649536132812,101.64620208740234
67.39140319824219,182.65480041503906,157.42599487304688,112.84040069580078
6.566699981689453,161.0417022705078,207.56500244140625,118.20690155029297
7.194399833679199,147.45700073242188,206.36419677734375,119.43800354003906
11.30270004272461,143.50559997558594,193.7440948486328,118.85679626464844
31.409099578857422,143.1531982421875,176.7696990966797,123.0906982421875
45.457801818847656,139.1855926513672,182.86399841308594,119.48320007324219
63.970699310302734,128.1710968017578,178.71839904785156,114.785400390625
126.42440032958984,114.08350372314453,311.7294006347656,196.9980926513672
164.8271026611328,247.89340209960938,101.05829620361328,105.04630279541016
189.88870239257812,237.81280517578125,74.60310363769531,99.30549621582031
211.47479248046875,235.38389587402344,69.51229858398438,93.06719970703125
235.38720703125,229.58810424804688,70.47859954833984,89.439697265625
251.74099731445312,226.76519775390625,73.02069854736328,90.30719757080078
269.9461975097656,227.247802734375,67.2030029296875,90.39459991455078
291.4339904785156,225.21119689941406,68.08370208740234,87.78350067138672
297.3179016113281,197.02780151367188,81.42379760742188,110.84329986572266
278.4154968261719,62.05419921875,162.94509887695312,85.78910064697266
289.4689025878906,27.43869972229004,158.33900451660156,118.31800079345703
284.3728942871094,24.467199325561523,156.78489685058594,118.23899841308594
289.7727966308594,23.395999908447266,155.3740997314453,119.01930236816406
289.99310302734375,24.32430076599121,159.47869873046875,120.01799774169922
288.0628967285156,28.53070068359375,164.4156036376953,119.7886962890625
288.6076965332031,31.530399322509766,163.96499633789062,116.79090118408203
280.7381896972656,31.122600555419922,153.1396026611328,111.06559753417969
273.38189697265625,35.915401458740234,159.86740112304688,113.71610260009766
263.4952087402344,49.594200134277344,155.59750366210938,111.5813980102539
236.96209716796875,60.399600982666016,163.6593017578125,112.99960327148438
224.42359924316406,70.28900146484375,160.64869689941406,106.5469970703125
210.12969970703125,76.18769836425781,155.57460021972656,110.5103988647461
195.95069885253906,80.5022964477539,158.1269989013672,109.9446029663086
188.17640686035156,84.6489028930664,157.3616943359375,112.48300170898438
176.97390747070312,88.16899871826172,152.9241943359375,110.34919738769531
161.6627960205078,91.40660095214844,154.9676971435547,109.98600006103516
153.0070037841797,93.15760040283203,160.97079467773438,115.70939636230469
143.17860412597656,90.6082992553711,156.44650268554688,114.50679779052734
134.7554931640625,90.17749786376953,163.75559997558594,115.96890258789062
126.35189819335938,89.44599914550781,167.12330627441406,117.49220275878906
122.2677001953125,86.19850158691406,173.02740478515625,117.65149688720703
118.46749877929688,81.99829864501953,172.668701171875,121.83480072021484
117.94419860839844,80.25579833984375,171.16409301757812,117.36479949951172
116.06300354003906,72.58779907226562,171.17129516601562,116.533203125
107.6343994140625,65.98780059814453,169.04330444335938,121.9834976196289
102.01399993896484,61.94070053100586,177.30340576171875,120.2748031616211
98.29959869384766,56.9193000793457,176.4550018310547,124.71080017089844
93.07830047607422,55.0635986328125,179.7783966064453,122.70899963378906
87.28350067138672,52.94430160522461,188.4940948486328,126.03250122070312
78.51129913330078,53.76100158691406,189.69569396972656,124.77850341796875
68.1521987915039,55.80009841918945,196.60189819335938,125.22579956054688
76.39099884033203,59.60639953613281,187.99169921875,118.63369750976562
70.61209869384766,59.591400146484375,193.6071014404297,124.92720031738281
66.27120208740234,60.44219970703125,185.86610412597656,123.50070190429688
72.19709777832031,62.414100646972656,183.23590087890625,127.92960357666016
61.91210174560547,74.53759765625,189.47250366210938,114.40370178222656
57.54330062866211,75.91529846191406,190.6334991455078,118.88880157470703
58.32469940185547,77.84449768066406,194.99180603027344,118.55259704589844
53.79840087890625,79.26090240478516,203.90699768066406,117.841796875
57.71120071411133,83.89240264892578,195.93870544433594,116.49870300292969
46.35329818725586,83.24240112304688,203.3874969482422,123.19349670410156
46.22129821777344,86.33560180664062,199.16380310058594,114.40640258789062
58.49129867553711,85.37650299072266,199.5321044921875,127.11969757080078
59.013099670410156,94.777099609375,197.2447052001953,119.60260009765625
58.507301330566406,96.14790344238281,197.03550720214844,122.34880065917969
60.38880157470703,105.13960266113281,202.91549682617188,117.8917007446289
63.333499908447266,107.62039947509766,197.50909423828125,122.30049896240234
55.222900390625,118.4718017578125,204.26559448242188,120.93360137939453
48.35020065307617,128.30160522460938,207.7375030517578,121.80049896240234
57.167701721191406,135.29530334472656,200.8686981201172,120.29869842529297
56.07870101928711,141.01919555664062,199.72329711914062,127.13410186767578
59.66019821166992,143.7270965576172,196.1168975830078,131.34559631347656
52.29140090942383,149.78050231933594,203.3968963623047,124.63150024414062
47.99789810180664,148.58489990234375,202.33580017089844,132.35560607910156
55.8297004699707,150.75929260253906,197.68460083007812,122.76899719238281
51.49610137939453,148.5446014404297,200.343994140625,124.80419921875
49.91389846801758,146.9871063232422,198.86599731445312,129.06719970703125
51.131500244140625,146.5238037109375,201.3551025390625,120.4845962524414
51.48870086669922,142.31149291992188,199.09559631347656,129.1573028564453
51.852500915527344,140.50050354003906,196.94900512695312,124.50509643554688
60.27170181274414,138.96730041503906,194.9954071044922,127.53929901123047
60.82059860229492,139.55140686035156,192.98440551757812,125.29759979248047
63.00230026245117,134.4197998046875,189.36439514160156,123.0165023803711
65.62200164794922,134.4777069091797,192.60960388183594,124.01619720458984
70.08650207519531,132.25320434570312,196.35000610351562,123.02400207519531
71.97949981689453,127.14070129394531,188.02520751953125,122.77890014648438
74.2522964477539,118.47840118408203,188.1990966796875,123.38410186767578
67.54920196533203,111.63189697265625,196.2926025390625,123.0740966796875
66.34030151367188,100.76789855957031,193.50579833984375,121.3739013671875
67.70220184326172,89.21980285644531,194.28460693359375,127.04660034179688
66.56310272216797,79.9822006225586,197.29429626464844,124.75440216064453
66.37570190429688,69.39610290527344,202.62879943847656,125.05500030517578
70.85600280761719,57.325599670410156,202.64930725097656,131.33889770507812
72.7490005493164,50.618099212646484,201.5626983642578,131.10879516601562
81.32939910888672,42.505401611328125,197.18409729003906,136.0861053466797
85.64240264892578,36.29890060424805,195.5850067138672,133.9853057861328
91.41560363769531,32.89099884033203,194.15570068359375,135.62770080566406
95.10549926757812,28.670000076293945,192.30479431152344,138.3050994873047
92.35330200195312,27.745800018310547,191.8533935546875,142.1125030517578
94.22440338134766,26.418100357055664,191.82350158691406,139.9833984375
100.35859680175781,28.9281005859375,189.90130615234375,139.64280700683594
107.7865982055664,28.701099395751953,186.341796875,139.99510192871094
111.91649627685547,33.02669906616211,185.10850524902344,138.04420471191406
119.51429748535156,37.0525016784668,182.4990997314453,133.0325927734375
128.7165069580078,41.52479934692383,174.91220092773438,135.5825958251953
130.35079956054688,48.0547981262207,174.8782958984375,134.11509704589844
132.32569885253906,50.29600143432617,176.4770050048828,137.20809936523438
117.6760025024414,62.44060134887695,167.7501983642578,132.8551025390625
92.00679779052734,66.36219787597656,173.87030029296875,133.6221923828125
80.96630096435547,67.98989868164062,175.33880615234375,135.90499877929688
83.018798828125,77.23690032958984,176.42559814453125,140.2427978515625
95.59100341796875,100.01750183105469,175.26170349121094,140.56790161132812
121.98539733886719,120.42510223388672,165.84820556640625,129.3173065185547
142.46170043945312,119.29730224609375,168.5565948486328,131.0417022705078
164.02769470214844,125.58090209960938,160.8345947265625,128.40499877929688
181.70509338378906,140.13409423828125,162.88369750976562,128.52330017089844
199.64300537109375,146.6875,161.19650268554688,124.92230224609375
213.8101043701172,141.31179809570312,164.10150146484375,125.57080078125
232.15480041503906,133.18080139160156,155.6699981689453,126.00789642333984
241.8365936279297,128.3197021484375,157.0155029296875,125.40670013427734
250.51589965820312,126.26170349121094,159.25489807128906,128.52589416503906
253.16380310058594,122.91670227050781,156.80299377441406,135.57020568847656
251.64010620117188,122.64080047607422,155.90809631347656,136.32569885253906
255.03030395507812,122.85990142822266,160.9600067138672,131.77749633789062
259.7157897949219,122.90239715576172,155.70339965820312,130.67880249023438
236.9980926513672,122.21739959716797,154.9093017578125,129.1811065673828
216.35740661621094,118.71880340576172,163.21429443359375,133.46359252929688
207.8072052001953,118.2520980834961,157.5142059326172,130.45880126953125
186.55279541015625,114.05879974365234,160.33419799804688,130.2982940673828
159.5614013671875,108.04779815673828,156.11439514160156,132.36329650878906
131.8289031982422,100.9198989868164,154.0720977783203,133.36279296875
106.56099700927734,91.01509857177734,161.94970703125,142.28289794921875
116.33799743652344,78.04109954833984,162.08290100097656,140.92959594726562
113.46900177001953,65.97840118408203,162.09950256347656,141.11300659179688
101.88020324707031,51.56869888305664,165.65060424804688,144.6013946533203
107.11270141601562,48.29719924926758,163.781494140625,147.04330444335938
114.47789764404297,35.355899810791016,161.56869506835938,147.65939331054688
136.08120727539062,27.837099075317383,151.5814971923828,146.74209594726562
148.06179809570312,23.617700576782227,150.85740661621094,147.2205047607422
162.13490295410156,21.25279998779297,146.2913055419922,144.90269470214844
173.76939392089844,31.29949951171875,144.7592010498047,145.4832000732422
177.8583984375,41.6864013671875,143.8126983642578,143.53489685058594
189.2501983642578,52.56529998779297,141.56739807128906,141.50830078125
193.8361053466797,63.0629997253418,140.572998046875,136.79949951171875
211.03610229492188,64.53900146484375,134.51300048828125,140.5572052001953
208.34869384765625,78.63500213623047,136.2335968017578,139.75950622558594
189.2082977294922,93.6946029663086,139.1197052001953,132.79049682617188
172.27960205078125,104.95379638671875,152.8972930908203,186.9550018310547
177.51710510253906,110.70709991455078,138.618896484375,135.9329071044922
177.31539916992188,118.32230377197266,136.95249938964844,135.9425048828125
169.0666961669922,123.87300109863281,138.6024932861328,135.9864044189453
162.76319885253906,125.74299621582031,137.87930297851562,135.23489379882812
153.99110412597656,132.5305938720703,138.86180114746094,138.29010009765625
146.1414031982422,142.02049255371094,138.9593963623047,141.81910705566406
137.9499053955078,147.40069580078125,139.12060546875,138.9053955078125
140.3000030517578,152.10169982910156,134.11439514160156,135.2989959716797
140.1708984375,152.5626983642578,137.6284942626953,134.34890747070312
139.08309936523438,147.82090759277344,137.96560668945312,135.360107421875
126.31600189208984,140.94320678710938,140.20069885253906,134.15899658203125
120.88860321044922,128.8455047607422,134.1195068359375,129.70530700683594
126.33910369873047,117.0448989868164,134.12770080566406,134.98660278320312
130.5738983154297,110.4031982421875,137.06500244140625,136.014892578125
126.69259643554688,103.11479949951172,135.3715057373047,134.2465057373047
128.53379821777344,97.10990142822266,135.93829345703125,135.00140380859375
131.62210083007812,87.69000244140625,132.7949981689453,130.93060302734375
138.9102020263672,74.2208023071289,134.43359375,130.15919494628906
118.2333984375,201.0312957763672,258.3559875488281,118.22969818115234
162.4326934814453,57.78689956665039,127.87149810791016,130.82850646972656
173.60060119628906,54.27130126953125,128.0684051513672,145.72340393066406
161.76300048828125,186.2646942138672,254.38690185546875,97.06520080566406
190.44769287109375,41.40629959106445,128.1486053466797,132.95689392089844
198.1739044189453,39.08380126953125,126.19940185546875,131.61680603027344
196.7093048095703,38.76350021362305,125.74430084228516,130.2010955810547
194.3594970703125,33.34170150756836,125.68070220947266,131.7845001220703
200.11300659179688,40.98720169067383,143.50750732421875,192.64830017089844
215.98350524902344,33.53269958496094,131.51449584960938,169.83290100097656
219.86590576171875,30.923099517822266,120.70429992675781,130.6345977783203
223.72509765625,28.779699325561523,119.08260345458984,132.1544952392578
215.89549255371094,51.51919937133789,205.5966033935547,245.2279052734375
235.86070251464844,36.14030075073242,120.72779846191406,127.168701171875
217.26060485839844,66.0813980102539,211.10989379882812,246.21389770507812
238.9676055908203,42.03269958496094,115.0822982788086,127.50270080566406
243.18899536132812,38.59830093383789,113.2208023071289,128.35960388183594
246.51759338378906,40.051700592041016,116.41000366210938,126.80699920654297
254.54029846191406,43.27560043334961,112.21099853515625,128.54110717773438
264.3089904785156,49.279598236083984,114.13500213623047,122.6843032836914
252.15440368652344,76.83609771728516,209.96229553222656,223.8887939453125
282.8919982910156,59.63970184326172,118.16609954833984,116.25569915771484
298.2611999511719,66.56120300292969,135.10800170898438,173.34359741210938
304.78900146484375,62.36149978637695,106.49420166015625,123.5093002319336
309.181396484375,61.1968994140625,108.7665023803711,121.154296875
314.53839111328125,65.2219009399414,111.33270263671875,120.53109741210938
321.44000244140625,71.42939758300781,108.86609649658203,119.10340118408203
328.6077880859375,76.50399780273438,109.40640258789062,119.80439758300781
335.8517150878906,84.32240295410156,111.91320037841797,116.12989807128906
344.71539306640625,87.30840301513672,109.84269714355469,115.6624984741211
352.8169860839844,91.0353012084961,108.25640106201172,116.36000061035156
359.85870361328125,94.58609771728516,114.20860290527344,112.71189880371094
367.88531494140625,98.50869750976562,113.18699645996094,115.314697265625
380.42291259765625,103.8510971069336,112.84870147705078,113.2791976928711
394.9710998535156,108.37760162353516,111.45989990234375,112.56529998779297
405.1571044921875,111.5291976928711,115.95909881591797,111.59980010986328
412.9955139160156,113.14920043945312,115.15799713134766,114.66950225830078
415.8658142089844,116.67859649658203,110.80359649658203,114.98370361328125
415.2604064941406,119.89749908447266,113.98919677734375,113.49189758300781
414.855712890625,120.84349822998047,110.72969818115234,115.15560150146484
415.62640380859375,118.14330291748047,113.00189971923828,115.28070068359375
417.6846008300781,115.0166015625,119.61289978027344,115.4988021850586
427.6236877441406,111.6613998413086,120.83399963378906,117.65119934082031
432.4018859863281,109.67350006103516,119.99520111083984,113.79039764404297
439.4637145996094,103.69950103759766,122.99330139160156,118.66100311279297
448.6419982910156,102.76370239257812,118.86949920654297,116.5363998413086
449.67181396484375,101.1852035522461,120.79869842529297,117.7208023071289
449.6332092285156,102.64759826660156,119.11689758300781,113.70449829101562
453.0846862792969,100.95939636230469,121.86949920654297,116.20110321044922
456.31988525390625,98.78500366210938,122.50640106201172,114.86199951171875
460.9679870605469,94.77619934082031,123.79229736328125,115.71800231933594
467.1841125488281,91.41889953613281,123.74579620361328,115.49819946289062
471.6871032714844,86.07360076904297,126.410400390625,117.2562026977539
486.52191162109375,82.50810241699219,124.47509765625,119.25920104980469
498.28741455078125,77.68470001220703,132.35389709472656,120.11100006103516
505.0309143066406,75.37740325927734,127.63860321044922,121.4906997680664
506.85400390625,75.08599853515625,130.89059448242188,122.42549896240234
509.02191162109375,74.16010284423828,127.87370300292969,121.5708999633789
511.0303955078125,75.04720306396484,126.86070251464844,124.6520004272461
509.60650634765625,77.48249816894531,128.493896484375,122.19149780273438
510.18109130859375,80.02799987792969,125.71910095214844,122.36299896240234
506.32659912109375,83.74079895019531,126.75990295410156,121.8541030883789
501.3923034667969,86.1676025390625,129.12120056152344,122.73490142822266
497.981201171875,90.28710174560547,125.91480255126953,122.87850189208984
492.6700134277344,94.94280242919922,126.83180236816406,120.54650115966797
487.69549560546875,98.69390106201172,127.97350311279297,119.34380340576172
482.3908996582031,101.74749755859375,125.3093032836914,120.86009979248047
479.349609375,108.26260375976562,124.16639709472656,123.83059692382812
478.1365966796875,119.64959716796875,125.2665023803711,124.77539825439453
478.9388122558594,130.37660217285156,122.58290100097656,125.60310363769531
478.92529296875,148.37179565429688,124.15059661865234,127.5988998413086
472.239990234375,171.9759063720703,123.59290313720703,127.47039794921875
465.3514099121094,193.2095947265625,123.30500030517578,127.935302734375
456.6626892089844,212.34559631347656,126.1635971069336,126.89790344238281
456.1986083984375,230.8488006591797,123.78800201416016,122.90160369873047
453.5162048339844,241.84689331054688,128.27540588378906,115.42379760742188
449.55999755859375,252.9022979736328,125.14540100097656,105.46060180664062
448.8811950683594,259.3467102050781,126.50039672851562,99.20040130615234
447.1770935058594,267.1083068847656,122.80599975585938,91.4811019897461
438.9565124511719,270.9462890625,125.78910064697266,86.97470092773438
439.24249267578125,275.38031005859375,123.02429962158203,82.972900390625
436.5701904296875,277.4554138183594,123.07710266113281,80.53939819335938
432.0317077636719,278.36248779296875,123.13400268554688,79.58209991455078
426.5458068847656,278.5816955566406,123.57279968261719,79.0698013305664
426.26580810546875,277.926513671875,121.09300231933594,80.00599670410156
425.1072998046875,275.0611877441406,121.61699676513672,83.2979965209961
425.79681396484375,273.2065124511719,120.01629638671875,85.63150024414062
420.6492004394531,269.71868896484375,121.01399993896484,89.22699737548828
422.6610107421875,263.202392578125,119.0968017578125,94.3667984008789
421.6615905761719,256.5350036621094,120.19029998779297,101.3019027709961
419.4002990722656,250.53680419921875,120.0647964477539,105.82659912109375
419.485595703125,241.668701171875,117.95850372314453,114.33769989013672
417.01458740234375,232.99569702148438,119.91699981689453,118.23829650878906
418.05950927734375,226.45460510253906,117.31800079345703,121.4999008178711
415.37689208984375,220.08779907226562,114.41809844970703,120.54029846191406
408.87188720703125,209.2397003173828,120.94059753417969,122.20549774169922
411.1007995605469,198.8419952392578,119.41220092773438,122.85870361328125
409.815185546875,189.0554962158203,118.35179901123047,123.68900299072266
409.13629150390625,179.30450439453125,122.27639770507812,122.81950378417969
412.3214111328125,170.18780517578125,119.48719787597656,120.62519836425781
416.1990966796875,157.88400268554688,123.08190155029297,120.20030212402344
422.2222900390625,145.59689331054688,117.64299774169922,120.93609619140625
426.1036071777344,124.74530029296875,121.81990051269531,117.67859649658203
427.44189453125,99.99230194091797,125.4343032836914,114.53060150146484
437.37030029296875,74.0022964477539,128.17849731445312,124.21510314941406
438.5343933105469,53.00279998779297,131.2563934326172,119.8395004272461
445.9776916503906,27.438899993896484,131.6510009765625,126.41220092773438
454.1225891113281,7.131199836730957,134.34339904785156,128.51260375976562
459.8699035644531,3.9979000091552734,131.92430114746094,109.54239654541016
466.3757019042969,1.816100001335144,128.41380310058594,97.58670043945312
470.8515930175781,1.3424999713897705,122.85379791259766,81.91439819335938
467.35040283203125,3.433799982070923,127.23899841308594,73.18090057373047
468.076904296875,3.3714001178741455,124.75520324707031,72.18579864501953
471.5122985839844,2.4170000553131104,124.0248031616211,73.79969787597656
468.7117004394531,2.0934998989105225,123.44000244140625,76.99629974365234
469.0284118652344,0.7706999778747559,124.19409942626953,82.19550323486328
468.869384765625,2.115499973297119,126.63200378417969,93.38249969482422
470.9495849609375,0.7251999974250793,122.87539672851562,105.6322021484375
468.994384765625,0.24120000004768372,117.55460357666016,113.88710021972656
452.7109069824219,4.908199787139893,125.7509994506836,124.8634033203125
451.14019775390625,20.77120018005371,118.02130126953125,124.56410217285156
432.7878112792969,34.80009841918945,123.52410125732422,119.80729675292969
425.2455139160156,47.67490005493164,118.89579772949219,120.135498046875
413.525390625,60.82870101928711,119.12349700927734,120.5031967163086
398.4668884277344,75.24539947509766,117.50260162353516,118.84619903564453
380.47918701171875,84.28949737548828,118.74759674072266,122.33820343017578
367.81201171875,91.92839813232422,109.35900115966797,118.4854965209961
350.0262145996094,99.80840301513672,113.17459869384766,119.17449951171875
337.143798828125,109.15950012207031,109.13749694824219,121.06580352783203
316.0992126464844,117.93309783935547,107.80259704589844,120.79840087890625
293.63739013671875,126.78829956054688,112.33670043945312,120.8667984008789
275.6513977050781,136.06460571289062,108.793701171875,121.18319702148438
257.5870056152344,144.15890502929688,103.87789916992188,121.50980377197266
232.9582061767578,149.3791961669922,104.36419677734375,121.31420135498047
213.48289489746094,153.83729553222656,109.44850158691406,126.60030364990234
208.7198028564453,153.1300048828125,107.96910095214844,125.09970092773438
194.78280639648438,157.1772003173828,113.06390380859375,129.83929443359375
187.8424072265625,156.53919982910156,112.74250030517578,127.1406021118164
162.81900024414062,160.03990173339844,121.58779907226562,129.8125
147.29319763183594,160.64370727539062,123.58399963378906,132.4174041748047
133.55889892578125,159.6029052734375,123.06439971923828,136.42640686035156
109.67449951171875,162.62109375,130.6949005126953,135.29949951171875
96.97350311279297,159.1221923828125,134.0863037109375,137.56410217285156
92.44039916992188,157.07640075683594,133.04330444335938,136.18299865722656
88.04979705810547,156.49630737304688,135.46730041503906,137.30490112304688
89.22730255126953,154.0113983154297,137.02560424804688,140.12339782714844
93.93170166015625,154.6230926513672,137.74290466308594,140.89700317382812
101.0386962890625,157.2581024169922,132.7852020263672,138.7333984375
105.36180114746094,158.85110473632812,134.16920471191406,137.70730590820312
109.91239929199219,162.24949645996094,133.38389587402344,138.19679260253906
110.10800170898438,163.6907958984375,129.4803009033203,136.29969787597656
113.27799987792969,162.93350219726562,130.94749450683594,137.3948974609375
117.9478988647461,162.7530975341797,129.5355987548828,138.0137939453125
120.11430358886719,166.79769897460938,131.8258056640625,134.8813018798828
126.64959716796875,172.14639282226562,132.81939697265625,140.94020080566406
134.39190673828125,178.9281005859375,131.00010681152344,143.41110229492188
139.110107421875,191.45680236816406,131.4803924560547,138.8824005126953
141.52310180664062,202.09300231933594,132.64300537109375,130.57029724121094
148.97340393066406,211.2946014404297,129.66749572753906,132.89540100097656
146.5200958251953,219.68389892578125,132.9777069091797,124.33360290527344
150.28700256347656,227.89309692382812,130.78419494628906,126.10710144042969
151.89540100097656,238.6300048828125,134.76719665527344,118.39739990234375
155.1177978515625,250.6262969970703,135.89010620117188,106.06089782714844
156.80209350585938,262.9981994628906,134.76780700683594,93.87190246582031
158.33909606933594,272.587890625,134.69610595703125,84.5342025756836
165.87100219726562,281.33160400390625,132.00039672851562,75.78559875488281
171.27220153808594,288.03790283203125,129.4199981689453,67.61579895019531
174.14959716796875,293.05938720703125,127.70439910888672,63.43920135498047
170.50880432128906,294.9081115722656,127.24340057373047,62.265499114990234
171.52569580078125,295.1689147949219,129.67930603027344,61.60749816894531
164.90870666503906,296.36419677734375,130.35000610351562,61.29909896850586
161.7436065673828,292.993408203125,128.84469604492188,64.99330139160156
155.43319702148438,286.809814453125,128.49139404296875,70.34089660644531
156.24920654296875,279.4905090332031,127.8604965209961,78.70719909667969
147.4777069091797,267.931884765625,133.7917938232422,88.71309661865234
146.8916015625,256.0736083984375,131.5247039794922,103.47139739990234
141.68980407714844,242.77529907226562,132.97439575195312,115.35679626464844
142.1627960205078,229.57119750976562,131.78050231933594,111.5614013671875
144.21189880371094,213.406005859375,130.3946990966797,125.6238021850586
144.11219787597656,203.46890258789062,132.23080444335938,130.95849609375
148.99850463867188,195.59759521484375,131.04580688476562,134.67970275878906
159.70640563964844,188.47079467773438,131.10020446777344,133.5966033935547
170.69659423828125,184.64500427246094,125.0916976928711,133.58290100097656
177.31069946289062,182.41659545898438,124.83149719238281,128.6343994140625
187.28759765625,175.04150390625,126.2615966796875,128.6352996826172
197.7487030029297,168.40550231933594,121.11579895019531,130.21620178222656
205.50650024414062,162.46890258789062,115.34940338134766,125.5343017578125
211.17990112304688,155.66830444335938,120.75360107421875,123.17179870605469
213.15480041503906,147.41729736328125,116.87979888916016,118.3594970703125
217.2032928466797,137.9774932861328,119.32039642333984,122.27850341796875
223.84579467773438,130.65499877929688,118.14739990234375,121.4458999633789
230.6645050048828,124.8948974609375,115.63749694824219,121.67829895019531
237.61509704589844,123.41059875488281,115.69439697265625,120.86289978027344
246.65260314941406,124.59709930419922,115.32510375976562,118.63159942626953
251.9423065185547,128.93319702148438,113.73390197753906,116.9916000366211
255.90330505371094,135.64219665527344,109.20549774169922,119.33799743652344
256.2994079589844,140.82310485839844,111.98760223388672,121.25900268554688
255.60499572753906,144.17889404296875,113.0999984741211,119.64129638671875
254.39190673828125,144.3365020751953,113.29180145263672,121.71389770507812
254.7154998779297,147.5540008544922,114.58180236816406,121.8832015991211
254.08859252929688,150.00840759277344,115.63670349121094,120.64459991455078
253.24569702148438,151.21690368652344,113.5875015258789,119.2384033203125
253.96310424804688,145.22540283203125,112.11380004882812,120.69259643554688
255.32150268554688,139.12060546875,111.10279846191406,114.86509704589844
257.97259521484375,128.4185028076172,108.66580200195312,110.70269775390625
256.8059997558594,115.70890045166016,110.52999877929688,110.89640045166016
256.3669128417969,102.17359924316406,109.1229019165039,110.8478012084961
254.56900024414062,90.49600219726562,110.04730224609375,108.55840301513672
250.26510620117188,80.32510375976562,107.88839721679688,109.56809997558594
248.24960327148438,68.11759948730469,109.69329833984375,115.62799835205078
249.87269592285156,60.70560073852539,109.13390350341797,115.1259994506836
254.8437957763672,54.68109893798828,108.10099792480469,115.77420043945312
261.71820068359375,51.90810012817383,109.45189666748047,113.07830047607422
271.9674987792969,54.52009963989258,105.47229766845703,108.80000305175781
283.19940185546875,58.57099914550781,103.24199676513672,107.68370056152344
291.85150146484375,64.15339660644531,100.83940124511719,105.3240966796875
297.9978942871094,69.50479888916016,98.94509887695312,104.87830352783203
301.0985107421875,74.63359832763672,100.23190307617188,105.6530990600586
305.3494873046875,77.16490173339844,101.55750274658203,102.97740173339844
308.6084899902344,79.17949676513672,98.9729995727539,101.64790344238281
315.9822082519531,81.45330047607422,98.92620086669922,99.88189697265625
323.9664001464844,84.09739685058594,96.09239959716797,98.2686996459961
330.4049072265625,83.81700134277344,94.91840362548828,97.3687973022461
341.2257080078125,86.51580047607422,94.6083984375,96.41500091552734
349.17498779296875,89.81199645996094,93.2677993774414,94.45140075683594
360.0227966308594,91.93949890136719,91.47630310058594,93.00479888916016
369.75909423828125,94.33499908447266,90.07340240478516,93.29660034179688
374.9414978027344,100.01290130615234,94.84940338134766,94.45020294189453
379.6791076660156,106.19709777832031,93.47810363769531,93.75910186767578
382.797607421875,116.44210052490234,91.69840240478516,91.4406967163086
381.55841064453125,125.22039794921875,92.59040069580078,92.83760070800781
377.6466064453125,133.12710571289062,86.43789672851562,90.70269775390625
367.9450988769531,142.49819946289062,81.86630249023438,89.62149810791016
349.9632873535156,150.32150268554688,84.87210083007812,89.73760223388672
332.2755126953125,156.2677001953125,85.5103988647461,88.6530990600586
315.3887939453125,156.5771026611328,85.22709655761719,88.0363998413086
301.4939880371094,157.8759002685547,86.05120086669922,86.73190307617188
279.11761474609375,156.71060180664062,90.22440338134766,85.61160278320312
265.6300048828125,155.6927947998047,85.26309967041016,87.75370025634766
218.21510314941406,171.78529357910156,170.01150512695312,179.73809814453125
226.6970977783203,153.0666961669922,86.5072021484375,80.76000213623047
186.42120361328125,162.5283966064453,165.43089294433594,168.82080078125
180.6262969970703,143.75469970703125,100.92970275878906,96.36650085449219
166.43890380859375,144.1322021484375,97.6343002319336,99.806396484375
150.05349731445312,143.58909606933594,100.14969635009766,102.43840026855469
138.4665069580078,148.07110595703125,103.4896011352539,102.14739990234375
122.12789916992188,149.59219360351562,108.99530029296875,102.96939849853516
109.67890167236328,149.09730529785156,111.77960205078125,100.96369934082031
97.00379943847656,146.20640563964844,114.91349792480469,103.48690032958984
86.69339752197266,146.30599975585938,113.90670013427734,101.33699798583984
76.85910034179688,145.52049255371094,115.69139862060547,103.46399688720703
67.543701171875,145.2012939453125,115.37779998779297,109.51499938964844
67.85530090332031,145.427001953125,117.29139709472656,108.14320373535156
73.54309844970703,147.8843994140625,116.25540161132812,106.08499908447266
98.9738998413086,149.65870666503906,103.01339721679688,91.63310241699219
127.47810363769531,149.08619689941406,103.08499908447266,87.85099792480469
174.68429565429688,145.9084014892578,83.53880310058594,81.49230194091797
183.0709991455078,146.1947021484375,90.57319641113281,87.42230224609375
223.41400146484375,143.5543975830078,79.99500274658203,82.06990051269531
230.6425018310547,143.20379638671875,86.24569702148438,86.89540100097656
265.5166931152344,138.4506072998047,92.76000213623047,80.59100341796875
306.1788024902344,132.65109252929688,98.36540222167969,78.2738037109375
341.21240234375,123.2959976196289,85.92459869384766,79.4260025024414
372.3736877441406,112.95469665527344,90.25199890136719,92.68199920654297
407.6778869628906,105.8510971069336,86.93499755859375,94.10260009765625
425.00738525390625,99.30220031738281,100.33779907226562,98.40879821777344
443.5445861816406,96.16580200195312,100.74829864501953,100.07029724121094
457.3786926269531,96.543701171875,99.78890228271484,98.9448013305664
469.97149658203125,94.2802963256836,104.05069732666016,98.83100128173828
481.9949951171875,95.01589965820312,110.67109680175781,100.36000061035156
490.7709045410156,94.1676025390625,110.3936996459961,100.37139892578125
503.3912048339844,94.18270111083984,125.35350036621094,100.92839813232422
512.4456176757812,94.993896484375,119.61530303955078,101.34429931640625
520.3621826171875,96.01940155029297,118.60399627685547,102.66339874267578
532.152587890625,96.14080047607422,103.58679962158203,103.10060119628906
545.2072143554688,97.23290252685547,92.39669799804688,102.66549682617188
552.4312744140625,99.23280334472656,85.91639709472656,102.5624008178711
556.5222778320312,102.2864990234375,81.12349700927734,101.49009704589844
556.2471923828125,103.0979995727539,81.52839660644531,102.40190124511719
553.9857177734375,103.43199920654297,84.44670104980469,103.50869750976562
548.3173217773438,105.39530181884766,90.20330047607422,103.5718994140625
535.319580078125,107.11280059814453,100.80439758300781,100.34970092773438
525.5430297851562,108.52999877929688,114.15899658203125,100.72779846191406
510.1308898925781,111.27749633789062,105.643798828125,98.06330108642578
493.69500732421875,115.1603012084961,92.39849853515625,97.158203125
460.9519958496094,122.79010009765625,98.95490264892578,97.77200317382812
436.3902893066406,129.13949584960938,94.20249938964844,95.70490264892578
417.11151123046875,136.3072967529297,90.6417007446289,93.48580169677734
395.85430908203125,140.86810302734375,91.28900146484375,91.9802017211914
379.8590087890625,144.55419921875,90.63729858398438,90.30979919433594
365.75738525390625,146.6967010498047,90.7384033203125,90.40709686279297
347.70001220703125,148.6118927001953,89.86810302734375,89.18710327148438
333.9554138183594,149.23300170898438,84.89070129394531,90.1520004272461
322.0108947753906,151.22549438476562,86.52940368652344,89.65509796142578
311.7262878417969,150.8780975341797,86.51480102539062,90.60569763183594
305.53369140625,151.87950134277344,85.89859771728516,89.62889862060547
304.8373107910156,151.69760131835938,89.3865966796875,91.47899627685547
305.29620361328125,154.05999755859375,90.69629669189453,92.94550323486328
309.86358642578125,157.73849487304688,92.65760040283203,93.893798828125
321.9296875,163.2010955810547,90.55169677734375,95.00330352783203
329.5581970214844,171.91419982910156,95.1812973022461,97.09130096435547
336.1579895019531,181.72740173339844,94.9822998046875,97.2936019897461
347.4815979003906,187.5220947265625,93.37570190429688,99.6947021484375
351.75030517578125,195.96640014648438,95.85440063476562,101.82959747314453
355.943115234375,206.7913055419922,97.11530303955078,104.10919952392578
353.3183898925781,216.6092987060547,98.10870361328125,105.99169921875
350.2395935058594,225.94090270996094,98.86289978027344,106.17579650878906
344.8658142089844,231.68130493164062,100.08159637451172,105.0186996459961
337.52520751953125,236.16819763183594,96.66809844970703,105.44960021972656
328.58380126953125,238.12429809570312,95.5823974609375,101.73470306396484
318.8338928222656,241.02420043945312,94.3948974609375,99.5177001953125
307.9635925292969,240.42799377441406,90.53759765625,98.46309661865234
295.1737976074219,240.65899658203125,90.68409729003906,98.37770080566406
282.8987121582031,240.0009002685547,92.03579711914062,98.76190185546875
269.85919189453125,237.6956024169922,92.20780181884766,99.05339813232422
256.9128112792969,237.33599853515625,91.8416976928711,96.943603515625
246.58590698242188,232.6750030517578,93.91819763183594,99.38849639892578
234.6898956298828,229.04440307617188,94.48590087890625,98.8041000366211
223.5023956298828,225.0688934326172,96.48619842529297,97.68289947509766
208.1562042236328,220.906494140625,97.14520263671875,96.92780303955078
196.28720092773438,215.00430297851562,98.63719940185547,98.0426025390625
182.75100708007812,208.3802947998047,96.62329864501953,98.68090057373047
167.5843963623047,198.64230346679688,101.00460052490234,100.13179779052734
149.15150451660156,191.27369689941406,103.23570251464844,99.46309661865234
127.12940216064453,173.5847930908203,109.106201171875,106.80840301513672
99.9927978515625,163.25450134277344,118.60060119628906,106.62139892578125
88.2302017211914,142.13929748535156,116.51490020751953,106.50749969482422
69.5261001586914,123.74629974365234,120.05290222167969,109.54039764404297
63.18920135498047,111.67680358886719,120.33989715576172,106.3510971069336
63.516998291015625,100.25080108642578,122.53179931640625,109.24210357666016
68.76069641113281,88.30509948730469,121.0426025390625,109.92990112304688
71.9175033569336,84.42389678955078,121.11930084228516,115.80380249023438
77.05870056152344,80.3646011352539,119.6448974609375,111.86940002441406
81.22699737548828,76.42440032958984,119.63150024414062,114.37850189208984
85.30030059814453,69.82720184326172,121.19259643554688,112.14399719238281
92.63099670410156,62.552799224853516,116.625,105.39569854736328
105.20950317382812,54.607601165771484,110.11900329589844,104.41940307617188
122.27230072021484,47.148101806640625,107.16919708251953,108.060302734375
87.54889678955078,60.98809814453125,226.61839294433594,176.33599853515625
146.5124969482422,41.29249954223633,109.12670135498047,97.9375991821289
133.70809936523438,77.3218002319336,211.24459838867188,144.3199005126953
181.74000549316406,43.8213996887207,99.4583969116211,103.55010223388672
206.39930725097656,37.576698303222656,90.7708969116211,101.3582992553711
225.29510498046875,34.11360168457031,94.20379638671875,102.36699676513672
246.4351043701172,30.068099975585938,90.31610107421875,99.19170379638672
264.220703125,26.560300827026367,90.14659881591797,99.26499938964844
278.63140869140625,23.963899612426758,90.5770034790039,98.83499908447266
294.9638977050781,20.61840057373047,91.69950103759766,99.50489807128906
311.13409423828125,20.433799743652344,90.73529815673828,96.05120086669922
327.922607421875,21.951000213623047,94.11180114746094,99.54389953613281
345.1365051269531,20.482900619506836,91.7219009399414,99.02690124511719
365.6585998535156,24.180299758911133,94.29989624023438,98.464599609375
379.75421142578125,27.23699951171875,97.2134017944336,99.36009979248047
394.3865051269531,33.304100036621094,93.6594009399414,97.17890167236328
407.12701416015625,36.51559829711914,99.03810119628906,98.33370208740234
422.3388977050781,41.3745002746582,93.62039947509766,99.4219970703125
433.0351867675781,47.69160079956055,96.10440063476562,98.78510284423828
441.6492004394531,54.325401306152344,98.37560272216797,98.24089813232422
449.79791259765625,61.016300201416016,105.93119812011719,98.41510009765625
460.6960144042969,66.62560272216797,101.5188980102539,100.50650024414062
467.875,76.25360107421875,104.21170043945312,100.93280029296875
474.61041259765625,86.30000305175781,104.6488037109375,101.64959716796875
480.5255126953125,94.9634017944336,105.2654037475586,105.09819793701172
482.3728942871094,105.27030181884766,102.0719985961914,103.57540130615234
487.11871337890625,114.82140350341797,102.29149627685547,100.2468032836914
487.2070007324219,124.17430114746094,102.41449737548828,101.64959716796875
486.04339599609375,133.76939392089844,102.70670318603516,101.96320343017578
488.73919677734375,142.50379943847656,99.09459686279297,101.48529815673828
487.44049072265625,150.82269287109375,99.90540313720703,103.58940124511719
482.8290100097656,160.08009338378906,102.02490234375,103.19059753417969
474.1224060058594,167.71580505371094,103.02670288085938,100.79609680175781
460.56719970703125,176.4459991455078,98.15650177001953,99.95819854736328
445.7372131347656,187.0196990966797,96.0823974609375,98.0062026977539
421.42401123046875,199.164794921875,95.82279968261719,99.20320129394531
400.5987854003906,211.91229248046875,94.2886962890625,97.23739624023438
379.0047912597656,219.0229949951172,90.73870086669922,95.5740966796875
365.2716064453125,222.78570556640625,90.4280014038086,95.79609680175781
351.3752136230469,223.8291015625,90.69319915771484,93.17579650878906
350.6903991699219,223.7104034423828,90.98179626464844,92.85399627685547
343.8828125,221.03599548339844,93.92849731445312,93.27850341796875
343.0242004394531,221.2218017578125,91.50910186767578,92.52839660644531
335.7066955566406,220.01609802246094,89.81269836425781,93.51589965820312
327.0361022949219,220.71119689941406,93.91960144042969,94.23780059814453
320.9525146484375,222.71099853515625,87.73629760742188,94.85970306396484
308.8739929199219,223.09500122070312,91.34120178222656,94.78690338134766
297.3623046875,224.58670043945312,91.84510040283203,94.42500305175781
285.69488525390625,223.84730529785156,90.42130279541016,94.39800262451172
264.1799011230469,224.452392578125,93.5781021118164,94.0625
247.1916046142578,220.8115997314453,90.3322982788086,94.61280059814453
225.89120483398438,218.08050537109375,86.91829681396484,92.831298828125
202.92140197753906,215.6125030517578,88.32230377197266,92.98210144042969
181.14259338378906,209.6201934814453,94.30229949951172,95.84629821777344
169.88890075683594,203.21580505371094,96.77439880371094,97.80999755859375
159.8704071044922,198.4405975341797,98.89430236816406,98.69190216064453
150.3865966796875,193.00059509277344,101.21320343017578,98.85140228271484
140.4149932861328,187.82679748535156,100.2759017944336,98.91840362548828
132.23599243164062,182.00830078125,100.02519989013672,98.24569702148438
123.07119750976562,174.74530029296875,104.6448974609375,99.66950225830078
111.64019775390625,167.85409545898438,105.16919708251953,98.89330291748047
97.14839935302734,157.51699829101562,109.93699645996094,99.25890350341797
86.39559936523438,146.34449768066406,106.91290283203125,97.24610137939453
79.16739654541016,130.53109741210938,113.8740005493164,102.96109771728516
76.64730072021484,117.15270233154297,112.0199966430664,105.58039855957031
81.7688980102539,107.71160125732422,111.62139892578125,105.32050323486328
88.95490264892578,99.99479675292969,112.66649627685547,104.67849731445312
98.44409942626953,94.81780242919922,112.46479797363281,104.58110046386719
112.76439666748047,90.10870361328125,106.4480972290039,103.58920288085938
60.898101806640625,76.65879821777344,241.352294921875,210.3553009033203
141.7624053955078,77.6094970703125,109.68560028076172,91.58999633789062
151.28489685058594,172.97210693359375,177.39239501953125,77.52469635009766
172.35800170898438,62.71760177612305,98.51339721679688,97.26519775390625
102.66929626464844,0.0,236.48300170898438,241.44439697265625
200.8323974609375,52.90879821777344,96.26319885253906,89.8499984741211
223.82989501953125,48.95989990234375,89.32319641113281,96.26219940185547
242.49049377441406,156.0009002685547,159.67869567871094,64.32460021972656
227.10409545898438,71.33290100097656,197.27999877929688,151.5299072265625
220.07000732421875,107.24490356445312,280.577392578125,232.75230407714844
294.8534851074219,73.35759735107422,91.4271011352539,75.0250015258789
308.2861022949219,178.40890502929688,154.81399536132812,56.64849853515625
320.3760986328125,81.0154037475586,84.31800079345703,90.12259674072266
327.3174133300781,88.4884033203125,83.6041030883789,88.82330322265625
330.5397033691406,96.41960144042969,82.38420104980469,90.08460235595703
331.3815002441406,105.16280364990234,84.13520050048828,88.75460052490234
330.51519775390625,111.61869812011719,79.32029724121094,88.26499938964844
322.9565124511719,117.70320129394531,80.55239868164062,87.22149658203125
317.65899658203125,120.83059692382812,81.83380126953125,85.8949966430664
312.1951904296875,118.10209655761719,81.26339721679688,86.41929626464844
308.5618896484375,116.0459976196289,81.14309692382812,87.57980346679688
308.62701416015625,113.8501968383789,82.55249786376953,89.48100280761719
309.43310546875,112.06939697265625,80.64630126953125,89.29180145263672
314.4544982910156,111.29010009765625,80.62470245361328,88.9197006225586
321.43218994140625,113.59649658203125,79.22830200195312,89.3363037109375
323.2900085449219,117.310302734375,80.41539764404297,89.64669799804688
325.8033142089844,121.41500091552734,82.29530334472656,91.19349670410156
327.6355895996094,126.56999969482422,81.01029968261719,91.32649993896484
326.92340087890625,132.3686981201172,81.05509948730469,91.65070343017578
326.25439453125,137.54420471191406,81.20549774169922,92.80400085449219
328.4161071777344,143.54600524902344,80.78510284423828,89.78160095214844
334.98651123046875,142.91610717773438,84.35549926757812,86.66940307617188
344.60369873046875,138.34689331054688,82.85990142822266,88.3749008178711
347.3479919433594,137.8415985107422,81.63150024414062,90.05780029296875
345.03680419921875,140.27999877929688,82.62439727783203,92.09420013427734
339.52880859375,144.6121063232422,83.97209930419922,92.72010040283203
333.3534851074219,152.04409790039062,85.07250213623047,91.58529663085938
327.61480712890625,158.71449279785156,84.58439636230469,91.341796875
322.4833068847656,166.3470001220703,83.22660064697266,91.5082015991211
314.72149658203125,173.74429321289062,84.08149719238281,92.15989685058594
310.1391906738281,178.8560028076172,83.05030059814453,92.78410339355469
306.8544006347656,182.94009399414062,84.40630340576172,91.93810272216797
311.455810546875,184.8865966796875,81.38279724121094,90.46420288085938
313.7044982910156,185.29649353027344,83.470703125,91.92659759521484
314.72479248046875,189.5876007080078,83.1073989868164,90.39620208740234
316.1919860839844,196.45889282226562,84.70890045166016,90.49649810791016
308.0039978027344,221.29319763183594,149.67039489746094,138.70680236816406
325.58349609375,201.62750244140625,100.17620086669922,116.33769989013672
327.4007873535156,208.85220336914062,83.20909881591797,91.93370056152344
334.1612854003906,230.2220001220703,114.07060241699219,120.45050048828125
351.36309814453125,287.7846984863281,154.87120056152344,69.81849670410156
327.61419677734375,201.28640747070312,87.30750274658203,89.05690002441406
332.0726013183594,198.13540649414062,83.768798828125,89.60669708251953
333.2214050292969,194.852294921875,84.92980194091797,89.06529998779297
329.3494873046875,192.9613037109375,88.0271987915039,87.74510192871094
330.20721435546875,190.62440490722656,87.30609893798828,88.47219848632812
327.6455993652344,189.99609375,88.25890350341797,86.39219665527344
327.75970458984375,187.26620483398438,85.50060272216797,85.79399871826172
331.2148132324219,180.42730712890625,84.64209747314453,83.0604019165039
333.3197937011719,170.2924041748047,88.6104965209961,84.28389739990234
337.965087890625,162.1352996826172,88.44010162353516,83.02770233154297
340.11761474609375,154.0601043701172,88.7260971069336,83.8676986694336
345.0039978027344,149.21099853515625,90.94499969482422,86.8218002319336
360.0060119628906,144.6439971923828,84.11180114746094,89.59500122070312
401.97088623046875,243.02450561523438,141.6855010986328,58.399898529052734
371.6742858886719,149.52540588378906,87.40989685058594,88.568603515625
378.7934875488281,154.4333038330078,91.66500091552734,87.7748031616211
384.693115234375,158.4915008544922,94.5154037475586,89.25830078125
397.2966003417969,162.57679748535156,90.42500305175781,89.37740325927734
400.1798095703125,165.7095947265625,94.57379913330078,91.15699768066406
408.6553039550781,168.831298828125,92.89179992675781,87.34870147705078
412.727294921875,169.76080322265625,91.75900268554688,88.06159973144531
416.9632873535156,170.5236053466797,91.48619842529297,90.21759796142578
416.7930908203125,173.0157012939453,94.7739028930664,86.86519622802734
418.1911926269531,172.9272003173828,94.8053970336914,87.82579803466797
420.02099609375,173.56309509277344,93.48899841308594,88.38960266113281
418.8445129394531,171.59609985351562,96.02519989013672,87.54550170898438
419.79180908203125,170.7003936767578,94.61479949951172,89.16179656982422
419.98541259765625,168.6593017578125,92.29149627685547,91.42829895019531
416.20880126953125,168.10519409179688,95.63500213623047,89.85240173339844
416.6706848144531,166.9188995361328,94.23269653320312,88.54209899902344
414.5650939941406,167.8018035888672,93.5166015625,89.90260314941406
416.71929931640625,169.06480407714844,91.029296875,88.18350219726562
415.0119934082031,168.61920166015625,94.41000366210938,88.52449798583984
417.40570068359375,167.90530395507812,92.18009948730469,88.13670349121094
413.9042053222656,169.53759765625,94.75070190429688,88.15660095214844
415.67498779296875,167.88650512695312,93.11540222167969,87.27359771728516
418.4147033691406,163.9066925048828,94.85870361328125,87.55249786376953
421.2821044921875,162.40139770507812,94.93499755859375,87.9480972290039
424.9018859863281,159.52420043945312,96.03690338134766,86.08580017089844
433.840087890625,155.2855987548828,91.24199676513672,89.20220184326172
433.5646057128906,156.65719604492188,95.8053970336914,91.55249786376953
434.3382873535156,158.67550659179688,94.5604019165039,90.73989868164062
435.9630126953125,160.2928924560547,93.85890197753906,88.9884033203125
435.29998779296875,162.52699279785156,92.09439849853516,91.8280029296875
432.96710205078125,163.78939819335938,92.77059936523438,90.21050262451172
424.1488037109375,167.93719482421875,96.06710052490234,89.997802734375
420.1160888671875,168.10360717773438,91.65619659423828,92.44709777832031
419.3385009765625,166.4355010986328,92.14530181884766,91.13800048828125
412.26348876953125,162.11480712890625,91.78980255126953,90.54129791259766
401.6382141113281,157.85769653320312,92.70770263671875,89.6249008178711
398.80389404296875,155.3361053466797,89.61959838867188,90.92729949951172
375.335693359375,160.51019287109375,88.18930053710938,94.62699890136719
359.9036865234375,164.2122039794922,83.86409759521484,87.5802001953125
341.6178894042969,163.33740234375,83.18060302734375,91.49310302734375
323.3030090332031,166.06219482421875,85.80349731445312,92.79869842529297
314.226806640625,165.37570190429688,85.30680084228516,91.59259796142578
304.1723937988281,165.1461944580078,85.67859649658203,93.77549743652344
297.5924072265625,169.439697265625,86.6447982788086,96.83390045166016
296.27960205078125,171.9429931640625,86.15280151367188,93.94400024414062
295.0093994140625,168.6260986328125,84.32929992675781,95.9395980834961
293.08050537109375,166.17250061035156,84.3823013305664,96.16809844970703
294.2567138671875,162.30039978027344,83.67720031738281,94.74970245361328
291.1982116699219,157.47439575195312,84.4845962524414,95.431396484375
289.2533874511719,153.67250061035156,84.93820190429688,98.26000213623047
282.7560119628906,150.76890563964844,89.49220275878906,96.63610076904297
279.8714904785156,147.35450744628906,90.46240234375,98.21309661865234
288.9468994140625,140.31869506835938,90.6156005859375,99.84619903564453
288.94610595703125,130.1781005859375,150.68240356445312,167.49110412597656
303.1343994140625,107.19020080566406,95.9458999633789,100.29720306396484
305.2538146972656,108.61810302734375,93.86090087890625,103.03450012207031
308.9053955078125,103.34449768066406,92.19499969482422,101.45570373535156
313.7508850097656,96.14689636230469,93.50879669189453,104.44869995117188
312.97149658203125,97.50669860839844,97.88390350341797,102.45539855957031
314.2388000488281,97.185302734375,98.83290100097656,103.69920349121094
321.06689453125,102.07250213623047,98.30030059814453,107.61289978027344
324.77410888671875,107.98780059814453,99.8364028930664,108.2947998046875
329.19000244140625,105.41570281982422,98.73100280761719,108.45279693603516
335.33221435546875,106.99720001220703,101.95899963378906,106.356201171875
336.6330871582031,109.86509704589844,104.0470962524414,111.47830200195312
336.501708984375,111.6541976928711,107.4447021484375,109.05079650878906
336.4778137207031,113.8947982788086,111.10310363769531,110.05919647216797
344.1565856933594,125.33989715576172,110.3781967163086,116.82479858398438
345.889404296875,140.45970153808594,114.43479919433594,114.26229858398438
343.47198486328125,152.8887939453125,110.15029907226562,116.71269989013672
341.6415100097656,166.31629943847656,119.24169921875,121.54440307617188
344.2405090332031,168.7550048828125,115.11430358886719,114.93509674072266
353.0091857910156,185.07470703125,124.5344009399414,111.14450073242188
368.9154968261719,193.64450073242188,126.07250213623047,121.92720031738281
355.3313903808594,197.89190673828125,121.62069702148438,118.56919860839844
335.006103515625,202.38929748535156,127.40579986572266,119.2396011352539
326.3536071777344,204.32659912109375,126.07640075683594,121.28399658203125
327.07879638671875,208.702392578125,127.25980377197266,122.85030364990234
334.8044128417969,215.80850219726562,129.9705047607422,124.1968994140625
335.04290771484375,217.96099853515625,131.54110717773438,123.56379699707031
336.1966857910156,215.25779724121094,131.30850219726562,122.70240020751953
337.49090576171875,218.8280029296875,138.78880310058594,123.83350372314453
337.1553039550781,220.92950439453125,139.87139892578125,123.10479736328125
332.6831970214844,215.87680053710938,137.39599609375,121.47309875488281
325.3706970214844,214.9174041748047,140.91360473632812,126.04570007324219
325.1278076171875,219.28970336914062,141.62730407714844,124.59329986572266
326.1517028808594,221.47889709472656,145.39169311523438,122.79779815673828
317.7578125,223.2519989013672,148.80029296875,125.78690338134766
324.9476013183594,228.0198974609375,145.07159423828125,121.42829895019531
328.1033020019531,229.9385986328125,145.20530700683594,119.05829620361328
316.4549865722656,225.6779022216797,144.7303009033203,116.39409637451172
306.1091003417969,221.95050048828125,145.69259643554688,118.15460205078125
307.6330871582031,224.65789794921875,146.7722930908203,124.49479675292969
297.9570007324219,232.07620239257812,149.04330444335938,120.70659637451172
284.77301025390625,231.87449645996094,140.63490295410156,114.53359985351562
267.0339050292969,232.45260620117188,134.39599609375,110.38369750976562
220.92140197753906,227.2808074951172,134.45269775390625,114.5875015258789
175.74130249023438,213.51220703125,149.41490173339844,116.29070281982422
149.75369262695312,198.4156951904297,153.29620361328125,124.34490203857422
131.52960205078125,185.9561004638672,154.95599365234375,124.52159881591797
102.16739654541016,175.1302947998047,165.7541961669922,130.74940490722656
91.70809936523438,160.39010620117188,165.96890258789062,115.22570037841797
71.59420013427734,139.6154022216797,173.35130310058594,124.69300079345703
63.71179962158203,118.81890106201172,173.08140563964844,114.106201171875
47.635501861572266,103.80220031738281,174.84170532226562,137.9799041748047
50.83169937133789,121.93070220947266,170.48910522460938,132.1468048095703
57.7681999206543,118.27670288085938,165.8509979248047,122.1708984375
61.8932991027832,101.54620361328125,177.60470581054688,118.71279907226562
94.32140350341797,88.23930358886719,160.54429626464844,121.91809844970703
88.68099975585938,83.20980072021484,174.10780334472656,126.42070007324219
110.18350219726562,75.33709716796875,168.05560302734375,121.93509674072266
121.8864974975586,71.71640014648438,166.28770446777344,123.28569793701172
113.2968978881836,35.410301208496094,182.125,128.20599365234375
120.84750366210938,21.59160041809082,171.98410034179688,126.97019958496094
112.84230041503906,16.127300262451172,177.85130310058594,124.40350341796875
110.39399719238281,17.365299224853516,181.36270141601562,129.73939514160156
119.11830139160156,20.36009979248047,189.59170532226562,123.8573989868164
193.04550170898438,17.2731990814209,172.7783966064453,118.0342025756836
228.90750122070312,6.783899784088135,189.23350524902344,119.94450378417969
302.6723937988281,2.670799970626831,168.27749633789062,98.79299926757812
335.30389404296875,3.3266000747680664,175.69810485839844,106.55470275878906
345.0942077636719,3.1089000701904297,188.68389892578125,119.00589752197266
374.9867858886719,7.958199977874756,193.07339477539062,129.93350219726562
380.2694091796875,13.128499984741211,184.88119506835938,127.59339904785156
369.4330139160156,21.40530014038086,177.25999450683594,129.24270629882812
361.4457092285156,30.997900009155273,177.44529724121094,126.18920135498047
339.51959228515625,40.113800048828125,180.2707061767578,119.82990264892578
324.5340881347656,47.672000885009766,179.48150634765625,118.97129821777344
316.5943908691406,61.665199279785156,166.21580505371094,115.2666015625
297.1590881347656,68.32620239257812,170.61959838867188,114.30259704589844
278.6719970703125,77.231201171875,168.82330322265625,114.30449676513672
265.5978088378906,81.70559692382812,175.9947052001953,112.24310302734375
263.8893127441406,84.45500183105469,167.75340270996094,115.91429901123047
256.8546142578125,87.27320098876953,166.47940063476562,114.2490005493164
252.5894012451172,87.68329620361328,166.03399658203125,112.42179870605469
237.92820739746094,86.8740005493164,173.44140625,112.61260223388672
235.10409545898438,85.02210235595703,165.5959930419922,111.15699768066406
162.97940063476562,114.02510070800781,166.6009063720703,108.56330108642578
158.7299041748047,113.0386962890625,170.0343017578125,117.1438980102539
159.0325927734375,119.41829681396484,168.02279663085938,115.19539642333984
159.12899780273438,120.02259826660156,165.75039672851562,116.53780364990234
157.99020385742188,121.66619873046875,165.5498046875,121.32219696044922
155.59300231933594,122.90119934082031,166.0670928955078,120.42369842529297
154.2415008544922,123.93209838867188,166.0937957763672,119.98380279541016
149.69309997558594,125.44879913330078,168.88250732421875,122.36409759521484
147.24569702148438,126.27439880371094,171.47520446777344,118.87809753417969
151.64610290527344,125.7968978881836,165.3125,118.46070098876953
149.8647003173828,125.63870239257812,166.35650634765625,117.747802734375
146.89840698242188,125.4614028930664,166.73779296875,117.33679962158203
149.2283935546875,124.24310302734375,168.71820068359375,120.46510314941406
146.24839782714844,123.70040130615234,170.8137969970703,115.79129791259766
145.16490173339844,121.20079803466797,167.9311065673828,119.27970123291016
145.80540466308594,121.60379791259766,167.431396484375,119.56649780273438
146.2144012451172,121.76029968261719,164.31219482421875,117.58740234375
135.5063018798828,121.81520080566406,176.39410400390625,115.97489929199219
138.86509704589844,122.72949981689453,166.9387969970703,119.10130310058594
132.44479370117188,125.1052017211914,172.68609619140625,114.34480285644531
124.5730972290039,128.60589599609375,165.527099609375,112.27230072021484
107.45989990234375,130.34559631347656,168.86289978027344,110.85250091552734
70.7344970703125,129.87669372558594,183.18980407714844,109.0457992553711
56.72760009765625,125.69750213623047,182.67160034179688,116.53079986572266
41.80690002441406,120.98470306396484,186.59060668945312,120.3447036743164
4.480999946594238,114.43489837646484,203.24879455566406,118.18289947509766
4.278200149536133,105.90640258789062,191.74009704589844,120.90160369873047
2.7960000038146973,98.0282974243164,181.893798828125,122.47869873046875
2.249300003051758,93.9395980834961,170.8822021484375,126.56379699707031
1.8241000175476074,88.07839965820312,165.87440490722656,137.78179931640625
1.451799988746643,82.55329895019531,161.23440551757812,123.8281021118164
0.5123000144958496,77.8552017211914,146.48899841308594,130.43299865722656
0.46799999475479126,73.36139678955078,148.53689575195312,139.51980590820312
0.708299994468689,69.77539825439453,148.30470275878906,139.6405029296875
0.7552000284194946,64.02680206298828,151.28480529785156,140.66909790039062
0.9779999852180481,60.58810043334961,149.7895965576172,137.52090454101562
1.9620000123977661,53.52360153198242,152.63580322265625,149.1945037841797
1.9678000211715698,46.94269943237305,158.69769287109375,133.84469604492188
1.1294000148773193,37.87540054321289,163.86740112304688,136.231201171875
1.6999000310897827,29.96380043029785,160.48550415039062,140.98719787597656
2.0896999835968018,20.36039924621582,171.08799743652344,137.41380310058594
4.8190999031066895,13.626799583435059,167.08470153808594,127.28700256347656
2.7441000938415527,4.553599834442139,170.4188995361328,138.9738006591797
1.5654000043869019,1.2259000539779663,174.30360412597656,132.88169860839844
2.7915000915527344,2.843400001525879,168.38980102539062,111.51069641113281
6.73330020904541,4.290299892425537,180.24609375,112.27179718017578
7.990600109100342,2.3935000896453857,158.77859497070312,116.91590118408203
160.30880737304688,124.48320007324219,56.86109924316406,60.632198333740234
148.5323028564453,113.29499816894531,72.00289916992188,61.97269821166992
97.29570007324219,71.61519622802734,169.38949584960938,133.87820434570312
8.46049976348877,4.04640007019043,180.49729919433594,88.29660034179688
1.5303000211715698,2.8475000858306885,197.15249633789062,101.77510070800781
2.527600049972534,3.9730000495910645,198.71209716796875,100.65879821777344
2.0961999893188477,2.7987000942230225,202.19200134277344,109.06620025634766
2.9075000286102295,1.9081000089645386,205.29319763183594,103.1500015258789
0.6201000213623047,1.9696999788284302,205.8050994873047,108.28810119628906
1.9682999849319458,3.2609000205993652,204.64349365234375,103.7155990600586
2.2920000553131104,3.294300079345703,210.25390625,113.20760345458984
2.1796000003814697,2.4388999938964844,208.43809509277344,110.39720153808594
3.8715999126434326,4.35699987411499,210.18899536132812,118.60330200195312
2.6714000701904297,0.8435999751091003,214.98959350585938,120.08869934082031
3.3057000637054443,4.502699851989746,213.44329833984375,126.38480377197266
10.574199676513672,4.5655999183654785,211.44949340820312,127.62770080566406
6.997099876403809,9.446499824523926,217.1573944091797,130.02020263671875
5.944699764251709,15.053299903869629,218.3878936767578,130.1302032470703
7.525899887084961,24.97920036315918,210.1219940185547,127.4114990234375
5.736199855804443,30.30419921875,221.42840576171875,129.82310485839844
12.025199890136719,39.634700775146484,213.70489501953125,128.32369995117188
52.838600158691406,48.98379898071289,169.12879943847656,127.99520111083984
46.823299407958984,58.70119857788086,177.48519897460938,124.31800079345703
11.69219970703125,72.43789672851562,210.81959533691406,120.39810180664062
47.33539962768555,82.45369720458984,177.8256072998047,122.5696029663086
55.28710174560547,95.27330017089844,170.63099670410156,117.40579986572266
27.741600036621094,101.6010971069336,196.9499969482422,120.23210144042969
18.7052001953125,101.63510131835938,207.5467071533203,122.92859649658203
12.042499542236328,101.47750091552734,208.5316925048828,125.27469635009766
8.247599601745605,103.22460174560547,210.60020446777344,121.81520080566406
12.871899604797363,110.04290008544922,204.14920043945312,125.02349853515625
32.92839813232422,119.84190368652344,185.9622039794922,126.71019744873047
30.12809944152832,130.20460510253906,192.72000122070312,121.28589630126953
46.721099853515625,141.15829467773438,177.75360107421875,122.1416015625
37.04819869995117,150.35069274902344,191.5081024169922,121.10540008544922
46.07630157470703,152.4989013671875,183.54449462890625,124.74079895019531
46.35960006713867,159.53359985351562,185.74229431152344,123.0624008178711
45.7234992980957,166.54420471191406,188.0352020263672,122.04319763183594
41.525001525878906,169.00230407714844,192.9008026123047,124.50029754638672
38.795501708984375,172.40530395507812,190.4658966064453,127.32659912109375
33.975799560546875,176.5572052001953,191.66229248046875,123.7145004272461
22.802600860595703,178.62620544433594,200.2406005859375,128.24879455566406
28.342100143432617,180.02969360351562,197.28179931640625,128.75320434570312
29.96470069885254,186.61509704589844,196.80099487304688,119.9365005493164
35.9818000793457,190.36199951171875,188.1324005126953,124.0022964477539
45.33760070800781,201.1992950439453,182.5299072265625,121.86109924316406
42.59349822998047,202.99319458007812,186.6374969482422,125.60189819335938
45.00960159301758,209.69219970703125,180.84869384765625,121.85220336914062
46.144500732421875,212.6186981201172,188.44349670410156,118.67320251464844
46.89659881591797,214.29620361328125,184.63070678710938,120.14640045166016
49.90959930419922,216.3459930419922,178.3448028564453,120.27330017089844
45.27470016479492,212.9176025390625,182.97630310058594,120.88849639892578
41.816001892089844,208.98159790039062,186.09710693359375,121.89830017089844
33.61140060424805,204.47889709472656,186.6475067138672,119.42780303955078
31.701400756835938,193.83889770507812,186.6405029296875,122.14330291748047
9.003199577331543,185.44239807128906,209.26890563964844,123.4312973022461
5.236499786376953,178.4243927001953,216.04139709472656,128.2427978515625
5.448999881744385,170.59730529785156,199.59030151367188,124.143798828125
7.1296000480651855,163.5720977783203,203.38729858398438,123.89019775390625
3.745800018310547,156.0458984375,199.70700073242188,123.98069763183594
1.2314000129699707,147.79930114746094,191.69039916992188,127.1989974975586
2.740600109100342,141.351806640625,189.7550048828125,129.97230529785156
2.890899896621704,131.9459991455078,183.18569946289062,125.49729919433594
2.625200033187866,122.20390319824219,176.43609619140625,131.2550048828125
3.5550999641418457,110.49299621582031,173.66110229492188,134.2451934814453
2.112299919128418,99.37999725341797,161.5041046142578,135.16529846191406
2.519399881362915,89.74089813232422,156.0699005126953,126.72979736328125
1.7102999687194824,78.70500183105469,149.0635986328125,129.56430053710938
0.0,72.9739990234375,147.12710571289062,134.4219970703125
2.4349000453948975,65.89080047607422,141.1378936767578,132.50759887695312
0.0,60.76530075073242,138.29629516601562,132.3227996826172
0.5925999879837036,56.731201171875,138.51730346679688,130.6970977783203
2.1449999809265137,51.39739990234375,133.352294921875,134.10079956054688
1.0434999465942383,48.7494010925293,139.72610473632812,134.4178924560547
2.2181999683380127,47.552398681640625,138.25100708007812,135.35580444335938
2.7909998893737793,48.924198150634766,141.47189331054688,133.84010314941406
1.136199951171875,50.49660110473633,146.1450958251953,133.01870727539062
0.8730999827384949,53.258201599121094,154.64259338378906,139.05059814453125
1.6030000448226929,56.285099029541016,150.1501007080078,134.0738983154297
1.5017999410629272,65.16110229492188,172.79229736328125,141.3623046875
1.3727999925613403,68.82389831542969,174.78900146484375,146.67919921875
1.1833000183105469,78.08319854736328,189.69290161132812,131.39219665527344
3.833199977874756,83.07849884033203,208.660400390625,128.95750427246094
4.542799949645996,89.98539733886719,210.22509765625,127.8385009765625
7.251200199127197,89.152099609375,212.9138946533203,130.42919921875
13.150899887084961,93.38770294189453,223.0644989013672,127.37570190429688
48.26679992675781,96.46489715576172,195.82510375976562,127.24109649658203
53.70640182495117,97.51280212402344,205.69729614257812,129.71499633789062
63.63840103149414,100.79789733886719,207.05299377441406,129.089599609375
87.62590026855469,103.2842025756836,196.8061065673828,125.44380187988281
80.66840362548828,104.35209655761719,203.6519012451172,130.2532958984375
107.24240112304688,107.42289733886719,192.75979614257812,125.1729965209961
113.69239807128906,106.34960174560547,193.8769989013672,128.96449279785156
119.67430114746094,107.13379669189453,199.62069702148438,131.14649963378906
131.57249450683594,104.6729965209961,191.21730041503906,136.5742950439453
140.23910522460938,104.41729736328125,189.3585968017578,137.6269073486328
146.46279907226562,105.43319702148438,187.3946990966797,134.97830200195312
152.6558074951172,105.81600189208984,191.1531982421875,134.04600524902344
158.1851043701172,107.55130004882812,193.92660522460938,135.28680419921875
163.3927001953125,108.07080078125,195.2467041015625,137.43960571289062
177.44129943847656,108.73829650878906,187.79080200195312,137.19720458984375
174.68800354003906,108.4343032836914,194.2725067138672,134.79710388183594
185.33090209960938,104.60549926757812,189.71580505371094,137.07870483398438
191.8607940673828,100.74829864501953,194.79660034179688,142.20249938964844
198.27459716796875,100.30480194091797,197.60459899902344,134.20669555664062
213.32420349121094,95.31009674072266,196.25709533691406,142.30909729003906
223.40310668945312,92.85150146484375,189.70460510253906,136.7563934326172
230.76519775390625,91.56289672851562,197.30169677734375,136.8643035888672
242.47120666503906,91.61289978027344,194.54969787597656,137.4217071533203
254.7843017578125,91.42980194091797,191.55679321289062,137.91270446777344
267.41070556640625,91.46410369873047,196.41690063476562,136.4488067626953
275.52301025390625,92.4573974609375,203.62710571289062,137.9219970703125
285.7134094238281,90.9303970336914,193.2238006591797,140.01100158691406
290.4569091796875,93.22570037841797,194.98240661621094,139.31629943847656
296.06658935546875,95.84539794921875,196.36509704589844,138.88400268554688
302.0987854003906,97.8595962524414,191.38070678710938,138.40829467773438
307.0613098144531,99.33699798583984,192.3509979248047,136.71339416503906
306.78289794921875,104.3279037475586,188.1457977294922,134.34500122070312
306.3940124511719,102.4623031616211,226.0507049560547,136.70640563964844
67.643798828125,94.556396484375,121.25199890136719,113.11299896240234
2.4986000061035156,95.70819854736328,181.4342041015625,128.39410400390625
1.0240999460220337,92.6624984741211,167.5666046142578,147.49620056152344
1.0091999769210815,93.13749694824219,170.82090759277344,129.81179809570312
1.4687999486923218,92.85600280761719,169.3986053466797,143.23350524902344
0.27239999175071716,92.2051010131836,164.09129333496094,128.7471923828125
0.6766999959945679,89.65119934082031,152.964599609375,133.05169677734375
0.06549999862909317,88.45249938964844,156.65609741210938,131.40359497070312
0.9876999855041504,89.79850006103516,158.09019470214844,130.1082000732422
2.203200101852417,90.34809875488281,154.93679809570312,130.90049743652344
1.8696000576019287,90.7844009399414,150.69259643554688,128.18719482421875
1.6549999713897705,91.53600311279297,147.5780029296875,127.56880187988281
0.1421000063419342,93.52999877929688,150.00439453125,125.5457992553711
0.314300000667572,93.54650115966797,148.0384063720703,124.87989807128906
1.7062000036239624,95.87760162353516,138.41650390625,125.40640258789062
1.8834999799728394,98.26249694824219,141.98980712890625,127.73519897460938
1.934000015258789,100.868896484375,145.0511932373047,126.314697265625
1.378999948501587,105.660400390625,147.90379333496094,125.91629791259766
1.1378999948501587,109.04900360107422,154.12399291992188,122.01920318603516
0.19009999930858612,113.52790069580078,159.3852996826172,130.4261016845703
0.32330000400543213,119.01689910888672,157.16329956054688,123.84100341796875
1.8783999681472778,122.8031005859375,174.78309631347656,121.8375015258789
1.3774000406265259,123.15879821777344,173.52279663085938,128.58709716796875
2.1944000720977783,126.8156967163086,180.58799743652344,133.18150329589844
2.735599994659424,124.87000274658203,184.44740295410156,123.15390014648438
5.318600177764893,126.58350372314453,191.593994140625,120.82710266113281
4.6707000732421875,125.28679656982422,201.05279541015625,122.49040222167969
4.4197998046875,120.77020263671875,204.25469970703125,123.02439880371094
3.280100107192993,123.22440338134766,198.85000610351562,122.77459716796875
13.324899673461914,120.88639831542969,200.360107421875,122.71589660644531
2.220599889755249,119.61869812011719,210.8704071044922,120.7511978149414
11.921299934387207,116.02639770507812,212.28250122070312,128.15260314941406
26.268800735473633,114.33580017089844,204.72230529785156,123.0813980102539
24.994400024414062,111.23040008544922,210.17849731445312,122.1073989868164
25.161699295043945,108.24590301513672,213.25909423828125,123.63939666748047
42.33580017089844,107.80269622802734,195.68080139160156,124.00370025634766
55.061100006103516,107.71730041503906,189.966796875,123.72899627685547
54.19240188598633,105.31179809570312,192.44679260253906,124.10079956054688
55.01459884643555,103.43160247802734,192.72360229492188,124.41560363769531
56.2958984375,104.30570220947266,195.6938018798828,122.39630126953125
59.51340103149414,103.1011962890625,193.65240478515625,124.3927993774414
57.78160095214844,102.42610168457031,197.84759521484375,125.27860260009766
58.46220016479492,106.28150177001953,198.93280029296875,122.4728012084961
66.27210235595703,104.18340301513672,195.50709533691406,125.88349914550781
69.62909698486328,103.94750213623047,196.83740234375,123.2240982055664
74.68460083007812,102.92630004882812,193.2144012451172,125.0239028930664
80.16480255126953,103.08470153808594,188.8372039794922,125.39700317382812
81.314697265625,104.92970275878906,191.9561004638672,122.63079833984375
81.80899810791016,104.77349853515625,196.09559631347656,122.93389892578125
82.17610168457031,103.1509017944336,196.91720581054688,124.77290344238281
85.70870208740234,104.81890106201172,195.7404022216797,122.55039978027344
89.70939636230469,103.2217025756836,191.22540283203125,123.34159851074219
88.21659851074219,100.98500061035156,192.04330444335938,127.0509033203125
82.68720245361328,99.33429718017578,193.78819274902344,127.16259765625
67.38719940185547,99.6083984375,205.41819763183594,123.89450073242188
57.199798583984375,98.95500183105469,199.06329345703125,125.65450286865234
21.24220085144043,95.84120178222656,211.5529022216797,130.1042022705078
1.007200002670288,93.3364028930664,214.6190948486328,130.65260314941406
0.8658999800682068,97.9613037109375,202.43919372558594,118.94779968261719
0.5223000049591064,96.13629913330078,201.3634033203125,128.0944061279297
