1
220.75970458984375,104.91909790039062,155.7238006591797,127.49859619140625
223.84860229492188,99.15509796142578,150.04769897460938,132.1280059814453
224.6479034423828,96.83480072021484,148.30909729003906,136.9490966796875
228.9824981689453,90.9977035522461,141.60850524902344,141.69610595703125
226.78970336914062,90.15290069580078,142.73280334472656,145.77059936523438
224.83929443359375,88.74510192871094,144.55979919433594,146.75509643554688
229.29190063476562,87.19190216064453,143.1824951171875,149.7397003173828
225.93809509277344,84.01589965820312,152.08949279785156,155.57870483398438
224.82460021972656,86.90950012207031,160.4208984375,149.4456024169922
221.58250427246094,85.7384033203125,167.36659240722656,150.99850463867188
222.69349670410156,93.37439727783203,165.7218017578125,142.46780395507812
224.82969665527344,97.2509994506836,171.59449768066406,139.50160217285156
229.55450439453125,104.72889709472656,162.12879943847656,131.8430938720703
228.49830627441406,112.2531967163086,168.8708953857422,124.88700103759766
230.9969940185547,123.2666015625,162.7646942138672,115.7738037109375
231.44140625,132.08380126953125,164.93170166015625,109.22209930419922
226.14309692382812,142.8094024658203,167.19180297851562,96.98419952392578
225.0529022216797,152.13580322265625,164.99110412597656,93.79460144042969
223.15859985351562,162.1342010498047,157.30690002441406,82.28679656982422
221.8717041015625,171.2790069580078,153.65020751953125,79.42559814453125
226.5269012451172,174.4040069580078,144.26840209960938,76.79319763183594
232.3950958251953,180.6558074951172,132.35629272460938,71.79180145263672
243.47500610351562,183.75860595703125,114.31600189208984,65.5020980834961
227.03370666503906,184.68310546875,127.58589935302734,69.74520111083984
233.73049926757812,183.47889709472656,115.73100280761719,62.03689956665039
257.34381103515625,176.75149536132812,89.78130340576172,57.350101470947266
237.6676025390625,170.16290283203125,107.13590240478516,84.9906997680664
244.97219848632812,162.93679809570312,95.13829803466797,86.7239990234375
245.95159912109375,160.37269592285156,92.32360076904297,90.02909851074219
245.98989868164062,154.60569763183594,93.87779998779297,90.20899963378906
249.31649780273438,154.41270446777344,96.46430206298828,90.51570129394531
254.4221954345703,153.77059936523438,95.77010345458984,87.51069641113281
254.81480407714844,159.9149932861328,105.58570098876953,82.71990203857422
254.6217041015625,169.23219299316406,119.0154037475586,74.15480041503906
267.1460876464844,178.97830200195312,113.02429962158203,62.69820022583008
263.2668151855469,191.51829528808594,123.0999984741211,53.619998931884766
264.2265930175781,197.06809997558594,126.23320007324219,58.709598541259766
262.21240234375,193.98519897460938,129.83670043945312,73.24949645996094
266.49951171875,194.10240173339844,127.56739807128906,80.25520324707031
263.0487976074219,191.25999450683594,129.23219299316406,86.1095962524414
275.66558837890625,189.73590087890625,116.33769989013672,87.9032974243164
267.85400390625,185.4058074951172,124.71759796142578,95.45649719238281
264.67181396484375,191.15879821777344,126.7208023071289,88.80130004882812
263.7582092285156,184.5959014892578,126.27210235595703,94.09210205078125
262.8442077636719,182.31629943847656,125.11730194091797,91.16390228271484
265.5010986328125,176.47869873046875,123.4990005493164,93.79660034179688
263.7309875488281,181.1988983154297,127.17050170898438,81.78710174560547
265.76519775390625,188.02540588378906,122.87470245361328,64.82260131835938
261.92510986328125,175.76620483398438,122.7239990234375,70.64240264892578
312.90460205078125,175.789794921875,67.77510070800781,65.20259857177734
308.5375061035156,169.1519012451172,67.57520294189453,64.8489990234375
307.9035949707031,163.5749969482422,67.2864990234375,64.4446029663086
249.2010040283203,162.40179443359375,125.84989929199219,60.3922004699707
253.60670471191406,159.26690673828125,120.80740356445312,76.0968017578125
251.9322052001953,156.04640197753906,125.00479888916016,67.43720245361328
255.31210327148438,154.28579711914062,117.98269653320312,76.59880065917969
254.47909545898438,146.7906036376953,117.40910339355469,85.78209686279297
250.1949005126953,157.256103515625,120.53780364990234,70.85700225830078
261.6936950683594,159.49819946289062,107.65660095214844,64.9822006225586
251.38900756835938,161.66360473632812,111.71369934082031,66.72470092773438
250.76510620117188,163.38209533691406,114.27670288085938,68.73139953613281
249.83779907226562,162.1761016845703,99.72019958496094,69.10880279541016
280.2604064941406,161.67649841308594,61.34159851074219,74.4292984008789
275.9714050292969,159.9069061279297,59.984901428222656,68.07050323486328
252.6448974609375,157.18060302734375,85.3280029296875,91.83309936523438
272.23028564453125,155.32650756835938,64.435302734375,65.0105972290039
244.40780639648438,153.57470703125,92.69349670410156,93.51020050048828
241.33189392089844,147.9654998779297,98.20220184326172,96.85710144042969
240.74920654296875,142.87710571289062,98.79389953613281,93.31620025634766
235.84579467773438,141.19259643554688,101.57319641113281,90.54090118408203
232.81039428710938,136.7165069580078,104.65859985351562,94.88590240478516
226.37289428710938,134.3365020751953,114.11399841308594,98.25340270996094
222.81100463867188,127.75559997558594,122.62059783935547,106.47740173339844
223.9886016845703,123.4260025024414,126.78739929199219,108.89540100097656
218.6768035888672,126.19999694824219,138.95509338378906,107.74690246582031
218.5959930419922,127.2854995727539,142.90109252929688,106.7676010131836
222.0625,128.00599670410156,139.20989990234375,99.80269622802734
216.7032928466797,131.47149658203125,151.970703125,102.16300201416016
211.2032012939453,131.03399658203125,161.14649963378906,103.0510025024414
217.4615020751953,131.13450622558594,160.54930114746094,94.95079803466797
211.8321990966797,141.11459350585938,178.9542999267578,95.09819793701172
208.87440490722656,142.0189971923828,186.5222930908203,90.96769714355469
207.30760192871094,144.7989959716797,194.8856964111328,82.55169677734375
209.5695037841797,152.6262969970703,192.3538055419922,85.35880279541016
207.197998046875,155.79420471191406,200.8968963623047,75.5333023071289
203.14149475097656,162.59539794921875,207.49769592285156,68.1323013305664
202.63059997558594,165.44920349121094,217.49220275878906,65.43689727783203
199.6147003173828,168.577392578125,225.9114990234375,62.89419937133789
198.5948028564453,171.6905975341797,218.3621063232422,60.93349838256836
194.55679321289062,175.20230102539062,226.4127960205078,61.01190185546875
200.15260314941406,179.57119750976562,222.91000366210938,55.605201721191406
197.92160034179688,187.7987060546875,225.8070068359375,49.834999084472656
200.94430541992188,185.9949951171875,223.7216033935547,51.8754997253418
202.67379760742188,187.4217071533203,224.10830688476562,51.46540069580078
202.14439392089844,186.17599487304688,227.97959899902344,52.54199981689453
202.73789978027344,187.36849975585938,228.77560424804688,50.53010177612305
198.43899536132812,184.40390014648438,234.6903076171875,54.592201232910156
203.0137939453125,182.2779998779297,232.6844940185547,62.3656005859375
204.59849548339844,185.27969360351562,231.40609741210938,55.69729995727539
201.0946044921875,187.77369689941406,232.5458984375,56.88290023803711
200.57460021972656,190.64939880371094,232.51409912109375,50.47650146484375
197.33419799804688,189.53799438476562,234.8585968017578,54.566898345947266
200.597900390625,193.49070739746094,228.29409790039062,53.77190017700195
196.3195037841797,188.927001953125,225.85679626464844,61.38359832763672
306.6769104003906,206.57150268554688,119.5197982788086,50.460601806640625
209.89889526367188,180.8809051513672,211.8874053955078,78.7052001953125
195.5128936767578,176.74099731445312,221.1970977783203,82.04049682617188
197.16799926757812,177.75469970703125,216.84469604492188,80.76689910888672
199.1833953857422,177.80209350585938,213.48390197753906,82.1532974243164
201.3090057373047,175.6728973388672,209.68569946289062,86.81159973144531
205.96519470214844,175.71189880371094,207.77369689941406,91.71479797363281
207.9093017578125,174.018798828125,201.47669982910156,95.96499633789062
211.0117950439453,171.6239013671875,196.52940368652344,101.81340026855469
218.15350341796875,170.0832061767578,185.16490173339844,102.0645980834961
222.83050537109375,168.5695037841797,173.70260620117188,103.9760971069336
220.968505859375,169.78089904785156,176.591796875,99.63619995117188
226.06539916992188,172.45289611816406,164.51510620117188,94.11150360107422
218.3843994140625,171.73060607910156,168.5142059326172,88.92859649658203
225.79710388183594,173.13040161132812,152.32730102539062,85.74949645996094
230.78160095214844,174.71949768066406,153.99429321289062,81.84239959716797
236.75540161132812,174.80409240722656,138.76040649414062,78.9666976928711
237.91229248046875,176.0944061279297,135.6663055419922,76.0967025756836
242.74200439453125,175.66209411621094,133.38299560546875,75.81849670410156
246.01759338378906,177.0675048828125,127.37760162353516,76.98190307617188
248.35240173339844,174.88099670410156,127.71160125732422,78.81559753417969
253.28570556640625,174.7570037841797,119.18419647216797,76.64579772949219
256.0400085449219,176.42129516601562,119.65380096435547,73.95429992675781
257.5450134277344,180.1732940673828,98.57369995117188,64.99479675292969
260.3518981933594,183.62579345703125,56.792999267578125,66.22699737548828
264.66400146484375,184.085693359375,60.80979919433594,62.94329833984375
267.4031066894531,185.75039672851562,55.60329818725586,59.06669998168945
270.9786071777344,187.8863983154297,52.76570129394531,60.230098724365234
274.3034973144531,188.32080078125,70.3136978149414,55.47249984741211
276.82720947265625,189.2353973388672,59.13750076293945,58.925201416015625
281.1585998535156,192.12710571289062,55.57310104370117,55.32040023803711
282.5459899902344,192.99420166015625,59.144100189208984,51.728599548339844
282.4254150390625,196.55050659179688,76.31179809570312,52.378299713134766
289.4378967285156,202.0966033935547,79.61109924316406,50.67919921875
290.8275146484375,205.77830505371094,82.65750122070312,50.8838005065918
285.3046875,209.26370239257812,78.40589904785156,52.36130142211914
276.6241149902344,210.6947021484375,89.42829895019531,56.082000732421875
269.0003967285156,211.4116973876953,102.76370239257812,59.6349983215332
269.32989501953125,214.76339721679688,106.58260345458984,53.30329895019531
272.5809020996094,216.06930541992188,110.29049682617188,49.783599853515625
266.10540771484375,217.16600036621094,124.06099700927734,49.95320129394531
264.5057067871094,217.43170166015625,136.06300354003906,49.698699951171875
259.6748962402344,218.14109802246094,142.90359497070312,50.70289993286133
256.8399963378906,216.43710327148438,160.96670532226562,56.48929977416992
250.40609741210938,212.11439514160156,161.75860595703125,62.93130111694336
252.1448974609375,213.3946990966797,171.69419860839844,64.2239990234375
242.1284942626953,209.935302734375,178.1793975830078,69.01080322265625
248.4490966796875,213.37130737304688,179.37579345703125,67.50859832763672
239.6237030029297,218.16529846191406,197.4134063720703,59.42070007324219
246.73350524902344,218.843994140625,177.20880126953125,57.45589828491211
273.12939453125,223.43670654296875,138.00689697265625,49.475101470947266
233.15049743652344,216.4199981689453,176.42539978027344,55.26129913330078
263.7489929199219,219.96780395507812,151.90829467773438,52.695899963378906
211.5299072265625,218.78460693359375,203.77940368652344,52.2328987121582
265.97808837890625,222.3520050048828,148.9517059326172,48.63800048828125
200.21279907226562,216.76010131835938,220.49220275878906,53.65850067138672
216.54969787597656,215.91439819335938,203.3000946044922,54.65330123901367
233.19540405273438,221.11770629882812,191.43699645996094,53.0640983581543
205.13369750976562,216.36199951171875,221.28689575195312,61.07400131225586
242.75070190429688,228.86509704589844,187.9268035888672,52.783199310302734
212.668701171875,215.90609741210938,216.4904022216797,65.37210083007812
270.7898864746094,227.3092041015625,164.27450561523438,63.8744010925293
215.89309692382812,219.11399841308594,220.64999389648438,71.41819763183594
219.83799743652344,222.90640258789062,218.36160278320312,72.44100189208984
220.04969787597656,227.80259704589844,220.7191925048828,70.5000991821289
217.468994140625,225.77149963378906,221.5659942626953,75.65979766845703
221.18600463867188,229.402099609375,221.4635009765625,74.43170166015625
217.68850708007812,229.44129943847656,225.04400634765625,78.58390045166016
222.7335968017578,228.38760375976562,222.58740234375,81.48429870605469
221.7613067626953,228.64700317382812,224.97579956054688,82.35800170898438
220.41810607910156,232.3791961669922,226.5531005859375,78.18219757080078
223.8809051513672,231.24549865722656,220.5946044921875,76.98899841308594
222.69790649414062,230.20700073242188,221.26339721679688,76.42759704589844
223.7812042236328,222.460205078125,220.59120178222656,81.25489807128906
234.039306640625,228.70970153808594,215.25880432128906,72.83309936523438
234.2736053466797,219.35459899902344,210.8730926513672,80.17440032958984
230.4174041748047,222.4304962158203,220.0113067626953,79.98629760742188
232.9196014404297,221.95030212402344,218.67449951171875,76.56520080566406
230.58090209960938,220.835693359375,218.44869995117188,78.67890167236328
235.17919921875,229.66329956054688,213.7021026611328,68.38169860839844
235.77760314941406,221.5886993408203,210.7989044189453,75.32350158691406
229.44590759277344,222.26829528808594,215.71270751953125,74.20110321044922
232.03329467773438,225.25509643554688,214.2760009765625,69.25910186767578
234.4447021484375,227.9700927734375,211.47079467773438,64.39730072021484
232.86509704589844,230.4613037109375,213.6555938720703,62.430999755859375
233.08290100097656,233.10760498046875,213.08099365234375,56.6890983581543
231.918701171875,235.92779541015625,209.70379638671875,53.02669906616211
231.7967987060547,236.7711944580078,211.60479736328125,50.088600158691406
230.93609619140625,236.1313018798828,212.73190307617188,46.022499084472656
233.12100219726562,237.63429260253906,209.029296875,44.397701263427734
229.52659606933594,235.364501953125,212.30560302734375,46.628700256347656
233.35299682617188,233.43479919433594,208.41610717773438,49.12879943847656
233.2259063720703,235.9093017578125,207.52459716796875,47.6531982421875
227.1638946533203,233.52720642089844,217.62530517578125,48.61840057373047
229.85589599609375,233.88059997558594,216.91700744628906,49.34700012207031
229.72250366210938,238.37649536132812,214.3643035888672,44.07379913330078
232.24400329589844,245.89120483398438,212.1114959716797,40.377498626708984
231.07470703125,241.26119995117188,215.46519470214844,45.73849868774414
233.17340087890625,251.1531982421875,215.1708984375,37.43320083618164
232.79750061035156,242.0260009765625,221.2637939453125,45.78310012817383
235.9365997314453,255.7082977294922,211.53469848632812,34.59049987792969
235.7801971435547,240.80059814453125,216.8289031982422,46.83599853515625
237.2667999267578,242.01809692382812,214.30990600585938,46.28300094604492
236.35899353027344,248.59339904785156,214.18820190429688,43.16849899291992
241.8717041015625,241.2095947265625,208.15460205078125,49.39950180053711
245.41639709472656,238.09219360351562,204.78439331054688,55.050201416015625
242.88360595703125,236.10049438476562,203.3258056640625,57.01359939575195
250.37269592285156,234.99530029296875,196.28689575195312,58.57040023803711
249.14320373535156,231.67300415039062,197.2425994873047,61.23820114135742
255.63980102539062,230.55929565429688,186.4832000732422,60.30459976196289
252.2631072998047,227.52049255371094,189.8061981201172,59.052398681640625
247.50289916992188,224.7467041015625,191.74679565429688,57.26570129394531
248.88800048828125,224.45370483398438,188.6472930908203,58.005699157714844
248.6800994873047,221.8686065673828,186.49139404296875,56.84299850463867
244.956298828125,219.2799072265625,185.57000732421875,60.24480056762695
244.50979614257812,216.7624053955078,188.21890258789062,56.65729904174805
249.61000061035156,215.98500061035156,180.09719848632812,62.594398498535156
250.2465057373047,213.29379272460938,157.3791961669922,57.71989822387695
251.1719970703125,217.28140258789062,177.05459594726562,60.69919967651367
252.91580200195312,218.4351043701172,172.60330200195312,56.73970031738281
256.2908020019531,217.11219787597656,170.9398956298828,58.6682014465332
255.03880310058594,215.87669372558594,169.9739990234375,60.68349838256836
249.9207000732422,209.51089477539062,176.8686981201172,63.85089874267578
261.96630859375,213.91749572753906,165.54229736328125,60.79050064086914
263.7597961425781,214.04490661621094,160.74620056152344,59.50849914550781
257.8369140625,210.4185028076172,164.68040466308594,59.1411018371582
265.560791015625,210.97410583496094,159.16830444335938,61.46440124511719
264.8922119140625,206.44189453125,158.57150268554688,66.86650085449219
261.15679931640625,203.96690368652344,161.677001953125,69.793701171875
261.3924865722656,205.90289306640625,160.74659729003906,69.1635971069336
257.522705078125,198.72630310058594,159.18190002441406,76.25450134277344
259.6720886230469,194.87449645996094,156.52569580078125,82.5425033569336
257.4555969238281,194.32919311523438,154.35580444335938,85.80460357666016
255.7017059326172,197.98190307617188,156.9656982421875,86.71170043945312
257.4796142578125,201.8314971923828,149.7487030029297,84.02249908447266
255.40769958496094,204.3549041748047,147.71170043945312,85.38059997558594
250.0590057373047,207.42730712890625,145.91099548339844,83.37049865722656
250.58880615234375,209.8258056640625,140.06930541992188,79.95500183105469
250.70370483398438,207.91549682617188,131.87319946289062,83.69889831542969
250.32940673828125,209.2928009033203,127.57730102539062,83.9541015625
252.66380310058594,208.96470642089844,121.23999786376953,84.01139831542969
253.46839904785156,209.63580322265625,115.27539825439453,83.2052001953125
251.0756072998047,211.74420166015625,110.30750274658203,72.09600067138672
251.92030334472656,211.56500244140625,103.66780090332031,82.0199966430664
246.48980712890625,215.54409790039062,101.80220031738281,65.97899627685547
246.8843994140625,220.94400024414062,57.8588981628418,51.76580047607422
242.93890380859375,225.23989868164062,50.0432014465332,49.65340042114258
240.28599548339844,229.50799560546875,53.831600189208984,50.50490188598633
237.65609741210938,234.7716064453125,51.46500015258789,50.65380096435547
238.40379333496094,239.36570739746094,50.44089889526367,51.27750015258789
233.4456024169922,245.12840270996094,56.27429962158203,50.01459884643555
230.84230041503906,249.9340057373047,54.44620132446289,52.709999084472656
227.4542999267578,255.93380737304688,70.8281021118164,55.18709945678711
228.2487030029297,265.75408935546875,57.040000915527344,54.371700286865234
232.85440063476562,272.6510925292969,54.19900131225586,56.37310028076172
238.46339416503906,279.6961975097656,51.96440124511719,52.845401763916016
241.59629821777344,239.64869689941406,73.93409729003906,93.70210266113281
246.58120727539062,236.58399963378906,75.47769927978516,95.4352035522461
252.93130493164062,233.48570251464844,64.39340209960938,99.65550231933594
257.468994140625,229.86380004882812,60.30339813232422,104.77639770507812
260.11480712890625,225.898193359375,66.72209930419922,110.25659942626953
265.3935852050781,219.0417022705078,68.15390014648438,118.22709655761719
266.7914123535156,209.5594940185547,74.11820220947266,126.05339813232422
267.0533142089844,212.7082061767578,79.72959899902344,121.57279968261719
265.0430908203125,204.72569274902344,90.22109985351562,128.1824951171875
267.62640380859375,213.3740997314453,92.06849670410156,115.02179718017578
268.7947998046875,199.17239379882812,96.12419891357422,126.78089904785156
269.29180908203125,198.1636962890625,101.42160034179688,122.7583999633789
268.6908874511719,201.23300170898438,106.86599731445312,117.3145980834961
261.9767150878906,192.79510498046875,120.92019653320312,121.3124008178711
261.444091796875,189.6083984375,124.08439636230469,119.53579711914062
258.3918151855469,191.7274932861328,130.2595977783203,114.28350067138672
256.8952941894531,187.093505859375,135.84640502929688,115.54840087890625
255.31590270996094,182.39089965820312,137.5941925048828,116.46369934082031
255.76190185546875,184.41700744628906,138.5989990234375,109.95169830322266
255.8612060546875,185.19439697265625,142.47059631347656,105.87200164794922
256.41680908203125,186.07269287109375,141.4324951171875,102.61000061035156
253.23880004882812,185.38180541992188,145.2740020751953,102.7603988647461
250.3553009033203,183.81239318847656,147.60400390625,107.38130187988281
251.68589782714844,183.4593963623047,145.63330078125,109.27580261230469
252.1365966796875,181.84120178222656,146.21470642089844,112.16000366210938
249.31689453125,184.3657989501953,149.4001007080078,111.2219009399414
247.10189819335938,181.0186004638672,156.02560424804688,117.11810302734375
249.80349731445312,184.22889709472656,150.39639282226562,113.69029998779297
251.93519592285156,183.1605987548828,147.4456024169922,118.793701171875
248.87530517578125,179.1741943359375,146.118896484375,128.97610473632812
247.09080505371094,175.13119506835938,148.9302978515625,143.01499938964844
238.17100524902344,171.20269775390625,159.78599548339844,154.07730102539062
238.79339599609375,188.970703125,163.74180603027344,140.9207000732422
240.40109252929688,187.39219665527344,162.6591033935547,145.35879516601562
236.2344970703125,193.18069458007812,168.7667999267578,140.12510681152344
235.41619873046875,197.59100341796875,163.56869506835938,137.86659240722656
230.7230987548828,196.87750244140625,169.201904296875,142.13839721679688
228.26319885253906,204.24000549316406,169.15460205078125,138.99029541015625
230.672607421875,206.0919952392578,167.17930603027344,141.345703125
232.74949645996094,210.0673065185547,164.05470275878906,141.3737030029297
233.88619995117188,211.68670654296875,166.4261932373047,141.5260009765625
237.10470581054688,212.4965057373047,157.77430725097656,141.1136932373047
235.53660583496094,211.19239807128906,158.04029846191406,144.597900390625
241.81649780273438,217.43519592285156,155.2404022216797,138.48399353027344
237.28480529785156,217.84410095214844,160.664794921875,138.7541961669922
240.00830078125,220.12750244140625,156.4904022216797,137.5030975341797
236.6829071044922,224.0614013671875,160.77029418945312,133.77200317382812
239.6300048828125,223.21170043945312,157.48899841308594,133.96270751953125
238.44500732421875,223.2572021484375,154.56080627441406,133.7967987060547
232.69859313964844,222.48739624023438,144.4290008544922,128.10499572753906
226.60800170898438,221.29910278320312,161.45770263671875,138.0601043701172
209.70919799804688,217.9770965576172,157.8616943359375,136.5709991455078
229.82330322265625,221.3513946533203,155.40159606933594,137.94110107421875
221.5543975830078,220.2010040283203,163.57220458984375,136.90139770507812
225.1396942138672,225.29510498046875,169.41099548339844,130.5615997314453
224.60299682617188,220.92379760742188,158.64500427246094,138.60440063476562
223.7886962890625,230.03370666503906,176.27980041503906,127.57009887695312
223.83079528808594,227.28489685058594,179.468994140625,131.03460693359375
224.92889404296875,226.9613037109375,184.29820251464844,131.3155059814453
224.9053955078125,229.81300354003906,191.21609497070312,129.5623016357422
226.50869750976562,233.0933074951172,187.29620361328125,123.69670104980469
226.01609802246094,228.72650146484375,187.8560028076172,131.27349853515625
230.61419677734375,226.14990234375,186.0675048828125,131.76980590820312
230.40769958496094,225.1490936279297,174.87359619140625,134.8509063720703
232.24339294433594,218.529296875,179.76229858398438,140.8112030029297
235.14889526367188,223.46890258789062,179.19009399414062,136.53109741210938
233.08099365234375,221.45179748535156,184.52450561523438,138.54820251464844
237.9779052734375,221.84950256347656,188.1510009765625,138.15049743652344
245.7501983642578,232.58639526367188,175.63600158691406,127.4135971069336
246.55419921875,225.9250030517578,178.88369750976562,132.74789428710938
252.5749969482422,235.86309814453125,171.08619689941406,124.13690185546875
248.75469970703125,221.65249633789062,170.14869689941406,137.8148956298828
243.73460388183594,222.6383056640625,182.07969665527344,137.3616943359375
243.78509521484375,221.83909606933594,185.50689697265625,138.16090393066406
241.00799560546875,224.16650390625,159.33949279785156,134.47549438476562
242.4799041748047,227.78799438476562,158.5366973876953,131.79710388183594
240.50909423828125,219.3354034423828,148.2241973876953,140.6645965576172
250.5343017578125,221.86770629882812,128.15139770507812,137.39869689941406
236.8153076171875,208.8258056640625,130.1186981201172,148.881103515625
254.7147979736328,216.80580139160156,113.3499984741211,140.80490112304688
237.30470275878906,206.94920349121094,125.34239959716797,151.0894012451172
252.3970947265625,214.49440002441406,99.91539764404297,142.90179443359375
255.88299560546875,217.30459594726562,95.84529876708984,140.94760131835938
247.39300537109375,212.2823944091797,100.66480255126953,146.01820373535156
255.3354949951172,216.673095703125,90.00180053710938,141.904296875
245.22760009765625,210.2073974609375,95.61959838867188,147.94020080566406
253.96560668945312,213.5612030029297,82.839599609375,144.9893035888672
246.5574951171875,210.92970275878906,87.65460205078125,146.7541046142578
250.89340209960938,208.60450744628906,80.61840057373047,151.39549255371094
243.5980987548828,205.30709838867188,87.10910034179688,153.0299072265625
241.14979553222656,204.15249633789062,88.80110168457031,155.43150329589844
242.20919799804688,201.22390747070312,84.37039947509766,158.77609252929688
243.75180053710938,200.9210968017578,82.5947036743164,158.1945037841797
243.74490356445312,199.08290100097656,78.92459869384766,159.1405029296875
244.21620178222656,190.89610290527344,79.10659790039062,166.26510620117188
242.9951934814453,188.69810485839844,78.29779815673828,167.55479431152344
244.4427032470703,187.73849487304688,77.53289794921875,169.6634979248047
243.93789672851562,181.752197265625,78.60579681396484,175.30299377441406
244.368896484375,180.6262969970703,75.43080139160156,176.62399291992188
244.70370483398438,173.97850036621094,73.12470245361328,181.80360412597656
243.88450622558594,176.54209899902344,71.20500183105469,178.8719940185547
244.8675994873047,172.8997039794922,72.26300048828125,182.17529296875
243.31809997558594,172.75180053710938,74.88690185546875,182.9427032470703
242.29400634765625,164.04710388183594,74.15010070800781,188.70509338378906
242.0471954345703,165.02679443359375,78.7511978149414,189.78289794921875
243.57640075683594,164.36070251464844,83.58879852294922,188.14340209960938
243.34829711914062,162.13690185546875,83.14669799804688,183.0272979736328
242.10040283203125,160.0854949951172,80.41000366210938,164.2978973388672
248.6273956298828,157.56320190429688,71.90650177001953,193.8990020751953
246.00680541992188,161.26780700683594,73.67169952392578,185.9633026123047
245.5565948486328,161.84010314941406,72.51809692382812,182.95370483398438
245.33299255371094,159.97039794921875,72.47889709472656,193.80560302734375
243.45779418945312,158.92349243164062,76.00450134277344,184.89759826660156
241.18690490722656,155.18910217285156,77.37870025634766,192.61180114746094
239.25230407714844,153.15980529785156,80.3634033203125,185.32350158691406
239.65890502929688,154.40269470214844,78.43080139160156,186.6177978515625
239.70809936523438,152.91409301757812,76.35900115966797,186.02789306640625
240.43020629882812,147.95150756835938,75.4303970336914,187.9882049560547
239.64149475097656,148.89500427246094,78.37840270996094,186.1029052734375
241.51759338378906,143.6291046142578,77.0103988647461,187.86160278320312
241.2277069091797,142.0653076171875,80.33589935302734,188.51400756835938
241.45230102539062,137.10870361328125,80.1511001586914,189.41310119628906
240.26080322265625,135.014892578125,84.00469970703125,190.70779418945312
241.87600708007812,135.28919982910156,82.7113037109375,185.1885986328125
240.1284942626953,131.31719970703125,87.135498046875,190.72610473632812
242.25540161132812,73.91310119628906,84.16300201416016,247.23500061035156
252.606201171875,132.58729553222656,76.13890075683594,191.9635009765625
254.52200317382812,130.06309509277344,70.68409729003906,187.0054931640625
257.2807922363281,129.86920166015625,68.69259643554688,189.7700958251953
262.7359924316406,127.92520141601562,55.082801818847656,182.1322021484375
264.9833068847656,118.06800079345703,58.168701171875,204.6490020751953
262.6867980957031,126.14730072021484,55.40140151977539,188.13580322265625
265.0628967285156,101.61820220947266,57.1411018371582,216.86570739746094
263.1409912109375,130.67340087890625,59.4463996887207,186.79080200195312
259.8656921386719,101.48770141601562,60.563899993896484,208.26620483398438
264.1867980957031,120.75420379638672,58.85599899291992,184.61830139160156
261.76910400390625,123.91889953613281,62.27149963378906,191.12660217285156
259.15960693359375,122.3667984008789,60.55039978027344,186.30209350585938
259.1321105957031,122.8156967163086,61.168701171875,185.01400756835938
258.3182067871094,120.85759735107422,58.2318000793457,187.35060119628906
260.3570861816406,128.8632049560547,60.391998291015625,175.29330444335938
259.7423095703125,122.78949737548828,57.28229904174805,183.82009887695312
258.7676086425781,125.12960052490234,66.43679809570312,179.8199005126953
255.68519592285156,118.23400115966797,64.06520080566406,186.0321044921875
256.63720703125,124.72329711914062,64.125,173.160400390625
256.435302734375,122.61740112304688,64.21890258789062,175.48399353027344
257.0024108886719,124.96610260009766,67.61930084228516,172.09750366210938
253.71560668945312,120.6321029663086,73.34490203857422,178.77850341796875
256.13531494140625,121.01080322265625,72.44290161132812,176.24070739746094
257.077392578125,119.14250183105469,69.23500061035156,176.7136993408203
255.97540283203125,118.17140197753906,73.5969009399414,175.8114013671875
257.80419921875,117.40299987792969,72.81340026855469,177.56590270996094
255.34080505371094,114.5780029296875,75.57029724121094,178.04690551757812
256.9762878417969,94.32099914550781,76.07530212402344,199.15139770507812
254.6226043701172,118.42389678955078,77.93450164794922,168.91990661621094
258.70660400390625,110.2615966796875,71.88919830322266,176.49009704589844
258.372314453125,99.8395004272461,73.61759948730469,186.81689453125
259.5635070800781,84.94000244140625,72.39910125732422,196.10629272460938
257.151611328125,113.54440307617188,71.53160095214844,162.70550537109375
257.423095703125,101.65660095214844,71.7594985961914,174.83700561523438
257.0263977050781,61.85300064086914,72.2134017944336,211.72830200195312
259.4281005859375,68.93009948730469,67.56549835205078,203.427001953125
258.21728515625,97.03500366210938,68.50199890136719,176.73980712890625
259.360595703125,93.52999877929688,63.21480178833008,181.16400146484375
260.4018859863281,92.05599975585938,59.44670104980469,178.17970275878906
259.327392578125,92.03350067138672,56.031898498535156,156.07470703125
257.90838623046875,88.30549621582031,58.75600051879883,175.2906036376953
254.19349670410156,60.85169982910156,65.21700286865234,210.64779663085938
256.656494140625,104.12319946289062,60.70909881591797,164.11390686035156
258.902587890625,103.19719696044922,56.61909866333008,159.92669677734375
260.1763000488281,91.90789794921875,53.79280090332031,170.1273956298828
258.79669189453125,68.29340362548828,57.40829849243164,196.98899841308594
255.68260192871094,73.57379913330078,59.10770034790039,191.72250366210938
257.447998046875,55.60490036010742,57.9818000793457,200.6479949951172
258.1404113769531,65.6072006225586,53.71160125732422,192.42190551757812
256.57830810546875,52.53030014038086,59.51210021972656,204.21580505371094
253.66969299316406,64.814697265625,59.71440124511719,195.6230010986328
252.21209716796875,54.29079818725586,60.54710006713867,206.74029541015625
252.1186981201172,52.984798431396484,62.0796012878418,206.28370666503906
247.4611053466797,86.46040344238281,59.38819885253906,171.11239624023438
245.89930725097656,86.00650024414062,59.09320068359375,172.82330322265625
239.04849243164062,80.76270294189453,65.99320220947266,175.7664031982422
234.07510375976562,79.64910125732422,72.64679718017578,177.80679321289062
226.6313018798828,74.77040100097656,81.64610290527344,183.4167938232422
223.08590698242188,74.04149627685547,84.13140106201172,182.4095001220703
214.14549255371094,72.26439666748047,94.931396484375,181.94769287109375
207.33790588378906,67.49649810791016,100.48770141601562,186.34449768066406
204.9075927734375,66.26229858398438,101.4905014038086,184.20089721679688
203.4188995361328,62.54999923706055,97.94319915771484,187.35549926757812
203.69830322265625,58.481300354003906,95.03559875488281,190.73150634765625
203.53729248046875,54.39910125732422,93.74500274658203,194.6741943359375
207.79559326171875,49.196998596191406,90.08910369873047,199.96890258789062
213.02650451660156,48.06420135498047,82.1968994140625,196.68890380859375
220.0522003173828,43.76839828491211,81.76329803466797,201.2342071533203
224.3419952392578,43.83169937133789,68.50579833984375,201.3778076171875
230.75970458984375,44.65760040283203,59.57780075073242,199.0167999267578
233.41099548339844,41.39350128173828,58.84560012817383,197.96429443359375
229.27810668945312,40.93080139160156,66.97850036621094,196.69320678710938
226.87710571289062,42.35430145263672,74.60880279541016,196.66329956054688
221.73260498046875,41.18769836425781,87.11669921875,199.106201171875
215.35009765625,41.95640182495117,98.45159912109375,197.44520568847656
209.20449829101562,45.698299407958984,109.44390106201172,194.06700134277344
206.84120178222656,46.961299896240234,120.8313980102539,188.26300048828125
201.96090698242188,52.53239822387695,131.99200439453125,181.3031005859375
198.222900390625,47.80110168457031,145.4326934814453,184.83340454101562
195.960693359375,49.677398681640625,150.152099609375,181.61349487304688
193.58419799804688,51.88869857788086,160.64100646972656,174.30079650878906
193.0092010498047,53.266300201416016,184.8798065185547,172.4084930419922
191.2465057373047,55.97650146484375,191.7471923828125,166.8231964111328
190.16529846191406,64.82730102539062,190.1875,155.18850708007812
187.7346954345703,66.6718978881836,197.52589416503906,151.7884063720703
187.17849731445312,70.66419982910156,200.21539306640625,143.68829345703125
190.19610595703125,75.41690063476562,208.95689392089844,134.94309997558594
188.43280029296875,80.09729766845703,215.80850219726562,128.51280212402344
187.79660034179688,86.01950073242188,217.8721923828125,122.160400390625
187.35690307617188,88.43280029296875,223.102294921875,114.32119750976562
192.4508056640625,97.33180236816406,214.4281005859375,101.31210327148438
190.84320068359375,105.04419708251953,227.95249938964844,88.3145980834961
190.15249633789062,114.30590057373047,219.95260620117188,78.52330017089844
191.71530151367188,123.31919860839844,224.31900024414062,68.4468994140625
189.95640563964844,132.26539611816406,222.10569763183594,62.80870056152344
190.13400268554688,139.70700073242188,219.31080627441406,55.90629959106445
192.57139587402344,147.5074005126953,219.16360473632812,47.42100143432617
190.7344970703125,152.18910217285156,223.02969360351562,44.2765998840332
187.44960021972656,153.13079833984375,250.50120544433594,48.69449996948242
191.53250122070312,150.64309692382812,240.35679626464844,60.670101165771484
189.62989807128906,147.1741943359375,247.0948028564453,66.44000244140625
199.9987030029297,144.67579650878906,234.40589904785156,72.3656997680664
201.17320251464844,146.03750610351562,237.9178009033203,74.89910125732422
199.9011993408203,146.18910217285156,229.11439514160156,80.42659759521484
201.10890197753906,142.43060302734375,227.1685028076172,85.24189758300781
199.43649291992188,139.02789306640625,246.82069396972656,94.25240325927734
204.16270446777344,137.59950256347656,233.15179443359375,99.74310302734375
197.04820251464844,135.46270751953125,238.81590270996094,110.32340240478516
216.94129943847656,130.2032012939453,220.64089965820312,121.78900146484375
208.34579467773438,134.63009643554688,223.81480407714844,124.08200073242188
218.88299560546875,125.72119903564453,206.84390258789062,141.06979370117188
218.85519409179688,123.8416976928711,210.01339721679688,143.55230712890625
217.39210510253906,128.15879821777344,199.17799377441406,146.22239685058594
219.93190002441406,123.49310302734375,185.1551971435547,155.14230346679688
218.24899291992188,123.87129974365234,180.64930725097656,161.8979034423828
222.7368927001953,118.29530334472656,168.62330627441406,170.39810180664062
216.68150329589844,112.84829711914062,170.5402069091797,185.63169860839844
219.82440185546875,112.70320129394531,163.80880737304688,187.20230102539062
227.71910095214844,111.26219940185547,149.36380004882812,193.78880310058594
235.85299682617188,114.36019897460938,134.35519409179688,192.8325958251953
234.960205078125,113.30950164794922,124.685302734375,198.4980926513672
237.22940063476562,109.93319702148438,115.6417007446289,205.3260040283203
243.37269592285156,118.82520294189453,95.57859802246094,196.73060607910156
242.93679809570312,115.87670135498047,91.48889923095703,199.99989318847656
248.14340209960938,111.92489624023438,82.35160064697266,200.08419799804688
253.85479736328125,119.97920227050781,72.23429870605469,196.18089294433594
250.3155975341797,121.318603515625,76.49079895019531,192.243896484375
245.62840270996094,122.87570190429688,79.82830047607422,189.43589782714844
243.69900512695312,120.74810028076172,82.84729766845703,186.9882049560547
239.7760009765625,115.97949981689453,89.67350006103516,188.19650268554688
239.07899475097656,64.1239013671875,90.50299835205078,234.710205078125
234.21299743652344,62.035099029541016,101.92780303955078,229.81820678710938
231.42820739746094,119.37979888916016,108.68340301513672,173.04159545898438
231.7635955810547,62.35139846801758,106.93830108642578,229.17520141601562
229.87869262695312,103.793701171875,117.74099731445312,176.09190368652344
229.6627960205078,113.01809692382812,128.00289916992188,163.85049438476562
227.63780212402344,119.6498031616211,134.85350036621094,152.80929565429688
225.19430541992188,119.75869750976562,140.0491943359375,145.85400390625
227.62060546875,122.32510375976562,135.0789031982422,140.6219024658203
225.41250610351562,143.33180236816406,139.73440551757812,121.17900085449219
224.7357940673828,142.87899780273438,138.1710968017578,112.07499694824219
226.28529357910156,148.53579711914062,143.94259643554688,112.74690246582031
226.34530639648438,157.73129272460938,141.0305938720703,96.20230102539062
213.96099853515625,160.18820190429688,156.04879760742188,100.15660095214844
215.9293975830078,163.69679260253906,162.331298828125,91.30390167236328
217.2042999267578,166.88169860839844,166.7570037841797,85.27839660644531
206.47900390625,168.318603515625,174.21800231933594,85.0687026977539
204.39559936523438,169.36109924316406,180.19769287109375,75.81439971923828
207.20530700683594,169.64639282226562,179.82919311523438,75.25489807128906
203.68829345703125,167.70199584960938,184.80819702148438,77.19840240478516
202.9010009765625,165.32049560546875,187.86489868164062,75.0791015625
203.86669921875,164.27920532226562,186.45559692382812,73.39459991455078
205.44309997558594,164.80189514160156,184.539306640625,72.752197265625
203.527099609375,167.59840393066406,186.00540161132812,69.74250030517578
202.5428009033203,168.4783935546875,188.88729858398438,64.66619873046875
208.7303924560547,172.9427947998047,179.5334930419922,55.31880187988281
204.722900390625,177.2113037109375,182.71170043945312,51.08150100708008
205.80160522460938,184.98880004882812,179.40939331054688,44.22719955444336
207.98150634765625,185.51280212402344,184.4824981689453,44.30350112915039
208.7969970703125,181.94900512695312,185.75979614257812,50.85260009765625
209.49600219726562,181.122802734375,187.7156982421875,50.95690155029297
210.13180541992188,177.968994140625,187.59469604492188,54.24509811401367
215.20419311523438,176.41209411621094,183.19590759277344,58.065101623535156
211.70599365234375,172.9980010986328,185.70339965820312,61.11479949951172
212.5050048828125,172.1566925048828,189.1262969970703,68.50050354003906
214.59629821777344,173.08189392089844,190.71189880371094,73.1521987915039
217.76600646972656,170.610595703125,185.95489501953125,78.17389678955078
220.268798828125,169.360595703125,184.49530029296875,85.14420318603516
213.33749389648438,167.78469848632812,188.1009979248047,90.41739654541016
225.86849975585938,167.22659301757812,174.47669982910156,94.63289642333984
227.32569885253906,164.83740234375,172.1197052001953,100.4135971069336
230.2729949951172,166.8804931640625,167.718505859375,100.09870147705078
230.37620544433594,166.43409729003906,170.2449951171875,103.45919799804688
231.12010192871094,161.8065948486328,171.654296875,110.08670043945312
235.85910034179688,163.98980712890625,166.6208953857422,107.56580352783203
236.9622039794922,165.38580322265625,164.61740112304688,106.4729995727539
239.99440002441406,160.57020568847656,165.05149841308594,111.71720123291016
243.0926055908203,158.79409790039062,157.56069946289062,111.68479919433594
242.36709594726562,159.0157012939453,166.16380310058594,113.08059692382812
244.11349487304688,154.84170532226562,163.92990112304688,117.33499908447266
247.29710388183594,156.18490600585938,164.33740234375,118.25559997558594
243.83700561523438,153.18679809570312,165.9987030029297,122.01460266113281
246.3282012939453,151.98609924316406,166.11050415039062,125.28299713134766
246.96090698242188,151.28990173339844,168.02670288085938,125.69580078125
244.66990661621094,152.57769775390625,174.34109497070312,125.10749816894531
247.85000610351562,153.72520446777344,155.37120056152344,116.91120147705078
245.97779846191406,147.51730346679688,169.0876007080078,130.54449462890625
246.57879638671875,145.12620544433594,151.02099609375,122.63240051269531
245.7248992919922,146.23080444335938,162.07090759277344,133.29710388183594
248.44740295410156,145.95730590820312,166.69180297851562,139.07040405273438
253.6739959716797,150.14529418945312,139.9611053466797,121.84719848632812
252.760498046875,138.97039794921875,153.2154998779297,147.193603515625
253.12289428710938,143.75340270996094,148.31680297851562,152.54649353027344
255.97439575195312,138.63949584960938,142.8603973388672,165.21139526367188
258.78271484375,135.6804962158203,131.82960510253906,171.11390686035156
268.5177917480469,136.45489501953125,120.62529754638672,174.13870239257812
266.0343017578125,136.7467041015625,125.31890106201172,187.75559997558594
267.8699951171875,135.8032989501953,120.93219757080078,189.1529998779297
261.8924865722656,135.23570251464844,128.2136993408203,196.83749389648438
273.76568603515625,141.05799865722656,111.27330017089844,190.935302734375
277.71978759765625,146.0666961669922,111.26609802246094,192.17129516601562
268.5304870605469,144.07350158691406,118.07710266113281,197.6488037109375
258.3190002441406,145.09280395507812,122.7969970703125,196.55819702148438
259.15301513671875,147.5312042236328,124.2134017944336,197.97520446777344
259.6883850097656,144.3677978515625,123.69300079345703,201.71910095214844
265.92138671875,155.2386016845703,119.2177963256836,195.3948974609375
261.30609130859375,158.3000030517578,124.7571029663086,192.18580627441406
258.8829040527344,164.07650756835938,129.55889892578125,190.76370239257812
258.6086120605469,167.14480590820312,128.91529846191406,180.5164031982422
250.60910034179688,172.17739868164062,138.0919952392578,171.5084991455078
248.639892578125,176.0428009033203,146.64590454101562,177.90879821777344
245.65310668945312,185.552001953125,152.7581024169922,166.99899291992188
234.82150268554688,192.99310302734375,168.93299865722656,160.57420349121094
235.63389587402344,202.7429962158203,173.4810028076172,151.62269592285156
233.49290466308594,211.11849975585938,185.79010009765625,147.06640625
228.9282989501953,222.46409606933594,192.78419494628906,132.91940307617188
224.27630615234375,228.75929260253906,201.0218048095703,127.7354965209961
228.66940307617188,239.38560485839844,199.29150390625,112.22589874267578
230.12879943847656,238.90780639648438,202.96749877929688,107.15660095214844
224.6533966064453,245.2115020751953,212.91009521484375,100.60919952392578
226.50509643554688,249.61639404296875,215.5626983642578,90.2759017944336
228.7165069580078,251.96629333496094,215.18350219726562,84.81120300292969
223.71359252929688,257.7742004394531,219.8365936279297,75.24530029296875
228.1024932861328,260.106689453125,214.61509704589844,65.23989868164062
226.63040161132812,255.69679260253906,220.56410217285156,67.38200378417969
227.55889892578125,254.2425994873047,221.097900390625,68.56420135498047
226.74099731445312,250.0238037109375,225.20899963378906,76.44999694824219
222.5319061279297,244.306396484375,234.86700439453125,84.1312026977539
239.6553955078125,239.21029663085938,216.39599609375,91.9760971069336
236.29649353027344,232.66290283203125,217.34519958496094,106.8905029296875
250.58309936523438,224.3448944091797,200.99119567871094,118.47480010986328
257.2431945800781,215.3549041748047,195.1123046875,129.375
257.7049865722656,218.50180053710938,188.1728973388672,132.46009826660156
261.3638916015625,212.84710693359375,184.24319458007812,132.3582000732422
258.9881896972656,212.25909423828125,182.14410400390625,132.5424041748047
254.389892578125,216.364501953125,182.720703125,128.3531951904297
247.37489318847656,227.96139526367188,191.91180419921875,115.62069702148438
246.89529418945312,244.2657012939453,188.6461944580078,79.69779968261719
235.86529541015625,262.10101318359375,197.16580200195312,59.219600677490234
232.6147003173828,269.99530029296875,199.97549438476562,68.30159759521484
228.14739990234375,264.7135009765625,198.2637939453125,91.29889678955078
233.06820678710938,257.5646057128906,187.00180053710938,101.09459686279297
228.6190948486328,259.05560302734375,184.51170349121094,99.65460205078125
230.8155975341797,259.9244079589844,182.6365966796875,98.93460083007812
227.22320556640625,260.4862060546875,181.08290100097656,98.36859893798828
225.5915985107422,259.9512939453125,142.17579650878906,98.96080017089844
218.32949829101562,265.73638916015625,140.77490234375,91.41519927978516
218.981201171875,270.1200866699219,108.81620025634766,87.49109649658203
217.08270263671875,269.0054931640625,101.97010040283203,89.39420318603516
209.90829467773438,276.0221862792969,96.99829864501953,81.18930053710938
214.0780029296875,285.49810791015625,76.79049682617188,72.9540023803711
214.6916046142578,290.6355895996094,57.90620040893555,66.10790252685547
209.5240936279297,296.14739990234375,56.05039978027344,60.80379867553711
209.585693359375,306.8341979980469,45.8849983215332,49.534698486328125
207.71339416503906,311.2461853027344,45.064998626708984,47.19860076904297
208.0970001220703,316.7506103515625,35.93619918823242,41.48360061645508
205.30670166015625,314.0721130371094,36.516300201416016,43.414798736572266
186.48109436035156,263.3205871582031,34.28390121459961,45.32740020751953
187.20899963378906,264.5419921875,37.78839874267578,45.90530014038086
211.24319458007812,311.14630126953125,37.189701080322266,46.99570083618164
190.37249755859375,313.343994140625,62.32569885253906,46.65599822998047
208.9595947265625,304.21929931640625,51.08570098876953,51.58980178833008
213.997802734375,297.45660400390625,67.18119812011719,60.384498596191406
215.63009643554688,284.0472106933594,92.21949768066406,73.68569946289062
213.04690551757812,266.63018798828125,141.36940002441406,92.61969757080078
214.61920166015625,239.38369750976562,217.15640258789062,118.90560150146484
232.82029724121094,216.0959014892578,217.12289428710938,71.552001953125
225.78359985351562,152.8052978515625,233.3188018798828,80.072998046875
234.07240295410156,58.6515007019043,206.29080200195312,153.66000366210938
242.03880310058594,0.0,166.7165069580078,191.40330505371094
266.28900146484375,0.0,93.60590362548828,170.33090209960938
277.9455871582031,0.0,54.6150016784668,134.3782958984375
262.1453857421875,0.04989999905228615,99.32440185546875,117.99220275878906
240.78819274902344,0.08869999647140503,140.0803985595703,101.8478012084961
186.2209014892578,0.0,201.37339782714844,75.5602035522461
163.94549560546875,1.4875999689102173,224.9987030029297,54.817501068115234
153.96949768066406,2.3949999809265137,231.43080139160156,91.87000274658203
155.82260131835938,2.40120005607605,222.4333953857422,138.6562042236328
175.59249877929688,8.798600196838379,173.42860412597656,200.72259521484375
189.85169982910156,43.97650146484375,120.92939758300781,202.7469940185547
195.4644012451172,94.36869812011719,84.20829772949219,210.2183074951172
209.99960327148438,130.11199951171875,75.37940216064453,221.81350708007812
205.66409301757812,176.4676971435547,81.50150299072266,181.79629516601562
209.7781982421875,199.7322998046875,83.84100341796875,156.38150024414062
225.1396942138672,217.32569885253906,70.9833984375,139.3527069091797
239.9752960205078,223.6488037109375,56.23500061035156,132.1291046142578
244.32400512695312,239.2310028076172,54.19499969482422,117.01830291748047
250.90939331054688,243.14959716796875,56.628501892089844,113.2677001953125
254.91189575195312,247.78909301757812,50.58449935913086,108.98090362548828
256.72760009765625,249.035400390625,54.33449935913086,106.40899658203125
260.0791015625,245.5303955078125,60.208099365234375,111.06620025634766
263.65618896484375,236.97259521484375,62.6953010559082,119.7594985961914
266.0080871582031,228.70550537109375,61.78269958496094,129.5825958251953
270.5960998535156,220.9405975341797,62.558799743652344,136.7707061767578
271.59368896484375,224.1999053955078,58.98139953613281,132.91799926757812
268.9455871582031,219.17930603027344,66.0167007446289,136.88510131835938
264.67669677734375,218.0561065673828,70.53710174560547,138.55859375
259.60040283203125,217.06849670410156,84.8927993774414,140.9488983154297
257.5542907714844,217.00990295410156,92.27539825439453,139.38380432128906
253.00950622558594,217.7259979248047,99.72730255126953,138.093994140625
246.7158966064453,213.73440551757812,124.36250305175781,142.45179748535156
264.7995910644531,214.26739501953125,107.85769653320312,138.6927032470703
265.9617004394531,204.42059326171875,107.04730224609375,150.26739501953125
281.5845947265625,198.99330139160156,89.00039672851562,154.85040283203125
281.6773986816406,193.11749267578125,85.86170196533203,161.9178009033203
292.03350830078125,183.63510131835938,67.14710235595703,171.90220642089844
301.523193359375,179.0236053466797,54.180599212646484,165.85189819335938
298.6062927246094,176.5384979248047,53.68040084838867,161.62469482421875
302.6184997558594,171.43820190429688,47.027801513671875,158.0225067138672
299.2052001953125,168.5904998779297,49.257598876953125,159.11749267578125
