1
191.3450927734375,179.04379272460938,86.0322036743164,102.67379760742188
192.31089782714844,178.997802734375,84.529296875,100.8218994140625
191.72039794921875,181.53619384765625,85.38670349121094,98.86689758300781
192.0865020751953,178.21710205078125,89.82689666748047,98.9031982421875
191.9044952392578,179.39089965820312,86.97370147705078,97.65660095214844
192.80369567871094,181.50059509277344,89.86430358886719,94.18080139160156
191.341796875,179.86199951171875,81.52079772949219,93.04920196533203
193.6186981201172,179.4210968017578,84.24960327148438,93.33100128173828
194.72760009765625,180.94740295410156,85.37590026855469,90.00489807128906
193.97189331054688,180.86489868164062,86.03810119628906,91.87129974365234
192.84649658203125,181.10789489746094,90.76709747314453,89.41220092773438
193.77769470214844,181.3292999267578,87.3147964477539,88.70050048828125
195.6717987060547,180.2012939453125,86.64219665527344,89.85549926757812
197.127197265625,180.58580017089844,83.697998046875,86.93219757080078
198.55349731445312,180.48199462890625,78.36759948730469,86.63999938964844
199.2816925048828,176.21780395507812,82.04650115966797,89.97460174560547
200.10940551757812,181.61219787597656,76.28340148925781,83.82689666748047
202.44140625,178.60800170898438,103.35820007324219,85.83580017089844
202.43460083007812,183.0312042236328,101.24410247802734,82.681396484375
203.94419860839844,183.1260986328125,86.93949890136719,81.93250274658203
204.9248046875,182.32470703125,75.7686996459961,82.19999694824219
205.41329956054688,182.02020263671875,90.5208969116211,80.75779724121094
205.28269958496094,182.79690551757812,82.01170349121094,79.52880096435547
207.2593994140625,180.59959411621094,71.3822021484375,81.0885009765625
208.90829467773438,180.6721954345703,110.10260009765625,78.90450286865234
209.80690002441406,179.71800231933594,68.83769989013672,80.54959869384766
210.00669860839844,180.3491973876953,110.9385986328125,78.7426986694336
212.08140563964844,178.78610229492188,72.70760345458984,80.66419982910156
211.41600036621094,181.77549743652344,112.62200164794922,76.6438980102539
211.98399353027344,179.41200256347656,104.10379791259766,80.35299682617188
215.4091033935547,179.56680297851562,113.06759643554688,78.66560363769531
217.57679748535156,179.80470275878906,110.48059844970703,78.15299987792969
218.6750030517578,179.6302032470703,110.9011001586914,78.0968017578125
220.11849975585938,178.2332000732422,110.85590362548828,79.52359771728516
221.65469360351562,178.69610595703125,111.67890167236328,78.64340209960938
223.71530151367188,178.61849975585938,111.32019805908203,77.6093978881836
224.33169555664062,178.8834991455078,113.1063003540039,77.3302001953125
226.439697265625,178.7346954345703,112.79049682617188,76.8373031616211
228.20790100097656,179.31869506835938,112.60859680175781,75.21959686279297
228.54150390625,179.02670288085938,113.97879791259766,75.9384994506836
230.7873992919922,179.40570068359375,113.24810028076172,74.86109924316406
231.96640014648438,180.64100646972656,113.435302734375,74.08999633789062
234.60760498046875,179.62159729003906,113.57350158691406,73.63059997558594
235.63079833984375,178.40040588378906,114.05809783935547,74.99169921875
236.84710693359375,178.9481964111328,112.75689697265625,72.97740173339844
239.24330139160156,179.48590087890625,112.61260223388672,71.87979888916016
239.61770629882812,179.2655029296875,113.67870330810547,72.67949676513672
244.83920288085938,178.24090576171875,111.10929870605469,74.12229919433594
245.44960021972656,178.26089477539062,111.51509857177734,73.9365005493164
247.20089721679688,179.18739318847656,111.15039825439453,72.1229019165039
248.1186065673828,177.27169799804688,112.22470092773438,72.92340087890625
250.48109436035156,177.39529418945312,111.0364990234375,73.14649963378906
253.0435028076172,179.1510009765625,110.07949829101562,72.4093017578125
253.92959594726562,178.7194061279297,110.05069732666016,72.7029037475586
256.7513122558594,179.3686065673828,109.54450225830078,72.26909637451172
257.4989929199219,178.67950439453125,108.95709991455078,72.52970123291016
259.8002014160156,178.55859375,109.49549865722656,73.57769775390625
261.5111083984375,180.856201171875,108.45680236816406,70.92330169677734
263.9861145019531,181.5457000732422,108.11479949951172,69.66220092773438
265.669189453125,182.08250427246094,108.15229797363281,69.86160278320312
267.0465087890625,181.6378936767578,107.88999938964844,69.13289642333984
269.58209228515625,182.12559509277344,106.73159790039062,69.64769744873047
271.45550537109375,181.9674072265625,106.65750122070312,69.30580139160156
272.439208984375,182.46730041503906,105.75489807128906,68.56050109863281
275.2897033691406,181.84950256347656,105.10209655761719,69.63790130615234
278.04168701171875,181.80340576171875,103.67140197753906,69.18389892578125
279.968994140625,179.2657012939453,102.7146987915039,71.80280303955078
282.47821044921875,178.06080627441406,101.00990295410156,72.17050170898438
283.3594970703125,176.70249938964844,101.25980377197266,73.00460052490234
285.7633056640625,177.93890380859375,100.14689636230469,71.7686996459961
287.7414855957031,177.96409606933594,99.26640319824219,71.46240234375
290.0553894042969,179.3011932373047,98.40730285644531,70.41390228271484
291.3966979980469,179.14100646972656,98.20819854736328,70.26029968261719
293.8891906738281,180.14590454101562,97.00189971923828,69.1041030883789
296.05218505859375,180.55130004882812,96.64179992675781,69.5510025024414
298.6224060058594,186.27679443359375,95.43479919433594,65.7061996459961
298.44549560546875,180.74200439453125,95.87039947509766,70.51709747314453
300.5221862792969,184.6071014404297,95.35639953613281,66.25789642333984
304.37091064453125,186.22860717773438,92.9800033569336,65.46990203857422
306.5220031738281,186.26669311523438,91.66670227050781,66.07879638671875
308.80108642578125,186.4656982421875,90.63059997558594,66.19709777832031
310.58551025390625,186.6116943359375,90.29679870605469,65.13050079345703
312.284912109375,182.82139587402344,89.61209869384766,70.01679992675781
312.55279541015625,186.1085968017578,89.82420349121094,67.6249008178711
315.7926025390625,184.5522003173828,88.45259857177734,69.2667007446289
317.4368896484375,184.9127960205078,87.53919982910156,69.55770111083984
318.7973937988281,185.80259704589844,86.95559692382812,68.9478988647461
320.7568054199219,186.1938018798828,86.86859893798828,68.80120086669922
322.3081970214844,186.93980407714844,86.42269897460938,67.5740966796875
323.8346862792969,187.77130126953125,85.30259704589844,67.8218002319336
326.0830078125,187.5605010986328,84.31199645996094,68.69979858398438
327.76849365234375,185.79440307617188,83.52870178222656,71.46939849853516
329.0649108886719,185.6634979248047,83.30549621582031,70.58899688720703
329.7677917480469,187.1356964111328,83.83820343017578,70.7428970336914
332.156494140625,187.62890625,82.47250366210938,70.20179748535156
333.51568603515625,188.0063018798828,81.6906967163086,69.9542007446289
337.2005920410156,188.53939819335938,78.88490295410156,70.3468017578125
346.79400634765625,187.66270446777344,70.21219635009766,70.58180236816406
355.5159912109375,188.4062042236328,62.479000091552734,71.48899841308594
342.443115234375,189.88949584960938,77.03759765625,70.1854019165039
357.9093017578125,188.73939514160156,62.34189987182617,72.91699981689453
345.72918701171875,189.51199340820312,75.34369659423828,71.95059967041016
363.0596008300781,188.4508056640625,58.13180160522461,73.05220031738281
362.7864990234375,190.8321990966797,58.88349914550781,71.55580139160156
364.74639892578125,188.65899658203125,58.37160110473633,73.63200378417969
362.81451416015625,190.0531005859375,61.039398193359375,72.78559875488281
367.1546936035156,188.54710388183594,56.74549865722656,74.89129638671875
364.9466857910156,189.81370544433594,60.19380187988281,74.16120147705078
368.4692077636719,188.66729736328125,57.536399841308594,75.66889953613281
367.4466857910156,188.6240997314453,59.59980010986328,75.98750305175781
369.7972106933594,189.4512939453125,57.74620056152344,75.21410369873047
370.8221130371094,189.4409942626953,57.042301177978516,76.83540344238281
369.64581298828125,191.1667022705078,58.874298095703125,75.41819763183594
369.1278076171875,191.256103515625,59.721099853515625,75.4448013305664
370.7796936035156,191.58470153808594,59.82550048828125,75.74240112304688
374.4307861328125,190.88870239257812,56.07529830932617,77.21739959716797
376.6659851074219,191.19720458984375,55.418701171875,77.73819732666016
378.82000732421875,189.014404296875,53.16130065917969,79.76629638671875
372.62451171875,190.6345977783203,59.675201416015625,80.24980163574219
374.9115905761719,191.22169494628906,58.754798889160156,79.50659942626953
378.6836853027344,191.15589904785156,56.42110061645508,79.98139953613281
380.4703063964844,191.79879760742188,55.153499603271484,79.4845962524414
376.4289855957031,191.73629760742188,58.65629959106445,80.54609680175781
383.66680908203125,190.19119262695312,53.565799713134766,82.38670349121094
383.6585998535156,193.298095703125,52.95690155029297,80.12770080566406
382.87969970703125,190.66529846191406,54.31999969482422,83.19339752197266
379.75299072265625,190.89950561523438,58.058998107910156,83.02030181884766
379.46759033203125,191.3311004638672,58.976898193359375,83.6781997680664
381.5531005859375,191.14529418945312,58.05929946899414,84.34510040283203
378.6225891113281,193.0200958251953,60.66709899902344,83.23650360107422
379.0889892578125,191.93460083007812,61.83140182495117,85.32849884033203
376.6781921386719,188.97430419921875,63.25410079956055,88.95240020751953
378.78118896484375,191.4355926513672,61.793701171875,87.21179962158203
377.78729248046875,187.93479919433594,62.63719940185547,91.33280181884766
378.847900390625,192.54750061035156,62.096500396728516,87.58809661865234
380.7759094238281,187.94970703125,62.07590103149414,92.75450134277344
386.3638916015625,190.64199829101562,55.250999450683594,91.42579650878906
391.3143005371094,190.1862030029297,51.95029830932617,91.9468994140625
393.1585998535156,192.06480407714844,49.625,90.9292984008789
394.8721923828125,193.87359619140625,48.699501037597656,90.1010971069336
395.6553039550781,193.7133026123047,47.400299072265625,90.82119750976562
396.4678039550781,193.19869995117188,46.63010025024414,91.45050048828125
395.5830993652344,192.07229614257812,47.31010055541992,93.5687026977539
395.93060302734375,192.17889404296875,47.17250061035156,94.8938980102539
394.76080322265625,190.6009979248047,48.54690170288086,96.47720336914062
395.20111083984375,188.63380432128906,49.019901275634766,100.32019805908203
396.0447998046875,193.90159606933594,48.61040115356445,96.07740020751953
396.010009765625,182.18780517578125,48.90879821777344,107.66850280761719
394.43310546875,185.05929565429688,50.58209991455078,105.13690185546875
394.37908935546875,182.96839904785156,50.38180160522461,107.74649810791016
394.5696105957031,181.789306640625,50.72520065307617,110.70459747314453
395.1986999511719,181.55599975585938,50.079498291015625,111.36579895019531
396.80419921875,181.1553955078125,48.64580154418945,112.15160369873047
397.62811279296875,182.20880126953125,48.967899322509766,112.38009643554688
394.6943054199219,180.60470581054688,50.89440155029297,114.41439819335938
399.9328918457031,180.0941925048828,47.040401458740234,115.88459777832031
398.0120849609375,179.97219848632812,48.829498291015625,115.56379699707031
400.51141357421875,179.99440002441406,46.5724983215332,116.53620147705078
402.15899658203125,179.125,45.960601806640625,117.77739715576172
402.5419006347656,179.6020965576172,45.970001220703125,119.0967025756836
401.876708984375,179.12359619140625,47.03919982910156,120.27310180664062
401.8501892089844,178.3533935546875,47.92219924926758,122.19979858398438
403.3042907714844,178.3966064453125,47.852500915527344,123.25540161132812
404.1122131347656,180.52850341796875,47.42890167236328,121.30609893798828
403.3052062988281,180.3303985595703,48.15359878540039,122.32949829101562
404.2156982421875,180.3231964111328,47.96670150756836,123.86840057373047
404.31048583984375,178.7613067626953,47.69089889526367,125.84770202636719
403.5819091796875,178.41729736328125,49.43360137939453,127.27870178222656
405.34649658203125,180.21009826660156,48.26369857788086,126.46499633789062
405.3233947753906,179.01609802246094,48.64630126953125,128.77220153808594
404.4045104980469,178.8291015625,50.29180145263672,129.21780395507812
397.9190979003906,178.66830444335938,57.58440017700195,129.40150451660156
398.4443054199219,180.5175018310547,57.06949996948242,127.8279037475586
400.551513671875,180.74020385742188,55.79399871826172,127.71240234375
406.40478515625,178.75369262695312,51.2401008605957,128.15350341796875
404.6077880859375,181.09500122070312,52.599098205566406,129.1208953857422
403.260498046875,179.6082000732422,55.19350051879883,128.9954071044922
405.1564025878906,180.75379943847656,53.63959884643555,128.3166961669922
403.2820129394531,178.0081024169922,57.19430160522461,131.78199768066406
406.31768798828125,180.4597930908203,54.280399322509766,130.2147979736328
406.6005859375,179.95030212402344,54.95370101928711,130.98899841308594
407.8482971191406,179.91610717773438,54.58700180053711,132.33140563964844
406.8807067871094,180.18310546875,56.02799987792969,132.23609924316406
407.7748107910156,179.1956024169922,56.586700439453125,133.5677032470703
408.0672912597656,179.86380004882812,57.23509979248047,134.00689697265625
408.0871887207031,179.89540100097656,58.56660079956055,135.62100219726562
406.41680908203125,180.44129943847656,60.966800689697266,136.0771942138672
404.5531921386719,179.92840576171875,63.00600051879883,135.72019958496094
404.54229736328125,180.3397979736328,63.68199920654297,135.59620666503906
405.4255065917969,179.75579833984375,63.957698822021484,137.10670471191406
405.49359130859375,179.97000122070312,65.14579772949219,137.23440551757812
405.5703125,179.16639709472656,65.36489868164062,139.39109802246094
405.1669921875,178.81829833984375,67.2615966796875,140.74960327148438
404.5716857910156,178.43080139160156,67.76850128173828,141.35470581054688
405.7961120605469,178.5446014404297,67.66699981689453,142.5010986328125
404.5223083496094,178.85609436035156,69.78389739990234,142.71380615234375
403.9236145019531,178.74029541015625,71.15670013427734,142.88780212402344
400.8223876953125,178.6555938720703,74.28019714355469,143.57589721679688
399.65771484375,178.53750610351562,75.55560302734375,145.656494140625
399.74371337890625,178.135498046875,76.29650115966797,145.90289306640625
397.29449462890625,177.94830322265625,79.34839630126953,146.268798828125
398.8937072753906,176.52760314941406,78.0833969116211,147.76870727539062
395.7835998535156,177.50909423828125,80.62190246582031,148.5460968017578
398.9142150878906,177.91329956054688,77.97419738769531,147.7281036376953
395.9381103515625,178.42559814453125,80.05809783935547,147.2779998779297
397.6700134277344,178.07949829101562,79.731201171875,148.18380737304688
394.7157897949219,178.2364044189453,82.87020111083984,148.53390502929688
394.02239990234375,177.19540405273438,84.04740142822266,149.9976043701172
394.01141357421875,178.2082977294922,84.46939849853516,150.6029052734375
393.79791259765625,177.94650268554688,84.8760986328125,150.54580688476562
392.6632995605469,177.34629821777344,85.81269836425781,152.14959716796875
391.9898986816406,179.82090759277344,89.77490234375,151.6466064453125
393.1986083984375,178.35789489746094,89.36389923095703,152.45289611816406
391.52911376953125,179.90370178222656,91.73049926757812,150.58200073242188
390.43170166015625,180.6269989013672,93.16840362548828,149.75579833984375
388.3703918457031,180.81649780273438,94.63529968261719,150.40859985351562
386.16778564453125,179.6407928466797,100.20919799804688,152.9654998779297
384.6485900878906,180.5823974609375,101.34140014648438,152.63290405273438
384.1564025878906,180.34109497070312,106.42990112304688,152.90780639648438
381.3315124511719,178.8197021484375,105.51750183105469,154.9936981201172
380.53350830078125,180.7091064453125,114.17410278320312,153.81910705566406
378.46490478515625,181.2718963623047,112.64540100097656,153.6466064453125
375.5591125488281,180.2613067626953,118.41609954833984,153.93310546875
373.6683044433594,176.84759521484375,124.2345962524414,158.4571075439453
370.79681396484375,178.76280212402344,126.5718002319336,157.0272979736328
369.2528076171875,181.94020080566406,127.18180084228516,154.45440673828125
367.95819091796875,180.40530395507812,126.56990051269531,156.5175018310547
364.5007019042969,180.67190551757812,128.33529663085938,156.2996063232422
362.4049072265625,182.36180114746094,133.4365997314453,155.10069274902344
357.9580078125,182.3625030517578,138.4886016845703,154.3050994873047
354.75860595703125,182.6374969482422,141.352294921875,153.43240356445312
351.8514099121094,182.9647979736328,142.56809997558594,151.99110412597656
346.87750244140625,187.82980346679688,146.18890380859375,146.4304962158203
343.7174072265625,184.7440948486328,150.089599609375,150.4250946044922
339.8226013183594,184.59120178222656,154.95449829101562,148.5594940185547
337.5780944824219,186.78480529785156,156.87100219726562,144.98109436035156
334.2098083496094,186.70590209960938,162.1782989501953,144.7958984375
332.0596923828125,185.7635040283203,162.45469665527344,142.54949951171875
329.2681884765625,187.29200744628906,165.57040405273438,140.17160034179688
325.3659973144531,186.45199584960938,171.71180725097656,140.9803009033203
323.5863952636719,184.9687957763672,171.79440307617188,141.3238067626953
321.3345031738281,184.6154022216797,177.34849548339844,138.12640380859375
317.69140625,183.02639770507812,177.63499450683594,140.10000610351562
316.4028015136719,182.8345947265625,180.11570739746094,138.9615020751953
314.2200012207031,184.10400390625,184.31509399414062,135.88229370117188
313.7179870605469,185.79969787597656,185.99949645996094,131.6748046875
312.2416076660156,184.7415008544922,186.89340209960938,132.34410095214844
311.81719970703125,185.2176055908203,189.610595703125,131.41029357910156
309.06048583984375,185.11199951171875,191.9427947998047,132.41299438476562
310.7763977050781,184.4846954345703,192.08399963378906,132.0926055908203
307.58160400390625,184.3603973388672,194.99240112304688,130.79910278320312
308.1341857910156,184.33050537109375,195.1811065673828,132.36830139160156
308.3186950683594,184.26950073242188,195.2104034423828,131.8314971923828
306.6687927246094,184.54769897460938,197.2595977783203,133.90089416503906
308.519287109375,184.7760009765625,194.61219787597656,132.47189331054688
308.56689453125,185.24420166015625,195.36439514160156,133.92359924316406
309.3843078613281,186.908203125,194.552001953125,133.21409606933594
309.0205078125,186.65089416503906,193.3166046142578,133.5930938720703
308.92340087890625,186.772705078125,194.69309997558594,133.33360290527344
309.3118896484375,189.03590393066406,193.10899353027344,131.90480041503906
311.74139404296875,189.91619873046875,191.51229858398438,131.55239868164062
311.3830871582031,187.2169952392578,190.13059997558594,134.2447052001953
312.9706115722656,189.6031951904297,188.1436004638672,133.80130004882812
312.84161376953125,184.96380615234375,188.89720153808594,138.07940673828125
313.4555969238281,189.31129455566406,185.62139892578125,133.585693359375
314.1509094238281,188.2823028564453,186.23260498046875,135.1533966064453
314.7190856933594,188.856201171875,183.92630004882812,134.4542999267578
314.3092956542969,184.52639770507812,183.7198028564453,138.67410278320312
314.735107421875,186.2758026123047,181.402099609375,138.96859741210938
316.6221923828125,185.73190307617188,178.7042999267578,137.8621063232422
314.9266052246094,186.36659240722656,177.1584014892578,138.0637969970703
315.5519104003906,185.3450927734375,174.79220581054688,139.664306640625
317.0846862792969,188.43589782714844,172.3031005859375,136.2436981201172
315.18011474609375,189.3262939453125,170.8690948486328,134.68499755859375
314.8305969238281,189.40179443359375,168.6407928466797,137.206298828125
313.3561096191406,187.96119689941406,166.46209716796875,136.677001953125
313.3103942871094,190.07510375976562,163.57150268554688,135.08580017089844
312.85760498046875,188.34140014648438,161.43260192871094,136.652099609375
313.2043151855469,191.62249755859375,159.92669677734375,132.8173065185547
312.0622863769531,191.35699462890625,158.0727996826172,133.5126953125
313.5472106933594,189.90199279785156,154.4781036376953,135.1385040283203
311.4198913574219,193.081298828125,153.98219299316406,132.9196014404297
311.1842041015625,194.0626983642578,151.03489685058594,131.24899291992188
311.1659851074219,193.0738067626953,148.79249572753906,132.04339599609375
310.7427062988281,195.1259002685547,146.8070068359375,129.34030151367188
309.835693359375,193.2812042236328,144.74180603027344,132.63890075683594
307.5144958496094,195.93609619140625,146.24110412597656,128.88409423828125
306.65399169921875,198.4604034423828,145.431396484375,126.93099975585938
307.29449462890625,198.03939819335938,142.74119567871094,126.31790161132812
305.7391052246094,197.58639526367188,141.6251983642578,126.75090026855469
305.7901916503906,199.1298065185547,138.74789428710938,123.99639892578125
305.14300537109375,198.172607421875,136.6020050048828,123.14869689941406
305.0806884765625,196.14309692382812,133.60699462890625,127.2865982055664
305.0067138671875,194.6309051513672,131.20809936523438,127.1720962524414
305.4171142578125,194.8220977783203,127.23680114746094,127.86270141601562
305.0257873535156,196.22369384765625,124.8469009399414,125.44290161132812
305.11248779296875,196.43170166015625,122.45559692382812,124.11160278320312
306.4988098144531,196.69259643554688,119.70110321044922,124.68910217285156
304.2676086425781,192.97509765625,118.26909637451172,125.83869934082031
305.72088623046875,197.29969787597656,115.48870086669922,121.70369720458984
303.980712890625,195.710693359375,113.06590270996094,121.36119842529297
305.0116882324219,197.25509643554688,110.68930053710938,119.62960052490234
304.5538024902344,196.37460327148438,104.74140167236328,118.76679992675781
305.0260925292969,195.07119750976562,100.00469970703125,120.27330017089844
303.7196960449219,192.06390380859375,97.04450225830078,121.58740234375
307.8324890136719,193.46820068359375,90.13829803466797,121.50779724121094
304.28271484375,190.24560546875,92.15180206298828,123.47450256347656
312.0010986328125,193.8865966796875,80.99440002441406,119.9209976196289
302.12548828125,191.36000061035156,88.90489959716797,122.4259033203125
312.7452087402344,191.75169372558594,74.94259643554688,120.7531967163086
302.5043029785156,188.99110412597656,81.58439636230469,123.22669982910156
313.6954040527344,194.36920166015625,68.81939697265625,116.89430236816406
302.1968994140625,189.80270385742188,77.377197265625,122.31770324707031
309.76708984375,193.72189331054688,68.0530014038086,116.82019805908203
301.1050109863281,189.88389587402344,74.36139678955078,120.30169677734375
309.51971435546875,192.47560119628906,62.48210144042969,116.31849670410156
304.59320068359375,188.32589721679688,66.54010009765625,120.29830169677734
311.64080810546875,192.30059814453125,57.15760040283203,116.33560180664062
306.9714050292969,188.0782928466797,59.55030059814453,119.28019714355469
304.3894958496094,189.1898956298828,60.193199157714844,117.54660034179688
305.256103515625,190.35769653320312,57.721500396728516,116.53119659423828
302.6942138671875,188.69090270996094,58.2067985534668,116.73400115966797
300.45050048828125,187.92019653320312,58.39440155029297,117.03050231933594
302.47711181640625,188.48019409179688,55.4370002746582,115.70649719238281
301.9176025390625,188.60719299316406,54.98149871826172,114.35430145263672
302.1919860839844,189.09039306640625,55.069000244140625,113.45059967041016
301.6852111816406,188.93499755859375,52.95140075683594,113.96389770507812
298.75390625,188.85159301757812,54.7864990234375,114.0458984375
301.4739990234375,189.06260681152344,50.73619842529297,112.49659729003906
299.6590881347656,188.0760955810547,52.59040069580078,112.90039825439453
299.0357971191406,189.0635986328125,51.65629959106445,111.02559661865234
297.1864929199219,188.56539916992188,51.93339920043945,111.17459869384766
296.39691162109375,188.28219604492188,50.83409881591797,111.13960266113281
296.96160888671875,188.89759826660156,48.88460159301758,110.0978012084961
297.1122131347656,188.68319702148438,50.139400482177734,109.08499908447266
295.03448486328125,188.52540588378906,50.717899322509766,108.63670349121094
295.58648681640625,188.80270385742188,47.82609939575195,107.87460327148438
298.6622009277344,187.12759399414062,47.15549850463867,109.02549743652344
296.034912109375,188.81019592285156,45.961700439453125,107.11029815673828
295.394287109375,188.27679443359375,48.763999938964844,106.67240142822266
295.7213134765625,189.21009826660156,47.5802001953125,106.30850219726562
294.8077087402344,187.9470977783203,48.3390998840332,106.12989807128906
295.0315856933594,188.77389526367188,47.60020065307617,104.83519744873047
293.75970458984375,188.00250244140625,49.5724983215332,106.26380157470703
294.595703125,188.0406036376953,45.209999084472656,104.29570007324219
293.0132141113281,188.40980529785156,49.43830108642578,104.80889892578125
293.5874938964844,187.48480224609375,46.30799865722656,104.32230377197266
293.1453857421875,189.0697021484375,43.77560043334961,103.21520233154297
293.38140869140625,187.9427947998047,45.34260177612305,104.98509979248047
293.7279968261719,188.8179931640625,44.68560028076172,102.71060180664062
292.4991149902344,187.9259033203125,47.3921012878418,102.36519622802734
292.7257080078125,187.5980987548828,44.48740005493164,102.17469787597656
293.77301025390625,187.860595703125,44.47610092163086,103.74079895019531
292.802001953125,187.7368927001953,46.562400817871094,101.50650024414062
292.1462097167969,188.24510192871094,45.57740020751953,101.13990020751953
292.4819030761719,188.55979919433594,44.88959884643555,101.74620056152344
294.0098876953125,188.31399536132812,44.609500885009766,101.8385009765625
292.24578857421875,188.1981964111328,45.2047004699707,101.88089752197266
291.4324951171875,188.04820251464844,43.88629913330078,101.07569885253906
293.23809814453125,188.1833038330078,44.00199890136719,101.46489715576172
292.2880859375,187.91879272460938,45.715301513671875,100.07160186767578
291.360595703125,187.98199462890625,45.020301818847656,100.581298828125
290.806396484375,188.80380249023438,43.987300872802734,99.41929626464844
293.51129150390625,187.56109619140625,43.18439865112305,99.51860046386719
290.3550109863281,186.49400329589844,47.55059814453125,101.07369995117188
291.4538879394531,188.33639526367188,43.21329879760742,89.056396484375
290.5320129394531,187.7805938720703,44.87260055541992,98.60759735107422
292.43231201171875,187.56399536132812,43.28160095214844,98.1531982421875
290.7110900878906,187.5238037109375,43.899600982666016,100.25029754638672
291.8793029785156,187.1157989501953,43.742698669433594,98.9397964477539
291.42559814453125,186.97860717773438,43.38309860229492,99.19059753417969
291.668701171875,187.41439819335938,43.221099853515625,99.61640167236328
292.66778564453125,186.20339965820312,43.83869934082031,99.80120086669922
291.2872009277344,186.75259399414062,45.53219985961914,99.31269836425781
290.7130126953125,186.87550354003906,44.93960189819336,98.81690216064453
291.3320007324219,187.09080505371094,44.5806999206543,99.28589630126953
292.5307922363281,187.44630432128906,44.87089920043945,99.38240051269531
291.15960693359375,187.53750610351562,46.64860153198242,98.51339721679688
291.4927978515625,187.6531982421875,46.826499938964844,98.46949768066406
290.4661865234375,186.7624053955078,48.670501708984375,99.86609649658203
292.0640869140625,187.3258056640625,48.103599548339844,99.59159851074219
291.63909912109375,186.8791046142578,48.59109878540039,100.1760025024414
291.409912109375,186.4940948486328,49.50389862060547,101.12169647216797
291.7301025390625,186.0800018310547,50.37919998168945,101.35910034179688
291.7713928222656,186.47459411621094,50.20109939575195,101.0009994506836
291.96820068359375,187.3773956298828,50.957401275634766,101.29010009765625
292.3973083496094,186.37210083007812,52.157100677490234,101.87999725341797
292.40570068359375,187.193603515625,52.68450164794922,101.46640014648438
292.38409423828125,187.4239959716797,54.84479904174805,102.06269836425781
291.42279052734375,187.9927978515625,57.10530090332031,101.95130157470703
292.1820068359375,188.35760498046875,55.87369918823242,101.67990112304688
292.9547119140625,187.27980041503906,56.197898864746094,103.3208999633789
291.87921142578125,189.05479431152344,57.223201751708984,102.20539855957031
293.8113098144531,186.97329711914062,56.803001403808594,104.71179962158203
293.4164123535156,188.06460571289062,56.17900085449219,103.68569946289062
293.3765869140625,187.1230926513672,57.066898345947266,104.8115005493164
293.4549865722656,186.5596923828125,57.502498626708984,105.32460021972656
293.9778137207031,186.23080444335938,57.57279968261719,106.35970306396484
293.5022888183594,186.22019958496094,58.15380096435547,106.77780151367188
293.2947998046875,186.04490661621094,59.381099700927734,106.5875015258789
295.19158935546875,185.26300048828125,59.53850173950195,108.26480102539062
293.72869873046875,187.89300537109375,61.042701721191406,106.564697265625
293.51580810546875,185.32150268554688,62.33380126953125,109.22429656982422
294.440185546875,188.5574951171875,62.726600646972656,106.17389678955078
293.9652099609375,187.0301971435547,64.86540222167969,108.93229675292969
292.80108642578125,187.1920928955078,67.66649627685547,109.20110321044922
291.50189208984375,187.59129333496094,69.9645004272461,108.60399627685547
290.8608093261719,189.19439697265625,72.52030181884766,107.73770141601562
290.3659973144531,187.40240478515625,73.58689880371094,109.88179779052734
289.52099609375,190.35589599609375,76.79319763183594,107.63929748535156
288.14068603515625,189.71290588378906,79.35199737548828,107.86329650878906
287.3179016113281,189.69430541992188,82.64230346679688,108.65589904785156
285.4910888671875,189.69960021972656,83.83360290527344,108.18720245361328
285.1698913574219,190.82789611816406,86.95469665527344,107.93280029296875
283.5232849121094,190.2801971435547,88.92970275878906,108.53450012207031
283.3055114746094,190.5117950439453,92.19029998779297,108.885498046875
282.5118103027344,190.00160217285156,92.94550323486328,110.22440338134766
282.4682922363281,189.41720581054688,95.42890167236328,110.89920043945312
282.09149169921875,190.18499755859375,96.39289855957031,110.6686019897461
279.9921875,189.4217071533203,100.15039825439453,111.48670196533203
278.473388671875,191.0666961669922,102.38619995117188,110.2344970703125
277.8774108886719,190.5762939453125,104.80400085449219,110.39739990234375
277.3428039550781,191.94070434570312,104.93090057373047,110.11270141601562
277.0643005371094,192.13980102539062,107.36309814453125,110.64640045166016
275.9682922363281,190.88270568847656,109.16590118408203,112.63700103759766
275.4587097167969,191.08859252929688,110.08760070800781,112.83149719238281
274.2992858886719,190.0653076171875,111.89070129394531,112.7562026977539
274.8680114746094,191.06219482421875,113.75129699707031,112.62940216064453
275.5784912109375,191.42990112304688,113.931396484375,111.88710021972656
274.1249084472656,191.57940673828125,114.50370025634766,112.08000183105469
274.7367858886719,189.32850646972656,115.63469696044922,114.0811996459961
273.973388671875,188.9967041015625,117.00090026855469,114.71279907226562
275.96240234375,189.97850036621094,117.28610229492188,113.981201171875
276.0093994140625,189.3529052734375,116.95169830322266,115.43060302734375
275.2589111328125,190.2841033935547,118.80979919433594,113.81300354003906
275.5054016113281,190.0554962158203,119.34339904785156,114.89459991455078
275.4634094238281,193.7283935546875,120.27320098876953,111.5886001586914
275.38970947265625,192.61920166015625,122.42659759521484,111.74169921875
274.6778869628906,194.20530700683594,123.8678970336914,111.32009887695312
275.28948974609375,191.96279907226562,124.96009826660156,113.52189636230469
276.98529052734375,192.50259399414062,123.80560302734375,113.356201171875
275.9444885253906,189.6674041748047,126.86620330810547,116.50460052490234
275.3929138183594,188.87890625,128.92120361328125,117.6884994506836
277.1169128417969,190.20799255371094,129.29209899902344,116.69219970703125
276.9617004394531,193.63729858398438,129.46890258789062,112.1146011352539
276.4576110839844,191.99349975585938,131.00210571289062,114.68949890136719
275.639892578125,195.07850646972656,134.12559509277344,111.26069641113281
275.87890625,192.3656005859375,134.8780975341797,114.95279693603516
274.5884094238281,194.1407928466797,139.03379821777344,112.877197265625
273.9612121582031,190.94349670410156,141.35479736328125,117.0177001953125
274.6766052246094,192.6748046875,141.2512969970703,113.74559783935547
273.8923034667969,191.18020629882812,141.3509063720703,114.7865982055664
272.4468078613281,190.78140258789062,143.40150451660156,116.16600036621094
272.23291015625,190.58949279785156,144.04200744628906,117.12519836425781
271.6444091796875,191.37890625,145.9136962890625,116.5427017211914
270.36529541015625,189.88650512695312,146.24319458007812,117.08309936523438
271.0065002441406,191.32850646972656,148.0059051513672,116.71109771728516
269.86981201171875,190.82350158691406,147.95159912109375,116.9894027709961
270.5943908691406,189.076904296875,148.83189392089844,119.14790344238281
268.99371337890625,191.50779724121094,150.44590759277344,116.43219757080078
268.0505065917969,191.0294952392578,151.69900512695312,117.93419647216797
266.61761474609375,190.5946044921875,154.3336944580078,117.97219848632812
266.1257019042969,189.72869873046875,154.5554962158203,117.55599975585938
265.46820068359375,189.4709014892578,156.46629333496094,119.03410339355469
265.2095031738281,190.15570068359375,156.5543975830078,117.74620056152344
265.4064025878906,190.51060485839844,156.7041015625,118.36150360107422
262.4461975097656,189.3583984375,159.35279846191406,119.42420196533203
261.3847961425781,190.55409240722656,161.00270080566406,118.15299987792969
259.38751220703125,190.1132049560547,162.527099609375,118.85260009765625
259.2355041503906,189.62559509277344,162.9178924560547,118.63050079345703
258.5022888183594,188.33290100097656,164.8657989501953,120.9010009765625
256.9635925292969,188.60279846191406,166.7626953125,121.07099914550781
254.6033935546875,186.92300415039062,167.73989868164062,122.01170349121094
254.19529724121094,188.3625946044922,169.27450561523438,121.78669738769531
252.6746063232422,188.3018035888672,171.556396484375,120.4083023071289
251.81869506835938,188.01449584960938,171.90939331054688,121.73870086669922
250.6676025390625,190.2032012939453,173.3553924560547,119.31580352783203
250.89100646972656,192.73379516601562,173.14480590820312,115.61219787597656
250.79820251464844,193.56739807128906,173.75970458984375,114.81549835205078
250.60299682617188,191.19509887695312,174.18040466308594,118.56829833984375
248.06399536132812,190.47520446777344,176.9261932373047,117.91210174560547
246.2322998046875,189.9759979248047,178.89450073242188,119.71320343017578
246.07839965820312,187.3105926513672,179.27789306640625,121.33550262451172
245.07029724121094,189.45449829101562,181.1667022705078,121.78990173339844
244.935302734375,189.35060119628906,181.8542938232422,119.06759643554688
245.1719970703125,191.2032012939453,182.6237030029297,119.14910125732422
244.11680603027344,188.48809814453125,184.2270965576172,121.60070037841797
244.76080322265625,192.852294921875,183.39349365234375,118.706298828125
244.44960021972656,194.69529724121094,183.36630249023438,113.58380126953125
244.53309631347656,192.31919860839844,184.6885986328125,117.30380249023438
245.59280395507812,191.039794921875,185.42909240722656,119.32980346679688
244.57640075683594,192.70030212402344,186.8988037109375,117.1583023071289
243.85130310058594,193.25830078125,187.56680297851562,117.1957015991211
244.62510681152344,192.9346923828125,186.20140075683594,116.98829650878906
245.1280975341797,192.65469360351562,188.31610107421875,118.8197021484375
244.25889587402344,195.3260955810547,190.01260375976562,113.65950012207031
244.9532012939453,191.53570556640625,190.20269775390625,119.3219985961914
245.1613006591797,193.32159423828125,189.58090209960938,115.78079986572266
245.92300415039062,194.0717010498047,191.39100646972656,115.25460052490234
245.8677978515625,193.22410583496094,191.67709350585938,115.7396011352539
246.57009887695312,194.031005859375,191.37159729003906,116.61969757080078
248.26809692382812,195.83230590820312,192.22369384765625,112.59629821777344
248.9423065185547,190.5915069580078,192.40679931640625,118.65570068359375
250.15609741210938,195.2425994873047,191.972900390625,116.29299926757812
250.46859741210938,194.12600708007812,193.48370361328125,117.88490295410156
251.2006072998047,194.2274932861328,191.2404022216797,115.43350219726562
251.85009765625,194.34030151367188,193.20680236816406,115.2654037475586
251.4116973876953,195.61520385742188,193.2436981201172,114.76490020751953
252.26730346679688,193.43209838867188,194.42320251464844,115.3405990600586
252.65589904785156,192.56399536132812,194.95419311523438,116.83110046386719
254.38119506835938,194.89320373535156,194.6051025390625,114.185302734375
255.07420349121094,193.17869567871094,194.25010681152344,116.89800262451172
253.7552032470703,193.41270446777344,196.25140380859375,117.02790069580078
257.4577941894531,193.26910400390625,192.856201171875,117.20069885253906
256.83648681640625,192.67050170898438,193.7397003173828,117.38279724121094
256.76708984375,193.29190063476562,195.3907928466797,116.1511001586914
256.9975891113281,191.90879821777344,195.4821014404297,116.59259796142578
257.7786865234375,192.19129943847656,195.2375030517578,117.34459686279297
260.56329345703125,192.68240356445312,192.7615966796875,116.34519958496094
259.6742858886719,191.02890014648438,193.95640563964844,117.27300262451172
259.6095886230469,194.0821990966797,194.35040283203125,113.8729019165039
261.2044982910156,191.39990234375,194.6949005126953,119.70580291748047
262.8362121582031,191.9678955078125,193.5063018798828,116.9208984375
262.10009765625,193.30349731445312,195.8043975830078,116.28980255126953
263.0972900390625,192.1947021484375,195.02099609375,117.83670043945312
265.9464111328125,192.41000366210938,193.27999877929688,116.88390350341797
264.53021240234375,191.035400390625,196.347900390625,117.59629821777344
264.8446044921875,193.46400451660156,195.9237060546875,115.28839874267578
265.522705078125,192.62460327148438,196.90809631347656,115.818603515625
267.4986877441406,192.67930603027344,196.37570190429688,116.60449981689453
268.1243896484375,194.28700256347656,196.33189392089844,114.84989929199219
268.45208740234375,192.25469970703125,196.53309631347656,116.87570190429688
269.80670166015625,193.06069946289062,195.7866973876953,115.8821029663086
270.3323974609375,191.31460571289062,196.22430419921875,117.53369903564453
271.1553955078125,193.55299377441406,196.44500732421875,116.52120208740234
271.90478515625,190.826904296875,197.15040588378906,118.78070068359375
272.50799560546875,191.09109497070312,196.5207061767578,118.0813980102539
273.2225036621094,192.75379943847656,196.07659912109375,117.88330078125
274.180908203125,191.8686981201172,197.23069763183594,117.04060363769531
276.1261901855469,191.43020629882812,195.03179931640625,117.23100280761719
276.3575134277344,189.48489379882812,195.65179443359375,117.3750991821289
276.8617858886719,191.7111053466797,196.38270568847656,115.9656982421875
277.8522033691406,189.45750427246094,195.5478057861328,119.60099792480469
277.5426940917969,191.9647979736328,196.3820037841797,117.21199798583984
278.9955139160156,191.3137969970703,196.40480041503906,117.0238037109375
279.56939697265625,192.8271942138672,196.3323974609375,117.5364990234375
279.964111328125,190.31939697265625,197.69309997558594,117.29740142822266
281.4007873535156,193.70460510253906,196.7039031982422,114.35710144042969
279.7413024902344,190.84629821777344,198.56039428710938,116.95539855957031
282.6012878417969,193.63839721679688,197.21249389648438,115.43499755859375
282.6206970214844,191.39230346679688,198.06300354003906,118.03089904785156
283.3515930175781,193.59890747070312,197.47340393066406,115.66169738769531
285.0108947753906,192.20010375976562,196.95359802246094,116.16950225830078
286.0039978027344,193.9967041015625,197.4488067626953,114.27529907226562
285.7358093261719,190.96449279785156,197.85580444335938,116.970703125
288.0852966308594,193.3527069091797,197.00250244140625,117.0082015991211
289.1427917480469,192.0196075439453,195.44200134277344,115.57610321044922
289.5531921386719,192.2783966064453,198.1226043701172,116.16439819335938
290.9573974609375,193.06350708007812,196.8583984375,115.41929626464844
292.1095886230469,191.93629455566406,196.66619873046875,117.66739654541016
292.3848876953125,193.78509521484375,196.33270263671875,115.42559814453125
294.5368957519531,192.28590393066406,196.89280700683594,115.51239776611328
295.79998779296875,193.1071014404297,196.2657012939453,115.44439697265625
296.7337951660156,192.69949340820312,196.9976043701172,116.10350036621094
297.55010986328125,193.5865020751953,194.03289794921875,114.39360046386719
297.6888122558594,191.58709716796875,198.7104949951172,116.06590270996094
299.347412109375,191.96710205078125,196.22059631347656,116.32319641113281
300.1658935546875,190.6197052001953,199.0294952392578,117.13819885253906
301.1271057128906,189.2480926513672,199.00259399414062,118.59700012207031
302.07861328125,186.3513946533203,199.2779998779297,122.42919921875
304.2117004394531,187.07879638671875,198.00680541992188,121.77050018310547
304.1690979003906,188.55520629882812,198.95599365234375,119.19400024414062
303.31878662109375,187.71510314941406,200.26849365234375,119.52539825439453
306.0104064941406,186.22569274902344,198.50680541992188,120.94149780273438
307.6612854003906,186.3780059814453,197.70640563964844,121.35070037841797
306.0686950683594,186.36630249023438,198.6470947265625,122.18460083007812
307.8570861816406,187.75320434570312,199.72999572753906,120.38719940185547
309.4408874511719,187.90960693359375,197.4351043701172,119.51370239257812
308.3486022949219,189.06910705566406,199.0493927001953,118.08550262451172
309.5380859375,189.57440185546875,198.4250946044922,117.61100006103516
311.1059875488281,190.20050048828125,196.79949951171875,118.0447006225586
310.2688903808594,188.14669799804688,197.30799865722656,119.36849975585938
312.289306640625,187.10699462890625,198.3040008544922,120.07969665527344
313.2549133300781,185.24740600585938,197.77330017089844,121.72509765625
311.9706115722656,187.0417022705078,199.49070739746094,119.06340026855469
313.88079833984375,186.13479614257812,198.7781982421875,121.46199798583984
314.15020751953125,185.08009338378906,198.51690673828125,121.98190307617188
314.41729736328125,186.1219940185547,199.25360107421875,119.90869903564453
314.0711975097656,187.9626007080078,199.21229553222656,117.33480072021484
314.2207946777344,186.37179565429688,199.58200073242188,120.15129852294922
315.1720886230469,187.9197998046875,198.94869995117188,120.0698013305664
315.869384765625,188.2716064453125,199.38479614257812,119.12519836425781
316.3598937988281,188.93800354003906,198.91490173339844,118.44619750976562
316.2565002441406,190.0814971923828,199.5240020751953,116.56300354003906
316.7369079589844,189.68370056152344,199.18710327148438,116.39600372314453
317.4847106933594,190.11270141601562,199.889892578125,117.60260009765625
316.98431396484375,190.89739990234375,200.11990356445312,115.77739715576172
316.7643127441406,190.4167022705078,200.68629455566406,117.26000213623047
317.37030029296875,190.84930419921875,200.17239379882812,115.75630187988281
317.57049560546875,190.8571014404297,201.26539611816406,116.62010192871094
317.2538146972656,189.25559997558594,201.82550048828125,116.29340362548828
315.9971923828125,190.49740600585938,202.3623046875,117.4437026977539
317.80859375,189.87950134277344,200.80029296875,116.44059753417969
316.7445983886719,191.21099853515625,203.7303009033203,116.68830108642578
318.0747985839844,191.45970153808594,201.1313934326172,115.29620361328125
316.1400146484375,188.75180053710938,202.15199279785156,117.3676986694336
316.3517150878906,189.75979614257812,202.09970092773438,117.20390319824219
317.2580871582031,191.26820373535156,202.2736053466797,115.2083969116211
314.77801513671875,189.0498046875,203.6123046875,118.33540344238281
315.697509765625,191.76829528808594,201.77420043945312,113.94010162353516
313.34149169921875,189.92050170898438,204.6201934814453,116.88249969482422
314.7901916503906,191.41329956054688,202.31089782714844,114.33219909667969
313.0321960449219,189.28070068359375,204.6884002685547,116.46499633789062
314.4639892578125,189.62420654296875,201.68600463867188,114.910400390625
311.0120849609375,187.69839477539062,203.62620544433594,119.9926986694336
310.58160400390625,189.90859985351562,203.4741973876953,115.31109619140625
309.9971008300781,190.59390258789062,204.70889282226562,116.74749755859375
310.0504150390625,189.11619567871094,203.33230590820312,116.20159912109375
309.0152893066406,186.85159301757812,204.04840087890625,118.9989013671875
309.04840087890625,189.7053985595703,203.02259826660156,116.62920379638672
306.2432861328125,188.73199462890625,203.44960021972656,116.56490325927734
308.19781494140625,192.6417999267578,203.50230407714844,115.410400390625
304.1990051269531,192.9636993408203,206.31619262695312,113.15779876708984
304.5181884765625,193.7509002685547,204.89639282226562,111.29460144042969
302.194091796875,193.8278045654297,206.91879272460938,112.27140045166016
301.0874938964844,193.34620666503906,205.49200439453125,112.77249908447266
301.7325134277344,195.4864044189453,205.45570373535156,109.56400299072266
299.9837951660156,194.5872039794922,205.69090270996094,111.7083969116211
299.2261962890625,193.3029022216797,205.75869750976562,111.95829772949219
298.35198974609375,193.6208953857422,206.29519653320312,112.47740173339844
298.3373107910156,194.4730987548828,205.20179748535156,111.25550079345703
297.28741455078125,194.8686981201172,203.843505859375,109.81539916992188
296.55169677734375,194.91839599609375,204.14089965820312,110.86540222167969
296.0692138671875,193.79769897460938,202.90980529785156,112.99199676513672
294.3275146484375,193.5845947265625,204.11669921875,111.9634017944336
293.32159423828125,193.20089721679688,203.83619689941406,112.40660095214844
292.81451416015625,192.210205078125,204.44949340820312,114.25330352783203
293.1752014160156,195.110107421875,202.55079650878906,110.83380126953125
292.3479919433594,192.71170043945312,202.64259338378906,112.08660125732422
290.5216064453125,193.0345001220703,203.56239318847656,113.32369995117188
289.74578857421875,193.6466064453125,204.08790588378906,110.87640380859375
289.44720458984375,195.01890563964844,201.20089721679688,112.13200378417969
287.52978515625,193.93789672851562,203.89340209960938,110.29460144042969
287.1278991699219,192.3697967529297,201.4178009033203,114.38410186767578
286.12451171875,188.94419860839844,201.93060302734375,116.93769836425781
284.12701416015625,187.052001953125,200.2136993408203,119.31099700927734
286.0987854003906,190.47549438476562,199.639892578125,117.55249786376953
283.3796081542969,193.19009399414062,200.701904296875,112.99040222167969
282.85009765625,189.3365936279297,200.27769470214844,117.05750274658203
283.0076904296875,190.35589599609375,199.08030700683594,117.2605972290039
281.0429992675781,191.36790466308594,199.0507049560547,114.79900360107422
279.8713073730469,193.43589782714844,200.10659790039062,113.40149688720703
279.95721435546875,190.91099548339844,199.6136932373047,113.99810028076172
277.8529052734375,193.1461944580078,200.98789978027344,113.20429992675781
279.443115234375,190.043701171875,198.86329650878906,115.39520263671875
277.3348083496094,193.08309936523438,199.60169982910156,113.5011978149414
276.3818054199219,190.51980590820312,199.0709991455078,117.25550079345703
276.9106140136719,193.04629516601562,198.8031005859375,112.9573974609375
276.3460998535156,189.67149353027344,198.33309936523438,115.96399688720703
275.56640625,194.18409729003906,199.7310028076172,111.64350128173828
275.3905944824219,193.58729553222656,198.52200317382812,111.7959976196289
273.2078857421875,193.95230102539062,198.7899932861328,113.1229019165039
272.23651123046875,193.82460021972656,200.1186065673828,110.88569641113281
271.340087890625,192.31350708007812,199.46389770507812,113.69499969482422
270.3290100097656,192.9376983642578,198.99960327148438,113.0779037475586
271.94219970703125,194.3115997314453,197.59030151367188,111.36430358886719
268.6351013183594,196.08030700683594,198.6811065673828,109.64769744873047
268.7250061035156,195.74249267578125,199.8032989501953,110.15799713134766
266.31298828125,192.67599487304688,200.17529296875,112.73539733886719
266.37310791015625,193.30029296875,199.0142059326172,111.42749786376953
264.5451965332031,193.53419494628906,200.27549743652344,112.16390228271484
264.1445007324219,196.27540588378906,199.2032928466797,108.28620147705078
262.6730041503906,194.91580200195312,198.99220275878906,110.42949676513672
262.03741455078125,193.90089416503906,198.36070251464844,111.05599975585938
261.86700439453125,193.9434051513672,197.8842010498047,111.20850372314453
259.79559326171875,194.447998046875,199.12139892578125,109.34429931640625
259.3136901855469,194.3394012451172,197.61849975585938,109.81539916992188
257.5365905761719,195.83790588378906,198.97760009765625,109.11940002441406
257.147705078125,192.6804962158203,197.89849853515625,111.54010009765625
256.3616027832031,192.41270446777344,197.39480590820312,112.69419860839844
255.5106964111328,191.98060607910156,196.00360107421875,113.55919647216797
254.23410034179688,194.99420166015625,196.57620239257812,110.47789764404297
253.19679260253906,193.66079711914062,197.38450622558594,111.13939666748047
252.57969665527344,192.2998046875,197.45730590820312,112.86509704589844
251.60670471191406,191.1824951171875,197.00140380859375,113.73179626464844
249.66839599609375,192.06619262695312,197.4167022705078,112.59030151367188
250.2998046875,194.44790649414062,195.05369567871094,110.14119720458984
248.95159912109375,195.36109924316406,197.22979736328125,109.93669891357422
247.0211944580078,195.20730590820312,196.83250427246094,110.23570251464844
248.63340759277344,192.7205047607422,195.9781951904297,113.30879974365234
245.6531982421875,194.59109497070312,196.0135040283203,110.14350128173828
244.88760375976562,191.64540100097656,196.9053955078125,113.00279998779297
244.96400451660156,193.23599243164062,194.73570251464844,111.29979705810547
243.70779418945312,193.97560119628906,195.2321014404297,110.99189758300781
242.6143035888672,192.68319702148438,197.14700317382812,112.89550018310547
242.81480407714844,193.59170532226562,196.8990936279297,110.57389831542969
241.9001007080078,195.593505859375,195.42190551757812,109.36920166015625
241.90789794921875,188.55909729003906,195.97059631347656,117.49359893798828
243.39849853515625,192.60560607910156,192.61790466308594,111.94259643554688
240.97470092773438,190.96510314941406,195.15249633789062,113.96119689941406
240.7220001220703,190.7550048828125,194.16700744628906,115.14659881591797
242.5731964111328,190.826904296875,192.87179565429688,113.59390258789062
238.65780639648438,191.58799743652344,195.6259002685547,113.58719635009766
242.0955047607422,191.37440490722656,193.3363037109375,114.2822036743164
241.13259887695312,192.61529541015625,193.81329345703125,112.63140106201172
238.89190673828125,192.66909790039062,195.17970275878906,113.24369812011719
241.03439331054688,191.5500946044922,193.7646026611328,113.5322036743164
241.0218048095703,191.72760009765625,192.48260498046875,113.26370239257812
239.95790100097656,190.51609802246094,193.3970947265625,114.668701171875
239.41529846191406,191.8350067138672,192.82699584960938,112.47019958496094
239.81399536132812,193.0550994873047,192.5384979248047,111.90249633789062
240.27569580078125,190.93589782714844,193.74879455566406,113.75150299072266
240.70770263671875,190.8717041015625,192.06509399414062,113.61740112304688
241.3459930419922,191.07730102539062,191.985107421875,114.87460327148438
238.53590393066406,191.4542999267578,192.83299255371094,113.64790344238281
240.8657989501953,191.0489044189453,193.35299682617188,113.51480102539062
238.1385040283203,189.95469665527344,192.62680053710938,115.94210052490234
240.85679626464844,189.8968963623047,192.24879455566406,115.51930236816406
240.23800659179688,189.40750122070312,191.32069396972656,115.76349639892578
238.24249267578125,190.19349670410156,193.90939331054688,116.0811996459961
239.96200561523438,189.13470458984375,192.02639770507812,116.19339752197266
238.90249633789062,190.10130310058594,192.2418975830078,115.9905014038086
240.3885040283203,188.96029663085938,191.39300537109375,116.37370300292969
239.36410522460938,188.7440948486328,191.1562957763672,115.6864013671875
241.96409606933594,191.41090393066406,189.7801055908203,114.24089813232422
239.56390380859375,191.3072967529297,192.697998046875,113.65370178222656
238.87989807128906,191.19940185546875,193.50340270996094,113.57119750976562
239.16929626464844,189.2342987060547,192.7906036376953,116.40809631347656
238.65199279785156,190.0428924560547,191.64840698242188,116.2146987915039
239.81809997558594,189.69979858398438,191.72610473632812,116.09220123291016
239.35130310058594,188.88299560546875,192.16250610351562,116.26470184326172
240.62669372558594,190.1031036376953,192.6916046142578,115.61849975585938
239.0991973876953,189.0404052734375,191.5001983642578,115.7947006225586
238.93479919433594,189.83389282226562,192.9375,116.27680206298828
240.8762969970703,189.20640563964844,190.69290161132812,116.78479766845703
239.41830444335938,189.16259765625,190.9915008544922,116.2854995727539
241.0695037841797,187.05870056152344,191.3195037841797,118.06739807128906
238.22369384765625,189.20399475097656,192.76820373535156,116.739501953125
240.41409301757812,188.41419982910156,192.14210510253906,117.7261962890625
240.03359985351562,189.57330322265625,191.06680297851562,116.41950225830078
239.19700622558594,188.7111053466797,193.2259979248047,116.79850006103516
240.48179626464844,188.9040069580078,192.1614990234375,116.0093994140625
239.2281036376953,191.34109497070312,190.67430114746094,113.86190032958984
238.56069946289062,193.25599670410156,193.21099853515625,111.74620056152344
239.60169982910156,192.34890747070312,193.9091033935547,112.76959991455078
239.22470092773438,191.41549682617188,192.59860229492188,114.36009979248047
238.27780151367188,190.62860107421875,194.1907958984375,115.02469635009766
240.92739868164062,188.68980407714844,191.67849731445312,116.71179962158203
238.8690948486328,189.2375030517578,192.2523956298828,115.42749786376953
239.08299255371094,189.0072021484375,192.52049255371094,116.78309631347656
