1
524.40087890625,87.222900390625,70.15879821777344,58.78070068359375
520.0147094726562,87.0770034790039,78.59449768066406,60.529598236083984
519.4879760742188,88.54949951171875,78.80339813232422,61.676300048828125
514.4130249023438,86.30030059814453,84.6218032836914,65.80979919433594
520.5394287109375,85.91690063476562,76.5552978515625,60.287200927734375
518.837890625,88.16400146484375,74.2511978149414,57.26390075683594
521.0430297851562,91.6720962524414,71.40190124511719,53.8390007019043
520.788330078125,86.57569885253906,71.82209777832031,56.66230010986328
520.3209228515625,90.27400207519531,71.14820098876953,52.62379837036133
523.07373046875,87.92859649658203,69.51419830322266,56.93410110473633
523.392822265625,88.30069732666016,68.74320220947266,54.94260025024414
522.4110717773438,87.21710205078125,69.84809875488281,55.372100830078125
521.7860717773438,87.86859893798828,70.84880065917969,57.98509979248047
520.9793701171875,86.86900329589844,71.4446029663086,57.977298736572266
522.93359375,88.28600311279297,69.86180114746094,55.033599853515625
522.1911010742188,87.65519714355469,70.58550262451172,54.815101623535156
521.68701171875,85.68910217285156,71.35790252685547,57.531700134277344
522.156494140625,87.55480194091797,69.82270050048828,57.225101470947266
522.9625244140625,87.28990173339844,68.77349853515625,54.683101654052734
521.9013061523438,88.97339630126953,69.38379669189453,53.62139892578125
523.7239990234375,89.11219787597656,68.69599914550781,55.562198638916016
522.3203125,88.02400207519531,70.5625991821289,54.660701751708984
519.63818359375,89.80870056152344,72.23760223388672,52.822601318359375
519.0374145507812,86.6531982421875,72.95960235595703,56.61589813232422
520.3428955078125,86.94090270996094,72.0656967163086,61.08700180053711
521.4146728515625,86.3646011352539,70.10569763183594,56.18619918823242
520.8239135742188,86.32209777832031,71.29650115966797,58.06019973754883
522.05126953125,86.35469818115234,70.29889678955078,58.14929962158203
521.1998901367188,87.71810150146484,71.02269744873047,56.63560104370117
521.4932861328125,86.29070281982422,70.31279754638672,56.839698791503906
521.7186889648438,87.39630126953125,69.73670196533203,58.010101318359375
520.8140869140625,86.87879943847656,71.37850189208984,56.186100006103516
521.0106201171875,85.59400177001953,69.41510009765625,56.27130126953125
520.4259033203125,85.96009826660156,70.26090240478516,56.09600067138672
519.1973876953125,86.03279876708984,71.743896484375,59.56999969482422
516.7681274414062,83.78669738769531,72.5062026977539,60.965301513671875
512.898681640625,85.03040313720703,73.28600311279297,60.944000244140625
509.2666931152344,81.89969635009766,69.04889678955078,57.72949981689453
510.8706970214844,80.55870056152344,66.77649688720703,61.5635986328125
505.9751892089844,77.64450073242188,65.91999816894531,62.47480010986328
501.71490478515625,77.50499725341797,67.25990295410156,62.58760070800781
497.4607849121094,75.79530334472656,64.04100036621094,62.84360122680664
492.3505859375,77.2802963256836,62.28860092163086,59.1260986328125
489.955810546875,78.42340087890625,60.29399871826172,59.44770050048828
485.4028015136719,79.25550079345703,60.55910110473633,60.24470138549805
476.0148010253906,79.1353988647461,63.912200927734375,59.85150146484375
473.3522033691406,81.13870239257812,61.27629852294922,57.955101013183594
466.5535888671875,84.3031997680664,61.88600158691406,54.629798889160156
463.7090148925781,83.00689697265625,58.09189987182617,55.52220153808594
460.952392578125,89.19529724121094,57.35319900512695,50.29899978637695
455.1321105957031,87.55940246582031,59.104698181152344,55.735801696777344
449.3497009277344,88.34100341796875,62.96369934082031,58.542999267578125
449.1958923339844,90.05020141601562,60.55509948730469,56.22819900512695
447.4869079589844,92.05500030517578,58.70690155029297,56.1869010925293
443.001708984375,94.9990005493164,57.73139953613281,56.591800689697266
441.58538818359375,96.87999725341797,52.80659866333008,56.447898864746094
437.276611328125,100.2217025756836,55.59149932861328,55.31399917602539
431.30230712890625,104.4655990600586,55.161800384521484,54.60219955444336
430.0491027832031,106.12629699707031,52.657501220703125,52.115501403808594
427.1896057128906,107.02839660644531,52.56829833984375,53.12590026855469
421.2013854980469,105.18389892578125,54.532501220703125,53.61000061035156
420.85870361328125,106.77410125732422,52.73749923706055,51.73139953613281
416.6268005371094,108.17430114746094,54.45399856567383,51.65359878540039
414.0516052246094,105.72570037841797,55.218299865722656,55.05419921875
411.53680419921875,104.54080200195312,55.532901763916016,55.62919998168945
407.1142883300781,103.35579681396484,57.46760177612305,57.47060012817383
405.86810302734375,101.73210144042969,55.19499969482422,58.293399810791016
403.3160095214844,103.02330017089844,55.013999938964844,55.889801025390625
400.7576904296875,100.74559783935547,53.46120071411133,54.72529983520508
398.4171142578125,97.19869995117188,54.20320129394531,54.76390075683594
392.2786865234375,96.06009674072266,54.92499923706055,55.51839828491211
384.3511962890625,93.88629913330078,57.970401763916016,56.72460174560547
375.07391357421875,89.11470031738281,59.8203010559082,60.125301361083984
365.4403991699219,85.12000274658203,60.14830017089844,63.21969985961914
363.8916931152344,83.92729949951172,51.377201080322266,60.86130142211914
346.7004089355469,82.9291000366211,58.31460189819336,60.12289810180664
338.2351989746094,81.99639892578125,57.610801696777344,58.30720138549805
328.9840087890625,79.87529754638672,55.4463005065918,56.712100982666016
317.96978759765625,76.88169860839844,56.895599365234375,56.884498596191406
307.0008850097656,75.22319793701172,55.42430114746094,54.678199768066406
298.6507873535156,72.82060241699219,51.7588996887207,54.784000396728516
286.16558837890625,70.80229949951172,54.31480026245117,55.5265007019043
275.5486145019531,69.2123031616211,55.785499572753906,56.472198486328125
264.1239013671875,68.6084976196289,57.15919876098633,58.043800354003906
256.0793151855469,71.07450103759766,57.58869934082031,56.6088981628418
250.106201171875,70.04290008544922,54.972999572753906,59.71310043334961
244.5865936279297,72.27169799804688,53.13850021362305,57.371299743652344
239.0408935546875,73.56729888916016,53.63819885253906,57.17060089111328
235.189697265625,75.3384017944336,54.044498443603516,57.65700149536133
231.4409942626953,78.50990295410156,55.12179946899414,56.09550094604492
229.08880615234375,80.77890014648438,50.69200134277344,54.38869857788086
225.69430541992188,81.34919738769531,50.059200286865234,55.01020050048828
223.60069274902344,83.09870147705078,51.23979949951172,52.85179901123047
221.81039428710938,84.71540069580078,52.14889907836914,53.28300094604492
225.5605010986328,85.50969696044922,48.801300048828125,52.84980010986328
227.29550170898438,87.63150024414062,48.831199645996094,51.243900299072266
231.85910034179688,88.26570129394531,46.05860137939453,52.08440017700195
237.43870544433594,89.06079864501953,45.70719909667969,50.4724006652832
242.7209930419922,88.85389709472656,48.6088981628418,50.73469924926758
249.9521942138672,88.8407974243164,49.001399993896484,48.765499114990234
258.8269958496094,88.38909912109375,45.54280090332031,52.68949890136719
261.5036926269531,86.53150177001953,54.854000091552734,52.57789993286133
275.9848937988281,87.19029998779297,52.421600341796875,52.14820098876953
286.072998046875,83.62950134277344,52.48910140991211,52.51679992675781
298.31500244140625,79.90180206298828,51.66339874267578,53.415401458740234
308.1885070800781,77.22200012207031,55.1526985168457,53.07789993286133
329.63690185546875,76.85079956054688,48.093299865722656,52.25709915161133
332.5643005371094,76.83200073242188,54.14820098876953,52.83470153808594
343.973388671875,74.99019622802734,53.883201599121094,54.15510177612305
355.20721435546875,75.34940338134766,53.885501861572266,54.38349914550781
367.69891357421875,74.32959747314453,51.89590072631836,54.656898498535156
385.880615234375,76.2864990234375,45.13399887084961,53.03580093383789
395.9129943847656,82.6178970336914,45.88650131225586,48.647499084472656
396.82501220703125,78.55660247802734,53.13690185546875,56.68050003051758
400.1888122558594,78.07279968261719,56.45159912109375,56.73249816894531
409.4656982421875,83.15799713134766,54.23630142211914,52.755699157714844
416.3086853027344,85.5602035522461,51.623199462890625,51.6150016784668
421.18780517578125,88.1604995727539,49.519798278808594,51.287899017333984
425.7073974609375,90.91709899902344,47.976898193359375,50.036800384521484
426.36370849609375,92.16929626464844,50.21879959106445,49.99869918823242
427.2605895996094,94.60669708251953,49.82419967651367,47.33810043334961
427.2966003417969,95.99109649658203,49.923301696777344,48.50529861450195
428.9314880371094,97.45089721679688,48.32590103149414,47.8401985168457
428.7616882324219,98.57859802246094,46.941200256347656,48.697200775146484
426.6164855957031,101.62840270996094,49.08810043334961,46.7666015625
427.1310119628906,101.21410369873047,47.11259841918945,48.4015007019043
425.00408935546875,103.24559783935547,47.76319885253906,47.87689971923828
422.1535949707031,103.88999938964844,49.92770004272461,46.90760040283203
424.8232116699219,106.13569641113281,45.74869918823242,45.80690002441406
422.5685119628906,105.08409881591797,46.870601654052734,47.00450134277344
422.94580078125,105.3291015625,45.523799896240234,46.33660125732422
421.21649169921875,107.71620178222656,47.19419860839844,48.807899475097656
424.3987121582031,108.78040313720703,45.41379928588867,47.229400634765625
422.25201416015625,108.80809783935547,46.48720169067383,46.8739013671875
423.906005859375,111.59369659423828,43.605201721191406,44.683799743652344
425.40869140625,112.22019958496094,43.65679931640625,46.45940017700195
423.1650085449219,114.15959930419922,44.41109848022461,44.33919906616211
426.14208984375,116.78450012207031,43.60900115966797,45.77370071411133
422.2492980957031,117.66510009765625,45.09040069580078,42.380001068115234
422.0553894042969,119.15609741210938,46.85580062866211,45.682098388671875
423.1993103027344,118.6614990234375,46.5275993347168,47.620601654052734
420.9602966308594,123.62960052490234,45.7056999206543,43.81290054321289
421.7095947265625,123.5988998413086,45.88330078125,45.58530044555664
417.7569885253906,123.19960021972656,49.67829895019531,47.79240036010742
418.9136047363281,124.00050354003906,46.67620086669922,48.70819854736328
419.9598083496094,127.19740295410156,47.110599517822266,46.25659942626953
420.718994140625,125.18060302734375,46.769500732421875,48.35200119018555
420.0994873046875,127.06919860839844,47.340999603271484,48.263999938964844
421.3434143066406,126.1166000366211,46.71179962158203,48.437801361083984
423.7412109375,128.33580017089844,44.574501037597656,45.2056999206543
421.4403076171875,129.4532012939453,48.102901458740234,44.37409973144531
424.2076110839844,126.74539947509766,46.63779830932617,47.91579818725586
423.2167053222656,126.16590118408203,48.567501068115234,48.90359878540039
421.9139099121094,126.42960357666016,50.11980056762695,47.56840133666992
426.74371337890625,129.20849609375,45.46289825439453,44.54389953613281
428.0663146972656,128.32879638671875,44.85540008544922,44.247100830078125
426.56048583984375,129.53939819335938,47.297698974609375,44.16450119018555
421.7673034667969,128.3903045654297,52.15660095214844,46.30839920043945
425.1133117675781,125.24569702148438,48.8760986328125,50.21080017089844
423.4075012207031,123.9541015625,48.18949890136719,48.34410095214844
425.3312072753906,123.78780364990234,47.5968017578125,53.104801177978516
426.65618896484375,127.53340148925781,47.28810119628906,48.169898986816406
427.99420166015625,128.497802734375,45.7047004699707,48.22309875488281
426.81109619140625,127.43509674072266,45.43220138549805,47.327301025390625
422.81671142578125,126.47239685058594,48.4276008605957,47.983299255371094
423.90521240234375,120.02799987792969,46.912601470947266,55.870601654052734
426.28948974609375,128.1385955810547,45.670501708984375,49.31779861450195
423.05340576171875,125.64360046386719,47.661598205566406,49.5078010559082
423.648193359375,125.72630310058594,48.29069900512695,48.03049850463867
423.61309814453125,124.80750274658203,46.24449920654297,50.012901306152344
422.9812927246094,122.02839660644531,47.942298889160156,51.01169967651367
420.2027893066406,121.79340362548828,50.70709991455078,49.72439956665039
422.9444885253906,122.85420227050781,47.37969970703125,49.94490051269531
421.5235900878906,123.2656021118164,49.43439865112305,50.275901794433594
421.94110107421875,124.20130157470703,49.47880172729492,49.17720031738281
426.3334045410156,124.58679962158203,44.323699951171875,48.26369857788086
430.2489013671875,124.48200225830078,42.58789825439453,46.68960189819336
427.3546142578125,127.56710052490234,46.905799865722656,41.67530059814453
432.1471862792969,124.27639770507812,41.954498291015625,46.19710159301758
428.9679870605469,125.20240020751953,45.83110046386719,39.02909851074219
425.78118896484375,120.38529968261719,50.46179962158203,48.13100051879883
428.939208984375,118.31330108642578,49.12480163574219,51.55569839477539
435.5857849121094,122.46610260009766,42.992401123046875,44.02009963989258
431.18389892578125,119.36759948730469,47.47330093383789,44.99679946899414
436.1158142089844,123.02439880371094,44.859901428222656,43.54100036621094
437.4255065917969,118.54100036621094,45.152801513671875,46.230499267578125
436.1877136230469,118.21369934082031,46.36249923706055,45.245399475097656
439.6119079589844,115.5177001953125,44.902198791503906,45.900001525878906
438.51739501953125,115.52300262451172,46.29600143432617,46.101898193359375
435.54559326171875,114.04399871826172,49.816898345947266,46.51649856567383
437.7012939453125,114.02660369873047,48.020301818847656,45.29010009765625
438.4685974121094,113.46279907226562,48.43429946899414,45.69929885864258
438.3103942871094,113.34040069580078,46.21780014038086,45.352699279785156
439.6991882324219,112.83070373535156,46.23109817504883,45.65660095214844
437.5220947265625,112.24189758300781,47.643699645996094,46.307899475097656
439.2489013671875,112.7833023071289,46.30799865722656,44.076698303222656
439.2196960449219,112.8270034790039,47.119300842285156,47.14509963989258
438.940185546875,112.79060363769531,46.43899917602539,45.91640090942383
438.8265075683594,113.44450378417969,47.680198669433594,45.976898193359375
436.96868896484375,113.94709777832031,48.02980041503906,46.23310089111328
438.81561279296875,113.1592025756836,46.8828010559082,45.53499984741211
438.61920166015625,112.24479675292969,46.7765998840332,47.484798431396484
437.1589050292969,112.72879791259766,48.17210006713867,46.88949966430664
437.6524963378906,113.66600036621094,47.69729995727539,45.28020095825195
437.3965148925781,113.7593002319336,47.408199310302734,45.6328010559082
437.2567138671875,113.6229019165039,46.80540084838867,46.736900329589844
436.1261901855469,114.6447982788086,47.60960006713867,41.30220031738281
438.4106140136719,115.24829864501953,45.949798583984375,46.539398193359375
436.5389099121094,114.81410217285156,46.05080032348633,46.901100158691406
436.9018859863281,114.94349670410156,45.014801025390625,45.82170104980469
435.230712890625,115.9124984741211,48.03120040893555,45.27159881591797
437.035400390625,115.3302001953125,45.457801818847656,46.61669921875
437.1337890625,116.5155029296875,45.17390060424805,45.01599884033203
433.6485900878906,115.63259887695312,47.87300109863281,46.187801361083984
438.05938720703125,116.87159729003906,43.63050079345703,45.25299835205078
434.1274108886719,118.78520202636719,45.79240036010742,43.01919937133789
435.1900939941406,114.7040023803711,37.19779968261719,45.98160171508789
433.2218017578125,116.25520324707031,47.23400115966797,47.95069885253906
435.06878662109375,115.44090270996094,46.72370147705078,45.13050079345703
437.1968078613281,118.30480194091797,45.16310119628906,44.83409881591797
435.2213134765625,114.4375,46.07490158081055,46.389198303222656
436.7680969238281,115.3458023071289,43.7588996887207,45.644798278808594
437.26031494140625,115.75,45.8025016784668,44.52220153808594
434.0415954589844,114.29679870605469,46.843101501464844,46.611000061035156
437.2207946777344,116.97810363769531,47.43989944458008,44.36240005493164
435.21728515625,115.40160369873047,44.310001373291016,48.45209884643555
435.5920104980469,114.54299926757812,44.35969924926758,46.37770080566406
436.9389953613281,117.08910369873047,45.30799865722656,44.206600189208984
431.61590576171875,115.57599639892578,45.1859016418457,45.98680114746094
434.5956115722656,114.78980255126953,45.4994010925293,49.57109832763672
434.88519287109375,116.68939971923828,47.17070007324219,44.89889907836914
437.2525939941406,114.83180236816406,40.34000015258789,46.57889938354492
438.993408203125,117.3656997680664,35.241600036621094,44.189701080322266
428.65728759765625,112.16300201416016,40.35419845581055,51.14739990234375
428.2760925292969,113.55619812011719,49.357200622558594,46.470699310302734
435.5382080078125,114.44339752197266,44.00709915161133,46.97489929199219
436.1370849609375,116.26409912109375,43.13180160522461,44.99810028076172
431.0028991699219,116.61430358886719,48.44340133666992,45.30799865722656
437.6658935546875,114.32460021972656,42.57640075683594,45.06290054321289
434.6370849609375,117.8936996459961,47.07740020751953,46.5635986328125
434.2983093261719,117.00700378417969,47.58940124511719,47.320098876953125
435.73919677734375,116.49569702148438,45.995601654052734,45.69860076904297
436.4382019042969,119.05069732666016,45.39540100097656,45.003501892089844
434.7879943847656,117.81809997558594,46.52669906616211,46.76169967651367
436.2889099121094,116.16709899902344,45.17789840698242,47.19620132446289
436.4884033203125,119.6720962524414,46.42580032348633,43.10639953613281
435.773193359375,117.88510131835938,46.49869918823242,45.760501861572266
436.1933898925781,118.7416000366211,45.65950012207031,42.49639892578125
435.5419006347656,118.2428970336914,46.23500061035156,46.653900146484375
434.61041259765625,115.3042984008789,46.72930145263672,46.905799865722656
438.10211181640625,116.95760345458984,45.602901458740234,45.791099548339844
435.7640075683594,116.95469665527344,46.22200012207031,45.77629852294922
435.0303955078125,116.0374984741211,47.21870040893555,46.61859893798828
435.0788879394531,116.43150329589844,47.146400451660156,45.87459945678711
433.97491455078125,115.68779754638672,48.06930160522461,45.66680145263672
433.6225891113281,115.50830078125,47.38669967651367,45.781700134277344
434.3515930175781,115.64700317382812,47.1973991394043,42.37220001220703
434.7243957519531,115.65170288085938,46.722198486328125,46.24599838256836
432.50201416015625,113.60430145263672,48.513301849365234,47.33150100708008
431.6007995605469,114.45279693603516,49.68050003051758,46.40879821777344
432.85430908203125,113.6875,48.9828987121582,47.74330139160156
432.87890625,112.73680114746094,48.58190155029297,47.12350082397461
434.6438903808594,113.01280212402344,48.450199127197266,48.28960037231445
433.7662048339844,112.90299987792969,49.1609992980957,47.208099365234375
433.3952941894531,111.43209838867188,48.83869934082031,48.775299072265625
436.0321044921875,111.2782974243164,48.70479965209961,48.7681999206543
435.0083923339844,110.30770111083984,49.34560012817383,50.17129898071289
435.09619140625,111.5145034790039,50.76679992675781,49.01350021362305
436.35809326171875,110.5541000366211,47.47330093383789,47.649200439453125
435.0675964355469,111.24530029296875,50.108299255371094,46.306400299072266
433.2976989746094,109.90280151367188,53.71289825439453,50.015899658203125
437.36700439453125,108.07510375976562,49.057098388671875,50.40729904174805
437.1494140625,104.845703125,50.18960189819336,53.55099868774414
435.67718505859375,107.60859680175781,51.056400299072266,50.16669845581055
435.6770935058594,105.66010284423828,52.08330154418945,52.590301513671875
435.80889892578125,104.1614990234375,50.303199768066406,52.99129867553711
439.9258117675781,105.25599670410156,49.32830047607422,52.31700134277344
437.8728942871094,104.57879638671875,50.407100677490234,51.997398376464844
436.3402099609375,105.89520263671875,51.79560089111328,52.05139923095703
433.7359924316406,105.74510192871094,56.29880142211914,53.207298278808594
436.0899963378906,106.20970153808594,52.906700134277344,51.139198303222656
435.8794860839844,106.47810363769531,53.88710021972656,51.2755012512207
438.7565002441406,106.20819854736328,50.75,50.168701171875
438.856689453125,106.56690216064453,50.20719909667969,52.16709899902344
436.36529541015625,107.9021987915039,52.94820022583008,50.80030059814453
437.343505859375,106.13990020751953,51.65760040283203,50.83810043334961
437.331787109375,107.32820129394531,52.16460037231445,52.16230010986328
436.597412109375,107.65789794921875,51.149898529052734,48.429500579833984
436.8587951660156,108.11150360107422,51.11640167236328,49.60820007324219
438.32220458984375,107.70919799804688,50.04280090332031,50.90589904785156
436.6671142578125,108.80919647216797,49.59880065917969,49.436798095703125
437.8699951171875,107.88159942626953,50.48059844970703,50.015098571777344
437.0910949707031,108.82749938964844,49.674198150634766,49.4807014465332
438.9147033691406,108.75350189208984,48.03519821166992,49.68510055541992
439.18798828125,108.57389831542969,48.444801330566406,49.08649826049805
437.9731140136719,108.01480102539062,48.76810073852539,50.62900161743164
438.1081848144531,107.80460357666016,49.712398529052734,50.2765998840332
438.1347961425781,107.7655029296875,50.36429977416992,51.01789855957031
438.93328857421875,108.61209869384766,49.80929946899414,49.03099822998047
438.25860595703125,108.39430236816406,51.35900115966797,50.52939987182617
439.4773864746094,106.94979858398438,51.002899169921875,49.663299560546875
437.24639892578125,107.07530212402344,51.78369903564453,48.309600830078125
438.5721130371094,106.43609619140625,51.214500427246094,51.860599517822266
438.71270751953125,105.93710327148438,50.7422981262207,52.054100036621094
439.5877990722656,105.939697265625,50.27280044555664,52.08879852294922
438.71868896484375,107.8052978515625,50.98740005493164,51.577598571777344
441.0798034667969,107.38189697265625,50.443199157714844,49.499000549316406
440.37420654296875,106.69139862060547,50.76219940185547,50.952598571777344
440.0058898925781,107.19190216064453,51.75410079956055,51.125099182128906
440.4847106933594,107.61380004882812,51.217098236083984,51.41469955444336
439.8760986328125,108.07710266113281,52.0161018371582,51.564300537109375
440.6935119628906,107.84480285644531,52.19049835205078,52.61840057373047
440.5447082519531,108.98560333251953,52.596900939941406,52.21730041503906
440.681884765625,110.10379791259766,52.91490173339844,51.41210174560547
440.106689453125,109.96829986572266,52.634498596191406,52.56209945678711
442.26409912109375,109.64550018310547,51.70220184326172,52.37810134887695
442.8057861328125,111.18609619140625,51.2052001953125,52.458499908447266
445.1788024902344,111.12999725341797,49.68880081176758,52.61479949951172
441.3934020996094,110.3395004272461,53.03450012207031,51.527400970458984
446.0220031738281,110.37560272216797,49.309898376464844,52.982601165771484
442.7650146484375,111.1675033569336,52.419498443603516,52.01409912109375
443.7644958496094,108.9926986694336,52.14500045776367,53.109901428222656
445.3044128417969,107.73560333251953,50.88050079345703,53.9026985168457
445.3445129394531,107.62969970703125,51.63750076293945,53.25419998168945
444.0693054199219,107.03260040283203,55.518001556396484,49.02349853515625
447.60198974609375,105.57510375976562,51.77859878540039,53.459999084472656
447.0050964355469,104.71929931640625,53.052101135253906,52.687198638916016
446.7301025390625,104.61959838867188,54.06779861450195,51.30659866333008
448.4740905761719,103.4708023071289,53.325801849365234,52.89419937133789
448.9495849609375,102.38849639892578,53.66939926147461,54.41450119018555
448.38848876953125,101.97830200195312,54.225399017333984,53.643001556396484
448.494384765625,100.64530181884766,54.802101135253906,54.57500076293945
451.09100341796875,101.91690063476562,54.34489822387695,55.147701263427734
450.4910888671875,100.26830291748047,54.166900634765625,55.77669906616211
448.84869384765625,101.53160095214844,57.21979904174805,51.694698333740234
451.5143127441406,100.67639923095703,55.334800720214844,55.92319869995117
451.0378112792969,100.214599609375,54.77119827270508,54.84659957885742
451.08349609375,99.65440368652344,55.900699615478516,55.854801177978516
450.8835144042969,101.3904037475586,55.00149917602539,53.872501373291016
449.8351135253906,101.20800018310547,57.56060028076172,55.84700012207031
452.1658020019531,99.2605972290039,54.665000915527344,53.99100112915039
451.6557922363281,102.97720336914062,54.90370178222656,53.69369888305664
451.9844055175781,99.4677963256836,54.35129928588867,56.462501525878906
449.99359130859375,102.12249755859375,59.66569900512695,53.404701232910156
449.14569091796875,102.95980072021484,57.270198822021484,52.884700775146484
448.5492858886719,101.07659912109375,56.52050018310547,52.587501525878906
446.74700927734375,99.16909790039062,61.20790100097656,58.24369812011719
446.16119384765625,97.19180297851562,60.29859924316406,57.84870147705078
447.4639892578125,100.38030242919922,60.72060012817383,55.664398193359375
448.4350891113281,98.06400299072266,57.08729934692383,56.82460021972656
448.3494873046875,99.71869659423828,59.6431999206543,55.86669921875
448.7361145019531,96.7957992553711,57.15729904174805,59.207801818847656
446.47918701171875,101.37079620361328,59.87860107421875,56.23469924926758
449.76910400390625,97.05909729003906,57.95090103149414,60.5718994140625
446.7012939453125,97.37989807128906,61.546600341796875,55.40620040893555
446.58099365234375,100.5010986328125,63.94380187988281,54.94889831542969
448.2583923339844,95.70079803466797,57.59379959106445,59.40679931640625
448.46728515625,99.83000183105469,57.72600173950195,56.75630187988281
447.2336120605469,98.07050323486328,58.80659866333008,56.99980163574219
447.94488525390625,99.6843032836914,57.70719909667969,57.11949920654297
448.9049987792969,101.50039672851562,54.742801666259766,53.242000579833984
450.0956115722656,101.8739013671875,53.15340042114258,53.720401763916016
449.8066101074219,101.17340087890625,51.31529998779297,52.60960006713867
449.3988037109375,102.37059783935547,53.50310134887695,50.104400634765625
448.6820068359375,101.20269775390625,51.89569854736328,52.04840087890625
447.87420654296875,101.42130279541016,51.48469924926758,51.72019958496094
448.3092956542969,100.57009887695312,51.03269958496094,50.872100830078125
447.6966857910156,101.49430084228516,49.79050064086914,51.014400482177734
444.5096130371094,102.36720275878906,51.58430099487305,47.69179916381836
445.4495849609375,100.82939910888672,50.74980163574219,51.371700286865234
444.84429931640625,101.27290344238281,50.55979919433594,50.832298278808594
443.3595886230469,103.12319946289062,50.393001556396484,49.5614013671875
443.8490905761719,103.03780364990234,48.34659957885742,49.74169921875
442.310302734375,103.08889770507812,48.36539840698242,51.12089920043945
443.3196105957031,104.8499984741211,47.52939987182617,48.415401458740234
440.7557067871094,108.43830108642578,49.44810104370117,44.10300064086914
440.4252014160156,107.36479949951172,48.63240051269531,48.01789855957031
439.65771484375,106.69950103759766,48.44670104980469,47.94309997558594
439.3316955566406,110.92050170898438,47.12139892578125,42.47679901123047
437.9762878417969,110.69080352783203,47.71780014038086,46.29779815673828
439.57720947265625,111.73650360107422,45.422000885009766,46.089298248291016
438.6759033203125,111.10070037841797,45.60490036010742,46.23270034790039
437.893310546875,113.64119720458984,44.9567985534668,44.662200927734375
437.87060546875,113.36489868164062,45.374000549316406,46.430301666259766
436.3940124511719,112.6427001953125,45.711700439453125,44.98870086669922
436.1687927246094,115.30460357666016,47.18899917602539,45.09109878540039
435.5340881347656,111.61979675292969,47.99909973144531,48.544898986816406
435.264892578125,113.32080078125,47.95610046386719,45.8650016784668
437.5408935546875,112.34739685058594,45.86349868774414,47.80619812011719
438.0851135253906,111.44380187988281,48.77349853515625,48.422401428222656
439.2792053222656,111.35240173339844,47.037200927734375,48.772499084472656
436.6409912109375,109.22969818115234,50.30379867553711,48.75960159301758
439.1559143066406,109.72959899902344,47.0817985534668,47.98789978027344
440.4006042480469,111.48639678955078,47.67539978027344,46.91619873046875
440.46881103515625,108.84230041503906,49.0182991027832,49.51490020751953
442.11370849609375,111.26170349121094,47.200801849365234,45.966800689697266
440.73260498046875,106.60240173339844,48.9109992980957,51.21580123901367
439.60260009765625,108.56900024414062,50.53450012207031,47.78799819946289
443.5176086425781,111.07610321044922,47.088199615478516,46.21739959716797
441.7333068847656,108.72679901123047,46.674400329589844,47.272300720214844
438.0765075683594,110.36910247802734,53.36539840698242,46.72779846191406
443.1622009277344,109.32839965820312,46.20069885253906,45.41469955444336
441.7774963378906,108.51799774169922,47.86589813232422,47.367000579833984
439.8835144042969,108.82160186767578,48.96419906616211,45.85940170288086
443.7384948730469,105.82589721679688,46.608699798583984,50.09280014038086
441.8280029296875,110.04429626464844,46.21989822387695,44.98139953613281
440.33770751953125,109.29810333251953,47.6796989440918,45.03820037841797
439.78009033203125,108.37889862060547,48.40019989013672,46.6151008605957
438.7659912109375,106.33110046386719,46.99259948730469,48.5458984375
443.031005859375,105.96320343017578,44.27629852294922,48.22480010986328
440.66461181640625,106.73580169677734,45.94850158691406,47.58369827270508
441.06671142578125,106.80159759521484,46.53519821166992,47.85179901123047
440.8550109863281,106.443603515625,47.26129913330078,45.89780044555664
439.2455139160156,106.18679809570312,49.46289825439453,48.80739974975586
441.9307861328125,104.86650085449219,47.805301666259766,51.16630172729492
439.9112854003906,102.01139831542969,48.924198150634766,53.99169921875
439.28460693359375,106.87030029296875,50.456298828125,48.019798278808594
439.28460693359375,106.03479766845703,49.45500183105469,49.05459976196289
440.68328857421875,103.19010162353516,49.2681999206543,51.47760009765625
439.06781005859375,104.06900024414062,51.45050048828125,51.839298248291016
440.4732971191406,103.1718978881836,48.238399505615234,52.5525016784668
440.2966003417969,102.45130157470703,48.84170150756836,50.76649856567383
439.28338623046875,102.53479766845703,50.337100982666016,50.647300720214844
439.5679931640625,98.14199829101562,50.97829818725586,53.81850051879883
443.0216064453125,98.17729949951172,48.11439895629883,55.285701751708984
438.8642883300781,103.42379760742188,53.87929916381836,47.06549835205078
442.7681884765625,97.83899688720703,47.212100982666016,51.3828010559082
441.85919189453125,100.86720275878906,48.93090057373047,50.8921012878418
441.1463928222656,101.94709777832031,49.917598724365234,50.14590072631836
441.44940185546875,100.5813980102539,48.46549987792969,50.22570037841797
439.44329833984375,104.79119873046875,52.68159866333008,46.69430160522461
443.6026916503906,103.5770034790039,48.18960189819336,46.903900146484375
441.4327087402344,105.60399627685547,47.69329833984375,41.363800048828125
441.74591064453125,102.99009704589844,48.266700744628906,47.44449996948242
442.0542907714844,102.63619995117188,47.75579833984375,45.678001403808594
442.35009765625,101.5927963256836,47.715599060058594,47.63679885864258
440.9023132324219,101.23819732666016,48.537498474121094,47.624698638916016
442.3662109375,98.7177963256836,48.78850173950195,48.21870040893555
443.00311279296875,100.34989929199219,46.669898986816406,48.5614013671875
440.1549987792969,100.92479705810547,48.90800094604492,46.21229934692383
440.6787109375,95.64779663085938,47.75640106201172,51.259498596191406
439.9306945800781,101.13929748535156,47.605098724365234,44.048301696777344
438.0657958984375,97.68840026855469,47.65129852294922,46.277400970458984
437.4364013671875,93.92120361328125,46.08890151977539,50.570899963378906
436.94281005859375,93.81839752197266,46.1953010559082,48.525299072265625
434.42279052734375,94.43489837646484,46.45830154418945,47.34560012817383
432.97210693359375,90.83560180664062,45.483299255371094,49.22700119018555
431.5127868652344,94.78230285644531,44.0099983215332,43.81449890136719
428.04290771484375,92.14610290527344,46.22380065917969,44.99359893798828
423.85760498046875,91.9894027709961,48.1068000793457,45.192100524902344
420.08221435546875,92.7520980834961,50.735801696777344,44.22570037841797
420.4507141113281,90.55509948730469,47.76060104370117,45.309600830078125
419.940185546875,90.06300354003906,46.46260070800781,44.13090133666992
418.2488098144531,88.4269027709961,47.82550048828125,46.29309844970703
415.747802734375,87.31700134277344,51.0625,48.06449890136719
418.31610107421875,89.19509887695312,46.23910140991211,45.370201110839844
417.0335998535156,88.24189758300781,48.2489013671875,47.511600494384766
417.787109375,88.61869812011719,46.551998138427734,47.296199798583984
416.96490478515625,88.32170104980469,47.766998291015625,49.6254997253418
418.2314147949219,90.61640167236328,46.9275016784668,47.595699310302734
417.0089111328125,92.0166015625,48.132301330566406,48.1885986328125
413.5492858886719,92.91649627685547,51.78200149536133,46.382598876953125
415.89019775390625,95.51470184326172,50.444698333740234,47.34370040893555
417.69659423828125,97.7958984375,48.291099548339844,45.2322998046875
415.9952087402344,98.69309997558594,50.225399017333984,44.59230041503906
415.72021484375,99.06120300292969,50.54949951171875,45.85369873046875
416.1296081542969,100.6720962524414,51.87409973144531,46.000099182128906
415.1452941894531,99.39399719238281,50.655799865722656,46.617000579833984
417.3348083496094,99.591796875,48.04249954223633,47.51580047607422
417.4483947753906,97.7885971069336,48.544700622558594,49.920799255371094
417.23858642578125,97.70670318603516,47.87879943847656,50.08769989013672
415.8699951171875,95.41780090332031,50.43429946899414,51.65840148925781
416.2502136230469,96.11979675292969,48.77920150756836,51.66389846801758
416.8328857421875,96.68289947509766,48.612701416015625,52.130699157714844
416.349609375,96.4646987915039,48.169498443603516,51.611698150634766
416.8540954589844,97.4386978149414,48.667598724365234,51.037200927734375
417.27459716796875,97.86060333251953,47.445098876953125,49.846099853515625
416.5238037109375,97.08809661865234,48.04890060424805,50.11899948120117
416.5176086425781,96.59369659423828,46.676700592041016,47.62220001220703
416.4399108886719,92.9645004272461,48.52050018310547,52.29909896850586
415.4648132324219,93.45829772949219,48.0797004699707,49.26810073852539
416.8369140625,91.87339782714844,47.00749969482422,47.8135986328125
416.1235046386719,87.38700103759766,48.191200256347656,49.78120040893555
414.41571044921875,85.7251968383789,50.58290100097656,50.840999603271484
415.1600036621094,85.16619873046875,50.58290100097656,46.186500549316406
416.3049011230469,83.79900360107422,50.10860061645508,49.35219955444336
416.1263122558594,82.1729965209961,49.74549865722656,48.21120071411133
418.34820556640625,78.94319915771484,50.40489959716797,49.214599609375
418.7773132324219,78.76219940185547,48.10139846801758,47.772098541259766
422.2591857910156,76.67050170898438,47.623600006103516,50.65850067138672
424.1119079589844,79.52110290527344,45.03350067138672,44.61360168457031
425.71868896484375,77.76300048828125,47.35689926147461,48.2588005065918
430.2759094238281,79.25029754638672,45.61579895019531,45.639400482177734
431.62091064453125,75.98049926757812,45.61880111694336,48.24789810180664
432.65850830078125,77.54290008544922,45.96780014038086,44.02159881591797
435.7782897949219,74.68229675292969,45.976600646972656,46.937599182128906
439.7466125488281,73.8207015991211,45.959800720214844,49.437599182128906
439.4783020019531,58.09809875488281,49.413299560546875,66.3864974975586
442.03759765625,73.57589721679688,47.374298095703125,47.60100173950195
445.68719482421875,71.73079681396484,48.10060119628906,47.555198669433594
448.4377136230469,70.45890045166016,46.38479995727539,47.36600112915039
450.406005859375,71.756103515625,47.759300231933594,45.685298919677734
453.2322082519531,72.91410064697266,45.279701232910156,43.87839889526367
455.5613098144531,69.76229858398438,44.36069869995117,48.313899993896484
456.2403869628906,68.43659973144531,46.55860137939453,47.95669937133789
457.4049072265625,70.0271987915039,45.639198303222656,46.00640106201172
458.1662902832031,67.96179962158203,45.543701171875,45.933101654052734
458.6444091796875,68.18620300292969,45.772300720214844,48.41889953613281
457.15130615234375,67.6520004272461,48.17850112915039,46.91600036621094
456.6907958984375,67.53910064697266,48.5099983215332,45.87459945678711
458.6570129394531,67.03610229492188,47.06039810180664,47.95309829711914
454.9989013671875,70.35050201416016,47.794898986816406,43.290000915527344
454.72589111328125,67.95709991455078,48.72380065917969,45.86259841918945
453.59320068359375,66.331298828125,48.16809844970703,49.9640007019043
451.4078063964844,68.17510223388672,48.320701599121094,48.783199310302734
449.62701416015625,69.36019897460938,49.223899841308594,49.5547981262207
448.4385986328125,70.16500091552734,48.627201080322266,49.94990158081055
446.9827880859375,70.84609985351562,47.867401123046875,51.26599884033203
443.9533996582031,71.76290130615234,50.94710159301758,50.677101135253906
443.68890380859375,72.81610107421875,49.06930160522461,51.43199920654297
440.6619873046875,70.96109771728516,50.42259979248047,52.2760009765625
439.4032897949219,71.93329620361328,49.656898498535156,52.584800720214844
437.25628662109375,76.2040023803711,50.03559875488281,48.79949951171875
436.805908203125,75.91010284423828,51.059898376464844,49.794700622558594
437.1889953613281,77.33219909667969,49.94580078125,49.299198150634766
433.41229248046875,76.62779998779297,52.857601165771484,52.0817985534668
431.4736022949219,74.69200134277344,53.9552001953125,54.765201568603516
435.647705078125,79.07980346679688,50.25849914550781,50.88890075683594
433.72509765625,79.22350311279297,49.67620086669922,50.99570083618164
432.0328063964844,79.34760284423828,51.56079864501953,51.74549865722656
431.7309875488281,81.02449798583984,52.175498962402344,50.73849868774414
425.2703857421875,78.80770111083984,58.53969955444336,55.240299224853516
417.74578857421875,72.402099609375,64.97720336914062,64.46260070800781
420.1919860839844,72.04560089111328,62.61180114746094,64.3551025390625
421.95379638671875,66.99710083007812,60.03120040893555,65.91649627685547
422.3291931152344,77.67890167236328,60.094398498535156,58.08509826660156
420.8494873046875,79.82279968261719,60.900901794433594,57.21500015258789
422.86871337890625,73.52619934082031,58.21099853515625,63.78929901123047
421.3674011230469,75.37950134277344,59.7234992980957,61.06119918823242
419.847412109375,69.40540313720703,61.09939956665039,65.39600372314453
419.2919921875,71.73090362548828,62.731998443603516,62.84880065917969
422.2701110839844,76.13300323486328,59.13570022583008,58.95600128173828
422.0237121582031,77.9093017578125,58.99580001831055,56.71670150756836
424.8573913574219,75.57129669189453,57.395198822021484,55.93939971923828
424.8487854003906,77.6593017578125,57.06480026245117,54.06589889526367
421.96990966796875,74.24340057373047,60.04759979248047,56.98609924316406
426.5758056640625,73.8561019897461,56.62649917602539,56.39759826660156
427.6874084472656,75.6688003540039,56.84349822998047,53.555198669433594
429.58380126953125,77.94409942626953,54.41550064086914,51.32789993286133
430.5382080078125,77.6270980834961,54.157798767089844,50.71480178833008
429.8677062988281,76.93939971923828,54.96269989013672,51.323299407958984
431.6236877441406,76.29660034179688,52.980201721191406,52.33689880371094
430.87200927734375,75.55259704589844,52.66360092163086,53.155399322509766
431.1033935546875,77.13289642333984,51.6150016784668,52.415000915527344
426.94659423828125,78.23059844970703,56.21440124511719,51.32979965209961
426.5780029296875,78.58309936523438,53.35329818725586,51.37200164794922
425.67291259765625,78.62439727783203,53.14649963378906,53.00279998779297
422.423095703125,78.70349884033203,54.032501220703125,53.18090057373047
420.462890625,79.73909759521484,54.10179901123047,53.0806999206543
417.4543151855469,81.22679901123047,54.5099983215332,53.28519821166992
414.6046142578125,82.95020294189453,54.00960159301758,54.11249923706055
413.0740966796875,83.50520324707031,53.47840118408203,55.50849914550781
408.9327087402344,87.03990173339844,54.175498962402344,54.418800354003906
406.2554931640625,88.83280181884766,54.152801513671875,55.70880126953125
402.8966979980469,89.81829833984375,53.73210144042969,56.62950134277344
398.10980224609375,92.83480072021484,56.32500076293945,54.633399963378906
395.2200012207031,95.69889831542969,52.73419952392578,54.95920181274414
390.2956848144531,97.31659698486328,55.46120071411133,56.69129943847656
383.4372863769531,100.14510345458984,54.92879867553711,55.94860076904297
