1
380.4825134277344,82.56199645996094,88.87960052490234,121.11309814453125
379.8222961425781,83.68499755859375,90.76249694824219,122.4729995727539
379.5421142578125,84.46209716796875,91.01270294189453,122.22899627685547
379.6965026855469,85.23359680175781,91.49400329589844,122.9885025024414
379.6393127441406,86.93720245361328,93.6593017578125,123.44170379638672
380.8648986816406,87.51010131835938,94.48670196533203,122.31390380859375
380.15130615234375,89.2739028930664,96.35140228271484,122.1093978881836
381.8962097167969,89.83370208740234,96.3760986328125,122.75579833984375
381.9280090332031,90.25640106201172,99.30169677734375,125.78829956054688
384.1809997558594,90.34010314941406,97.05269622802734,124.23600006103516
383.9224853515625,92.4884033203125,97.83439636230469,122.81379699707031
383.9931945800781,92.58609771728516,98.82369995117188,123.90249633789062
384.2681884765625,91.96720123291016,98.28289794921875,123.79920196533203
385.1673889160156,92.18699645996094,98.24410247802734,124.80989837646484
385.1830139160156,92.24410247802734,97.11759948730469,123.37999725341797
385.9664001464844,92.59590148925781,96.00740051269531,123.98100280761719
386.37939453125,93.04540252685547,96.96910095214844,123.05249786376953
386.190185546875,92.6957015991211,95.85389709472656,122.82319641113281
385.455810546875,91.77780151367188,94.97689819335938,124.11100006103516
386.7424011230469,92.19660186767578,94.25350189208984,125.572998046875
386.19061279296875,92.53289794921875,92.7208023071289,124.19349670410156
387.3111877441406,91.70559692382812,90.8823013305664,125.7177963256836
388.15069580078125,91.6072006225586,89.82749938964844,126.34729766845703
389.3116149902344,92.4448013305664,88.38749694824219,128.1157989501953
389.2290954589844,91.65080261230469,87.85859680175781,127.23639678955078
391.3760070800781,92.12470245361328,86.41500091552734,127.52629852294922
393.6972961425781,92.66619873046875,83.56179809570312,127.70980072021484
396.4827880859375,92.63719940185547,82.22270202636719,126.29930114746094
397.03619384765625,93.57649993896484,79.49849700927734,125.28810119628906
400.96978759765625,94.29940032958984,75.85559844970703,124.82879638671875
401.2190856933594,93.46589660644531,73.70929718017578,126.18379974365234
403.3067932128906,93.59030151367188,72.8906021118164,125.37460327148438
402.3670959472656,93.7761001586914,72.28119659423828,125.72129821777344
403.5368957519531,92.90699768066406,71.2562026977539,127.17919921875
402.647705078125,92.95159912109375,71.2510986328125,127.0448989868164
403.80810546875,92.6781997680664,70.85559844970703,127.15160369873047
403.1702880859375,92.935302734375,71.48989868164062,126.29859924316406
404.61370849609375,92.32520294189453,70.75489807128906,125.77330017089844
404.22479248046875,92.40190124511719,70.51110076904297,126.32060241699219
405.8848876953125,91.38860321044922,70.92630004882812,127.30750274658203
404.3443908691406,91.19940185546875,72.1500015258789,126.90619659423828
405.18389892578125,92.22720336914062,72.31320190429688,126.99210357666016
405.8931884765625,91.55699920654297,70.41010284423828,127.79769897460938
407.243896484375,92.34269714355469,68.9540023803711,127.47329711914062
408.1868896484375,92.15039825439453,66.44149780273438,127.57869720458984
410.5845031738281,92.68099975585938,60.47119903564453,126.20259857177734
410.2734069824219,92.90239715576172,59.239601135253906,125.26280212402344
412.65289306640625,92.38099670410156,56.76570129394531,125.93609619140625
411.96380615234375,92.51689910888672,54.6077995300293,126.16210174560547
412.8678894042969,92.23899841308594,55.5723991394043,125.4635009765625
413.9486083984375,93.18550109863281,53.3744010925293,124.79049682617188
415.2701110839844,92.2520980834961,51.307701110839844,125.45240020751953
413.81451416015625,92.64769744873047,52.89870071411133,126.34660339355469
417.69488525390625,91.48190307617188,48.3302001953125,125.6531982421875
415.8565979003906,92.69290161132812,49.59379959106445,125.32550048828125
416.8468017578125,92.37960052490234,48.72880172729492,125.481201171875
417.34588623046875,91.96739959716797,47.504798889160156,125.5968017578125
418.7690124511719,92.61270141601562,45.08689880371094,124.71769714355469
421.3612976074219,91.8541030883789,43.13410186767578,125.31120300292969
423.90289306640625,91.58470153808594,39.150901794433594,124.62770080566406
426.1033020019531,90.97419738769531,36.72909927368164,124.63600158691406
428.110107421875,91.0448989868164,34.64759826660156,125.45390319824219
430.9197998046875,91.01190185546875,31.22089958190918,123.54509735107422
432.37890625,90.67240142822266,29.381799697875977,122.55979919433594
433.3999938964844,91.70580291748047,30.624900817871094,121.28389739990234
434.8429870605469,89.10910034179688,32.00859832763672,122.53399658203125
436.3590087890625,87.79460144042969,33.60110092163086,122.75299835205078
434.4642028808594,86.62470245361328,37.10459899902344,123.12129974365234
434.33331298828125,86.42669677734375,39.27510070800781,122.44120025634766
434.9219055175781,85.23750305175781,41.019901275634766,122.40740203857422
434.9302062988281,85.69270324707031,44.349700927734375,123.1511001586914
435.2185974121094,85.16169738769531,45.164100646972656,121.93890380859375
434.3746032714844,84.76570129394531,49.910301208496094,119.83399963378906
432.85589599609375,84.21839904785156,55.022499084472656,120.41290283203125
433.3136901855469,83.77010345458984,57.26250076293945,120.62020111083984
432.7461853027344,83.22730255126953,60.55550003051758,119.66300201416016
430.2579040527344,83.60880279541016,63.718299865722656,119.61620330810547
429.65679931640625,84.37000274658203,67.22370147705078,119.34989929199219
427.8149108886719,84.02490234375,70.70570373535156,119.84410095214844
427.7477111816406,86.88839721679688,72.74639892578125,116.47959899902344
427.42498779296875,86.7948989868164,74.33059692382812,116.1686019897461
427.3409118652344,87.443603515625,74.51390075683594,115.0979995727539
427.3622131347656,88.418701171875,76.93360137939453,114.6803970336914
425.9891052246094,87.21410369873047,78.61280059814453,116.38919830322266
426.07501220703125,88.20919799804688,79.39320373535156,115.05290222167969
425.6817932128906,88.53939819335938,80.66329956054688,114.99810028076172
424.0640869140625,88.12470245361328,83.13880157470703,114.71990203857422
423.0834045410156,89.2344970703125,85.53739929199219,113.75659942626953
423.42498779296875,89.71050262451172,85.96260070800781,113.09310150146484
421.5419006347656,90.9208984375,87.71720123291016,112.30460357666016
421.69378662109375,91.57260131835938,88.19779968261719,112.21040344238281
418.9035949707031,91.85389709472656,91.62889862060547,112.81710052490234
419.5303955078125,93.56189727783203,91.0864028930664,111.45989990234375
417.1947937011719,94.15619659423828,93.86949920654297,112.43309783935547
416.0954895019531,94.7666015625,95.88529968261719,111.09490203857422
414.184814453125,95.79810333251953,97.21900177001953,110.49440002441406
414.1065979003906,96.37120056152344,99.55690002441406,109.75759887695312
412.6246032714844,96.48030090332031,102.07140350341797,110.86009979248047
410.9836120605469,98.28040313720703,103.0770034790039,109.73770141601562
409.7283935546875,99.52220153808594,105.01419830322266,109.08719635009766
409.19830322265625,99.49720001220703,106.98970031738281,108.11830139160156
408.4861145019531,100.39340209960938,107.94830322265625,109.41210174560547
408.5137939453125,100.6261978149414,107.61910247802734,107.79499816894531
408.09869384765625,101.86190032958984,108.08200073242188,108.39179992675781
407.71319580078125,102.5978012084961,107.74949645996094,106.95580291748047
407.794189453125,103.13729858398438,108.30000305175781,108.1803970336914
407.6925048828125,103.22779846191406,109.36060333251953,107.00959777832031
407.6510009765625,104.60199737548828,108.41000366210938,105.57160186767578
406.45269775390625,105.73100280761719,108.9021987915039,105.222900390625
406.4971923828125,106.0188980102539,108.35050201416016,102.88009643554688
405.35760498046875,107.03089904785156,109.34539794921875,100.97850036621094
404.0779113769531,108.7853012084961,110.04119873046875,97.23789978027344
404.2777099609375,110.8584976196289,113.88050079345703,94.0459976196289
404.8476867675781,112.01090240478516,114.38459777832031,91.98470306396484
404.5296936035156,111.21730041503906,115.87020111083984,92.56990051269531
405.1059875488281,112.53130340576172,115.95899963378906,91.61299896240234
406.0198059082031,112.29679870605469,116.25740051269531,91.23269653320312
406.5255126953125,112.30229949951172,117.45809936523438,90.714599609375
406.4559020996094,112.61710357666016,115.44550323486328,90.91449737548828
406.1654052734375,112.29640197753906,119.20890045166016,91.25540161132812
406.4642028808594,112.45089721679688,117.1259994506836,91.12039947509766
406.06988525390625,112.70099639892578,120.2322998046875,90.92870330810547
406.315185546875,112.29820251464844,118.4884033203125,91.29409790039062
405.29278564453125,113.44180297851562,119.29229736328125,89.76210021972656
405.1011962890625,113.09729766845703,122.65049743652344,91.32150268554688
405.4508056640625,113.0509033203125,122.42040252685547,91.41000366210938
405.2018127441406,113.87830352783203,123.20020294189453,89.78929901123047
405.2283935546875,114.43939971923828,123.72709655761719,89.18560028076172
403.63189697265625,115.04620361328125,126.31950378417969,87.76920318603516
403.22540283203125,115.68599700927734,126.32640075683594,87.10070037841797
402.66180419921875,116.71600341796875,127.38739776611328,87.40619659423828
401.398193359375,116.60430145263672,128.4084930419922,88.04109954833984
402.2712097167969,117.48359680175781,128.1378936767578,88.17749786376953
402.21710205078125,118.01480102539062,129.33619689941406,88.49800109863281
400.1129150390625,119.37039947509766,132.44740295410156,87.63249969482422
399.3037109375,119.38999938964844,133.51559448242188,87.97750091552734
398.7702941894531,120.60679626464844,131.94630432128906,87.8228988647461
399.69970703125,121.25180053710938,132.4080047607422,87.19010162353516
398.4363098144531,122.00420379638672,131.90460205078125,86.314697265625
397.25201416015625,122.53939819335938,131.20790100097656,85.279296875
396.1979064941406,123.37220001220703,132.48590087890625,85.8595962524414
395.01580810546875,124.11609649658203,134.2427978515625,84.79669952392578
393.17559814453125,124.97019958496094,134.83670043945312,83.99700164794922
392.37689208984375,126.01280212402344,136.160400390625,82.72730255126953
389.0580139160156,126.46739959716797,138.95469665527344,82.75810241699219
390.46160888671875,127.97129821777344,135.8446044921875,81.61150360107422
387.8302917480469,126.54969787597656,137.32080078125,83.47830200195312
386.73480224609375,127.9176025390625,138.83709716796875,81.70580291748047
385.184814453125,129.65750122070312,139.8625946044922,79.79109954833984
382.8334045410156,128.69219970703125,137.2082977294922,77.97200012207031
383.3302917480469,129.18719482421875,134.681396484375,75.30680084228516
380.4751892089844,129.49569702148438,136.64999389648438,75.85489654541016
380.3185119628906,129.9530029296875,138.21240234375,74.14330291748047
378.06280517578125,128.306396484375,140.96279907226562,74.47869873046875
378.95709228515625,128.69940185546875,139.25379943847656,73.54900360107422
379.93890380859375,128.56590270996094,140.1490936279297,73.30370330810547
380.33221435546875,129.95919799804688,140.3314971923828,71.81670379638672
378.54669189453125,128.9777069091797,142.4897003173828,72.22460174560547
379.5763854980469,130.88409423828125,143.09579467773438,69.54229736328125
380.1940002441406,129.87269592285156,144.45030212402344,70.06559753417969
379.9999084472656,130.93829345703125,143.61419677734375,70.6095962524414
380.29998779296875,130.90029907226562,144.1884002685547,69.90560150146484
379.0212097167969,131.1999969482422,144.57620239257812,69.73380279541016
378.92608642578125,131.6884002685547,144.03610229492188,68.51390075683594
377.6308898925781,132.03919982910156,145.84970092773438,67.86540222167969
377.9627990722656,131.7169952392578,145.83349609375,67.64640045166016
381.268798828125,131.7021026611328,143.76739501953125,66.29759979248047
379.8605041503906,133.19740295410156,145.576904296875,64.83660125732422
382.70098876953125,133.8450927734375,148.8892059326172,62.742000579833984
383.0133056640625,133.78610229492188,149.2613983154297,61.71609878540039
384.44720458984375,134.1553955078125,149.46310424804688,61.43980026245117
385.805908203125,134.77569580078125,149.0417022705078,60.323699951171875
387.8616943359375,135.9293975830078,147.1815948486328,59.575599670410156
388.3299865722656,136.1103057861328,143.3553009033203,59.69160079956055
388.8042907714844,137.68460083007812,144.6674041748047,57.35430145263672
390.0354919433594,137.80360412597656,145.81199645996094,56.960201263427734
390.9165954589844,137.9886016845703,145.9062957763672,56.24589920043945
392.4466857910156,138.0511932373047,145.2071990966797,56.121299743652344
392.18701171875,140.30709838867188,145.42559814453125,54.744598388671875
393.6062927246094,140.87339782714844,145.52670288085938,53.8567008972168
392.5591125488281,141.80349731445312,146.45700073242188,54.278900146484375
394.0835876464844,142.80499267578125,148.23460388183594,53.397098541259766
394.6726989746094,142.47340393066406,147.37069702148438,54.12139892578125
396.5802001953125,144.51690673828125,146.3321990966797,52.719200134277344
395.5675964355469,146.26919555664062,147.63479614257812,52.07040023803711
395.9031982421875,146.95640563964844,148.92039489746094,53.035499572753906
398.0028991699219,149.43460083007812,146.85369873046875,51.909400939941406
398.17010498046875,149.85450744628906,148.09739685058594,52.8468017578125
399.0127868652344,151.0706024169922,147.95750427246094,52.23149871826172
397.6355895996094,151.88670349121094,149.18280029296875,50.69670104980469
398.1929016113281,153.55039978027344,149.21080017089844,49.48419952392578
397.06640625,153.6623992919922,149.71780395507812,49.6619987487793
400.4183044433594,153.9654998779297,147.01780700683594,49.53450012207031
397.6177978515625,154.7947998046875,148.1497039794922,47.05099868774414
397.15618896484375,155.9062957763672,148.5377960205078,46.06639862060547
397.3575134277344,157.1916961669922,146.7711944580078,44.04359817504883
396.39111328125,157.47520446777344,146.59620666503906,42.880401611328125
396.99090576171875,157.47509765625,147.8292999267578,42.996299743652344
397.90618896484375,159.60450744628906,146.2373046875,41.15439987182617
397.32659912109375,157.72740173339844,144.4197998046875,40.27349853515625
395.8565979003906,159.6168975830078,147.69119262695312,39.84000015258789
397.9761047363281,160.6378936767578,143.04820251464844,35.770999908447266
397.3494873046875,161.28599548339844,148.63819885253906,35.172401428222656
397.55499267578125,161.81619262695312,148.12939453125,32.97850036621094
397.0028076171875,162.5583038330078,149.76730346679688,32.162200927734375
398.8658142089844,162.30050659179688,148.7451934814453,29.990699768066406
400.7358093261719,162.19110107421875,147.08399963378906,32.91619873046875
399.2956848144531,162.656005859375,150.93089294433594,31.011899948120117
400.3594055175781,162.68569946289062,149.09530639648438,29.892099380493164
401.1534118652344,161.69119262695312,147.1114959716797,30.205900192260742
402.0902099609375,161.6295928955078,146.1165008544922,30.720600128173828
401.8638000488281,162.11329650878906,146.41409301757812,28.87220001220703
402.1773986816406,162.19149780273438,145.05099487304688,29.11009979248047
401.6452941894531,162.27220153808594,145.46929931640625,28.04159927368164
401.4796142578125,161.89930725097656,145.4246063232422,28.853599548339844
400.9320068359375,161.74960327148438,144.5583038330078,28.39900016784668
398.956787109375,161.80859375,144.2042999267578,27.914400100708008
399.59381103515625,159.7406005859375,142.58419799804688,28.08300018310547
398.0921936035156,159.43809509277344,142.91990661621094,27.928199768066406
397.4205017089844,159.4613037109375,139.72850036621094,28.787799835205078
396.3761901855469,159.87139892578125,143.57139587402344,28.892499923706055
394.39599609375,159.6302032470703,144.20620727539062,29.9158992767334
393.30841064453125,158.9532928466797,141.37289428710938,28.898000717163086
390.659912109375,158.643798828125,145.04649353027344,30.948999404907227
389.0447082519531,158.8936004638672,140.81210327148438,28.40920066833496
386.5788879394531,158.45509338378906,144.39320373535156,29.899599075317383
386.48779296875,158.3730926513672,140.93539428710938,28.353599548339844
384.105712890625,158.05520629882812,146.5847930908203,28.987600326538086
382.1025085449219,157.70750427246094,144.2003936767578,29.910600662231445
380.28021240234375,157.32029724121094,153.6909942626953,31.695499420166016
380.0614929199219,157.63980102539062,137.80259704589844,30.366500854492188
378.18438720703125,158.05430603027344,138.9575958251953,29.086000442504883
375.4984130859375,157.97850036621094,141.35079956054688,30.692699432373047
374.0049133300781,158.49789428710938,138.77239990234375,29.535999298095703
369.2449951171875,159.00050354003906,139.78089904785156,31.065799713134766
367.3045959472656,159.72450256347656,139.09140014648438,29.361600875854492
362.3463134765625,160.9582061767578,144.59579467773438,32.007301330566406
360.5740051269531,161.74070739746094,140.7465057373047,29.05739974975586
356.1326904296875,161.86279296875,143.17269897460938,32.04719924926758
354.7637939453125,162.71969604492188,136.75340270996094,30.224000930786133
350.80859375,162.75430297851562,134.79200744628906,29.78219985961914
345.6825866699219,162.25169372558594,139.8820037841797,29.679399490356445
342.164794921875,162.0989990234375,139.19830322265625,31.101299285888672
339.0820007324219,162.0373992919922,138.79739379882812,30.595699310302734
335.1310119628906,161.773193359375,141.5063018798828,31.899999618530273
334.62188720703125,161.13999938964844,144.0341033935547,33.6776008605957
327.0188903808594,161.23330688476562,141.51480102539062,35.141998291015625
322.6995849609375,160.6053924560547,139.88690185546875,39.022701263427734
323.98199462890625,160.3061065673828,138.6822967529297,36.69609832763672
322.6470947265625,159.8092041015625,137.83120727539062,35.042999267578125
316.5715026855469,159.5861053466797,139.4512939453125,39.493099212646484
314.87860107421875,160.00619506835938,138.7346954345703,39.12260055541992
311.11859130859375,160.1676025390625,140.05560302734375,41.78559875488281
307.4065856933594,159.66079711914062,142.5572052001953,40.806400299072266
305.6630859375,160.19769287109375,139.9322052001953,41.014801025390625
304.71600341796875,159.5717010498047,138.7707061767578,39.3661003112793
305.3846130371094,159.73739624023438,135.9449005126953,38.32979965209961
302.7840881347656,160.4700927734375,135.04769897460938,37.76530075073242
303.0068054199219,160.03390502929688,132.64329528808594,41.38710021972656
300.9836120605469,160.22560119628906,133.22689819335938,41.327701568603516
299.46759033203125,160.5283966064453,132.7227020263672,42.1953010559082
296.86199951171875,160.64639282226562,132.1739044189453,38.97330093383789
296.0122985839844,161.8155975341797,130.30349731445312,42.186798095703125
293.9461975097656,162.2624053955078,130.5596923828125,41.476600646972656
292.5174865722656,161.4832000732422,129.71080017089844,42.14799880981445
290.1257019042969,161.2227020263672,130.36459350585938,42.30149841308594
286.7576904296875,162.71519470214844,130.3406982421875,36.240699768066406
284.66229248046875,161.4281005859375,129.3585968017578,41.61579895019531
281.56878662109375,160.44549560546875,130.3614044189453,40.347900390625
279.7047119140625,158.9564971923828,130.39779663085938,43.75170135498047
276.7445983886719,158.2418975830078,131.5592041015625,40.653099060058594
273.9822082519531,156.31829833984375,132.34140014648438,40.868900299072266
271.9773864746094,155.5009002685547,130.45289611816406,46.563201904296875
269.14788818359375,155.19500732421875,132.44639587402344,42.19029998779297
267.45098876953125,154.31289672851562,132.60299682617188,46.69449996948242
264.73760986328125,153.77679443359375,134.5886993408203,43.30390167236328
261.7019958496094,154.3686981201172,133.92669677734375,46.918800354003906
257.7073059082031,153.5363006591797,133.5467071533203,46.25550079345703
254.07749938964844,154.0093994140625,134.51930236816406,45.3583984375
251.74400329589844,154.19430541992188,132.93359375,46.75270080566406
247.09429931640625,154.3618927001953,133.33749389648438,43.98979949951172
244.73629760742188,153.95030212402344,133.02029418945312,45.01900100708008
241.047607421875,154.7270965576172,134.1457061767578,46.070899963378906
235.8656005859375,154.6739959716797,134.9864044189453,44.8484001159668
232.72720336914062,154.27659606933594,135.13380432128906,44.26190185546875
229.4342041015625,155.19290161132812,135.03269958496094,44.5609016418457
225.7559051513672,154.77639770507812,135.25650024414062,44.0093994140625
221.8125,156.05209350585938,135.76370239257812,43.3036994934082
219.3719024658203,155.84230041503906,135.67820739746094,44.11109924316406
216.44200134277344,156.72560119628906,137.82530212402344,43.132598876953125
211.43719482421875,156.89999389648438,138.8695068359375,43.03969955444336
208.5261993408203,158.25439453125,140.05859375,41.56679916381836
206.31900024414062,159.0802001953125,140.82000732421875,40.090301513671875
204.85069274902344,159.1549072265625,138.14920043945312,40.01470184326172
199.55320739746094,159.22369384765625,140.8197021484375,41.097900390625
198.16229248046875,159.81930541992188,137.67410278320312,41.49449920654297
195.30050659179688,159.3466033935547,135.85260009765625,41.27370071411133
191.585693359375,160.05889892578125,136.86669921875,42.17499923706055
187.6136016845703,161.4407958984375,136.8612060546875,42.07830047607422
184.29800415039062,164.164794921875,137.67759704589844,41.055301666259766
181.53909301757812,166.5865020751953,136.9886016845703,37.44879913330078
179.68780517578125,167.57420349121094,135.60330200195312,36.05110168457031
178.50929260253906,168.3009033203125,133.643798828125,35.241600036621094
176.31509399414062,169.19200134277344,134.09519958496094,35.0443000793457
173.0489044189453,169.29690551757812,134.28660583496094,34.1416015625
171.22979736328125,169.44679260253906,135.84669494628906,33.3296012878418
169.4376983642578,169.36680603027344,135.2292022705078,33.59120178222656
168.10560607910156,170.8459930419922,133.7637939453125,31.80590057373047
166.83059692382812,170.9709014892578,136.26400756835938,32.15119934082031
165.2949981689453,170.9810028076172,136.66729736328125,32.3129997253418
163.71299743652344,171.87100219726562,135.9595947265625,31.539600372314453
163.6053924560547,172.45840454101562,136.102294921875,30.1914005279541
163.2030029296875,172.9915008544922,136.02549743652344,30.516199111938477
163.33290100097656,174.14540100097656,134.2996063232422,29.458499908447266
161.71719360351562,174.77650451660156,133.83709716796875,28.16990089416504
156.4152069091797,174.8070068359375,136.7532958984375,28.112699508666992
159.0030975341797,173.9915008544922,134.20919799804688,29.234500885009766
155.48500061035156,173.90330505371094,136.82470703125,29.014299392700195
156.747802734375,172.22779846191406,134.33970642089844,30.220199584960938
155.74899291992188,171.92359924316406,135.910400390625,30.41900062561035
154.2133026123047,171.6569061279297,135.70140075683594,30.225400924682617
152.54190063476562,170.7631072998047,136.343994140625,32.0077018737793
152.7967071533203,171.24180603027344,136.51780700683594,30.943899154663086
152.7220001220703,170.25750732421875,136.72019958496094,31.94580078125
151.49659729003906,170.22720336914062,138.7738037109375,32.411598205566406
152.6472930908203,171.11849975585938,136.73069763183594,31.766799926757812
151.99850463867188,170.76190185546875,137.0388946533203,33.09980010986328
152.0229949951172,171.02569580078125,136.9709014892578,32.999298095703125
151.96180725097656,170.3292999267578,136.84219360351562,33.181400299072266
151.872802734375,169.91180419921875,137.0229949951172,33.59090042114258
151.81410217285156,170.04029846191406,138.26499938964844,32.9822998046875
151.47129821777344,170.19500732421875,136.9501953125,33.29999923706055
151.0334014892578,169.3101043701172,138.04730224609375,34.390899658203125
150.6123046875,168.0135040283203,139.05409240722656,33.98099899291992
149.5771942138672,167.0388946533203,138.7855987548828,35.38199996948242
149.36329650878906,166.72569274902344,141.1204071044922,36.260501861572266
149.10740661621094,166.706298828125,138.73309326171875,37.04180145263672
149.6208953857422,165.798095703125,138.67640686035156,37.911800384521484
148.52239990234375,166.7366943359375,140.55020141601562,37.3109016418457
148.3572998046875,166.29379272460938,139.94219970703125,38.37030029296875
149.51190185546875,167.5590057373047,140.17979431152344,37.3317985534668
148.85409545898438,167.81790161132812,137.03379821777344,36.65739822387695
148.27149963378906,167.62379455566406,142.00790405273438,38.44609832763672
149.33920288085938,167.27090454101562,139.3759002685547,37.61370086669922
148.69610595703125,166.77169799804688,142.4492950439453,39.10609817504883
150.59140014648438,165.4571075439453,140.37030029296875,39.550498962402344
151.7781982421875,166.43370056152344,137.25320434570312,39.185001373291016
151.3450927734375,164.67950439453125,141.914794921875,42.421199798583984
151.3542022705078,164.48089599609375,139.64840698242188,41.751399993896484
151.48739624023438,164.40220642089844,140.34759521484375,42.826499938964844
152.68690490722656,163.7332000732422,140.6551055908203,42.723201751708984
152.49110412597656,163.54730224609375,138.03489685058594,42.475101470947266
155.13499450683594,163.81719970703125,138.91200256347656,42.09479904174805
154.6688995361328,162.98829650878906,138.78379821777344,41.85459899902344
153.97079467773438,163.44830322265625,139.87600708007812,41.74530029296875
155.50050354003906,162.81199645996094,139.618896484375,42.48820114135742
156.88150024414062,162.4741973876953,138.55450439453125,41.252601623535156
156.7888946533203,162.16819763183594,140.42230224609375,42.183799743652344
156.4727020263672,162.48489379882812,141.2657928466797,42.09450149536133
156.9698028564453,162.23019409179688,140.35479736328125,40.27989959716797
157.7947998046875,161.98300170898438,141.66690063476562,40.932701110839844
158.25729370117188,161.9864044189453,141.95469665527344,40.60110092163086
158.9810028076172,161.59109497070312,141.3881072998047,41.69179916381836
158.3509979248047,161.1840057373047,141.17269897460938,42.47959899902344
159.783203125,161.28610229492188,141.98109436035156,42.5620002746582
161.14639282226562,161.43789672851562,140.80209350585938,40.71549987792969
162.9698944091797,162.51719665527344,138.3428955078125,39.019901275634766
162.05490112304688,162.6959991455078,141.0095977783203,37.54690170288086
162.0384979248047,162.875,140.91490173339844,38.11819839477539
163.6707000732422,162.59300231933594,139.52340698242188,36.31990051269531
161.55670166015625,162.23789978027344,141.24429321289062,38.48809814453125
162.72650146484375,162.27740478515625,139.56129455566406,38.43190002441406
164.26919555664062,163.3657989501953,140.94090270996094,37.24489974975586
164.94239807128906,162.57150268554688,139.0644073486328,38.971099853515625
165.64019775390625,162.40879821777344,139.68409729003906,37.6072998046875
166.47430419921875,163.0500946044922,139.42239379882812,38.745201110839844
166.47470092773438,162.54800415039062,141.38079833984375,38.15829849243164
167.92739868164062,160.60130310058594,139.7512969970703,40.66460037231445
166.5124969482422,161.03709411621094,142.6038055419922,39.46110153198242
167.91209411621094,161.3094940185547,141.9691925048828,39.30459976196289
168.40069580078125,160.6999053955078,144.0968017578125,40.40520095825195
169.09469604492188,159.7781982421875,140.61500549316406,39.881099700927734
170.12860107421875,159.56790161132812,140.2465057373047,39.977500915527344
170.5802001953125,158.6092987060547,142.0832061767578,41.4984016418457
170.83009338378906,159.02659606933594,142.70579528808594,41.51179885864258
172.44020080566406,157.75340270996094,141.78660583496094,42.371700286865234
170.7375946044922,157.15660095214844,140.86500549316406,43.25859832763672
172.62890625,156.6562957763672,141.01870727539062,44.19940185546875
174.02920532226562,154.82130432128906,138.99229431152344,45.98609924316406
172.5177001953125,153.9176025390625,138.51759338378906,45.280601501464844
173.9031982421875,152.56849670410156,139.81629943847656,47.2947998046875
174.2552947998047,150.56509399414062,138.66619873046875,48.69620132446289
173.87469482421875,149.54299926757812,139.2082977294922,47.551998138427734
175.9665985107422,148.5290985107422,137.9665985107422,47.74549865722656
175.83189392089844,147.30859375,138.83140563964844,49.03929901123047
175.95790100097656,147.65660095214844,136.32640075683594,48.28020095825195
175.5124969482422,146.55990600585938,137.8791961669922,48.761600494384766
176.79710388183594,146.37399291992188,135.37489318847656,49.0005989074707
176.9904022216797,146.4907989501953,136.63870239257812,48.47249984741211
177.34759521484375,146.9199981689453,135.9188995361328,46.657501220703125
176.9329071044922,147.22369384765625,140.802001953125,46.79909896850586
178.0760040283203,148.673095703125,133.81680297851562,46.920101165771484
178.01539611816406,148.80160522460938,138.14720153808594,48.65850067138672
177.5854034423828,150.4407958984375,136.61509704589844,48.94770050048828
176.05870056152344,151.2281036376953,139.45030212402344,47.82490158081055
177.8925018310547,151.96060180664062,138.73300170898438,46.15719985961914
175.9705047607422,152.01780700683594,138.5343017578125,51.757598876953125
179.3262939453125,153.88330078125,136.0601043701172,46.94779968261719
177.5596923828125,153.40330505371094,139.61509704589844,52.63909912109375
180.6175994873047,155.29310607910156,135.5675048828125,44.304901123046875
176.26339721679688,154.88409423828125,140.37600708007812,51.8744010925293
185.0977020263672,154.7281036376953,132.09469604492188,45.503700256347656
177.9467010498047,154.50259399414062,138.8957977294922,46.55400085449219
177.2397003173828,153.7646026611328,140.6873016357422,53.34519958496094
184.80889892578125,154.5843048095703,133.6302032470703,45.187599182128906
177.83639526367188,155.02760314941406,140.30259704589844,46.911598205566406
177.86819458007812,156.76019287109375,142.11929321289062,44.80860137939453
177.04010009765625,156.9116973876953,141.5709991455078,48.569698333740234
182.1125030517578,156.24209594726562,137.65139770507812,42.47309875488281
177.63409423828125,156.9290008544922,141.0186004638672,43.920101165771484
176.8072967529297,156.3271942138672,142.5177001953125,50.7869987487793
181.5001983642578,156.7664031982422,138.83059692382812,43.64080047607422
177.4062042236328,158.36180114746094,143.25469970703125,44.25559997558594
179.4365997314453,160.95919799804688,143.4477996826172,51.7150993347168
181.71629333496094,162.79660034179688,142.0552978515625,38.4359016418457
180.93179321289062,163.7978057861328,143.0449981689453,38.75849914550781
181.55259704589844,163.99839782714844,141.8092041015625,38.68479919433594
183.2001953125,165.05459594726562,140.39639282226562,36.09960174560547
184.9882049560547,167.65609741210938,139.19970703125,33.64189910888672
185.26480102539062,168.19700622558594,140.3697967529297,34.98429870605469
185.58740234375,168.56910705566406,142.26809692382812,34.54719924926758
185.7812042236328,169.6219940185547,140.6446990966797,35.532100677490234
186.3885040283203,169.7313995361328,140.5565948486328,35.84640121459961
187.20889282226562,169.25680541992188,142.31300354003906,37.141700744628906
189.28770446777344,171.4521026611328,139.1938934326172,36.1343994140625
188.70849609375,170.36270141601562,142.37179565429688,36.1422004699707
191.31149291992188,169.53640747070312,140.21170043945312,37.72549819946289
190.68359375,169.68519592285156,141.14239501953125,37.63399887084961
193.97140502929688,169.70770263671875,139.67129516601562,37.2338981628418
195.3946075439453,170.26480102539062,138.5321044921875,37.546600341796875
193.4376983642578,170.7407989501953,140.9698944091797,37.073699951171875
198.69189453125,172.9813995361328,135.8468017578125,36.823699951171875
198.50360107421875,171.9987030029297,135.94679260253906,37.1692008972168
193.22030639648438,173.04010009765625,141.27999877929688,38.40079879760742
198.0596923828125,175.35589599609375,137.3415069580078,37.15380096435547
199.06199645996094,173.98939514160156,136.3256072998047,39.5984992980957
196.03480529785156,175.89849853515625,139.681396484375,38.890098571777344
195.76519775390625,176.05169677734375,140.42799377441406,38.73270034790039
199.25669860839844,178.00770568847656,136.22720336914062,37.527400970458984
197.46310424804688,178.02549743652344,139.1990966796875,39.538700103759766
196.1508026123047,178.98129272460938,138.4915008544922,36.64720153808594
194.6280059814453,177.9174041748047,141.05209350585938,37.8484001159668
192.82029724121094,177.99769592285156,141.30880737304688,37.152801513671875
194.37489318847656,177.89739990234375,142.11329650878906,36.128501892089844
193.7366943359375,179.34820556640625,142.7958984375,35.699501037597656
194.1376953125,180.1031036376953,140.4842987060547,34.38880157470703
194.7895050048828,180.22450256347656,140.6468963623047,34.04560089111328
195.52920532226562,181.04510498046875,140.80540466308594,33.04280090332031
197.3076934814453,182.4510955810547,139.96310424804688,30.984100341796875
194.8966064453125,181.76519775390625,142.94259643554688,31.774999618530273
195.98370361328125,181.84249877929688,141.39849853515625,31.565200805664062
195.47430419921875,182.43460083007812,141.6053924560547,30.10409927368164
194.9053955078125,182.7292022705078,141.80569458007812,30.40220069885254
199.93829345703125,183.46420288085938,137.12559509277344,29.472000122070312
199.09609985351562,182.67349243164062,137.63890075683594,30.879499435424805
199.10560607910156,181.8708038330078,138.6374969482422,31.07029914855957
198.79800415039062,183.06790161132812,137.9073028564453,30.04520034790039
199.36619567871094,182.3679962158203,137.53219604492188,30.891799926757812
196.8820037841797,182.4532012939453,139.772705078125,31.584800720214844
200.38780212402344,182.75430297851562,136.5540008544922,28.910499572753906
202.11329650878906,181.88279724121094,134.51730346679688,32.85240173339844
203.25970458984375,180.86830139160156,135.29150390625,33.79869842529297
203.5146026611328,180.89540100097656,131.99009704589844,34.635799407958984
200.98789978027344,179.9282989501953,135.25,33.81209945678711
209.2657928466797,180.60910034179688,127.89959716796875,35.74380111694336
213.3424072265625,180.62359619140625,122.80619812011719,31.928699493408203
211.2628936767578,180.02740478515625,123.45169830322266,35.044898986816406
207.35040283203125,178.95419311523438,128.05149841308594,35.86479949951172
205.37860107421875,178.71060180664062,130.60020446777344,35.923099517822266
208.45669555664062,177.73680114746094,127.0188980102539,34.932098388671875
203.20379638671875,176.9947052001953,132.6197967529297,36.46879959106445
208.23199462890625,175.73460388183594,128.4114990234375,37.1411018371582
205.88040161132812,173.58470153808594,130.44540405273438,40.02949905395508
210.39830017089844,170.7642059326172,127.65299987792969,40.312400817871094
206.57229614257812,169.5196990966797,129.17979431152344,43.70389938354492
205.01669311523438,165.6833038330078,132.43499755859375,47.2239990234375
205.72030639648438,165.04879760742188,132.1121063232422,46.49420166015625
200.7908935546875,163.82260131835938,136.15280151367188,48.60639953613281
210.1165008544922,162.99070739746094,126.56050109863281,48.417999267578125
203.2606964111328,161.3596954345703,134.9541015625,51.226600646972656
208.89190673828125,161.2342071533203,128.32269287109375,50.15700149536133
203.7393035888672,158.6782989501953,132.59469604492188,52.69810104370117
211.6396026611328,157.28909301757812,125.69550323486328,52.01750183105469
199.19239807128906,155.7178955078125,140.1844024658203,56.67499923706055
207.88380432128906,152.27650451660156,128.5832977294922,57.948299407958984
204.45469665527344,150.6280059814453,133.82809448242188,59.872100830078125
201.63009643554688,147.9951934814453,135.24000549316406,63.04600143432617
204.59320068359375,144.93170166015625,130.93870544433594,63.85540008544922
200.27529907226562,141.95680236816406,135.71670532226562,68.21099853515625
201.84579467773438,140.06590270996094,132.7238006591797,67.86650085449219
201.42120361328125,137.04730224609375,133.79580688476562,72.17939758300781
199.46839904785156,134.51809692382812,136.24400329589844,75.15489959716797
199.5552978515625,131.2115936279297,134.2664031982422,78.55919647216797
196.33059692382812,128.99110412597656,136.57049560546875,81.03800201416016
196.63980102539062,127.16290283203125,136.49110412597656,82.93460083007812
198.56570434570312,125.1530990600586,132.83700561523438,84.65010070800781
198.59890747070312,123.0114974975586,133.8916015625,84.4677963256836
192.2346954345703,121.32009887695312,137.88169860839844,88.10330200195312
200.65240478515625,118.08260345458984,128.56129455566406,89.71620178222656
197.6051025390625,117.0094985961914,130.31300354003906,90.15049743652344
197.41009521484375,113.70429992675781,130.84849548339844,94.22650146484375
200.4375,111.0261001586914,126.11940002441406,95.45880126953125
199.78329467773438,108.53389739990234,126.49669647216797,95.66419982910156
199.9958953857422,104.5344009399414,125.65229797363281,99.98829650878906
199.7864990234375,101.07460021972656,124.54940032958984,102.58540344238281
198.9145050048828,96.69219970703125,124.35199737548828,107.30590057373047
196.13720703125,94.02369689941406,124.19390106201172,107.93579864501953
194.92410278320312,92.39440155029297,122.62439727783203,111.37889862060547
202.2949981689453,91.4542007446289,112.3864974975586,111.5906982421875
193.19619750976562,88.69580078125,122.0647964477539,114.71730041503906
197.42129516601562,88.7854995727539,113.0094985961914,112.9031982421875
197.7606964111328,86.56629943847656,111.51419830322266,115.31340026855469
197.8256072998047,85.32959747314453,109.52249908447266,117.35209655761719
202.04159545898438,83.97899627685547,104.47979736328125,118.3447036743164
199.42100524902344,81.99019622802734,104.089599609375,120.11509704589844
201.6020965576172,81.82980346679688,102.1355972290039,123.01139831542969
199.5623016357422,80.13379669189453,101.52749633789062,121.785400390625
202.66810607910156,79.45379638671875,95.51360321044922,124.22350311279297
202.04299926757812,79.26249694824219,94.56999969482422,126.052001953125
202.0709991455078,79.33039855957031,93.3187026977539,126.15640258789062
203.64610290527344,79.1688003540039,89.9791030883789,127.09239959716797
202.1468963623047,79.40270233154297,89.4437026977539,127.15160369873047
204.83120727539062,80.64459991455078,84.96070098876953,127.68419647216797
204.09359741210938,80.56890106201172,83.6520004272461,127.64600372314453
204.89190673828125,79.7125015258789,80.25289916992188,129.19070434570312
204.993896484375,79.44989776611328,78.70220184326172,129.4221954345703
203.1988983154297,78.95390319824219,77.11910247802734,130.28469848632812
205.3553924560547,78.38069915771484,73.80220031738281,130.5760955810547
203.42730712890625,78.31379699707031,72.84359741210938,130.90589904785156
204.01589965820312,78.67350006103516,70.19840240478516,130.22149658203125
203.7487030029297,78.33830261230469,68.52159881591797,130.20889282226562
202.33380126953125,77.0479965209961,67.04180145263672,130.66310119628906
202.89450073242188,76.90390014648438,60.98780059814453,130.20150756835938
205.64599609375,77.20359802246094,54.99589920043945,127.99150085449219
206.41110229492188,75.10140228271484,55.09560012817383,129.90870666503906
206.1602020263672,74.9916000366211,53.25149917602539,130.05149841308594
206.26390075683594,73.33360290527344,50.7421989440918,131.6407928466797
204.3238983154297,74.00579833984375,50.03779983520508,132.24929809570312
202.91200256347656,74.74710083007812,49.75920104980469,131.0137939453125
200.8802032470703,74.49639892578125,49.78879928588867,130.03829956054688
198.84429931640625,74.62770080566406,49.52259826660156,129.94309997558594
200.62249755859375,74.65650177001953,46.657798767089844,128.6927032470703
199.5117950439453,74.30049896240234,46.37379837036133,131.0095977783203
198.43280029296875,74.01249694824219,48.21269989013672,131.12229919433594
203.08299255371094,73.57599639892578,41.34429931640625,128.59030151367188
199.05599975585938,73.84880065917969,45.86579895019531,131.68190002441406
196.84719848632812,74.43229675292969,45.93949890136719,130.57260131835938
196.0926971435547,73.7477035522461,42.35409927368164,131.52969360351562
197.77130126953125,74.22989654541016,39.492401123046875,130.11509704589844
193.83189392089844,72.88379669189453,40.93159866333008,130.79449462890625
194.38400268554688,73.49459838867188,36.95439910888672,131.3824005126953
197.79469299316406,74.1272964477539,31.44729995727539,125.06490325927734
191.83050537109375,75.24079895019531,31.228200912475586,116.15550231933594
190.69329833984375,73.6144027709961,36.37630081176758,132.40359497070312
188.78750610351562,74.1167984008789,38.81079864501953,130.1887969970703
184.01370239257812,73.43579864501953,42.728599548339844,132.61570739746094
185.9720001220703,74.02040100097656,38.78960037231445,131.66769409179688
180.9405975341797,73.87879943847656,47.65510177612305,129.84869384765625
180.2042999267578,73.21040344238281,48.5265998840332,134.44529724121094
177.14109802246094,74.99030303955078,47.88639831542969,130.84339904785156
174.47259521484375,74.63269805908203,48.26139831542969,131.2819061279297
170.0146026611328,74.85919952392578,55.20819854736328,131.48159790039062
170.44970703125,76.27780151367188,52.71030044555664,132.21560668945312
167.7021026611328,77.20539855957031,54.332000732421875,129.08169555664062
165.3148956298828,77.05419921875,61.51179885864258,130.58030700683594
164.20509338378906,76.220703125,63.404300689697266,131.11610412597656
166.63699340820312,77.65489959716797,61.01380157470703,128.84739685058594
158.58389282226562,77.71029663085938,70.94940185546875,130.45030212402344
152.31179809570312,78.56580352783203,77.13079833984375,130.51400756835938
148.14169311523438,78.45110321044922,82.46690368652344,132.32369995117188
140.22540283203125,79.39579772949219,87.9000015258789,131.7803955078125
131.82479858398438,80.1958999633789,100.9437026977539,131.25340270996094
129.23829650878906,80.81710052490234,104.16400146484375,129.34519958496094
132.3665008544922,80.0426025390625,103.6052017211914,130.16079711914062
134.64810180664062,79.5447998046875,100.85179901123047,130.9658966064453
137.3271942138672,79.92620086669922,100.09320068359375,131.32080078125
138.97540283203125,80.9717025756836,96.60260009765625,129.93240356445312
139.98800659179688,80.98719787597656,98.04080200195312,131.3820037841797
140.10279846191406,81.1405029296875,96.77420043945312,130.3177032470703
138.98609924316406,84.29090118408203,96.77149963378906,127.89720153808594
136.9456024169922,84.39350128173828,97.7572021484375,130.04649353027344
135.00270080566406,89.15270233154297,99.14189910888672,123.36509704589844
134.63330078125,91.6343994140625,109.11940002441406,123.1458969116211
132.6916046142578,91.43240356445312,109.04109954833984,123.5022964477539
132.74110412597656,89.92579650878906,110.77429962158203,126.67169952392578
131.5511932373047,90.793701171875,112.48500061035156,123.68060302734375
129.72500610351562,91.85330200195312,113.00740051269531,122.26950073242188
130.32899475097656,96.1333999633789,110.46499633789062,118.00540161132812
128.44119262695312,94.81009674072266,109.52169799804688,118.36060333251953
127.83059692382812,93.9563980102539,110.6355972290039,116.12030029296875
126.93949890136719,96.33910369873047,113.3584976196289,112.73570251464844
124.57939910888672,97.8823013305664,115.1613998413086,111.04109954833984
122.53199768066406,98.79830169677734,114.71089935302734,107.15650177001953
120.63249969482422,101.46759796142578,121.63939666748047,104.0530014038086
118.10189819335938,100.29879760742188,119.46849822998047,102.3021011352539
116.16429901123047,105.23629760742188,129.38209533691406,94.71109771728516
113.10060119628906,106.59980010986328,127.72010040283203,94.18900299072266
111.17269897460938,107.08619689941406,129.84109497070312,92.38760375976562
108.18509674072266,109.07319641113281,126.67859649658203,86.14749908447266
105.91889953613281,109.80979919433594,139.15280151367188,85.70980072021484
104.7708969116211,110.55259704589844,123.38990020751953,86.0280990600586
101.2313003540039,109.66899871826172,136.59100341796875,89.0730972290039
98.59439849853516,109.5458984375,130.6990966796875,88.38150024414062
96.18560028076172,110.16809844970703,130.9691925048828,83.42449951171875
94.94740295410156,112.16280364990234,134.55130004882812,81.44879913330078
90.1635971069336,110.6603012084961,133.3018035888672,86.70369720458984
87.80400085449219,110.93190002441406,138.55130004882812,82.29720306396484
86.02439880371094,111.16560363769531,132.73300170898438,84.99710083007812
82.13520050048828,112.45500183105469,146.0751953125,82.76920318603516
80.2490005493164,112.01460266113281,131.88600158691406,85.29869842529297
75.756103515625,111.1001968383789,138.87030029296875,81.38240051269531
72.63330078125,110.25520324707031,136.0323944091797,84.28569793701172
68.96630096435547,110.40489959716797,131.6385955810547,83.07420349121094
65.32869720458984,113.17050170898438,146.3527069091797,80.86689758300781
61.09920120239258,111.62100219726562,126.06819915771484,80.36180114746094
57.174400329589844,111.21399688720703,138.3480987548828,82.6240005493164
52.91429901123047,111.26899719238281,134.15550231933594,84.30970001220703
48.870601654052734,113.44390106201172,143.21820068359375,82.74629974365234
45.35559844970703,112.81060028076172,132.07440185546875,86.37920379638672
40.81610107421875,115.4269027709961,141.83709716796875,78.74949645996094
36.9901008605957,113.71160125732422,129.8845977783203,86.54290008544922
31.801599502563477,114.85289764404297,140.63890075683594,81.12809753417969
27.61639976501465,113.21900177001953,133.2938995361328,87.79920196533203
21.42259979248047,114.91079711914062,147.5166015625,83.5779037475586
17.90410041809082,114.69180297851562,129.85580444335938,84.76069641113281
13.026000022888184,116.23380279541016,152.5991973876953,85.97100067138672
11.157400131225586,114.87830352783203,131.9792022705078,84.57669830322266
5.53439998626709,114.54630279541016,147.30650329589844,85.5875015258789
3.25,114.58580017089844,132.6613006591797,82.18830108642578
0.0,115.53260040283203,147.75869750976562,80.81809997558594
0.0,113.8916015625,126.47979736328125,79.0364990234375
0.25519999861717224,114.42140197753906,128.62840270996094,84.4718017578125
0.0,114.17240142822266,127.82319641113281,81.04389953613281
0.0,111.95369720458984,122.40160369873047,86.63379669189453
0.0,112.28559875488281,119.01679992675781,84.52680206298828
0.0,110.652099609375,114.622802734375,88.10209655761719
0.08320000022649765,111.88729858398438,118.32569885253906,85.39790344238281
0.0,109.64739990234375,112.6510009765625,91.90570068359375
0.0,109.15299987792969,113.1135025024414,85.16639709472656
0.11089999973773956,109.68250274658203,105.0884017944336,91.17980194091797
0.0,108.39140319824219,102.00180053710938,91.02690124511719
0.0,110.94290161132812,103.69599914550781,89.01000213623047
0.0,114.27169799804688,104.28520202636719,84.73789978027344
0.6355999708175659,117.32620239257812,103.50060272216797,83.39350128173828
0.8740000128746033,121.38459777832031,100.56269836425781,79.83560180664062
0.0,124.87989807128906,106.06639862060547,66.35790252685547
0.515999972820282,127.07430267333984,104.08180236816406,69.28230285644531
0.0,129.7440948486328,103.68109893798828,61.93410110473633
0.30869999527931213,133.51820373535156,101.97139739990234,60.81129837036133
0.0,134.50489807128906,100.71640014648438,54.99480056762695
0.0,134.66070556640625,102.38179779052734,63.48030090332031
0.0,138.57870483398438,103.2688980102539,58.8745002746582
0.0,141.0428924560547,97.59770202636719,59.47520065307617
0.3059999942779541,143.4678955078125,99.05390167236328,56.844398498535156
0.12780000269412994,144.62249755859375,101.3102035522461,54.444698333740234
0.0,145.101806640625,99.95279693603516,51.741798400878906
0.0,147.50360107421875,95.2864990234375,49.80419921875
0.09130000323057175,149.0216064453125,96.19349670410156,46.88990020751953
0.0,148.5196990966797,97.41609954833984,53.56589889526367
0.19499999284744263,150.72450256347656,94.12159729003906,44.326499938964844
0.0,151.77630615234375,96.03089904785156,42.8120002746582
0.0,153.10150146484375,94.82129669189453,41.0192985534668
0.0,152.01710510253906,95.08080291748047,39.085601806640625
0.0,152.33619689941406,91.92739868164062,42.6427001953125
0.0,153.99349975585938,94.25050354003906,39.44300079345703
0.0,153.98190307617188,92.90260314941406,33.40330123901367
0.0,154.1154022216797,91.24929809570312,37.573699951171875
0.0,155.21560668945312,89.47820281982422,39.26179885864258
0.0,154.7886962890625,89.75479888916016,37.606300354003906
0.0,155.06329345703125,88.53690338134766,34.28030014038086
0.0,154.07020568847656,84.62200164794922,37.012298583984375
0.0,152.88319396972656,86.22010040283203,38.22700119018555
0.0,153.36900329589844,86.73670196533203,37.18330001831055
0.0,151.4781036376953,84.98739624023438,35.51369857788086
0.0,150.38600158691406,82.51509857177734,36.679901123046875
0.0,148.62669372558594,81.5364990234375,34.43709945678711
0.0,148.1049041748047,80.24479675292969,35.794498443603516
0.0,146.29530334472656,81.00879669189453,35.135398864746094
0.0,145.64979553222656,84.3385009765625,38.76279830932617
0.0,143.64109802246094,84.90129852294922,35.57630157470703
0.0,143.99749755859375,89.45700073242188,38.225799560546875
0.0,141.94769287109375,92.8458023071289,38.10940170288086
0.0,139.7917022705078,97.40670013427734,38.74729919433594
0.0,138.8686065673828,102.18240356445312,35.72480010986328
0.0,137.3043975830078,107.19080352783203,35.69139862060547
0.0,135.55490112304688,109.57869720458984,35.07569885253906
0.0,133.42840576171875,113.78350067138672,34.90700149536133
0.9280999898910522,132.49560546875,121.47720336914062,35.746299743652344
0.0,128.59359741210938,123.70919799804688,37.38410186767578
1.2396999597549438,128.01109313964844,132.92080688476562,39.66109848022461
1.0628000497817993,130.29840087890625,136.0258026123047,36.88029861450195
0.0,128.26480102539062,135.681396484375,33.694801330566406
0.08219999819993973,128.52879333496094,145.01260375976562,40.82619857788086
0.0,130.75759887695312,148.24839782714844,32.81829833984375
0.0,130.0883026123047,149.81610107421875,40.53710174560547
0.9732000231742859,130.5655975341797,153.94749450683594,36.007198333740234
0.0,132.70899963378906,152.2490997314453,35.90010070800781
2.161099910736084,131.92149353027344,154.75729370117188,36.2140998840332
2.721400022506714,136.00660705566406,156.09530639648438,31.81209945678711
4.494500160217285,134.52149963378906,152.7353057861328,34.26919937133789
7.029799938201904,136.22959899902344,151.10890197753906,33.04169845581055
6.9481000900268555,137.01390075683594,153.76890563964844,34.164798736572266
8.124199867248535,139.46170043945312,151.08489990234375,31.360000610351562
9.82960033416748,140.993896484375,153.023193359375,31.590299606323242
11.837599754333496,142.3488006591797,157.35450744628906,32.01860046386719
12.862099647521973,142.19790649414062,154.36749267578125,33.7489013671875
13.712300300598145,142.59739685058594,152.99159240722656,33.81420135498047
15.697400093078613,142.86830139160156,156.06700134277344,34.54669952392578
17.166099548339844,144.69369506835938,160.96580505371094,33.226600646972656
20.200300216674805,144.57040405273438,156.860107421875,34.49470138549805
21.68600082397461,144.22169494628906,156.89300537109375,35.23379898071289
24.329599380493164,142.9586944580078,156.53750610351562,36.43239974975586
26.86949920654297,143.60760498046875,159.1204071044922,38.350399017333984
28.929800033569336,143.96420288085938,156.8426055908203,37.325401306152344
30.36370086669922,143.83360290527344,161.77130126953125,40.829498291015625
31.975200653076172,143.80169677734375,160.8524932861328,41.19649887084961
34.917999267578125,144.81939697265625,162.54440307617188,41.59600067138672
34.977298736572266,145.20309448242188,163.42320251464844,41.16350173950195
36.994300842285156,144.69000244140625,159.5457000732422,43.499298095703125
37.88819885253906,146.0428924560547,162.20289611816406,44.030799865722656
39.01599884033203,145.91000366210938,164.07150268554688,46.71670150756836
38.00310134887695,146.41380310058594,169.47329711914062,46.17340087890625
39.394100189208984,145.09519958496094,172.0498046875,52.50080108642578
38.13090133666992,147.047607421875,175.43080139160156,54.34989929199219
38.39419937133789,147.50320434570312,164.55340576171875,48.23749923706055
38.986000061035156,147.72900390625,171.19090270996094,52.9536018371582
37.22010040283203,148.28660583496094,175.9918975830078,55.60599899291992
36.74959945678711,148.89320373535156,170.8166046142578,51.34709930419922
35.30149841308594,149.7532958984375,174.0446014404297,53.143001556396484
34.82429885864258,149.2104949951172,168.77349853515625,45.938499450683594
35.22529983520508,147.84579467773438,176.07940673828125,48.94260025024414
36.194400787353516,147.91909790039062,170.8459014892578,48.25630187988281
35.72549819946289,147.36630249023438,170.48460388183594,46.22880172729492
37.27579879760742,147.27099609375,173.74989318847656,44.59960174560547
36.635799407958984,146.0657958984375,173.46609497070312,43.9203987121582
38.04880142211914,143.91490173339844,171.8656005859375,45.33720016479492
36.375701904296875,141.2593994140625,173.61509704589844,45.769901275634766
37.179100036621094,140.20530700683594,171.15699768066406,45.269500732421875
37.8828010559082,139.58859252929688,172.0937042236328,46.89229965209961
37.487701416015625,138.02349853515625,173.58450317382812,48.824100494384766
36.86069869995117,135.58230590820312,168.1802978515625,48.362098693847656
37.86949920654297,136.55279541015625,172.99929809570312,48.180999755859375
38.79010009765625,135.26600646972656,176.8361053466797,48.93560028076172
38.52130126953125,135.5115966796875,162.23629760742188,43.513999938964844
40.695098876953125,133.31309509277344,168.8079071044922,52.7422981262207
41.23419952392578,133.74710083007812,174.12240600585938,47.09389877319336
41.22460174560547,133.09759521484375,169.1685028076172,46.912200927734375
42.88819885253906,132.44239807128906,174.20230102539062,53.336700439453125
43.625099182128906,134.5780029296875,164.16470336914062,45.26530075073242
45.18470001220703,133.172607421875,171.3094940185547,54.35089874267578
45.20610046386719,135.40879821777344,168.4174041748047,46.886199951171875
46.8650016784668,134.281494140625,174.518798828125,53.08380126953125
45.049400329589844,135.33729553222656,173.068603515625,47.3296012878418
46.89780044555664,137.92770385742188,177.6990966796875,51.45029830932617
45.23759841918945,138.46180725097656,172.95599365234375,46.23360061645508
45.524898529052734,140.10650634765625,178.006103515625,52.17570114135742
43.84389877319336,140.6352996826172,175.6071014404297,47.77410125732422
44.46580123901367,140.89100646972656,179.38380432128906,53.104698181152344
41.464599609375,142.11419677734375,179.2834930419922,47.07630157470703
40.34600067138672,141.64340209960938,183.50250244140625,53.485801696777344
36.013099670410156,142.1405029296875,183.83740234375,48.19089889526367
37.6239013671875,141.68370056152344,186.22140502929688,53.74549865722656
34.67210006713867,143.2617950439453,186.7613983154297,46.60169982910156
33.71099853515625,142.3354034423828,189.49209594726562,53.36690139770508
30.449100494384766,142.83299255371094,191.76800537109375,48.266700744628906
28.586200714111328,142.33810424804688,191.44949340820312,54.419700622558594
28.029399871826172,142.83419799804688,197.71209716796875,52.375999450683594
24.969100952148438,143.7716064453125,197.82090759277344,51.62179946899414
23.73150062561035,143.96780395507812,199.69970703125,53.47740173339844
20.549400329589844,143.8354034423828,198.2928009033203,50.72610092163086
20.124300003051758,144.69569396972656,199.60830688476562,52.554901123046875
19.004499435424805,145.06900024414062,203.9488983154297,54.18730163574219
18.515100479125977,144.9779052734375,205.29220581054688,51.65060043334961
17.486799240112305,145.6083984375,205.53939819335938,52.549400329589844
17.450899124145508,147.47430419921875,204.16529846191406,51.80179977416992
16.740800857543945,148.93890380859375,205.6531982421875,51.08110046386719
17.108800888061523,151.97889709472656,204.30870056152344,47.76139831542969
19.288299560546875,150.4741973876953,202.1313018798828,49.61949920654297
18.794300079345703,150.3887939453125,204.24159240722656,49.550498962402344
21.121999740600586,149.5157012939453,204.3529052734375,51.986000061035156
21.479000091552734,150.72000122070312,205.88070678710938,50.492401123046875
24.08650016784668,149.345703125,207.8195037841797,52.43130111694336
25.50029945373535,150.18299865722656,206.36109924316406,52.769500732421875
27.80769920349121,149.2082977294922,207.68919372558594,53.420501708984375
30.896900177001953,150.8267059326172,205.43319702148438,53.36709976196289
35.06380081176758,150.61480712890625,206.802001953125,53.69110107421875
40.63850021362305,152.14959716796875,205.1688995361328,54.49829864501953
44.02119827270508,151.63319396972656,205.30859375,54.700199127197266
49.56520080566406,151.88949584960938,201.8936004638672,55.80609893798828
52.30739974975586,151.73959350585938,207.48289489746094,56.9364013671875
57.70439910888672,149.91409301757812,202.6273956298828,61.68130111694336
63.626399993896484,150.2292938232422,203.3134002685547,62.58720016479492
67.92250061035156,151.0720977783203,206.74490356445312,59.497501373291016
72.24710083007812,150.82310485839844,205.07369995117188,63.19889831542969
76.75279998779297,154.04449462890625,204.73939514160156,56.758201599121094
79.86750030517578,152.9127960205078,209.197998046875,61.50849914550781
85.12999725341797,152.82310485839844,202.1772003173828,55.872501373291016
89.17530059814453,152.37710571289062,206.02529907226562,59.05780029296875
92.2291030883789,152.0655975341797,208.347900390625,60.28710174560547
95.17510223388672,150.74659729003906,199.30599975585938,59.29650115966797
100.10140228271484,149.2960968017578,207.4243927001953,61.866798400878906
102.96430206298828,148.39300537109375,209.81610107421875,65.90730285644531
106.2699966430664,147.7032928466797,207.59750366210938,67.03199768066406
109.89089965820312,146.79429626464844,205.9987030029297,68.50389862060547
113.85810089111328,146.71910095214844,204.63710021972656,68.68659973144531
116.70899963378906,145.747802734375,205.1947021484375,69.1863021850586
118.43350219726562,145.59190368652344,202.00750732421875,70.31719970703125
120.78040313720703,146.30279541015625,204.32260131835938,70.3678970336914
120.66950225830078,146.31320190429688,206.16090393066406,70.82980346679688
121.87750244140625,146.58200073242188,209.94769287109375,70.43319702148438
122.75350189208984,147.43780517578125,206.45159912109375,74.05670166015625
124.03089904785156,147.6147003173828,206.25750732421875,69.74030303955078
122.28849792480469,148.00379943847656,208.622802734375,72.26029968261719
124.37300109863281,148.66299438476562,201.96969604492188,69.55460357666016
123.39910125732422,148.23680114746094,208.12130737304688,67.60209655761719
124.03230285644531,147.41510009765625,206.5247039794922,71.02459716796875
122.81839752197266,147.83619689941406,207.5413055419922,71.70580291748047
121.9365005493164,145.45970153808594,206.99620056152344,72.3136978149414
123.46739959716797,145.02130126953125,208.60650634765625,76.22959899902344
122.40139770507812,143.7803955078125,207.44569396972656,79.14900207519531
123.06520080566406,143.58200073242188,205.85569763183594,77.018798828125
122.3595962524414,145.3679962158203,207.21499633789062,73.8405990600586
123.26860046386719,144.98219299316406,204.9718017578125,72.56410217285156
121.05339813232422,144.65139770507812,204.56640625,72.48660278320312
121.63200378417969,144.0615997314453,204.64950561523438,70.01260375976562
119.39679718017578,143.37759399414062,209.71519470214844,68.79979705810547
118.09809875488281,143.9490966796875,210.07440185546875,69.90889739990234
117.80619812011719,145.94700622558594,210.2906036376953,68.17259979248047
117.04509735107422,146.181396484375,211.24989318847656,67.768798828125
116.10359954833984,146.7052001953125,209.90640258789062,63.69430160522461
115.09500122070312,147.5841064453125,213.88980102539062,66.39920043945312
114.50869750976562,148.40499877929688,211.36070251464844,63.57099914550781
115.29979705810547,148.33709716796875,213.38330078125,66.1718978881836
114.75759887695312,148.485107421875,211.9665985107422,65.80860137939453
114.97370147705078,148.51519775390625,213.38519287109375,66.83470153808594
113.99949645996094,148.552001953125,215.37249755859375,68.34269714355469
113.62960052490234,149.3011932373047,215.97889709472656,68.14129638671875
113.31809997558594,150.6719970703125,214.8094940185547,66.04309844970703
114.13899993896484,151.51690673828125,216.46409606933594,63.7234992980957
114.67949676513672,153.08009338378906,216.022705078125,61.93009948730469
114.14679718017578,152.9969024658203,219.35279846191406,61.53779983520508
115.17870330810547,155.02389526367188,218.51629638671875,62.75310134887695
114.22799682617188,154.718505859375,218.68209838867188,62.92490005493164
113.58940124511719,155.4915008544922,217.2028045654297,64.9269027709961
115.75599670410156,156.5596923828125,218.2541961669922,62.40810012817383
114.46389770507812,156.78550720214844,217.7135009765625,64.6624984741211
112.42530059814453,156.64869689941406,220.46969604492188,62.458900451660156
111.91259765625,156.29600524902344,219.26739501953125,64.5238037109375
112.77330017089844,156.70799255371094,220.36570739746094,62.05939865112305
112.23419952392578,155.2711944580078,218.06910705566406,64.45500183105469
112.47329711914062,155.03729248046875,220.1342010498047,66.39009857177734
111.78109741210938,154.30459594726562,220.0408935546875,65.42749786376953
113.96890258789062,153.6949005126953,219.5041046142578,67.19100189208984
112.39949798583984,153.07839965820312,221.08580017089844,68.31710052490234
114.9845962524414,152.22030639648438,218.72740173339844,70.68160247802734
114.5647964477539,151.11529541015625,219.46249389648438,70.14959716796875
114.94770050048828,150.43800354003906,218.62060546875,74.68049621582031
116.20860290527344,149.21009826660156,214.32090759277344,74.2490005493164
114.95870208740234,148.95730590820312,222.3784942626953,78.71589660644531
116.0531005859375,147.7624969482422,213.09930419921875,76.44889831542969
115.81449890136719,146.79820251464844,217.83670043945312,82.19400024414062
115.6333999633789,145.09800720214844,214.9665069580078,80.45159912109375
115.3489990234375,144.4008026123047,215.1842041015625,82.76080322265625
115.302001953125,143.6446075439453,214.76260375976562,84.14099884033203
114.47889709472656,142.4127960205078,214.61390686035156,86.49469757080078
115.66960144042969,141.47850036621094,213.8477020263672,88.04850006103516
115.52349853515625,139.55230712890625,214.08839416503906,91.935302734375
115.03410339355469,137.51199340820312,214.03070068359375,93.36060333251953
115.90840148925781,135.06509399414062,208.3271026611328,97.65579986572266
116.5177993774414,133.28050231933594,206.20889282226562,102.7781982421875
116.90989685058594,129.30360412597656,205.64779663085938,107.76640319824219
118.01439666748047,128.5612030029297,206.14990234375,110.31310272216797
120.33989715576172,127.14240264892578,202.98919677734375,111.22750091552734
120.19490051269531,127.60479736328125,203.96710205078125,110.9052963256836
121.98680114746094,127.5083999633789,202.00570678710938,113.82050323486328
122.84880065917969,127.40760040283203,201.89239501953125,111.0635986328125
123.16580200195312,126.80989837646484,201.4136962890625,115.43350219726562
124.05599975585938,124.98390197753906,199.15159606933594,113.85369873046875
125.66410064697266,125.12860107421875,198.89239501953125,119.64559936523438
126.30780029296875,122.22440338134766,196.36349487304688,122.68180084228516
126.66819763183594,120.41000366210938,195.58909606933594,125.62159729003906
128.83180236816406,118.12830352783203,193.25619506835938,129.15530395507812
129.23390197753906,114.5427017211914,191.83419799804688,134.84649658203125
130.5312957763672,113.01789855957031,191.99099731445312,139.11900329589844
130.5137939453125,109.0426025390625,185.00660705566406,143.73680114746094
132.006103515625,108.2947006225586,186.6990966796875,149.0634002685547
131.58160400390625,105.94249725341797,183.1566925048828,148.70309448242188
131.8582000732422,102.45880126953125,181.28759765625,153.0019073486328
135.11920166015625,102.93379974365234,176.1190948486328,154.45809936523438
135.24310302734375,98.3583984375,174.30999755859375,158.35740661621094
137.89990234375,96.493896484375,168.39120483398438,159.61419677734375
139.69580078125,95.05220031738281,167.50579833984375,162.38070678710938
142.55490112304688,91.87830352783203,162.72210693359375,166.0299072265625
145.0258026123047,90.99690246582031,154.42469787597656,165.96299743652344
148.71119689941406,88.69960021972656,148.5709991455078,169.2635955810547
151.4259033203125,87.77860260009766,145.6855926513672,173.2519989013672
155.07839965820312,87.63300323486328,135.9741973876953,175.09750366210938
159.45989990234375,87.11959838867188,133.47140502929688,176.44369506835938
164.5677947998047,86.45159912109375,123.00689697265625,178.69239807128906
168.27720642089844,85.2490005493164,118.552001953125,181.30039978027344
171.08590698242188,83.8635025024414,112.55770111083984,183.1793975830078
173.21690368652344,84.2614974975586,108.23300170898438,184.94039916992188
174.4691925048828,84.62149810791016,107.11029815673828,183.14979553222656
174.0605926513672,83.77739715576172,104.81330108642578,186.6322021484375
176.18130493164062,83.95439910888672,103.84329986572266,187.35459899902344
176.88369750976562,83.29340362548828,102.22599792480469,187.18130493164062
176.8144073486328,83.63880157470703,104.63359832763672,188.0883026123047
178.24009704589844,83.71019744873047,102.37930297851562,187.6707000732422
182.18739318847656,84.61250305175781,96.69750213623047,189.18910217285156
183.75,83.19170379638672,95.11009979248047,190.57179260253906
185.6573028564453,82.3905029296875,93.74199676513672,192.3782958984375
187.8074951171875,81.34210205078125,92.84510040283203,193.00039672851562
190.33489990234375,80.80139923095703,91.00170135498047,193.4788055419922
192.9987030029297,80.64540100097656,86.3563003540039,192.0570068359375
196.65199279785156,79.9260025024414,81.54920196533203,191.17190551757812
200.20799255371094,79.09729766845703,75.50990295410156,191.52920532226562
203.7469024658203,79.80750274658203,66.92890167236328,192.8488006591797
208.40939331054688,80.45010375976562,63.82569885253906,194.19239807128906
214.83740234375,79.4259033203125,56.238399505615234,193.5532989501953
217.3336944580078,81.34719848632812,51.53889846801758,191.46249389648438
219.0684051513672,83.11640167236328,52.0458984375,187.8697052001953
220.5532989501953,82.68720245361328,51.35309982299805,188.8137969970703
220.6529998779297,83.11830139160156,55.75659942626953,190.14599609375
221.7230987548828,81.99299621582031,46.32680130004883,191.8166046142578
221.23179626464844,81.5770034790039,57.01459884643555,191.53790283203125
221.3531951904297,82.37020111083984,52.503299713134766,191.44639587402344
221.1531982421875,82.6261978149414,50.18629837036133,191.73699951171875
222.78680419921875,82.57599639892578,54.96070098876953,190.9626007080078
221.65960693359375,80.50260162353516,50.58219909667969,194.5915985107422
223.2050018310547,81.68080139160156,54.23320007324219,192.1593017578125
222.28709411621094,80.4801025390625,52.63019943237305,194.24620056152344
227.17739868164062,81.3228988647461,48.73270034790039,193.78179931640625
224.6405029296875,72.78820037841797,61.673099517822266,204.4272003173828
222.41189575195312,76.35700225830078,56.6525993347168,199.01300048828125
222.51829528808594,79.5562973022461,55.226600646972656,197.3896026611328
222.15029907226562,80.752197265625,56.56809997558594,195.3350067138672
222.9387969970703,80.9894027709961,57.14099884033203,195.7740020751953
223.11740112304688,79.83679962158203,57.707401275634766,198.7895050048828
224.118896484375,79.88819885253906,62.7140007019043,199.7270050048828
224.6450958251953,79.93280029296875,62.355201721191406,203.32350158691406
